[category]
matching
[prompt]
In Alice's Wonderland, secret processing rules are used on text.

x: not matched anywhere
y: matched but wrong position

0 1010100 3
1 1110111 6
2 1001111 5
3 1110110 5
4 1110011 5
5 1111110 6
6 1110111 6
7 1010111 5

01 10 1010111 5 match 7
12 21 1010111 5 match 7
23 32 1110111 6 match 1 6
34 43 1111111 a
45 54 1101110 5
56 65 1110010 4
67 76 1110110 5 match 3
70 07 1110111 6 match 1 6

02 20 1010111 5 match 7
13 31 1110111 6 match 1 6
24 42 1011100 4
35 53 1110011 5 match 4
46 64 1011110 5
57 75 0110110 4
60 06 1010111 5 match 7
71 17 0110111 5

03 30 1110111 6 match 1 6
14 41 1001111 5 match 2
25 52 1110110 5 match 3
36 63 1110011 5 match 4
47 74 1111110 6 match 5
50 05 1110111 6 match 1 6
61 16 1010111 5 match 7
72 27 1110110 5 match 3

04 40 1011111 6
15 51 0100111 4
26 62 1010110 4
37 73 1110111 6 match 1 6
[completion]
0 absent
1 23 32 70 07 13 31 03 30 50 05 37 73
2 14 41
3 67 76 25 52 72 27
4 35 53 36 63
5 47 74
6 23 32 70 07 13 31 03 30 50 05 37 73
7 01 10 12 21 02 20 60 06 61 16

Left
none
Best: none

Right
01 70 67y
10 07 76y
12 01y
21 10y
02 71x
20 17x
60 57x
06 75x
61 50 47 36 25 14 03 72y
16 05 74 63 52 41 30 27y
Best: 61 50 47 36 25 14 03: 7
