[category]
matching
[prompt]
In Alice's Wonderland, secret processing rules are used on text.

x: not matched anywhere
y: matched but wrong position

0 011101100 5
1 010101000 3
2 011001010 4
3 001101010 4
4 100111111 7
5 111101011 7
6 100110101 5
7 111010111 7

01 110100011 5
12 101011111 7
23 010101010 4
34 000001011 3
45 000010100 2
56 000001101 3
67 011101100 5 match 0
70 010101000 3 match 1

02 100000011 3
13 000001010 2
24 101011110 6
35 111100000 4
46 111100110 6
57 100011110 5
60 110111011 7
71 011110100 5

03 001010110 4
14 111111110 8
25 010110101 5
36 000010010 2
47 011110101 6
50 001001001 3
61 111100111 7
72 001010100 3

04 110100010 4
15 000010101 3
26 101000111 5
37 100000001 2
40 110100010 4
51 000010101 3
62 101000111 5
73 100000001 2

05 001001001 3
16 111100111 7
27 001010100 3
30 001010110 4
41 111111110 8
52 010110101 5
63 000010010 2
74 011110101 6

06 110111011 7
17 011110100 5
20 100000011 3
31 000001010 2
42 101011110 6
53 111100000 4
64 111100110 6
75 100011110 5

07 010101000 3 match 1
10 110100011 5
21 101011111 7
32 010101010 4
43 000001011 3
54 000010100 2
65 000001101 3
76 011101100 5 match 0
[completion]
0 67 76
1 70 07
2 absent
3 absent
4 absent
5 absent
6 absent
7 absent

Left
67 70 01x
76 07 10x
Best: 67 70: 2

Right
none
Best: none
