[category]
matching
[prompt]
In Alice's Wonderland, secret processing rules are used on text.

x: not matched anywhere
y: matched but wrong position

0 1010110100 5
1 1010100110 5
2 0110011100 5
3 0001000100 2
4 1100100010 4
5 0001101011 5
6 0110100011 5
7 1110110111 8

01 10 1110111110 8
12 21 0111011100 6
23 32 1101100110 6
34 43 1101101011 7
45 54 0111101011 7
56 65 1110110111 8 match 7
67 76 1110110111 8 match 7
70 07 1010110110 6

02 20 1011100110 6
13 31 1110111110 8
24 42 0001101111 6
35 53 1110100011 6
46 64 1111111111 a
57 75 1110110111 8 match 7
60 06 1110110111 8 match 7
71 17 1110111100 7

03 30 1110100110 6
14 41 0111111111 9
25 52 0111100111 7
36 63 1110110111 8 match 7
47 74 1011111111 9
50 05 1110100111 7
61 16 1110111111 9
72 27 1011110100 6

04 40 1011101111 8
15 51 0110111111 8
26 62 1111110111 9
37 73 1110110110 7
[completion]
0 absent
1 absent
2 absent
3 absent
4 absent
5 absent
6 absent
7 56 65 67 76 57 75 60 06 36 63

Left
none
Best: none

Right
56 45x
65 54x
67 56y
76 65y
57 46x
75 64x
60 57y
06 75y
36 25x
63 52x
Best: 56: 1
