[category]
matching
[prompt]
In Alice's Wonderland, secret processing rules are used on text.

x: not matched anywhere
y: matched but wrong position

0 1111111 a
1 1010011 4
2 1001100 3
3 1010011 4
4 1011100 4
5 1110111 6
6 0111101 5
7 1101110 5

01 1101110 5 match 7
12 1110111 6 match 5
23 1111111 a match 0
34 1011011 5
45 1111100 5
56 1010111 5
67 1111111 a match 0
70 0111101 5 match 6

02 1100111 5
13 1110111 6 match 5
24 1011011 5
35 1111000 4
46 1110100 4
57 1110111 6 match 5
60 0111111 6
71 0101110 4

03 1100111 5
14 1011011 5
25 1111000 4
36 1011100 4 match 4
47 1110111 6 match 5
50 0111111 6
61 0101111 5
72 1101111 6

04 1001011 4
15 1111001 5
26 1011100 4 match 4
37 1111111 a match 0
40 0111101 5 match 6
51 0101111 5
62 1101111 6
73 1101111 6

05 1111010 5
16 1010101 4
27 1111111 a match 0
30 0111101 5 match 6
41 0111110 5
52 1100111 5
63 1101111 6
74 1001011 4

06 1010110 4
17 1110111 6 match 5
20 0111101 5 match 6
31 0111110 5
42 1110111 6 match 5
53 1100111 5
64 1101011 5
75 1111000 4

07 1110111 6 match 5
10 1111101 6
21 0111110 5
32 1111111 a match 0
43 1110111 6 match 5
54 1001111 5
65 1111011 6
76 1011100 4 match 4
[completion]
0 23 67 37 27 32
1 absent
2 absent
3 absent
4 36 26 76
5 12 13 57 47 17 42 07 43
6 70 40 30 20
7 01

Left
23 34x
67 70y
37 40y
27 30y
32 43y
Best: 23: 1

Right
01 70 67y
Best: 01 70: 2
