[category]
matching
[prompt]
In Alice's Wonderland, secret processing rules are used on text.

x: not matched anywhere
y: matched but wrong position

0 100000011 3
1 000000001 1
2 011000000 2
3 011000010 3
4 011000000 2
5 000010000 1
6 001010100 3
7 100000001 2

01 000000010 1
12 001000100 2
23 010000000 1
34 001111100 5
45 100000010 2
56 000110001 3
67 000000000 a
70 110001000 3

02 001000010 2
13 010000000 1
24 010010000 2
35 100001110 4
46 100000011 3 match 0
57 000110001 3
60 010000000 1
71 100001010 3

03 000000000 a
14 011010100 4
25 100000000 1
36 100111111 7
47 000000001 1 match 1
50 010100001 3
61 000000000 a
72 001001010 3

04 001010000 2
15 000000100 1
26 100010001 3
37 000110101 4
40 100000001 2 match 7
51 000100001 2
62 001000000 1
73 010000000 1

05 000000010 1
16 000010100 2
27 000010001 2
30 100101101 5
41 100000011 3 match 0
52 001100000 2
63 010000000 1
74 011001000 3

06 000010010 2
17 000010100 2
20 110000001 3
31 100101011 5
42 000000010 1
53 010000000 1
64 011000000 2 match 2 4
75 100001010 3

07 000010000 1 match 5
10 010000100 2
21 100000001 2 match 7
32 001101110 5
43 000000000 a
54 011110000 4
65 000000000 a
76 100001010 3
[completion]
0 46 41
1 47
2 64
3 absent
4 64
5 07
6 absent
7 40 21

Left
46 57x
41 52x
Best: 46: 1

Right
40 37x
21 10x
Best: 40: 1
