[category]
matching
[prompt]
In Alice's Wonderland, secret processing rules are used on text.

x: not matched anywhere
y: matched but wrong position

0 001000000 1
1 000110110 4
2 010000100 2
3 000110100 3
4 000000000 a
5 000100100 2
6 001000000 1
7 000100100 2

01 10 001000100 2
12 21 010000100 2 match 2
23 32 010110110 5
34 43 000110100 3 match 3
45 54 000000000 a match 4
56 65 000000000 a match 4
67 76 000000000 a match 4
70 07 101010000 3

02 20 000110110 4 match 1
13 31 010000100 2 match 2
24 42 000110100 3 match 3
35 53 000000000 a match 4
46 64 000100100 2 match 5 7
57 75 001000000 1 match 0 6
60 06 000100100 2 match 5 7
71 17 001000000 1 match 0 6

03 30 000110110 4 match 1
14 41 000000100 1
25 52 000000000 a match 4
36 63 010100101 4
47 74 100010000 2
50 05 001000000 1 match 0 6
61 16 010000100 2 match 2
72 27 000010000 1

04 40 100110100 4
15 51 001000000 1 match 0 6
26 62 010100100 3
37 73 000010000 1
[completion]
0 57 75 71 17 50 05 15 51
1 02 20 03 30
2 12 21 13 31 61 16
3 34 43 24 42
4 45 54 56 65 67 76 35 53 25 52
5 46 64 60 06
6 57 75 71 17 50 05 15 51
7 46 64 60 06

Left
57 60y
75 06y
71 02 13 24 35 46 57 60
17 20 31 42 53 64 75 06
50 61y
05 16y
15 26x
51 62x
Best: 71 02 13 24 35 46 57 60: 8

Right
46 35y
64 53y
60 57 46 35 24 13 02 71
06 75 64 53 42 31 20 17
Best: 60 57 46 35 24 13 02 71: 8
