[category]
matching
[prompt]
In Alice's Wonderland, secret processing rules are used on text.

x: not matched anywhere
y: matched but wrong position

0 1111111 a
1 1001111 5
2 1111001 5
3 0101000 2
4 0011011 4
5 1111110 6
6 1011111 6
7 1101101 5

01 10 1111111 a match 0
12 21 1110111 6
23 32 1110111 6
34 43 1110111 6
45 54 1011111 6 match 6
56 65 1111111 a match 0
67 76 1100101 4
70 07 0111001 4

02 20 1111111 a match 0
13 31 1110110 5
24 42 1110111 6
35 53 1111111 a match 0
46 64 1100111 5
57 75 1011111 6 match 6
60 06 1111101 6
71 17 1010111 5

03 30 1111111 a match 0
14 41 1010111 5
25 52 1111111 a match 0
36 63 1110111 6
47 74 0000111 3
50 05 1111111 a match 0
61 16 1110111 6
72 27 1110111 6

04 40 0111111 6
15 51 1011111 6 match 6
26 62 1110111 6
37 73 1110111 6
[completion]
0 01 10 56 65 02 20 35 53 03 30 25 52 50 05
1 absent
2 absent
3 absent
4 absent
5 absent
6 45 54 57 75 15 51
7 absent

Left
01 12x
10 21x
56 67x
65 76x
02 13x
20 31x
35 46x
53 64x
03 14x
30 41x
25 36x
52 63x
50 61x
05 16x
Best: 01: 1

Right
none
Best: none
