[category]
matching
[prompt]
In Alice's Wonderland, secret processing rules are used on text.

x: not matched anywhere
y: matched but wrong position

0 10001101 4
1 11110100 5
2 11111111 a
3 11111111 a
4 11111111 a
5 11111111 a
6 11111111 a
7 11111111 a

01 01110110 5
12 00101011 4
23 11111011 7
34 10011011 5
45 10010001 3
56 10010101 4
67 10001101 4 match 0
70 10110100 4

02 10100010 3
13 00101111 5
24 10011111 6
35 11110101 6
46 11111011 7
57 11100111 6
60 11000110 4
71 00111101 5

03 10100110 4
14 01001011 4
25 11110001 5
36 10011111 6
47 10001001 3
50 10101100 4
61 01001111 5
72 11101001 5

04 11000010 3
15 00100101 3
26 10011011 5
37 11101101 6
40 11000010 3
51 00100101 3
62 10011011 5
73 11101101 6

05 10101100 4
16 01001111 5
27 11101001 5
30 10100110 4
41 01001011 4
52 11110001 5
63 10011111 6
74 10001001 3

06 11000110 4
17 00111101 5
20 10100010 3
31 00101111 5
42 10011111 6
53 11110101 6
64 11111011 7
75 11100111 6

07 10110100 4
10 01110110 5
21 00101011 4
32 11111011 7
43 10011011 5
54 10010001 3
65 10010101 4
76 10001101 4 match 0
[completion]
0 67 76
1 absent
2 absent
3 absent
4 absent
5 absent
6 absent
7 absent

Left
67 70x
76 07x
Best: 67: 1

Right
none
Best: none
