[category]
matching
[prompt]
In Alice's Wonderland, secret processing rules are used on text.

x: not matched anywhere
y: matched but wrong position

0 0110000 2
1 1000000 1
2 0000000 a
3 0000001 1
4 1011100 4
5 0010110 3
6 0000010 1
7 0110110 4

01 10 1011110 5
12 21 1111110 6
23 32 1111110 6
34 43 1111110 6
45 54 1100110 4
56 65 0100001 2
67 76 1111101 6
70 07 1111110 6

02 20 0110110 4 match 7
13 31 1111110 6
24 42 1110110 5
35 53 1111000 4
46 64 1100111 5
57 75 1111100 5
60 06 0110111 5
71 17 1111110 6

03 30 1111110 6
14 41 1101110 5
25 52 0110110 4 match 7
36 63 1111001 5
47 74 1111110 6
50 05 0110110 4 match 7
61 16 1101111 6
72 27 1111110 6

04 40 1110110 5
15 51 1101110 5
26 62 0110111 5
37 73 1111100 5
[completion]
0 absent
1 absent
2 absent
3 absent
4 absent
5 absent
6 absent
7 02 20 25 52 50 05

Left
none
Best: none

Right
02 71x
20 17x
25 14x
52 41x
50 47x
05 74x
Best: 02: 1
