[category]
matching
[prompt]
In Alice's Wonderland, secret processing rules are used on text.

x: not matched anywhere
y: matched but wrong position

0 1111101 6
1 1110111 6
2 1010010 3
3 1111000 4
4 1010000 2
5 1101101 5
6 1100011 4
7 1000000 1

01 10 1010010 3 match 2
12 21 1010000 2 match 4
23 32 1010000 2 match 4
34 43 1000000 1 match 7
45 54 1100001 3
56 65 1000000 1 match 7
67 76 1000000 1 match 7
70 07 1110000 3

02 20 1110000 3
13 31 1010000 2 match 4
24 42 1100000 2
35 53 1000000 1 match 7
46 64 1000000 1 match 7
57 75 1100000 2
60 06 1000000 1 match 7
71 17 1010000 2 match 4

03 30 1010000 2 match 4
14 41 1000000 1 match 7
25 52 1100000 2
36 63 1000000 1 match 7
47 74 1101000 3
50 05 1100011 4 match 6
61 16 1000000 1 match 7
72 27 1110000 3

04 40 1100101 4
15 51 1000010 2
26 62 1000000 1 match 7
37 73 1010000 2 match 4
[completion]
0 absent
1 absent
2 01 10
3 absent
4 12 21 23 32 13 31 71 17 03 30 37 73
5 absent
6 50 05
7 34 43 56 65 67 76 35 53 46 64 60 06 14 41 36 63 61 16 26 62

Left
none
Best: none

Right
34 23y
43 32y
56 45x
65 54x
67 56y
76 65y
35 24x
53 42x
46 35y
64 53y
60 57x
06 75x
14 03y
41 30y
36 25x
63 52x
61 50 47x
16 05 74x
26 15x
62 51x
Best: 61 50: 2
