[category]
matching
[prompt]
In Alice's Wonderland, secret processing rules are used on text.

x: not matched anywhere
y: matched but wrong position

0 0001111110 6
1 1111111111 a
2 1111111111 a
3 1101111011 8
4 1111111111 a
5 0101111111 8
6 1111111111 a
7 1010111010 6

01 1111110111 9
12 1111101111 9
23 0101111111 8 match 5
34 1110011011 7
45 0101111110 7
56 1111111111 a match 1 2 4 6
67 1110111110 8
70 1001111001 6

02 1111100111 8
13 0101101111 7
24 1111011011 8
35 1111011010 7
46 0101111111 8 match 5
57 1110111111 9
60 1010111000 5
71 1011110001 6

03 1111100111 8
14 1111001111 8
25 0101011010 5
36 1111011111 9
47 0111111110 8
50 1010111111 8
61 1010110000 4
72 1011110101 7

04 1111100111 8
15 0101001111 6
26 0101011111 7
37 1110011110 7
40 0001111110 6 match 0
51 1010111111 8
62 1010110101 6
73 1101110101 7

05 1111100111 8
16 0101001111 6
27 0111011110 7
30 1010011010 5
41 1011111110 8
52 1010111111 8
63 1111110101 8
74 1111110001 7

06 1111101111 9
17 0111001111 7
20 0101011010 5
31 1010111010 6 match 7
42 1011111111 9
53 1111111111 a match 1 2 4 6
64 1110110001 6
75 1101110001 6

07 1111101111 9
10 0101011111 7
21 1111111010 8
32 1010111111 8
43 0101111111 8 match 5
54 1110111111 9
65 1111110000 6
76 1101111111 9
[completion]
0 40
1 56 53
2 56 53
3 absent
4 56 53
5 23 46 43
6 56 53
7 31

Left
40 51x
Best: 40: 1

Right
31 20x
Best: 31: 1
