[category]
matching
[prompt]
In Alice's Wonderland, secret processing rules are used on text.

x: not matched anywhere
y: matched but wrong position

0 0100111001 5
1 0000011000 2
2 0101101111 7
3 1110110000 5
4 1111110011 8
5 1111111111 a
6 1111111111 a
7 1111111111 a

01 0011111111 8
12 1100101110 6
23 1111110111 9
34 0111111101 8
45 1111101111 9
56 1110110001 6
67 1011111111 9
70 1111011110 8

02 1001101111 7
13 1101110110 7
24 0111110101 7
35 0111101111 8
46 1110111011 8
57 1010110011 6
60 1111111111 a match 5 6 7
71 0111011111 8

03 1101111111 9
14 1101110100 6
25 0111111111 9
36 0110111001 6
47 1010111011 7
50 1110110011 7
61 1011111111 9
72 1101001110 6

04 0101111101 7
15 1101101110 7
26 0111110001 6
37 1010111011 7
40 1110111011 8
51 1011111111 9
62 1001101111 7
73 1101011110 7

05 0101101111 7 match 2
16 1110110000 5 match 3
27 1111110011 8 match 4
30 1110111011 8
41 1011111111 9
52 1010111111 8
63 1101111111 9
74 0101011100 5

06 0111111101 8
17 1110110011 7
20 1111110011 8 match 4
31 0011111111 8
42 1010101111 7
53 1111110111 9
64 1101111111 9
75 0101001110 5

07 1011111111 9
10 1110110010 6
21 0111111111 9
32 1010101111 7
43 1111111111 a match 5 6 7
54 1111110101 8
65 1101101111 8
76 0111011100 6
[completion]
0 absent
1 absent
2 05
3 16
4 27 20
5 60 43
6 60 43
7 60 43

Left
none
Best: none

Right
60 57x
43 32x
Best: 60: 1
