[category]
matching
[prompt]
In Alice's Wonderland, secret processing rules are used on text.

x: not matched anywhere
y: matched but wrong position

0 111110101 7
1 010011011 5
2 000000000 a
3 000000000 a
4 000000000 a
5 000000000 a
6 000000000 a
7 000000000 a

01 100000010 2
12 011100001 4
23 000000000 a match 2 3 4 5 6 7
34 101011100 5
45 010100000 2
56 000001010 2
67 101100100 4
70 000011001 3

02 011000010 3
13 000000001 1
24 100001100 3
35 110100100 4
46 000000010 1
57 001000000 1
60 000110001 3
71 000010010 2

03 000000010 1
14 001001101 4
25 100000100 2
36 000001000 1
47 000100000 1
50 000011001 3
61 100010000 2
72 010010011 4

04 101000100 3
15 010100100 3
26 000001000 1
37 101100100 4
40 000100000 1
51 000010010 2
62 011110001 5
73 000000011 2

05 110000100 3
16 000001000 1
27 100000100 2
30 000111000 3
41 000000010 1
52 001010011 4
63 000000001 1
74 000011001 3

06 000000010 1
17 001100100 3
20 000001000 1
31 100010000 2
42 010100010 3
53 000000011 2
64 101010101 5
75 010000000 1

07 101000100 3
10 000101001 3
21 100000000 1
32 011110000 4
43 000000010 1
54 001011001 4
65 110100100 4
76 000001010 2
[completion]
0 absent
1 absent
2 23
3 23
4 23
5 23
6 23
7 23

Left
none
Best: none

Right
23 12x
Best: 23: 1
