[category]
matching
[prompt]
In Alice's Wonderland, secret processing rules are used on text.

x: not matched anywhere
y: matched but wrong position

0 1000010 2
1 1100000 2
2 1101000 3
3 1110010 4
4 1111001 5
5 0101010 3
6 1000100 2
7 1000010 2

01 0001001 2
12 0000010 1
23 1010001 3
34 0101010 3 match 5
45 0000100 1
56 0000010 1
67 1100000 2 match 1
70 0000000 a

02 0000000 a
13 1010000 2
24 0111001 4
35 0101000 2
46 0000100 1
57 1000010 2 match 0 7
60 0000000 a
71 0000001 1

03 1000001 2
14 0110010 3
25 0111001 4
36 0001010 2
47 1000100 2 match 6
50 0000010 1
61 0000000 a
72 0000000 a

04 0101001 3
15 0110000 2
26 0011001 3
37 0101010 3 match 5
40 0000100 1
51 0000000 a
62 0000000 a
73 0000001 1

05 0101001 3
16 0010010 2
27 1111000 4
30 0000010 1
41 0000100 1
52 0000010 1
63 1000000 1
74 0000001 1

06 0001001 2
17 1110010 4 match 3
20 0010000 1
31 0001000 1
42 0000100 1
53 1000000 1
64 0100000 1
75 0000001 1

07 1101000 3 match 2
10 0010010 2
21 0001001 2
32 0000010 1
43 1000100 2 match 6
54 0000010 1
65 0100000 1
76 0000001 1
[completion]
0 57
1 67
2 07
3 17
4 absent
5 34 37
6 47 43
7 57

Left
57 60x
Best: 57: 1

Right
57 46x
Best: 57: 1
