[category]
matching
[prompt]
In Alice's Wonderland, secret processing rules are used on text.

x: not matched anywhere
y: matched but wrong position

0 1011000111 6
1 0011111001 6
2 1001000100 3
3 1110111111 9
4 1111010111 8
5 1011111101 8
6 1101111110 8
7 1111110011 8

01 1011111110 8
12 1101010111 7
23 1011101101 7
34 1110111111 9 match 3
45 1111110010 7
56 1001111101 7
67 0111111011 8
70 1111000111 7

02 1101111110 8 match 6
13 1111010101 7
24 1110101111 8
35 1111111110 9
46 1001110100 5
57 1101111111 9
60 0111101011 7
71 1011101111 8

03 1011111101 8 match 5
14 1110011111 8
25 1111111111 a
36 1101111110 8 match 6
47 1101111010 7
50 1111101111 9
61 0111101011 7
72 1111010111 8 match 4

04 1110111111 9 match 3
15 1111010111 8 match 4
26 1011111101 8 match 5
37 1101111110 8 match 6
40 1111110011 8 match 7
51 1011101111 8
62 0111111011 8
73 1011000101 5

05 1111111110 9
16 1101010101 6
27 1111111111 a
30 1111111111 a
41 1011111010 7
52 1101111111 9
63 0111101011 7
74 1110001111 7

06 1001111100 6
17 1101111111 9
20 1111101111 9
31 1111111110 9
42 1101110010 6
53 1011101101 7
64 0110101111 7
75 1111010111 8 match 4

07 1101111110 8 match 6
10 1111010111 8 match 4
21 1011101111 8
32 1101111110 8 match 6
43 1011110001 6
54 1110101111 8
65 0111111011 8
76 1011010101 6
[completion]
0 absent
1 absent
2 absent
3 34 04
4 72 15 75 10
5 03 26
6 02 36 37 07 32
7 40

Left
none
Best: none

Right
40 37 26 15 04 73x
Best: 40 37 26 15 04: 5
