[category]
matching
[prompt]
In Alice's Wonderland, secret processing rules are used on text.

x: not matched anywhere
y: matched but wrong position

0 1100011 4
1 1110001 4
2 1010111 5
3 1000101 3
4 0101110 4
5 0010000 1
6 1011100 4
7 0001011 3

01 0001000 1
12 0000010 1
23 0100000 1
34 0010010 2
45 1000001 2
56 0101110 4 match 4
67 0000000 a
70 1010100 3

02 0001010 2
13 0100000 1
24 0110000 2
35 1010001 3
46 1000101 3 match 3
57 0100010 2
60 0010000 1 match 5
71 0011100 3

03 0001000 1
14 0100010 2
25 1010001 3
36 1000111 4
47 0000001 1
50 0100100 2
61 0010000 1 match 5
72 0001100 2

04 0001010 2
15 1000001 2
26 1100001 3
37 0000011 2
40 1000100 2
51 0001100 2
62 0000000 a
73 0001000 1

05 0000001 1
16 1100011 4 match 0
27 0100001 2
30 1010100 3
41 0000100 1
52 0001110 3
63 0000000 a
74 0011000 2

06 0001011 3 match 7
17 0100011 3
20 1110000 3
31 0010100 2
42 0000100 1
53 0101000 2
64 0010000 1 match 5
75 1010000 2

07 0000011 2
10 1100000 2
21 0010000 1 match 5
32 0000110 2
43 0000000 a
54 0101010 3
65 0010000 1 match 5
76 1001100 3
[completion]
0 16
1 absent
2 absent
3 46
4 56
5 60 61 64 21 65
6 absent
7 06

Left
16 27x
Best: 16: 1

Right
06 75x
Best: 06: 1
