[category]
matching
[prompt]
In Alice's Wonderland, secret processing rules are used on text.

x: not matched anywhere
y: matched but wrong position

0 1101000 3
1 1100000 2
2 0101101 4
3 1010101 4
4 1011101 5
5 1110111 6
6 0101010 3
7 1110111 6

01 1111110 6
12 0101011 4
23 1110111 6 match 5 7
34 0011010 3
45 1110101 5
56 0001111 4
67 1110010 4
70 1111111 a

02 0101010 3 match 6
13 1101111 6
24 1011111 6
35 1111101 6
46 1101101 5
57 1001010 3
60 1110111 6 match 5 7
71 1111111 a

03 1101111 6
14 0111011 5
25 1110101 5
36 0011101 4
47 1100101 4
50 1011111 6
61 1110110 5
72 0111111 6

04 0111010 4
15 1111101 6
26 1011101 5 match 4
37 1011000 3
40 1110101 5
51 1011110 5
62 1111010 5
73 1111111 a

05 1111111 a
16 0101101 4 match 2
27 1010101 4 match 3
30 1011101 5 match 4
41 1110111 6 match 5 7
52 0101010 3 match 6
63 1110111 6 match 5 7
74 0111111 6

06 0101111 5
17 1101001 4
20 1010101 4 match 3
31 1011110 5
42 1101111 6
53 1101111 6
64 1111010 5
75 1111111 a

07 1101010 4
10 1111101 6
21 1010111 5
32 0111010 4
43 1100111 5
54 0011010 3
65 1110111 6 match 5 7
76 0111111 6
[completion]
0 absent
1 absent
2 16
3 27 20
4 26 30
5 23 60 41 63 65
6 02 52
7 23 60 41 63 65

Left
none
Best: none

Right
23 12x
60 57x
41 30y
63 52 41 30 27 16 05x
65 54x
Best: 63 52 41 30 27 16: 6
