[category]
matching
[prompt]
In Alice's Wonderland, secret processing rules are used on text.

x: not matched anywhere
y: matched but wrong position

0 100011010 4
1 111100111 7
2 001011100 4
3 101111111 8
4 010000111 4
5 111010100 5
6 110001000 3
7 110001111 6

01 111110111 8
12 111111000 6
23 111101111 8
34 100011010 4 match 0
45 111100111 7 match 1
56 011011100 5
67 101111111 8 match 3
70 010101111 6

02 111110100 6
13 111101101 7
24 110011111 7
35 110111011 7
46 111100111 7 match 1
57 101111100 6
60 101111111 8 match 3
71 011110111 7

03 111110101 7
14 110011000 4
25 110101111 7
36 110011010 5
47 111111111 a
50 001111111 7
61 101111111 8 match 3
72 011110111 7

04 111011100 6
15 110101011 6
26 110001111 6 match 7
37 101111010 6
40 111101111 8
51 001111111 7
62 101111111 8 match 3
73 011100111 6

05 111110111 8
16 110001000 3 match 6
27 111111111 a
30 100111011 6
41 111110111 8
52 001111100 5
63 111111111 a
74 010011111 6

06 111010100 5 match 5
17 111111000 6
20 110101111 7
31 101111111 8 match 3
42 111110111 8
53 011111101 7
64 101111111 8 match 3
75 110100111 6

07 111111100 7
10 110101011 6
21 111111111 a
32 101111010 6
43 111100111 7 match 1
54 001011100 4 match 2
65 111111111 a
76 010000111 4 match 4
[completion]
0 34
1 45 46 43
2 54
3 67 60 61 62 31 64
4 76
5 06
6 16
7 26

Left
34 45 56x
Best: 34 45: 2

Right
26 15x
Best: 26: 1
