[category]
matching
[prompt]
In Alice's Wonderland, secret processing rules are used on text.

x: not matched anywhere
y: matched but wrong position

0 1110000 3
1 1000101 3
2 1110011 5
3 0000111 3
4 1110011 5
5 1110110 5
6 1101011 5
7 0110110 4

01 10 1110111 6
12 21 1110101 5
23 32 1010101 4
34 43 1110111 6
45 54 1110111 6
56 65 1110110 5 match 5
67 76 1111110 6
70 07 1111111 a

02 20 1100111 5
13 31 1110100 4
24 42 1110111 6
35 53 0110110 4 match 7
46 64 1110111 6
57 75 0111110 5
60 06 1100111 5
71 17 1111100 5

03 30 1110111 6
14 41 1110111 6
25 52 1110111 6
36 63 1110110 5 match 5
47 74 1111111 a
50 05 1110111 6
61 16 1110010 4
72 27 1011101 5

04 40 1110111 6
15 51 1110110 5 match 5
26 62 1100111 5
37 73 0011100 3
[completion]
0 absent
1 absent
2 absent
3 absent
4 absent
5 56 65 36 63 15 51
6 absent
7 35 53

Left
none
Best: none

Right
35 24x
53 42x
Best: 35: 1
