[category]
matching
[prompt]
In Alice's Wonderland, secret processing rules are used on text.

x: not matched anywhere
y: matched but wrong position

0 0110011100 5
1 0100000001 2
2 1011100101 6
3 0000000110 2
4 1001100011 5
5 0010001110 4
6 0000010001 2
7 1110001100 5

01 0000010001 2 match 6
12 1000000000 1
23 0010111000 4
34 0100000000 1
45 1011100001 5
56 0000000100 1
67 1001100001 4
70 0010001110 4 match 5

02 0000000001 1
13 1010001000 3
24 0100011000 3
35 0100000001 2 match 1
46 0010000100 2
57 0000000000 a
60 1001100010 4
71 0000000010 1

03 0000010000 1
14 0100001000 2
25 0110111000 5
36 0100000100 2
47 1001100001 4
50 0000000110 2 match 3
61 0001100011 4
72 0000000010 1

04 0000010000 1
15 1110001000 4
26 0110011100 5 match 0
37 0100000001 2 match 1
40 1011100100 5
51 0000000010 1
62 1001000011 4
73 0010001010 3

05 0000010001 2 match 6
16 0110001100 4
27 0100110000 3
30 0100000100 2
41 0001100001 3
52 0000000010 1
63 1001100010 4
74 0000001010 2

06 0000010000 1
17 1100000000 2
20 0110101100 5
31 0000000001 1
42 1001000001 3
53 0000000010 1
64 0000000010 1
75 0010001000 2

07 0000010001 2 match 6
10 1110001100 5 match 7
21 0000110000 2
32 0000000001 1
43 1011100000 4
54 0000000010 1
65 1001100001 4
76 0010001100 3
[completion]
0 26
1 35 37
2 absent
3 50
4 absent
5 70
6 01 05 07
7 10

Left
26 37 40x
Best: 26 37: 2

Right
10 07 76x
Best: 10 07: 2
