[category]
matching
[prompt]
In Alice's Wonderland, secret processing rules are used on text.

x: not matched anywhere
y: matched but wrong position

0 01100001 3
1 10100011 4
2 11011101 6
3 01101101 5
4 00000000 a
5 00000000 a
6 00000101 2
7 10001100 3

01 00000001 1
12 10000100 2
23 00101000 2
34 00010000 1
45 01000000 1
56 00100010 2
67 10010000 2
70 01101000 3

02 00000101 2 match 6
13 10001100 3 match 7
24 00011000 2
35 00010000 1
46 00100000 1
57 10000010 2
60 11011000 4
71 01100001 3 match 0

03 00000101 2 match 6
14 10001100 3 match 7
25 00011000 2
36 00000000 a match 4 5
47 00000000 a match 4 5
50 10100010 3
61 01010001 3
72 01000101 3

04 00000100 1
15 00001100 2
26 00100000 1
37 00010000 1
40 01100000 2
51 00100011 3
62 11000101 4
73 01101101 5 match 3

05 00000100 1
16 00000000 a match 4 5
27 00010000 1
30 00010000 1
41 01100001 3 match 0
52 10000011 3
63 11001101 5
74 00001100 2

06 00000000 a match 4 5
17 10000000 1
20 00111000 3
31 00010000 1
42 01000001 2
53 10100011 4 match 1
64 10011100 4
75 01001100 3

07 00000000 a match 4 5
10 10001000 2
21 00110000 2
32 00000000 a match 4 5
43 01100001 3 match 0
54 10000010 2
65 01011100 4
76 00100000 1
[completion]
0 71 41 43
1 53
2 absent
3 73
4 36 47 16 06 07 32
5 36 47 16 06 07 32
6 02 03
7 13 14

Left
71 02y
41 52x
43 54x
Best: 71: 1

Right
13 02 71y
14 03 72x
Best: 13 02: 2
