[category]
matching
[prompt]
In Alice's Wonderland, secret processing rules are used on text.

x: not matched anywhere
y: matched but wrong position

0 01111110 6
1 00000000 a
2 00000000 a
3 00000000 a
4 00000000 a
5 00000000 a
6 00000000 a
7 00000000 a

01 00010000 1
12 00001000 1
23 00000000 a match 1 2 3 4 5 6 7
34 11001001 4
45 00000110 2
56 00000000 a match 1 2 3 4 5 6 7
67 10000001 2
70 01100110 4

02 00011000 2
13 00000000 a match 1 2 3 4 5 6 7
24 01000001 2
35 00000110 2
46 00000000 a match 1 2 3 4 5 6 7
57 10000001 2
60 11100111 6
71 00110100 3

03 00000000 a match 1 2 3 4 5 6 7
14 01001001 3
25 00000010 1
36 00000000 a match 1 2 3 4 5 6 7
47 00000000 a match 1 2 3 4 5 6 7
50 11100001 4
61 10110100 4
72 00111100 4

04 00001000 1
15 00000010 1
26 00000000 a match 1 2 3 4 5 6 7
37 10000001 2
40 00100110 3
51 10110000 3
62 10111100 5
73 00000000 a match 1 2 3 4 5 6 7

05 00000000 a match 1 2 3 4 5 6 7
16 00000000 a match 1 2 3 4 5 6 7
27 00000001 1
30 11100111 6
41 00110100 3
52 10111000 4
63 00000000 a match 1 2 3 4 5 6 7
74 01001000 2

06 00000000 a match 1 2 3 4 5 6 7
17 00000001 1
20 01000011 3
31 10110100 4
42 00110100 3
53 00000000 a match 1 2 3 4 5 6 7
64 11001001 4
75 00000110 2

07 00000000 a match 1 2 3 4 5 6 7
10 01000011 3
21 00000000 a match 1 2 3 4 5 6 7
32 10111100 5
43 00000000 a match 1 2 3 4 5 6 7
54 11001001 4
65 00000110 2
76 00000000 a match 1 2 3 4 5 6 7
[completion]
0 absent
1 23 56 13 46 03 36 47 26 73 05 16 63 06 53 07 21 43 76
2 23 56 13 46 03 36 47 26 73 05 16 63 06 53 07 21 43 76
3 23 56 13 46 03 36 47 26 73 05 16 63 06 53 07 21 43 76
4 23 56 13 46 03 36 47 26 73 05 16 63 06 53 07 21 43 76
5 23 56 13 46 03 36 47 26 73 05 16 63 06 53 07 21 43 76
6 23 56 13 46 03 36 47 26 73 05 16 63 06 53 07 21 43 76
7 23 56 13 46 03 36 47 26 73 05 16 63 06 53 07 21 43 76

Left
none
Best: none

Right
23 12x
56 45x
13 02x
46 35x
03 72x
36 25x
47 36 25x
26 15x
73 62x
05 74x
16 05 74x
63 52x
06 75x
53 42x
07 76 65x
21 10x
43 32x
76 65x
Best: 47 36: 2
