[category]
matching
[prompt]
In Alice's Wonderland, secret processing rules are used on text.

x: not matched anywhere
y: matched but wrong position

0 110101100 5
1 111001010 5
2 001011111 6
3 101001111 6
4 000110011 4
5 111101111 8
6 000010111 4
7 101010010 4

01 110110111 7
12 111101010 6
23 001011111 6 match 2
34 110111100 6
45 111101111 8 match 5
56 010111111 7
67 101110010 5
70 111011111 8

02 111100111 7
13 001011011 5
24 000011101 4
35 111101100 6
46 111101111 8 match 5
57 001110111 6
60 111011010 6
71 110111111 8

03 001110111 6
14 001011000 3
25 111111101 8
36 110101101 6
47 111101111 8 match 5
50 111011111 8
61 111110111 8
72 111111111 a

04 000110101 4
15 111101000 5
26 010111101 6
37 111101100 6
40 111111111 a
51 110110111 7
62 111110010 6
73 111011111 8

05 111101101 7
16 011101101 6
27 001111101 6
30 111111110 8
41 111111111 a
52 111110111 8
63 101010011 5
74 110011111 7

06 010101101 5
17 001101000 3
20 111011111 8
31 110111111 8
42 111101111 8 match 5
53 001010111 5
64 101010010 4 match 7
75 111111111 a

07 001100101 4
10 111011010 6
21 110111111 8
32 111101110 7
43 111111111 a
54 000010111 4 match 6
65 111111010 7
76 110111111 8
[completion]
0 absent
1 absent
2 23
3 absent
4 absent
5 45 46 47 42
6 54
7 64

Left
none
Best: none

Right
64 53x
Best: 64: 1
