[category]
matching
[prompt]
In Alice's Wonderland, secret processing rules are used on text.

x: not matched anywhere
y: matched but wrong position

0 0111101 5
1 0000000 a
2 0000000 a
3 1000000 1
4 0000010 1
5 0101100 3
6 0010001 2
7 1011100 4

01 1000000 1 match 3
12 0000010 1 match 4
23 0101100 3 match 5
34 0000001 1
45 1011000 3
56 0000100 1
67 1000010 2
70 0111101 5 match 0

02 1000000 1 match 3
13 0000010 1 match 4
24 0100000 1
35 0010000 1
46 0000100 1
57 0000000 a match 1 2
60 0111011 5
71 0111101 5 match 0

03 1000000 1 match 3
14 0000010 1 match 4
25 0001000 1
36 0000000 a match 1 2
47 1000000 1 match 3
50 0100101 3
61 1111001 5
72 0010001 2 match 6

04 0000000 a match 1 2
15 0000010 1 match 4
26 0000100 1
37 0000000 a match 1 2
40 0011100 3
51 0100101 3
62 1010011 4
73 0101100 3 match 5

05 1000000 1 match 3
16 0000000 a match 1 2
27 0000000 a match 1 2
30 0010001 2 match 6
41 1011100 4 match 7
52 0000001 1
63 1101010 4
74 0100001 2

06 0000000 a match 1 2
17 0000010 1 match 4
20 0101100 3 match 5
31 0010001 2 match 6
42 1010000 2
53 0100100 2
64 0100011 3
75 0011000 2

07 1000000 1 match 3
10 0000010 1 match 4
21 0101100 3 match 5
32 0010001 2 match 6
43 1001100 3
54 0100001 2
65 1011010 4
76 0000100 1
[completion]
0 70 71
1 57 36 04 37 16 27 06
2 57 36 04 37 16 27 06
3 01 02 03 47 05 07
4 12 13 14 15 17 10
5 23 73 20 21
6 72 30 31 32
7 41

Left
70 01y
71 02y
Best: 70: 1

Right
41 30 27y
Best: 41 30: 2
