[category]
matching
[prompt]
In Alice's Wonderland, secret processing rules are used on text.

x: not matched anywhere
y: matched but wrong position

0 01010100 3
1 10011101 5
2 11101101 6
3 10011000 3
4 10010010 3
5 01011111 6
6 01101011 5
7 11111111 a

01 11110010 5
12 10000010 2
23 10001111 5
34 10001010 3
45 11110111 7
56 00101010 3
67 11110001 5
70 01011001 4

02 10001111 5
13 11110010 5
24 11111010 6
35 10000010 2
46 00100010 2
57 00100100 2
60 01010111 5
71 01010100 3 match 0

03 11111111 a match 7
14 10000111 4
25 11110010 5
36 01010111 5
47 00101100 3
50 10000010 2
61 01011010 4
72 00101001 3

04 10001010 3
15 10001111 5
26 00100111 4
37 01011001 4
40 10001010 3
51 10001111 5
62 00100111 4
73 01011001 4

05 10000010 2
16 01011010 4
27 00101001 3
30 11111111 a match 7
41 10000111 4
52 11110010 5
63 01010111 5
74 00101100 3

06 01010111 5
17 01010100 3 match 0
20 10001111 5
31 11110010 5
42 11111010 6
53 10000010 2
64 00100010 2
75 00100100 2

07 01011001 4
10 11110010 5
21 10000010 2
32 10001111 5
43 10001010 3
54 11110111 7
65 00101010 3
76 11110001 5
[completion]
0 71 17
1 absent
2 absent
3 absent
4 absent
5 absent
6 absent
7 03 30

Left
71 02x
17 20x
Best: 71: 1

Right
03 72x
30 27x
Best: 03: 1
