[category]
matching
[prompt]
In Alice's Wonderland, secret processing rules are used on text.

x: not matched anywhere
y: matched but wrong position

0 0000000 a
1 0000000 a
2 0000000 a
3 0100100 2
4 0000001 1
5 0110100 3
6 0001001 2
7 1100001 3

01 1000010 2
12 0010111 4
23 1000010 2
34 1101101 5
45 0111010 4
56 1010001 3
67 1001111 5
70 1011110 5

02 0101010 3
13 0101010 3
24 1010000 2
35 0101000 2
46 0010100 2
57 1100001 3 match 7
60 1101110 5
71 1100011 4

03 0010111 4
14 0111000 3
25 0010101 3
36 0000110 2
47 0100100 2 match 3
50 1000000 1
61 1010011 4
72 0001011 3

04 0000101 2
15 1111101 6
26 0111011 5
37 0110110 4
40 0000101 2
51 1111101 6
62 0111011 5
73 0110110 4

05 1000000 1
16 1010011 4
27 0001011 3
30 0010111 4
41 0111000 3
52 0010101 3
63 0000110 2
74 0100100 2 match 3

06 1101110 5
17 1100011 4
20 0101010 3
31 0101010 3
42 1010000 2
53 0101000 2
64 0010100 2
75 1100001 3 match 7

07 1011110 5
10 1000010 2
21 0010111 4
32 1000010 2
43 1101101 5
54 0111010 4
65 1010001 3
76 1001111 5
[completion]
0 absent
1 absent
2 absent
3 47 74
4 absent
5 absent
6 absent
7 57 75

Left
none
Best: none

Right
57 46x
75 64x
Best: 57: 1
