[category]
matching
[prompt]
In Alice's Wonderland, secret processing rules are used on text.

x: not matched anywhere
y: matched but wrong position

0 0100011 3
1 0101010 3
2 1000000 1
3 1110011 5
4 0101110 4
5 1100111 5
6 1001111 5
7 1111110 6

01 1000000 1 match 2
12 0000010 1
23 1011110 5
34 0001011 3
45 0110100 3
56 0011001 3
67 1010110 4
70 1101100 4

02 0111101 5
13 0100011 3 match 0
24 0101010 3 match 1
35 1000000 1 match 2
46 1010010 3
57 0110000 2
60 1000101 3
71 1010011 4

03 0011100 3
14 1010111 5
25 1100001 3
36 0100110 3
47 1111011 6
50 0100011 3 match 0
61 1111010 5
72 0101110 4 match 4

04 1101000 3
15 0011100 3
26 0000111 3
37 0001111 4
40 1101000 3
51 0011100 3
62 0000111 3
73 0001111 4

05 0100011 3 match 0
16 1111010 5
27 0101110 4 match 4
30 0011100 3
41 1010111 5
52 1100001 3
63 0100110 3
74 1111011 6

06 1000101 3
17 1010011 4
20 0111101 5
31 0100011 3 match 0
42 0101010 3 match 1
53 1000000 1 match 2
64 1010010 3
75 0110000 2

07 1101100 4
10 1000000 1 match 2
21 0000010 1
32 1011110 5
43 0001011 3
54 0110100 3
65 0011001 3
76 1010110 4
[completion]
0 13 50 05 31
1 24 42
2 01 35 53 10
3 absent
4 72 27
5 absent
6 absent
7 absent

Left
13 24 35 46x
50 61x
05 16x
31 42 53 64x
Best: 13 24 35: 3

Right
none
Best: none
