[category]
matching
[prompt]
In Alice's Wonderland, secret processing rules are used on text.

x: not matched anywhere
y: matched but wrong position

0 0101110 4
1 0001110 3
2 1110111 6
3 0110110 4
4 1010111 5
5 0001010 2
6 1111111 a
7 0101011 4

01 0100011 3
12 0111110 5
23 0011110 4
34 0101010 3
45 0000010 1
56 0001011 3
67 0101110 4 match 0
70 0001110 3 match 1

02 1100010 3
13 1011111 6
24 1001011 4
35 1010111 5 match 4
46 1110110 5
57 1011010 4
60 1011111 6
71 1010010 3

03 0000011 2
14 0001010 2 match 5
25 0110110 4 match 3
36 0100011 3
47 0100111 4
50 0101011 4 match 7
61 0000011 2
72 0010011 3

04 1010110 4
15 1110111 6 match 2
26 1000010 2
37 1110010 4
40 1010110 4
51 1110111 6 match 2
62 1000010 2
73 1110010 4

05 0101011 4 match 7
16 0000011 2
27 0010011 3
30 0000011 2
41 0001010 2 match 5
52 0110110 4 match 3
63 0100011 3
74 0100111 4

06 1011111 6
17 1010010 3
20 1100010 3
31 1011111 6
42 1001011 4
53 1010111 5 match 4
64 1110110 5
75 1011010 4

07 0001110 3 match 1
10 0100011 3
21 0111110 5
32 0011110 4
43 0101010 3
54 0000010 1
65 0001011 3
76 0101110 4 match 0
[completion]
0 67 76
1 70 07
2 15 51
3 25 52
4 35 53
5 14 41
6 absent
7 50 05

Left
67 70 01x
76 07 10x
Best: 67 70: 2

Right
50 47x
05 74x
Best: 50: 1
