[category]
matching
[prompt]
In Alice's Wonderland, secret processing rules are used on text.

x: not matched anywhere
y: matched but wrong position

0 000000000 a
1 100000111 4
2 101000101 4
3 101110000 4
4 111101111 8
5 011110000 4
6 110000101 4
7 011011110 6

01 000000010 1
12 000000101 2
23 000010000 1
34 100001111 5
45 001110000 3
56 100000001 2
67 000010110 3
70 011001000 3

02 000000111 3
13 000000000 a match 0
24 100000000 1
35 001101010 4
46 000100000 1
57 100000101 3
60 011011000 4
71 010001000 2

03 000000000 a match 0
14 100000101 3
25 001110000 3
36 100100001 3
47 000110000 2
50 010000000 1
61 010011010 4
72 010001000 2

04 100000111 4 match 1
15 001000000 1
26 100100000 2
37 100100111 5
40 011110000 4 match 5
51 010000000 1
62 010001110 4
73 000000000 a match 0

05 000000010 1
16 100000001 2
27 100110000 3
30 011101000 4
41 010110000 3
52 010000101 3
63 000010000 1
74 000001000 1

06 100000001 2
17 100000101 3
20 001110000 3
31 010101010 4
42 010000000 1
53 000000000 a match 0
64 000001110 3
75 001001000 2

07 100000111 4 match 1
10 001000000 1
21 000110000 2
32 010001111 5
43 000010000 1
54 100000101 3
65 001011010 4
76 000000000 a match 0
[completion]
0 13 03 73 53 76
1 04 07
2 absent
3 absent
4 absent
5 40
6 absent
7 absent

Left
13 24x
03 14x
73 04 15x
53 64x
76 07 10x
Best: 73 04: 2

Right
none
Best: none
