[category]
matching
[prompt]
In Alice's Wonderland, secret processing rules are used on text.

x: not matched anywhere
y: matched but wrong position

0 110101111 7
1 111111101 8
2 111111111 a
3 111101101 7
4 110101111 7
5 111111101 8
6 111111111 a
7 001101101 5

01 111111101 8 match 1 5
12 110111011 7
23 111101101 7 match 3
34 110010110 5
45 011111101 7
56 101101111 7
67 110011101 6
70 111111111 a match 2 6

02 111111011 8
13 111101011 7
24 111110110 7
35 011110110 6
46 001101111 6
57 100001111 5
60 110011111 7
71 111111111 a match 2 6

03 111101001 6
14 110110010 5
25 011110100 5
36 001110110 5
47 001101101 5 match 7
50 100011111 6
61 111011101 7
72 111111111 a match 2 6

04 111110011 7
15 111110010 6
26 001100110 4
37 000010110 3
40 001111111 7
51 101011111 7
62 110011111 7
73 111111111 a match 2 6

05 111110001 6
16 111100010 5
27 001100100 3
30 000011110 4
41 001111101 6
52 110011111 7
63 111111101 8 match 1 5
74 111111111 a match 2 6

06 111100011 6
17 110100010 4
20 001111110 6
31 001011111 6
42 111111111 a match 2 6
53 111101111 8
64 110011111 7
75 111111111 a match 2 6

07 111100001 5
10 110111110 7
21 001111101 6
32 110011111 7
43 111101101 7 match 3
54 110011111 7
65 111111101 8 match 1 5
76 111111111 a match 2 6
[completion]
0 absent
1 01 63 65
2 70 71 72 73 74 42 75 76
3 23 43
4 absent
5 01 63 65
6 70 71 72 73 74 42 75 76
7 47

Left
none
Best: none

Right
47 36x
Best: 47: 1
