[category]
matching
[prompt]
In Alice's Wonderland, secret processing rules are used on text.

x: not matched anywhere
y: matched but wrong position

0 1010010111 6
1 0100000110 3
2 1110011100 6
3 1111111101 9
4 1101000110 5
5 0000010011 3
6 1010011111 7
7 1010011111 7

01 0111111101 8
12 1011111111 9
23 0101100111 6
34 1110011110 7
45 1111111101 9 match 3
56 1111101110 8
67 0101111111 8
70 1111100010 6

02 1011111101 8
13 1011110111 8
24 0100000110 3 match 1
35 1110111101 8
46 1111111101 9 match 3
57 1101111111 9
60 1101110011 7
71 1111101010 7

03 0011111111 8
14 1010010111 6 match 0
25 0110111111 8
36 1111111100 8
47 1111111101 9 match 3
50 1101100110 6
61 0101111011 7
72 1011111011 8

04 0010011111 6
15 1010111111 8
26 1111101110 8
37 1111111101 9 match 3
40 1111111111 a
51 1101101110 7
62 1011111011 8
73 1011100011 6

05 0010111101 6
16 1111111111 a
27 0101111111 8
30 1111111110 9
41 1111111101 9 match 3
52 1111111111 a
63 0001110011 5
74 1010000010 3

06 1111111101 9 match 3
17 1111111111 a
20 1101100110 6
31 1111111100 8
42 1111111101 9 match 3
53 1101100111 7
64 0000010011 3 match 5
75 1010111011 7

07 0111111101 8
10 1111110111 9
21 0101101110 6
32 1111111101 9 match 3
43 1111111111 a
54 1101000110 5 match 4
65 0010111011 6
76 1111101110 8
[completion]
0 14
1 24
2 absent
3 45 46 47 37 41 06 42 32
4 54
5 64
6 absent
7 absent

Left
14 25x
Best: 14: 1

Right
none
Best: none
