[category]
matching
[prompt]
In Alice's Wonderland, secret processing rules are used on text.

x: not matched anywhere
y: matched but wrong position

0 01110111 6
1 10000110 3
2 11110101 6
3 01100111 5
4 01110111 6
5 10000110 3
6 11110101 6
7 01000111 4

01 00000100 1
12 01100001 3
23 00000010 1
34 00110000 2
45 01000010 2
56 00110101 4
67 00000000 a
70 10010001 3

02 00100000 1
13 00000010 1
24 00000000 a
35 01000000 1
46 01000111 4 match 7
57 00100100 2
60 10000000 1
71 10010000 2

03 00000000 a
14 00100000 1
25 00000010 1
36 01110101 5
47 01000110 3
50 00010001 2
61 10000000 1
72 10010001 3

04 00100000 1
15 01000010 2
26 00000110 2
37 01100100 3
40 01000011 3
51 00010100 2
62 10000000 1
73 10000000 1

05 00000000 a
16 01100011 4
27 00000110 2
30 01010001 3
41 00000100 1
52 00110001 3
63 10000000 1
74 10010000 2

06 00100100 2
17 01100010 3
20 00000010 1
31 00010100 2
42 01000001 2
53 00000000 a
64 10000000 1
75 10000000 1

07 00100100 2
10 01000011 3
21 00000100 1
32 01110001 4
43 00000010 1
54 00110000 2
65 10000000 1
76 00010001 2
[completion]
0 absent
1 absent
2 absent
3 absent
4 absent
5 absent
6 absent
7 46

Left
none
Best: none

Right
46 35x
Best: 46: 1
