[category]
matching
[prompt]
In Alice's Wonderland, secret processing rules are used on text.

x: not matched anywhere
y: matched but wrong position

0 0101001 3
1 1001001 3
2 1101100 4
3 1100111 5
4 1111110 6
5 1110110 5
6 0111111 6
7 1011111 6

01 1111111 a
12 1101101 5
23 0111111 6 match 6
34 1010110 4
45 0111111 6 match 6
56 1011011 5
67 1111100 5
70 0110111 5

02 1101101 5
13 1101101 5
24 1010110 4
35 1110110 5 match 5
46 1111011 6
57 1011001 4
60 0111111 6 match 6
71 0111111 6 match 6

03 1101101 5
14 1110110 5 match 5
25 0110110 4
36 1010111 5
47 1111001 5
50 1011011 5
61 0111111 6 match 6
72 1101111 6

04 1111110 6 match 4
15 1110110 5 match 5
26 1010111 5
37 1011110 5
40 0111011 5
51 1011011 5
62 1101101 5
73 0101111 5

05 1111110 6 match 4
16 1110111 6
27 1011110 5
30 1010111 5
41 0111011 5
52 1101001 4
63 0101101 4
74 1110111 6

06 1111111 a
17 1111100 5
20 0010111 4
31 1011111 6 match 7
42 1101001 4
53 1101001 4
64 1111110 6 match 4
75 0110111 5

07 1111100 5
10 1110111 6
21 0011111 5
32 1111111 a
43 0101001 3 match 0
54 1011111 6 match 7
65 0111110 5
76 1110111 6
[completion]
0 43
1 absent
2 absent
3 absent
4 04 05 64
5 35 14 15
6 23 45 60 71 61
7 31 54

Left
43 54y
Best: 43: 1

Right
31 20x
54 43y
Best: 31: 1
