[category]
matching
[prompt]
In Alice's Wonderland, secret processing rules are used on text.

x: not matched anywhere
y: matched but wrong position

0 000000000 a
1 000100001 2
2 001000101 3
3 101000010 3
4 010110010 4
5 010010100 3
6 001100100 3
7 010010011 4

01 001100100 3 match 6
12 000000011 2
23 010000100 2
34 100000000 1
45 000100101 3
56 101000000 2
67 000100010 2
70 010010000 2

02 001000000 1
13 010000010 2
24 000000000 a match 0
35 000100001 2 match 1
46 001000101 3 match 2
57 101000010 3 match 3
60 010010010 3
71 000000100 1

03 000000100 1
14 000000000 a match 0
25 000100100 2
36 101000001 3
47 001100011 4
50 110010010 4
61 000100000 1
72 000000000 a match 0

04 000000000 a match 0
15 000000001 1
26 000000100 1
37 101100001 4
40 010010011 4 match 7
51 101000000 2
62 000000010 1
73 010000100 2

05 000100100 2
16 000000001 1
27 000100000 1
30 100010001 3
41 001100100 3 match 6
52 101000010 3 match 3
63 010000010 2
74 000000000 a match 0

06 001000100 2
17 000000011 2
20 010010000 2
31 101100000 3
42 001000011 3
53 010000010 2
64 000000000 a match 0
75 000000100 1

07 001100000 2
10 010010011 4 match 7
21 000100100 2
32 101000001 3
43 010000110 3
54 100000000 1
65 000100000 1
76 000000100 1
[completion]
0 24 14 72 04 74 64
1 35
2 46
3 57 52
4 absent
5 absent
6 01 41
7 40 10

Left
24 35 46 57 60x
14 25x
72 03x
04 15x
74 05x
64 75x
Best: 24 35 46 57: 4

Right
40 37x
10 07x
Best: 40: 1
