[category]
matching
[prompt]
In Alice's Wonderland, secret processing rules are used on text.

x: not matched anywhere
y: matched but wrong position

0 010001000 2
1 111001111 7
2 000001001 2
3 011111010 6
4 011111100 6
5 000110101 4
6 001010010 3
7 111111111 a

01 110001010 4
12 100010011 4
23 011110000 4
34 101101011 6
45 001010100 3
56 100110110 5
67 110011000 4
70 111111000 6

02 101100110 5
13 000011100 3
24 001100100 3
35 011000000 2
46 010011101 5
57 101010001 4
60 110011111 7
71 110001101 5

03 001101001 4
14 010001000 2 match 0
25 111001111 7 match 1
36 000001001 2 match 2
47 011111010 6 match 3
50 101010110 5
61 111101010 6
72 101100001 4

04 011111101 7
15 100100011 4
26 100000110 3
37 001101110 5
40 011111101 7
51 100100011 4
62 100000110 3
73 001101110 5

05 101010110 5
16 111101010 6
27 101100001 4
30 001101001 4
41 010001000 2 match 0
52 111001111 7 match 1
63 000001001 2 match 2
74 011111010 6 match 3

06 110011111 7
17 110001101 5
20 101100110 5
31 000011100 3
42 001100100 3
53 011000000 2
64 010011101 5
75 101010001 4

07 111111000 6
10 110001010 4
21 100010011 4
32 011110000 4
43 101101011 6
54 001010100 3
65 100110110 5
76 110011000 4
[completion]
0 14 41
1 25 52
2 36 63
3 47 74
4 absent
5 absent
6 absent
7 absent

Left
14 25 36 47 50x
41 52 63 74 05x
Best: 14 25 36 47: 4

Right
none
Best: none
