[category]
matching
[prompt]
In Alice's Wonderland, secret processing rules are used on text.

x: not matched anywhere
y: matched but wrong position

0 0101110101 6
1 1011011000 5
2 0110100101 5
3 0000100101 3
4 1001101100 5
5 1011010000 4
6 0010111011 6
7 1111100111 8

01 1111001010 6
12 0101110111 7
23 1011011010 6
34 0110111101 7
45 1111100111 8 match 7
56 1111111111 a
67 1011101001 6
70 0100111111 7

02 1111100111 8 match 7
13 1101111111 9
24 1011011000 5 match 1
35 0111100111 7
46 1111110111 9
57 1111111001 8
60 0000111101 5
71 1110011110 7

03 1111011010 7
14 0101111101 7
25 1011111110 8
36 1111110111 9
47 1111100111 8 match 7
50 1100111101 7
61 1010001010 4
72 0100111111 7

04 1111011010 7
15 0111110111 8
26 1111111111 a
37 1111100101 7
40 1111111111 a
51 1110011011 7
62 0100101111 6
73 1101011110 7

05 1111100110 7
16 1111110111 9
27 1011111001 7
30 0110111101 7
41 1111101111 9
52 1100111111 8
63 1001011010 5
74 0100011110 5

06 1111110111 9
17 1111110101 8
20 1011111101 8
31 1110101111 8
42 1111100111 8 match 7
53 1101011011 7
64 0000011000 2
75 0111111110 8

07 1111100011 7
10 0101111101 7
21 1011011010 6
32 0110100111 6
43 1111111111 a
54 1100011001 5
65 0011101110 6
76 1111111111 a
[completion]
0 absent
1 24
2 absent
3 absent
4 absent
5 absent
6 absent
7 45 02 47 42

Left
none
Best: none

Right
45 34x
02 71x
47 36x
42 31x
Best: 45: 1
