[category]
matching
[prompt]
In Alice's Wonderland, secret processing rules are used on text.

x: not matched anywhere
y: matched but wrong position

0 11101001 5
1 00111101 5
2 01000000 1
3 11111011 7
4 01010001 3
5 10110101 5
6 10100110 4
7 11011101 6

01 10111111 7
12 01011110 5
23 11111001 6
34 11111111 a
45 11011100 5
56 00100111 4
67 11111011 7 match 3
70 11111100 6

02 10011111 6
13 11011011 6
24 11111011 7 match 3
35 11111110 7
46 01100110 4
57 00100011 3
60 11111001 6
71 11111101 7

03 10011111 6
14 11111011 7 match 3
25 11111101 7
36 01100110 4
47 01100111 5
50 01100011 4
61 11111101 7
72 11011110 6

04 10111111 7
15 11011110 6
26 11100111 6
37 01100111 5
40 01100100 3
51 10101111 6
62 11011111 7
73 11011101 6 match 7

05 11011111 7
16 01110110 5
27 11100011 5
30 01100110 4
41 11101101 6
52 00111111 6
63 11011001 5
74 11111111 a

06 10111111 7
17 01110011 5
20 11100001 4
31 11101111 7
42 01011110 5
53 10111011 6
64 11111011 7 match 3
75 11011100 5

07 10111111 7
10 01110010 4
21 11101101 6
32 01111110 6
43 11011101 6 match 7
54 10111011 6
65 11011101 6 match 7
76 11111110 7
[completion]
0 absent
1 absent
2 absent
3 67 24 14 64
4 absent
5 absent
6 absent
7 73 43 65

Left
none
Best: none

Right
73 62x
43 32x
65 54x
Best: 73: 1
