[category]
matching
[prompt]
In Alice's Wonderland, secret processing rules are used on text.

x: not matched anywhere
y: matched but wrong position

0 0000000 a
1 0000011 2
2 1101100 4
3 1000100 2
4 1010111 5
5 1010100 3
6 1110010 4
7 1101101 5

01 0000011 2 match 1
12 0000100 1
23 0010010 2
34 1101101 5 match 7
45 0000000 a match 0
56 0000011 2 match 1
67 0101000 2
70 0000000 a match 0

02 0000101 2
13 0010000 1
24 1110010 4 match 6
35 1101100 4 match 2
46 0000000 a match 0
57 0000011 2 match 1
60 0101000 2
71 0000000 a match 0

03 0010010 2
14 1010100 3 match 5
25 1110000 3
36 0000001 1
47 0000000 a match 0
50 0000000 a match 0
61 0101000 2
72 0000100 1

04 1010111 5 match 4
15 1010100 3 match 5
26 0010010 2
37 0101001 3
40 0000000 a match 0
51 0000011 2 match 1
62 0001100 2
73 0000000 a match 0

05 1010100 3 match 5
16 0010000 1
27 0110010 3
30 0101000 2
41 0000000 a match 0
52 0000001 1
63 0000000 a match 0
74 1000100 2 match 3

06 0010011 3
17 0010000 1
20 0100000 1
31 0101001 3
42 0000000 a match 0
53 0000010 1
64 1101100 4 match 2
75 1000100 2 match 3

07 0010011 3
10 0000000 a match 0
21 0100010 2
32 0001101 3
43 0000000 a match 0
54 0000011 2 match 1
65 1101100 4 match 2
76 0000000 a match 0
[completion]
0 45 70 46 71 47 50 40 73 41 63 42 10 43 76
1 01 56 57 51 54
2 35 64 65
3 74 75
4 04
5 14 15 05
6 24
7 34

Left
45 56 67x
70 01 12x
46 57 60x
71 02x
47 50y
50 61x
40 51 62x
73 04y
41 52x
63 74y
42 53x
10 21x
43 54 65 76y
76 07x
Best: 43 54 65: 3

Right
34 23x
Best: 34: 1
