[category]
matching
[prompt]
In Alice's Wonderland, secret processing rules are used on text.

x: not matched anywhere
y: matched but wrong position

0 0001000 1
1 1000000 1
2 0000011 2
3 0000000 a
4 0000011 2
5 1100100 3
6 0110111 5
7 0110111 5

01 10 1010111 5
12 21 1010011 4
23 32 1100111 5
34 43 1110111 6
45 54 0110111 5 match 6 7
56 65 0111111 6
67 76 1011101 5
70 07 1010111 5

02 20 0010111 4
13 31 1110100 4
24 42 0110111 5 match 6 7
35 53 1110111 6
46 64 0111111 6
57 75 1110111 6
60 06 0011111 5
71 17 1010001 3

03 30 1110111 6
14 41 1110111 6
25 52 0110111 5 match 6 7
36 63 1111100 5
47 74 1110111 6
50 05 0110111 5 match 6 7
61 16 1011100 4
72 27 1010011 4

04 40 0110111 5 match 6 7
15 51 1110111 6
26 62 0011111 5
37 73 1110101 5
[completion]
0 absent
1 absent
2 absent
3 absent
4 absent
5 absent
6 45 54 24 42 25 52 50 05 04 40
7 45 54 24 42 25 52 50 05 04 40

Left
none
Best: none

Right
45 34x
54 43x
24 13x
42 31x
25 14x
52 41x
50 47x
05 74x
04 73x
40 37x
Best: 45: 1
