[category]
matching
[prompt]
In Alice's Wonderland, secret processing rules are used on text.

x: not matched anywhere
y: matched but wrong position

0 10110001 4
1 00011110 4
2 10110100 4
3 11001001 4
4 01100011 4
5 10110110 5
6 11011011 6
7 01110111 6

01 10 11111101 7
12 21 11101011 6
23 32 01110111 6 match 7
34 43 01110110 5
45 54 01010111 5
56 65 10110101 5
67 76 10111111 7
70 07 10111110 6

02 20 11110111 7
13 31 11111111 a
24 42 01110011 5
35 53 00110111 5
46 64 11110011 6
57 75 00011111 5
60 06 10110101 5
71 17 11011111 7

03 30 10110110 5 match 5
14 41 11011011 6 match 6
25 52 01110111 6 match 7
36 63 10110111 6
47 74 01011110 5
50 05 10110101 5
61 16 11111001 6
72 27 01111111 7

04 40 11110110 6
15 51 11011101 6
26 62 11110011 6
37 73 00111110 5
[completion]
0 absent
1 absent
2 absent
3 absent
4 absent
5 03 30
6 14 41
7 23 32 25 52

Left
none
Best: none

Right
23 12x
32 21x
25 14 03 72x
52 41 30 27x
Best: 25 14 03: 3
