[category]
matching
[prompt]
In Alice's Wonderland, secret processing rules are used on text.

x: not matched anywhere
y: matched but wrong position

0 0000000 a
1 1000111 4
2 0001011 3
3 1100100 3
4 0000011 2
5 1010100 3
6 0010001 2
7 1000101 3

01 10 0100011 3
12 21 0100000 1
23 32 0010000 1
34 43 0010001 2 match 6
45 54 1010101 4
56 65 1001101 4
67 76 1001011 4
70 07 1000011 3

02 20 1100100 3 match 3
13 31 0000011 2 match 4
24 42 1010100 3 match 5
35 53 0010001 2 match 6
46 64 1000101 3 match 7
57 75 1001001 3
60 06 1000111 4 match 1
71 17 0001011 3 match 2

03 30 0000011 2 match 4
14 41 0000001 1
25 52 1110100 4
36 63 0000011 2 match 4
47 74 1000001 2
50 05 1100101 4
61 16 0001011 3 match 2
72 27 1000000 1

04 40 1000101 3 match 7
15 51 0101001 3
26 62 1000100 2
37 73 0000011 2 match 4
[completion]
0 absent
1 60 06
2 71 17 61 16
3 02 20
4 13 31 03 30 36 63 37 73
5 24 42
6 34 43 35 53
7 46 64 04 40

Left
none
Best: none

Right
46 35 24 13 02 71 60 57x
64 53 42 31 20 17 06 75x
04 73y
40 37y
Best: 46 35 24 13 02 71 60: 7
