[category]
matching
[prompt]
In Alice's Wonderland, secret processing rules are used on text.

x: not matched anywhere
y: matched but wrong position

0 1111110001 7
1 0001010000 2
2 0100110011 5
3 1011111010 7
4 1011110010 6
5 1011100110 6
6 1111110010 7
7 1111111110 9

01 1101111110 8
12 1111110001 7 match 0
23 0001010000 2 match 1
34 0100110011 5 match 2
45 1011111010 7 match 3
56 1011110010 6 match 4
67 0010010111 5
70 0101110011 6

02 1101110000 5
13 0001011110 5
24 1010011100 5
35 0000110110 4
46 1111110111 9
57 0110011010 5
60 1000011011 5
71 0111110010 6

03 0011011111 7
14 1010010010 4
25 1110011001 6
36 0100111011 6
47 0010011111 6
50 1100010110 5
61 1010011010 5
72 0111111100 7

04 1000010011 4
15 1110010111 7
26 1010010100 4
37 1001010011 5
40 1000010011 4
51 1110010111 7
62 1010010100 4
73 1001010011 5

05 1100010110 5
16 1010011010 5
27 0111111100 7
30 0011011111 7
41 1010010010 4
52 1110011001 6
63 0100111011 6
74 0010011111 6

06 1000011011 5
17 0111110010 6
20 1101110000 5
31 0001011110 5
42 1010011100 5
53 0000110110 4
64 1111110111 9
75 0110011010 5

07 0101110011 6
10 1101111110 8
21 1111110001 7 match 0
32 0001010000 2 match 1
43 0100110011 5 match 2
54 1011111010 7 match 3
65 1011110010 6 match 4
76 0010010111 5
[completion]
0 12 21
1 23 32
2 34 43
3 45 54
4 56 65
5 absent
6 absent
7 absent

Left
12 23 34 45 56 67x
21 32 43 54 65 76x
Best: 12 23 34 45 56: 5

Right
none
Best: none
