[category]
matching
[prompt]
In Alice's Wonderland, secret processing rules are used on text.

x: not matched anywhere
y: matched but wrong position

0 11111000 5
1 00001100 2
2 10000000 1
3 10101010 4
4 00000011 2
5 00101101 4
6 01100010 3
7 00011111 5

01 11011001 5
12 01111111 7
23 11111110 7
34 00010111 4
45 11111011 7
56 11101110 6
67 01111011 6
70 11110110 6

02 11111101 7
13 11111110 7
24 10011111 6
35 11110011 6
46 11111110 7
57 01101111 6
60 01111111 7
71 11010101 5

03 11111101 7
14 00111111 6
25 11111011 7
36 11110111 7
47 11111011 7
50 01101110 5
61 11011001 5
72 11110101 6

04 10011111 6
15 11111111 a
26 11111110 7
37 01111011 6
40 11111110 7
51 11001101 5
62 01111101 6
73 11111100 6

05 11111011 7
16 11111110 7
27 11111011 7
30 01110111 6
41 11111001 6
52 01101101 5
63 11111101 7
74 10010111 5

06 11111111 a
17 01111111 7
20 11111110 7
31 11010011 5
42 11111101 7
53 11101100 5
64 00011111 5 match 7
75 11110111 7

07 11111011 7
10 01111110 6
21 11011011 6
32 01110111 6
43 11111100 6
54 00001111 4
65 11111011 7
76 11110110 6
[completion]
0 absent
1 absent
2 absent
3 absent
4 absent
5 absent
6 absent
7 64

Left
none
Best: none

Right
64 53x
Best: 64: 1
