[category]
matching
[prompt]
In Alice's Wonderland, secret processing rules are used on text.

x: not matched anywhere
y: matched but wrong position

0 0000000 a
1 0000000 a
2 0000000 a
3 0001011 3
4 0000101 2
5 0000001 1
6 0100001 2
7 0001101 3

01 0001010 2
12 0000100 1
23 1000000 1
34 0100000 1
45 1001101 4
56 0100000 1
67 0000000 a match 0 1 2
70 1000000 1

02 0001110 3
13 0000000 a match 0 1 2
24 0100000 1
35 0001101 3 match 7
46 1000101 3
57 0100000 1
60 0000000 a match 0 1 2
71 1001010 3

03 0000010 1
14 0000000 a match 0 1 2
25 1000001 2
36 0100101 3
47 0000100 1
50 0100000 1
61 0001010 2
72 0001010 2

04 0000010 1
15 0000101 2 match 4
26 1100001 3
37 0100100 2
40 1000000 1
51 0100000 1
62 0001010 2
73 1000010 2

05 0001111 4
16 0000101 2 match 4
27 0100000 1
30 0100000 1
41 1001000 2
52 0000000 a match 0 1 2
63 0000010 1
74 0000010 1

06 0000101 2 match 4
17 0000100 1
20 1100000 2
31 0101000 2
42 0001100 2
53 0000000 a match 0 1 2
64 0000010 1
75 1001011 4

07 0000100 1
10 0000000 a match 0 1 2
21 1100000 2
32 0001100 2
43 1000000 1
54 0100000 1
65 0001010 2
76 1000001 2
[completion]
0 67 13 60 14 52 53 10
1 67 13 60 14 52 53 10
2 67 13 60 14 52 53 10
3 absent
4 15 16 06
5 absent
6 absent
7 35

Left
67 70x
13 24x
60 71x
14 25x
52 63x
53 64x
10 21x
Best: 67: 1

Right
35 24x
Best: 35: 1
