[category]
matching
[prompt]
In Alice's Wonderland, secret processing rules are used on text.

x: not matched anywhere
y: matched but wrong position

0 000001111 4
1 111101001 6
2 101001000 3
3 111011000 5
4 011111000 5
5 101001111 6
6 000100100 2
7 011111111 8

01 110110110 6
12 101101111 7
23 011011111 7
34 001001000 2
45 010010100 3
56 100111100 5
67 000001111 4 match 0
70 111101001 6 match 1

02 100100110 4
13 001001111 5
24 101101000 4
35 100100011 4
46 001010111 5
57 011001100 4
60 000011001 3
71 110100000 3

03 000000110 2
14 111111000 6
25 000000011 2
36 111100000 4
47 110100111 6
50 011011010 5
61 001010000 2
72 100110000 3

04 110110001 5
15 010010011 4
26 011000000 2
37 000010000 1
40 110110001 5
51 010010011 4
62 011000000 2
73 000010000 1

05 011011010 5
16 001010000 2
27 100110000 3
30 000000110 2
41 111111000 6
52 000000011 2
63 111100000 4
74 110100111 6

06 000011001 3
17 110100000 3
20 100100110 4
31 001001111 5
42 101101000 4
53 100100011 4
64 001010111 5
75 011001100 4

07 111101001 6 match 1
10 110110110 6
21 101101111 7
32 011011111 7
43 001001000 2
54 010010100 3
65 100111100 5
76 000001111 4 match 0
[completion]
0 67 76
1 70 07
2 absent
3 absent
4 absent
5 absent
6 absent
7 absent

Left
67 70 01x
76 07 10x
Best: 67 70: 2

Right
none
Best: none
