[category]
matching
[prompt]
In Alice's Wonderland, secret processing rules are used on text.

x: not matched anywhere
y: matched but wrong position

0 0101011111 7
1 0000000000 a
2 0000000000 a
3 0000000000 a
4 0000000000 a
5 0000000000 a
6 0110011111 7
7 1000011100 4

01 10 1110011111 8
12 21 1001011101 6
23 32 0101010111 6
34 43 0110110110 6
45 54 1111111100 8
56 65 1111111111 a
67 76 0111011111 8
70 07 0111011111 8

02 20 0111011111 8
13 31 1100011110 6
24 42 0111100101 6
35 53 1111111110 9
46 64 0110101111 7
57 75 1111111111 a
60 06 0110011111 7 match 6
71 17 1101011111 8

03 30 0110011111 7 match 6
14 41 1110111100 7
25 52 1111111101 9
36 63 0110011111 7 match 6
47 74 0111111111 9
50 05 1111111111 a
61 16 1110011111 8
72 27 0101011111 7 match 0

04 40 0110111111 8
15 51 1111111100 8
26 62 0111001111 7
37 73 0101011111 7 match 0
[completion]
0 72 27 37 73
1 absent
2 absent
3 absent
4 absent
5 absent
6 60 06 03 30 36 63
7 absent

Left
72 03y
27 30y
37 40x
73 04x
Best: 72: 1

Right
none
Best: none
