[category]
matching
[prompt]
In Alice's Wonderland, secret processing rules are used on text.

x: not matched anywhere
y: matched but wrong position

0 11100010 4
1 10101110 5
2 10000101 3
3 11001001 4
4 01100100 3
5 10101001 4
6 11001000 3
7 10110110 5

01 10110110 5 match 7
12 11011011 6
23 01111110 6
34 10110111 6
45 11011011 6
56 01110110 5
67 10111111 7
70 11001001 4 match 3

02 10111111 7
13 01111011 6
24 01110110 5
35 10011111 6
46 11011111 7
57 01110111 6
60 11101001 5
71 11111100 6

03 11111110 7
14 01111111 7
25 11111111 a
36 11010111 6
47 11111111 a
50 01101101 5
61 10111101 6
72 11011001 5

04 10110110 5 match 7
15 11011011 6
26 01110110 5
37 10110111 6
40 11001001 4 match 3
51 11110100 5
62 10111001 5
73 11111010 6

05 10111111 7
16 01011111 6
27 01110111 6
30 11001101 5
41 11111101 7
52 11111101 7
63 11111011 7
74 11111110 7

06 11110110 6
17 01111111 7
20 01101111 6
31 10110101 5
42 11011001 5
53 01111110 6
64 10111111 7
75 11011011 6

07 10110111 6
10 01001011 4
21 11110110 6
32 10011101 5
43 11111011 7
54 01110110 5
65 10111011 6
76 11011110 6
[completion]
0 absent
1 absent
2 absent
3 70 40
4 absent
5 absent
6 absent
7 01 04

Left
none
Best: none

Right
01 70y
04 73x
Best: 01: 1
