[category]
matching
[prompt]
In Alice's Wonderland, secret processing rules are used on text.

x: not matched anywhere
y: matched but wrong position

0 10011011 5
1 01110110 5
2 01000101 3
3 11100100 4
4 01011111 6
5 11111111 a
6 10110110 5
7 11111110 7

01 01011111 6 match 4
12 11111111 a match 5
23 11111001 6
34 10110110 5 match 6
45 11011011 6
56 01110111 6
67 11111111 a match 5
70 11101100 5

02 01011111 6 match 4
13 11111111 a match 5
24 10110110 5 match 6
35 11111110 7 match 7
46 11011011 6
57 01110111 6
60 11101101 6
71 11101100 5

03 01011111 6 match 4
14 10110111 6
25 11111010 6
36 11110110 6
47 11011011 6
50 11101101 6
61 11101101 6
72 11111111 a match 5

04 00110111 5
15 11111111 a match 5
26 11110010 5
37 11110111 7
40 11101001 5
51 01101101 5
62 11111111 a match 5
73 11111101 7

05 11011111 7
16 11110111 7
27 11110011 6
30 11101110 6
41 11001001 4
52 01111111 7
63 11111101 7
74 10111110 6

06 01010111 5
17 11110111 7
20 11101000 4
31 11101110 6
42 11011111 7
53 01111101 6
64 10111111 7
75 11111110 7 match 7

07 01010111 5
10 11111111 a match 5
21 11101000 4
32 11111111 a match 5
43 11011001 5
54 00110111 5
65 11111111 a match 5
76 11111110 7 match 7
[completion]
0 absent
1 absent
2 absent
3 absent
4 01 02 03
5 12 67 13 72 15 62 10 32 65
6 34 24
7 35 75 76

Left
none
Best: none

Right
35 24 13 02 71x
75 64x
76 65y
Best: 35 24 13 02: 4
