[category]
matching
[prompt]
In Alice's Wonderland, secret processing rules are used on text.

x: not matched anywhere
y: matched but wrong position

0 10110010 4
1 11010101 5
2 10000001 2
3 11010110 5
4 10000001 2
5 00010101 3
6 10110010 4
7 11010101 5

01 00000000 a
12 01001101 4
23 00100010 2
34 01010100 3
45 00000001 1
56 00010110 3
67 10000000 1
70 00000010 1

02 01001001 3
13 00001010 2
24 00110010 3
35 00000001 1
46 00000001 1
57 10010100 3
60 10000000 1
71 00000000 a

03 00001000 1
14 01011110 5
25 00100000 1
36 00010101 3 match 5
47 10000001 2 match 2 4
50 10010110 4
61 10000000 1
72 01001000 2

04 01001000 2
15 00001001 2
26 00110010 3
37 10010101 4
40 10000000 1
51 10000000 1
62 01001000 2
73 00001010 2

05 00001001 2
16 00010111 4
27 10110000 3
30 10010100 3
41 10000000 1
52 01000100 2
63 00001000 1
74 01001010 3

06 00000001 1
17 00010101 3 match 5
20 10110010 4 match 0 6
31 10000000 1
42 00000001 1
53 00000010 1
64 01001000 2
75 00001000 1

07 00000001 1
10 00010110 3
21 10100000 2
32 01000101 3
43 00000000 a
54 01010110 4
65 00001000 1
76 00000010 1
[completion]
0 20
1 absent
2 47
3 absent
4 47
5 36 17
6 20
7 absent

Left
20 31x
Best: 20: 1

Right
none
Best: none
