[category]
matching
[prompt]
In Alice's Wonderland, secret processing rules are used on text.

x: not matched anywhere
y: matched but wrong position

0 0100000 1
1 0000000 a
2 1000001 2
3 1001011 4
4 1110111 6
5 1011101 5
6 0001010 2
7 0111000 3

01 1010101 4
12 0000010 1
23 0010000 1
34 0101000 2
45 0000000 a match 1
56 0000000 a match 1
67 0001000 1
70 0100010 2

02 1000101 3
13 0000010 1
24 0111000 3 match 7
35 0101000 2
46 0000000 a match 1
57 0000000 a match 1
60 0000010 1
71 1110101 5

03 1010101 4
14 0001010 2 match 6
25 0111000 3 match 7
36 0100000 1 match 0
47 0000000 a match 1
50 0000000 a match 1
61 1000001 2 match 2
72 1000111 4

04 0011101 4
15 0001010 2 match 6
26 0110000 2
37 0001000 1
40 0000000 a match 1
51 1000001 2 match 2
62 1000011 3
73 1010111 5

05 0011100 3
16 0000000 a match 1
27 0001000 1
30 0100000 1 match 0
41 1000000 1
52 1000001 2 match 2
63 1000011 3
74 0110111 5

06 0010100 2
17 0001000 1
20 0100000 1 match 0
31 0100000 1 match 0
42 1000000 1
53 1000001 2 match 2
64 0001011 3
75 0110110 4

07 0001000 1
10 0000010 1
21 0110000 2
32 0000000 a match 1
43 1000000 1
54 0000001 1
65 0001010 2 match 6
76 0110100 3
[completion]
0 36 30 20 31
1 45 56 46 57 47 50 40 16 32
2 61 51 52 53
3 absent
4 absent
5 absent
6 14 15 65
7 24 25

Left
36 47 50y
30 41x
20 31y
31 42x
Best: 36 47: 2

Right
24 13x
25 14 03x
Best: 25 14: 2
