[category]
matching
[prompt]
In Alice's Wonderland, secret processing rules are used on text.

x: not matched anywhere
y: matched but wrong position

0 0010101 3
1 1101010 4
2 1110111 6
3 0000111 3
4 0001111 4
5 0010001 2
6 1111101 6
7 1111101 6

01 0000011 2
12 0010001 2 match 5
23 0010010 2
34 1111000 4
45 1101101 5
56 1100101 4
67 0011101 4
70 1101101 5

02 1101101 5
13 1111100 5
24 0010101 3 match 0
35 1101010 4 match 1
46 1110111 6 match 2
57 0000111 3 match 3
60 0001111 4 match 4
71 0010001 2 match 5

03 0000000 a
14 1111011 6
25 0000111 3 match 3
36 1110000 3
47 0010101 3 match 0
50 0010101 3 match 0
61 1110011 5
72 1111111 a

04 0000111 3 match 3
15 1101001 4
26 0011101 4
37 0010010 2
40 0000111 3 match 3
51 1101001 4
62 0011101 4
73 0010010 2

05 0010101 3 match 0
16 1110011 5
27 1111111 a
30 0000000 a
41 1111011 6
52 0000111 3 match 3
63 1110000 3
74 0010101 3 match 0

06 0001111 4 match 4
17 0010001 2 match 5
20 1101101 5
31 1111100 5
42 0010101 3 match 0
53 1101010 4 match 1
64 1110111 6 match 2
75 0000111 3 match 3

07 1101101 5
10 0000011 2
21 0010001 2 match 5
32 0010010 2
43 1111000 4
54 1101101 5
65 1100101 4
76 0011101 4
[completion]
0 24 47 50 05 74 42
1 35 53
2 46 64
3 57 25 04 40 52 75
4 60 06
5 12 71 17 21
6 absent
7 absent

Left
24 35 46 57 60 71 02x
47 50y
50 61x
05 16x
74 05y
42 53 64 75 06 17 20x
Best: 24 35 46 57 60 71: 6

Right
none
Best: none
