[category]
matching
[prompt]
In Alice's Wonderland, secret processing rules are used on text.

x: not matched anywhere
y: matched but wrong position

0 01001010 3
1 00010000 1
2 10100100 3
3 01000001 2
4 10010010 3
5 01010100 3
6 10100100 3
7 00100111 4

01 10000010 2
12 01010000 2
23 10000000 1
34 00100001 2
45 01001010 3 match 0
56 00010000 1 match 1
67 10100100 3 match 2 6
70 01000001 2 match 3

02 00010010 2
13 01010000 2
24 10100000 2
35 00100010 2
46 01011010 4
57 10010100 3
60 00100101 3
71 00000001 1

03 10010000 2
14 00000000 a
25 00100000 1
36 00000010 1
47 00011110 4
50 00000101 2
61 10100001 3
72 01000001 2 match 3

04 10000000 1
15 01000000 1
26 00000000 a
37 00100110 3
40 01001100 3
51 10000001 2
62 00000001 1
73 01000000 1

05 00000010 1
16 01010000 2
27 10100100 3 match 2 6
30 00100101 3
41 00001010 2
52 00010001 2
63 10000000 1
74 00000001 1

06 00010010 2
17 00010100 2
20 00100100 2
31 00100011 3
42 01011010 4
53 10010000 2
64 10100001 3
75 01000000 1

07 10010010 3 match 4
10 01000100 2
21 10100000 2
32 00000011 2
43 01011000 3
54 10000001 2
65 00100000 1
76 01000000 1
[completion]
0 45
1 56
2 67 27
3 70 72
4 07
5 absent
6 67 27
7 absent

Left
45 56 67 70 01x
Best: 45 56 67 70: 4

Right
none
Best: none
