[category]
matching
[prompt]
In Alice's Wonderland, secret processing rules are used on text.

x: not matched anywhere
y: matched but wrong position

0 00001101 3
1 00011101 4
2 01010000 2
3 01010000 2
4 00011000 2
5 00000000 a
6 00000000 a
7 00001000 1

01 00011010 3
12 10000100 2
23 01110010 4
34 10000000 1
45 00000000 a match 5 6
56 10101111 6
67 00000000 a match 5 6
70 11000101 4

02 00001000 1 match 7
13 01100000 2
24 01100010 3
35 00000000 a match 5 6
46 00001101 3 match 0
57 00100010 2
60 01000000 1
71 00011001 3

03 00010010 2
14 11100000 3
25 00000000 a match 5 6
36 10001101 4
47 00000000 a match 5 6
50 11100101 5
61 00010000 1
72 10001100 3

04 00000010 1
15 00000000 a match 5 6
26 00100011 3
37 00000000 a match 5 6
40 00000101 2
51 00011011 4
62 00000000 a match 5 6
73 01010000 2 match 2 3

05 00000000 a match 5 6
16 10100100 3
27 00100010 2
30 10000101 3
41 00011001 3
52 10001100 3
63 01010000 2 match 2 3
74 11000000 2

06 00001010 2
17 00100000 1
20 01100001 3
31 00001001 2
42 00001100 2
53 01110010 4
64 01000000 1
75 00000000 a match 5 6

07 00000010 1
10 11100100 4
21 00010011 3
32 10001100 3
43 00010000 1
54 11100010 4
65 00000000 a match 5 6
76 10001101 4
[completion]
0 46
1 absent
2 73 63
3 73 63
4 absent
5 45 67 35 25 47 15 37 62 05 75 65
6 45 67 35 25 47 15 37 62 05 75 65
7 02

Left
46 57x
Best: 46: 1

Right
02 71x
Best: 02: 1
