[category]
matching
[prompt]
In Alice's Wonderland, secret processing rules are used on text.

x: not matched anywhere
y: matched but wrong position

0 10100010 3
1 01010001 3
2 01101001 4
3 00000111 3
4 11101011 6
5 11010101 5
6 01011101 5
7 00101101 4

01 10000111 4
12 00100010 2
23 00010011 3
34 11000001 3
45 00111011 5
56 11100010 4
67 10111111 7
70 00010001 2

02 01011010 4
13 11001110 5
24 00101101 4 match 7
35 00000101 2
46 00100110 3
57 10100010 3 match 0
60 01010001 3 match 1
71 01101001 4 match 2

03 10110110 5
14 11110000 4
25 11101001 5
36 00011000 2
47 01100110 4
50 01001100 3
61 00101001 3
72 10110100 4

04 10001000 2
15 00110100 3
26 11110100 5
37 01011000 3
40 10001000 2
51 00110100 3
62 11110100 5
73 01011000 3

05 01001100 3
16 00101001 3
27 10110100 4
30 10110110 5
41 11110000 4
52 11101001 5
63 00011000 2
74 01100110 4

06 01010001 3 match 1
17 01101001 4 match 2
20 01011010 4
31 11001110 5
42 00101101 4 match 7
53 00000101 2
64 00100110 3
75 10100010 3 match 0

07 00010001 2
10 10000111 4
21 00100010 2
32 00010011 3
43 11000001 3
54 00111011 5
65 11100010 4
76 10111111 7
[completion]
0 57 75
1 60 06
2 71 17
3 absent
4 absent
5 absent
6 absent
7 24 42

Left
57 60 71 02x
75 06 17 20x
Best: 57 60 71: 3

Right
24 13x
42 31x
Best: 24: 1
