[category]
matching
[prompt]
In Alice's Wonderland, secret processing rules are used on text.

x: not matched anywhere
y: matched but wrong position

0 01100001 3
1 00010110 3
2 10000001 2
3 00000000 a
4 00000000 a
5 00000000 a
6 00000000 a
7 00000000 a

01 11111111 a
12 11001111 6
23 11111011 7
34 00110111 5
45 11011111 7
56 11101001 5
67 01111110 6
70 11100011 5

02 11011111 7
13 11101011 6
24 10110011 5
35 10011111 6
46 11001101 5
57 01111101 6
60 01110110 5
71 11111111 a

03 11111111 a
14 10110011 5
25 10111111 7
36 10011101 5
47 11011101 6
50 01100001 3 match 0
61 01111110 6
72 11101111 7

04 10111111 7
15 10011111 6
26 10111001 5
37 00011101 4
40 11101101 6
51 01111111 7
62 01111110 6
73 11101011 6

05 10011111 6
16 10001001 3
27 10111101 6
30 01110101 5
41 11111111 a
52 01101111 6
63 11111110 7
74 11110011 6

06 10011111 6
17 10011101 5
20 11110001 5
31 01111111 7
42 11001111 6
53 11101011 6
64 01110110 5
75 11111111 a

07 10011111 6
10 11100001 4
21 11111111 a
32 01011111 6
43 11101111 7
54 01110011 5
65 11111110 7
76 11101011 6
[completion]
0 50
1 absent
2 absent
3 absent
4 absent
5 absent
6 absent
7 absent

Left
50 61x
Best: 50: 1

Right
none
Best: none
