[category]
matching
[prompt]
In Alice's Wonderland, secret processing rules are used on text.

x: not matched anywhere
y: matched but wrong position

0 10111110 6
1 01101111 6
2 10010010 3
3 01100011 4
4 00001000 1
5 11111011 7
6 10000000 1
7 10001001 3

01 11110111 7
12 00001100 2
23 11111111 a
34 11110110 6
45 10111101 6
56 01000011 3
67 11111101 7
70 10011110 5

02 01100111 5
13 01111111 7
24 11111111 a
35 10111100 5
46 10001011 4
57 01101111 6 match 1
60 11111101 7
71 11110111 7

03 01111111 7
14 01111110 6
25 11111111 a
36 10000010 2
47 11101101 6
50 11011111 7
61 11111111 a
72 10010110 4

04 01110111 6
15 10111100 5
26 11111011 7 match 5
37 11101101 6
40 10011101 5
51 11110111 7
62 11111101 7
73 11111111 a

05 11111111 a
16 00001010 2
27 11111111 a
30 10011100 4
41 11111111 a
52 01000111 4
63 11111111 a
74 11110110 6

06 01100011 4 match 3
17 01101101 5
20 11111111 a
31 11110111 7
42 10001101 4
53 01111111 7
64 11111111 a
75 10111110 6 match 0

07 01101111 6 match 1
10 10011100 4
21 11111111 a
32 10000100 2
43 11111111 a
54 01110111 6
65 11111101 7
76 10010010 3 match 2
[completion]
0 75
1 57 07
2 76
3 06
4 absent
5 26
6 absent
7 absent

Left
75 06y
Best: 75: 1

Right
none
Best: none
