[category]
matching
[prompt]
In Alice's Wonderland, secret processing rules are used on text.

x: not matched anywhere
y: matched but wrong position

0 0010100 2
1 0011110 4
2 1101000 3
3 0000110 2
4 0010100 2
5 0011110 4
6 1101010 4
7 0101111 5

01 1110010 4
12 1111111 a
23 0111110 5
34 1100101 4
45 1011011 5
56 1110110 5
67 1101101 5
70 1011111 6

02 1110011 5
13 0111111 6
24 0101100 3
35 1011111 6
46 1011011 5
57 1101101 5
60 1111101 6
71 1110010 4

03 0111010 4
14 0101111 5 match 7
25 0011111 5
36 1010111 5
47 1111111 a
50 1111101 6
61 1111101 6
72 1110011 5

04 0100110 3
15 0011111 5
26 0011110 4 match 1 5
37 1101101 5
40 1011111 6
51 1110100 4
62 1111111 a
73 1111010 5

05 0111011 5
16 0011111 5
27 0101101 4
30 1011101 5
41 1111011 6
52 1110111 6
63 1111111 a
74 1110110 5

06 0110010 3
17 0101111 5 match 7
20 1011101 5
31 1110101 5
42 1111011 6
53 1111110 6
64 1101101 5
75 1011011 5

07 0101111 5 match 7
10 1011111 6
21 1111100 5
32 1110111 6
43 1111011 6
54 1100100 3
65 1111111 a
76 1010010 3
[completion]
0 absent
1 26
2 absent
3 absent
4 absent
5 26
6 absent
7 14 17 07

Left
none
Best: none

Right
14 03x
17 06x
07 76x
Best: 14: 1
