[category]
matching
[prompt]
In Alice's Wonderland, secret processing rules are used on text.

x: not matched anywhere
y: matched but wrong position

0 11111110 7
1 00001000 1
2 00000000 a
3 00000000 a
4 01011111 6
5 10011011 5
6 10110110 5
7 00010111 4

01 01000100 2
12 00001001 2
23 10100000 2
34 00010011 3
45 10001100 3
56 00000001 1
67 11110110 6
70 00000000 a match 2 3

02 01001001 3
13 10001000 2
24 00110010 3
35 00010100 2
46 00000000 a match 2 3
57 00000011 2
60 10100000 2
71 00000000 a match 2 3

03 01001000 2
14 00010011 3
25 10110100 4
36 00000001 1
47 10000100 2
50 00000000 a match 2 3
61 01100100 3
72 00001000 1 match 1

04 01010011 4
15 10011000 3
26 00000000 a match 2 3
37 00010111 4 match 7
40 10000000 1
51 00000000 a match 2 3
62 01001000 2
73 00001000 1 match 1

05 01011100 4
16 00000001 1
27 10110110 5 match 6
30 00000000 a match 2 3
41 00000100 1
52 00000001 1
63 11101000 4
74 00000000 a match 2 3

06 00000001 1
17 10010011 4
20 10100000 2
31 00000100 1
42 00001000 1 match 1
53 00000000 a match 2 3
64 01110010 4
75 00001000 1 match 1

07 01010111 5
10 10000000 1
21 00100100 2
32 00000001 1
43 10001000 2
54 00000011 2
65 11111100 6
76 00000000 a match 2 3
[completion]
0 absent
1 72 73 42 75
2 70 46 71 50 26 51 30 74 53 76
3 70 46 71 50 26 51 30 74 53 76
4 absent
5 absent
6 27
7 37

Left
none
Best: none

Right
37 26y
Best: 37: 1
