[category]
matching
[prompt]
In Alice's Wonderland, secret processing rules are used on text.

x: not matched anywhere
y: matched but wrong position

0 0101001 3
1 1001011 4
2 0000110 2
3 1111011 6
4 1110000 3
5 0001001 2
6 0101001 3
7 1001011 4

01 10 0101000 2
12 21 1101001 4
23 32 1111001 5
34 43 0100000 1
45 54 1100010 3
56 65 1111100 5
67 76 1010101 4
70 07 1010011 4

02 20 1000001 2
13 31 0010000 1
24 42 1011001 4
35 53 1000010 2
46 64 0011110 4
57 75 0101001 3 match 0 6
60 06 0000110 2 match 2
71 17 1111011 6 match 3

03 30 0111000 3
14 41 0110000 2
25 52 0111011 5
36 63 0111110 5
47 74 1001011 4 match 1 7
50 05 1111010 5
61 16 0101110 4
72 27 0010010 2

04 40 0011000 2
15 51 1010010 3
26 62 1000111 4
37 73 1101011 5
[completion]
0 57 75
1 47 74
2 60 06
3 71 17
4 absent
5 absent
6 57 75
7 47 74

Left
57 60y
75 06y
Best: 57: 1

Right
47 36x
74 63x
Best: 47: 1
