[category]
matching
[prompt]
In Alice's Wonderland, secret processing rules are used on text.

x: not matched anywhere
y: matched but wrong position

0 0000010 1
1 0000000 a
2 0000000 a
3 0000000 a
4 0000000 a
5 1000000 1
6 1110111 6
7 1001100 3

01 1001000 2
12 1110111 6 match 6
23 1011101 5
34 1100010 3
45 0011111 5
56 1101001 4
67 1111111 a
70 0111111 6

02 1110011 5
13 1111111 a
24 1101100 4
35 0110110 4
46 1111111 a
57 1111101 6
60 0111111 6
71 0001010 2

03 1011101 5
14 1110111 6 match 6
25 1011110 5
36 1101011 5
47 1111111 a
50 1111111 a
61 0011110 4
72 0110011 4

04 1100000 2
15 1110111 6 match 6
26 1101101 5
37 1111111 a
40 0111111 6
51 1101001 4
62 0110111 5
73 1011111 6

05 1010110 4
16 1111111 a
27 1111101 6
30 0111111 6
41 0011111 5
52 1111011 6
63 1011111 6
74 1100010 3

06 1101001 4
17 1111111 a
20 1111111 a
31 0101010 3
42 0111111 6
53 1111101 6
64 1110110 5
75 0010110 3

07 1111101 6
10 1111111 a
21 1001100 3 match 7
32 0110011 4
43 1011111 6
54 1101001 4
65 0010110 3
76 1101011 5
[completion]
0 absent
1 absent
2 absent
3 absent
4 absent
5 absent
6 12 14 15
7 21

Left
none
Best: none

Right
21 10x
Best: 21: 1
