[category]
matching
[prompt]
In Alice's Wonderland, secret processing rules are used on text.

x: not matched anywhere
y: matched but wrong position

0 1010000 2
1 0010010 2
2 1001011 4
3 1100100 3
4 0100100 2
5 1111001 5
6 0101110 4
7 1010101 4

01 0101110 4 match 6
12 1010101 4 match 7
23 0111111 6
34 1001001 3
45 1110110 5
56 1101111 6
67 0111111 6
70 1111011 6

02 1000110 3
13 1111111 a
24 0111111 6
35 1010000 2 match 0
46 1110110 5
57 1101111 6
60 1111011 6
71 1111011 6

03 0111111 6
14 1011101 5
25 0111111 6
36 1100100 3 match 3
47 1110110 5
50 1111111 a
61 0111011 5
72 1011011 5

04 0001111 4
15 1010101 4 match 7
26 1111111 a
37 1100100 3 match 3
40 1111111 a
51 1101111 6
62 1011011 5
73 1111111 a

05 0010110 3
16 1110101 5
27 0111111 6
30 1111001 5 match 5
41 1111110 6
52 1101111 6
63 0111111 6
74 1011011 5

06 1100110 4
17 1110101 5
20 1111111 a
31 1101010 4
42 1110110 5
53 1111111 a
64 0011011 4
75 1011011 5

07 0100110 3
10 1111101 6
21 0111111 6
32 1000000 1
43 1111111 a
54 1101111 6
65 0011011 4
76 1111111 a
[completion]
0 35
1 absent
2 absent
3 36 37
4 absent
5 30
6 01
7 12 15

Left
35 46x
Best: 35: 1

Right
12 01 70x
15 04x
Best: 12 01: 2
