[category]
matching
[prompt]
In Alice's Wonderland, secret processing rules are used on text.

x: not matched anywhere
y: matched but wrong position

0 0000101 2
1 0110010 3
2 1100101 4
3 1110100 4
4 0011110 4
5 1100101 4
6 0110010 3
7 1100101 4

01 10 1001111 5
12 21 0111000 3
23 32 0110111 5
34 43 1010111 5
45 54 1100011 4
56 65 0100101 3
67 76 1000011 3
70 07 0010010 2

02 20 1110111 6
13 31 0001111 4
24 42 1100000 2
35 53 0110100 3
46 64 1000110 3
57 75 1100110 4
60 06 1010001 3
71 17 1011101 5

03 30 1000000 1
14 41 1011000 3
25 52 0000011 2
36 63 0010001 2
47 74 0000101 2 match 0
50 05 1110100 4 match 3
61 16 0011110 4 match 4
72 27 1100101 4 match 2 5 7

04 40 0010111 4
15 51 0111011 5
26 62 0100110 3
37 73 1010010 3
[completion]
0 47 74
1 absent
2 72 27
3 50 05
4 61 16
5 72 27
6 absent
7 72 27

Left
47 50y
74 05y
Best: 47: 1

Right
72 61y
27 16y
Best: 72: 1
