[category]
matching
[prompt]
In Alice's Wonderland, secret processing rules are used on text.

x: not matched anywhere
y: matched but wrong position

0 0111111 6
1 1101010 4
2 1100010 3
3 0100100 2
4 0000000 a
5 0000000 a
6 0000000 a
7 0000000 a

01 1100011 4
12 1011110 5
23 0110111 5
34 1001101 4
45 0111111 6 match 0
56 1111111 a
67 1111011 6
70 1111100 5

02 1001011 4
13 0111110 5
24 1110111 6
35 1011101 5
46 0111111 6 match 0
57 1111011 6
60 1111110 6
71 1100101 4

03 0110011 4
14 1011110 5
25 0110111 5
36 1011101 5
47 1111111 a
50 1111110 6
61 1100011 4
72 1101100 4

04 1000011 3
15 0011111 5
26 0111111 6 match 0
37 1011111 6
40 1111111 a
51 1101011 5
62 1101010 4 match 1
73 0110110 4

05 0010111 4
16 0011111 5
27 1111111 a
30 1111101 6
41 1111111 a
52 1101010 4 match 1
63 1110010 4
74 1100100 3

06 0011111 5
17 1011111 6
20 1111111 a
31 1101101 5
42 1111111 a
53 1111010 5
64 1100010 3 match 2
75 0110101 4

07 1011011 5
10 1111110 6
21 1110111 6
32 1001101 4
43 0111111 6 match 0
54 1101010 4 match 1
65 1110111 6
76 0111101 5
[completion]
0 45 46 26 43
1 62 52 54
2 64
3 absent
4 absent
5 absent
6 absent
7 absent

Left
45 56x
46 57x
26 37x
43 54 65x
Best: 43 54: 2

Right
none
Best: none
