[category]
matching
[prompt]
In Alice's Wonderland, secret processing rules are used on text.

x: not matched anywhere
y: matched but wrong position

0 0011100 3
1 1100110 4
2 0011001 3
3 1111000 4
4 1111101 6
5 1011000 3
6 0011101 4
7 1111110 6

01 1101010 4
12 1111111 a
23 1111011 6
34 0011101 4 match 6
45 1100110 4 match 1
56 0011111 5
67 1111010 5
70 1110111 6

02 1101111 6
13 1111111 a
24 0011001 3 match 2
35 1111110 6 match 7
46 1100111 5
57 0011011 4
60 1111111 a
71 1100111 5

03 1101011 5
14 0011101 4 match 6
25 1111110 6 match 7
36 0011111 5
47 1111110 6 match 7
50 0111111 6
61 1111010 5
72 1100111 5

04 1011001 4
15 1111111 a
26 0011111 5
37 0011110 4
40 1110111 6
51 1111011 6
62 1111111 a
73 1100111 5

05 1101110 5
16 0011111 5
27 0011010 3
30 0111111 6
41 1100110 4 match 1
52 1111111 a
63 1111011 6
74 1111101 6 match 4

06 1001111 5
17 0011111 5
20 0111111 6
31 1111110 6 match 7
42 1100111 5
53 1111011 6
64 1111001 5
75 1100111 5

07 1011010 4
10 0111111 6
21 1111010 5
32 1111111 a
43 1100111 5
54 0011001 3 match 2
65 1111110 6 match 7
76 1100111 5
[completion]
0 absent
1 45 41
2 24 54
3 absent
4 74
5 absent
6 34 14
7 35 25 47 31 65

Left
none
Best: none

Right
35 24y
25 14 03x
47 36x
31 20x
65 54y
Best: 25 14: 2
