[category]
matching
[prompt]
In Alice's Wonderland, secret processing rules are used on text.

x: not matched anywhere
y: matched but wrong position

0 0100011 3
1 1001100 3
2 0111011 5
3 1111111 a
4 1010010 3
5 1111111 a
6 1011111 6
7 0111110 5

01 1111010 5
12 1111111 a match 3 5
23 1011111 6 match 6
34 0111110 5 match 7
45 1100001 3
56 1111111 a match 3 5
67 1010111 5
70 0111111 6

02 1111111 a match 3 5
13 1011111 6 match 6
24 1011110 5
35 0100011 3 match 0
46 1101101 5
57 1111111 a match 3 5
60 1111111 a match 3 5
71 0111010 4

03 1011111 6 match 6
14 1011111 6 match 6
25 1010011 4
36 0101111 5
47 1100101 4
50 1111111 a match 3 5
61 1111010 5
72 0111111 6

04 1011110 5
15 1010111 5
26 1111111 a match 3 5
37 1100111 5
40 1101101 5
51 1111110 6
62 1111111 a match 3 5
73 1111111 a match 3 5

05 1010011 4
16 1111111 a match 3 5
27 1010111 5
30 0101111 5
41 1101001 4
52 1111111 a match 3 5
63 1011111 6 match 6
74 0111110 5 match 7

06 1111111 a match 3 5
17 1010111 5
20 1111111 a match 3 5
31 0101010 3
42 1101101 5
53 1111111 a match 3 5
64 1011110 5
75 0111011 5 match 2

07 1010111 5
10 1111111 a match 3 5
21 1111010 5
32 0101111 5
43 1111101 6
54 1111110 6
65 1010011 4
76 0111111 6
[completion]
0 35
1 absent
2 75
3 12 56 02 57 60 50 26 62 73 16 52 06 20 53 10
4 absent
5 12 56 02 57 60 50 26 62 73 16 52 06 20 53 10
6 23 13 03 14 63
7 34 74

Left
35 46x
Best: 35: 1

Right
34 23 12 01x
74 63 52 41x
Best: 34 23 12: 3
