[category]
matching
[prompt]
In Alice's Wonderland, secret processing rules are used on text.

x: not matched anywhere
y: matched but wrong position

0 10100011 4
1 00000001 1
2 00100000 1
3 11101101 6
4 01110011 5
5 01110000 3
6 11110100 5
7 01100010 3

01 00000000 a
12 10010100 3
23 01000000 1
34 10100010 3
45 00000001 1 match 1
56 00000000 a
67 10001100 3
70 00000011 2

02 00010000 1
13 01010100 3
24 01100010 3 match 7
35 10000011 3
46 00000000 a
57 00000000 a
60 10001101 4
71 00000011 2

03 01010000 2
14 11110100 5 match 6
25 01000010 2
36 00000010 1
47 00000000 a
50 00000000 a
61 00001001 2
72 00010001 2

04 01110000 3 match 5
15 11010100 4
26 00000010 1
37 10000000 1
40 00000001 1 match 1
51 00000000 a
62 10001101 4
73 01010000 2

05 01010000 2
16 00010000 1
27 00000000 a
30 10000011 3
41 00000001 1 match 1
52 00000000 a
63 01001100 3
74 01110010 4

06 00010000 1
17 10000100 2
20 00000010 1
31 00000011 2
42 00000001 1 match 1
53 00000000 a
64 11101100 5
75 01010011 4

07 00000000 a
10 10000100 2
21 00000010 1
32 10000001 2
43 00000000 a
54 00100000 1 match 2
65 11001101 5
76 00010010 2
[completion]
0 absent
1 45 40 41 42
2 54
3 absent
4 absent
5 04
6 14
7 24

Left
none
Best: none

Right
24 13x
Best: 24: 1
