[category]
matching
[prompt]
In Alice's Wonderland, secret processing rules are used on text.

x: not matched anywhere
y: matched but wrong position

0 11110111 7
1 00010010 2
2 01111101 6
3 10010111 5
4 10110101 5
5 11110001 5
6 11111110 7
7 11111111 a

01 11001111 6
12 10111111 7
23 01100001 3
34 10111110 6
45 11111111 a match 7
56 10010010 3
67 01111101 6 match 2
70 11111111 a match 7

02 10011111 6
13 11110001 5 match 5
24 01101000 3
35 11111111 a match 7
46 11110111 7 match 0
57 01111010 5
60 01111111 7
71 11011111 7

03 11000101 4
14 10111001 5
25 11101101 6
36 10111110 6
47 11111111 a match 7
50 01111010 5
61 01111111 7
72 10011111 6

04 10001101 4
15 11111101 7
26 11100010 4
37 11111110 7 match 6
40 11111111 a match 7
51 01011110 5
62 11111111 a match 7
73 11010111 6

05 11101101 6
16 10110011 5
27 01101000 3
30 11111110 7 match 6
41 11111111 a match 7
52 10011111 6
63 01111101 6 match 2
74 10011111 6

06 10000111 4
17 11111001 6
20 01111010 5
31 11111110 7 match 6
42 11111111 a match 7
53 01010011 4
64 01111101 6 match 2
75 11111111 a match 7

07 11101101 6
10 11111011 7
21 01101110 5
32 10111111 7
43 11110111 7 match 0
54 00011010 3
65 11111101 7
76 10010111 5 match 3
[completion]
0 46 43
1 absent
2 67 63 64
3 76
4 absent
5 13
6 37 30 31
7 45 70 35 47 40 62 41 42 75

Left
46 57x
43 54x
Best: 46: 1

Right
45 34x
70 67y
35 24x
47 36x
40 37 26x
62 51x
41 30 27x
42 31 20x
75 64y
Best: 40 37: 2
