[category]
matching
[prompt]
In Alice's Wonderland, secret processing rules are used on text.

x: not matched anywhere
y: matched but wrong position

0 111111111 a
1 110011111 7
2 100101001 4
3 100011000 3
4 000010011 3
5 110000101 4
6 110110010 5
7 111101000 5

01 101101001 5
12 111011110 7
23 011110111 7
34 111101101 7
45 111111010 7
56 111001101 6
67 001110111 6
70 110111111 8

02 101111000 5
13 011010111 6
24 111100111 7
35 111111110 8
46 111111010 7
57 001001111 5
60 110111111 8
71 110111101 7

03 001110011 5
14 111010111 7
25 111110111 8
36 111101100 6
47 001111010 5
50 111011111 8
61 100111111 7
72 110111101 7

04 111100101 6
15 111110110 7
26 111101111 8
37 111101110 7
40 111111111 a match 0
51 101101101 6
62 100111111 7
73 110111111 8

05 111110010 6
16 111011110 7
27 011100111 6
30 111111111 a match 0
41 101111011 7
52 101011101 6
63 000110111 5
74 110111101 7

06 111101000 5 match 7
17 011010110 5
20 111111111 a match 0
31 111101101 7
42 101111010 6
53 001011111 6
64 110110111 7
75 110111111 8

07 001100010 3
10 111011111 8
21 111101111 8
32 111111100 7
43 001111011 6
54 111001101 6
65 110110111 7
76 111111101 8
[completion]
0 40 30 20
1 absent
2 absent
3 absent
4 absent
5 absent
6 absent
7 06

Left
40 51x
30 41x
20 31x
Best: 40: 1

Right
06 75x
Best: 06: 1
