[category]
matching
[prompt]
In Alice's Wonderland, secret processing rules are used on text.

x: not matched anywhere
y: matched but wrong position

0 1101110 5
1 0000000 a
2 1100000 2
3 1001000 2
4 0010000 1
5 0101010 3
6 1101010 4
7 0111010 4

01 10 1101000 3
12 21 1011000 3
23 32 0111010 4 match 7
34 43 1101010 4 match 6
45 54 1111010 5
56 65 0111010 4 match 7
67 76 1111110 6
70 07 1101110 5 match 0

02 20 1110000 3
13 31 1101010 4 match 6
24 42 1111010 5
35 53 0111010 4 match 7
46 64 1111010 5
57 75 1111110 6
60 06 1111000 4
71 17 1101110 5 match 0

03 30 1101010 4 match 6
14 41 1101010 4 match 6
25 52 0111010 4 match 7
36 63 0111010 4 match 7
47 74 1101110 5 match 0
50 05 1111010 5
61 16 1111000 4
72 27 1111110 6

04 40 1101010 4 match 6
15 51 1111010 5
26 62 0111000 3
37 73 1101110 5 match 0
[completion]
0 70 07 71 17 47 74 37 73
1 absent
2 absent
3 absent
4 absent
5 absent
6 34 43 13 31 03 30 14 41 04 40
7 23 32 56 65 35 53 25 52 36 63

Left
70 01x
07 10x
71 02x
17 20x
47 50x
74 05x
37 40y
73 04y
Best: 70: 1

Right
23 12x
32 21x
56 45x
65 54x
35 24x
53 42x
25 14 03y
52 41 30y
36 25y
63 52y
Best: 25 14: 2
