[category]
matching
[prompt]
In Alice's Wonderland, secret processing rules are used on text.

x: not matched anywhere
y: matched but wrong position

0 0010001 2
1 0000000 a
2 0000000 a
3 0000000 a
4 0000000 a
5 0000000 a
6 0000000 a
7 0000000 a

01 0010010 2
12 0000101 2
23 1011000 3
34 0100010 2
45 0010001 2 match 0
56 0000100 1
67 0101010 3
70 0000001 1

02 0000000 a match 1 2 3 4 5 6 7
13 1000001 2
24 1101010 4
35 0100000 1
46 0010101 3
57 0000110 2
60 0101000 2
71 0010000 1

03 1010000 2
14 1000000 1
25 0111000 3
36 0000100 1
47 0000100 1
50 0000100 1
61 0101010 3
72 0000001 1

04 1000010 2
15 0000001 1
26 0010000 1
37 0100110 3
40 0000101 2
51 0000010 1
62 0000000 a match 1 2 3 4 5 6 7
73 1010001 3

05 0010000 1
16 0000101 2
27 0101010 3
30 0100100 2
41 0010000 1
52 0000100 1
63 1001000 2
74 1000000 1

06 0010000 1
17 0000100 1
20 0101000 2
31 0100010 2
42 0000101 2
53 1000000 1
64 1101010 4
75 0010001 2 match 0

07 0000010 1
10 0000101 2
21 0111010 4
32 0000100 1
43 0010001 2 match 0
54 1000010 2
65 0101000 2
76 0010001 2 match 0
[completion]
0 45 75 43 76
1 02 62
2 02 62
3 02 62
4 02 62
5 02 62
6 02 62
7 02 62

Left
45 56x
75 06x
43 54x
76 07x
Best: 45: 1

Right
02 71x
62 51x
Best: 02: 1
