[category]
matching
[prompt]
In Alice's Wonderland, secret processing rules are used on text.

x: not matched anywhere
y: matched but wrong position

0 00101011 4
1 11100000 3
2 00010011 3
3 10010101 4
4 11101010 5
5 01010111 5
6 10110110 5
7 11111111 a

01 11101111 7
12 11111111 a match 7
23 01101011 5
34 10110100 4
45 11111111 a match 7
56 01011111 6
67 10101001 4
70 11110111 7

02 11111111 a match 7
13 11111011 7
24 10100011 4
35 10110110 5 match 6
46 01011111 6
57 01001001 3
60 11110101 6
71 11111111 a match 7

03 11101011 6
14 10110011 5
25 10110111 6
36 11111110 7
47 01011111 6
50 01011101 5
61 11101101 6
72 11111111 a match 7

04 10101011 5
15 10110111 6
26 01111111 7
37 10111100 5
40 01011111 6
51 01001101 4
62 11111101 7
73 11111111 a match 7

05 10111111 7
16 11111111 a match 7
27 00101011 4 match 0
30 11110100 5
41 01011111 6
52 11011101 6
63 11101011 6
74 11110111 7

06 11111111 a match 7
17 10111011 6
20 01110111 6
31 11111100 6
42 11011111 7
53 01001011 4
64 10100001 3
75 11110111 7

07 10101011 5
10 11110111 7
21 01101111 6
32 11111100 6
43 01011111 6
54 11101001 5
65 10110111 6
76 11111111 a match 7
[completion]
0 27
1 absent
2 absent
3 absent
4 absent
5 absent
6 35
7 12 45 02 71 72 73 16 06 76

Left
27 30x
Best: 27: 1

Right
12 01x
45 34x
02 71y
71 60x
72 61x
73 62x
16 05x
06 75x
76 65x
Best: 12: 1
