[category]
matching
[prompt]
In Alice's Wonderland, secret processing rules are used on text.

x: not matched anywhere
y: matched but wrong position

0 0010000100 2
1 0000000001 1
2 0100000100 2
3 0000000000 a
4 0000000000 a
5 0000000000 a
6 0010000000 1
7 0001000010 2

01 10 0010000000 1 match 6
12 21 0001000010 2 match 7
23 32 0000000110 2
34 43 0000000011 2
45 54 0000000000 a match 3 4 5
56 65 0000000100 1
67 76 1001000100 3
70 07 1000000100 2

02 20 1000001100 3
13 31 0010000010 2
24 42 0000000010 1
35 53 0010000100 2 match 0
46 64 0000000001 1 match 1
57 75 0100000100 2 match 2
60 06 1000000100 2
71 17 0001000000 1

03 30 0010000100 2 match 0
14 41 0000000010 1
25 52 0100010100 3
36 63 0000000101 2
47 74 0000000000 a match 3 4 5
50 05 0010000100 2 match 0
61 16 0001000000 1
72 27 1101000100 4

04 40 0000000000 a match 3 4 5
15 51 0010000000 1 match 6
26 62 1001000100 3
37 73 0000000100 1
[completion]
0 35 53 03 30 50 05
1 46 64
2 57 75
3 45 54 47 74 04 40
4 45 54 47 74 04 40
5 45 54 47 74 04 40
6 01 10 15 51
7 12 21

Left
35 46 57 60x
53 64 75 06x
03 14x
30 41x
50 61x
05 16x
Best: 35 46 57: 3

Right
12 01 70x
21 10 07x
Best: 12 01: 2
