[category]
matching
[prompt]
In Alice's Wonderland, secret processing rules are used on text.

x: not matched anywhere
y: matched but wrong position

0 01010000 2
1 11001010 4
2 11111011 7
3 01010001 3
4 00110000 2
5 11000110 4
6 01110010 4
7 11010111 6

01 10 11110110 6
12 21 11000110 4 match 5
23 32 11010111 6 match 7
34 43 11010111 6 match 7
45 54 11011010 5
56 65 11111011 7 match 2
67 76 11111011 7 match 2
70 07 01110001 4

02 20 01110010 4 match 6
13 31 11010111 6 match 7
24 42 01010010 3
35 53 11011111 7
46 64 11111011 7 match 2
57 75 11011011 6
60 06 11111011 7 match 2
71 17 11010111 6 match 7

03 30 10110111 6
14 41 11010110 5
25 52 11001010 4 match 1
36 63 11111111 a
47 74 01010001 3 match 3
50 05 11111010 6
61 16 11111111 a
72 27 01010011 4

04 40 01110000 3
15 51 11001110 5
26 62 11111011 7 match 2
37 73 11010111 6 match 7
[completion]
0 absent
1 25 52
2 56 65 67 76 46 64 60 06 26 62
3 47 74
4 absent
5 12 21
6 02 20
7 23 32 34 43 13 31 71 17 37 73

Left
none
Best: none

Right
23 12y
32 21y
34 23y
43 32y
13 02 71y
31 20 17y
71 60y
17 06y
37 26y
73 62y
Best: 13 02: 2
