[category]
matching
[prompt]
In Alice's Wonderland, secret processing rules are used on text.

x: not matched anywhere
y: matched but wrong position

0 111101011 7
1 100101101 5
2 010010010 3
3 101000011 4
4 001101110 5
5 011000111 5
6 111101111 8
7 101000011 4

01 10 011011101 6
12 21 011000110 4
23 32 010001001 3
34 43 100001100 3
45 54 111101011 7 match 0
56 65 000100000 1
67 76 000100100 2
70 07 001110001 4

02 20 000011011 4
13 31 001001111 5
24 42 110000101 4
35 53 011100111 6
46 64 111001011 6
57 75 000000100 1
60 06 001010101 4
71 17 010101100 4

03 30 010010010 3 match 2
14 41 101000011 4 match 3 7
25 52 001101110 5 match 4
36 63 011000111 5 match 5
47 74 111101111 8 match 6
50 05 001110101 5
61 16 010001000 2
72 27 001101010 4

04 40 110011110 6
15 51 010101000 3
26 62 001001110 4
37 73 011100011 5
[completion]
0 45 54
1 absent
2 03 30
3 14 41
4 25 52
5 36 63
6 47 74
7 14 41

Left
45 56x
54 65x
Best: 45: 1

Right
14 03y
41 30y
Best: 14: 1
