[category]
matching
[prompt]
In Alice's Wonderland, secret processing rules are used on text.

x: not matched anywhere
y: matched but wrong position

0 01110101 5
1 11100011 5
2 11101010 5
3 10001011 4
4 00111010 4
5 10011010 4
6 00011001 3
7 01011100 4

01 10 01110011 5
12 21 01001001 3
23 32 11010011 5
34 43 11001010 4
45 54 10010110 4
56 65 01011111 6
67 76 00010010 2
70 07 11111000 5

02 20 00111010 4 match 4
13 31 10011010 4 match 5
24 42 00011001 3 match 6
35 53 01011100 4 match 7
46 64 11001001 4
57 75 01001101 4
60 06 11101010 5 match 2
71 17 10001011 4 match 3

03 30 11101001 5
14 41 01010000 2
25 52 10001111 5
36 63 00000011 2
47 74 11011011 6
50 05 10110101 5
61 16 10011001 4
72 27 11000010 3

04 40 00100011 3
15 51 11000110 4
26 62 11010000 3
37 73 00010001 2
[completion]
0 absent
1 absent
2 60 06
3 71 17
4 02 20
5 13 31
6 24 42
7 35 53

Left
none
Best: none

Right
35 24 13 02 71 60 57x
53 42 31 20 17 06 75x
Best: 35 24 13 02 71 60: 6
