[category]
matching
[prompt]
In Alice's Wonderland, secret processing rules are used on text.

x: not matched anywhere
y: matched but wrong position

0 110110111 7
1 011101011 6
2 010011001 4
3 111110100 6
4 100110100 4
5 010001010 3
6 000110110 4
7 110110111 7

01 101011011 6
12 110110111 7 match 0 7
23 111101111 8
34 010011011 5
45 111111111 a
56 101110101 6
67 011011010 5
70 111101101 7

02 100010111 5
13 111110111 8
24 011101011 6 match 1
35 011011011 6
46 111110101 7
57 111111110 8
60 011101110 6
71 101101101 6

03 101110111 7
14 110111111 8
25 011101011 6 match 1
36 111111101 8
47 111111110 8
50 111111100 7
61 011001010 4
72 100110101 5

04 100011011 5
15 111111111 a
26 111111111 a
37 011011011 6
40 111111100 7
51 101111100 6
62 110011110 6
73 101100111 6

05 111011011 7
16 111110111 8
27 011111011 7
30 011111101 7
41 111111100 7
52 100110100 4 match 4
63 111101110 7
74 100101111 6

06 101110111 7
17 111111111 a
20 011101111 7
31 011011001 5
42 111110100 6 match 3
53 101110110 6
64 010001011 4
75 111101111 8

07 111011011 7
10 111111111 a
21 011101011 6 match 1
32 110011101 6
43 111110110 7
54 100111111 7
65 011001011 5
76 101110101 6
[completion]
0 12
1 24 25 21
2 absent
3 42
4 52
5 absent
6 absent
7 12

Left
12 23x
Best: 12: 1

Right
12 01x
Best: 12: 1
