[category]
matching
[prompt]
In Alice's Wonderland, secret processing rules are used on text.

x: not matched anywhere
y: matched but wrong position

0 11110010 5
1 00000000 a
2 00000000 a
3 00000000 a
4 00000000 a
5 10010010 3
6 01101011 5
7 00001010 2

01 10010000 2
12 01100001 3
23 00000010 1
34 01011000 3
45 10100011 4
56 00000100 1
67 00001000 1
70 01100000 2

02 10010000 2
13 00000011 2
24 00001000 1
35 11111000 5
46 00100101 3
57 00000100 1
60 00001000 1
71 10010000 2

03 00000010 1
14 01001000 2
25 00001010 2 match 7
36 01110000 3
47 00000101 2
50 00000100 1
61 10000000 1
72 11110000 4

04 00010000 1
15 01101011 5 match 6
26 00000000 a match 1 2 3 4
37 00001000 1
40 00100101 3
51 00000100 1
62 10000000 1
73 00000010 1

05 10010010 3 match 5
16 01100001 3
27 00001000 1
30 01101000 3
41 10000100 2
52 00000100 1
63 00000010 1
74 01010000 2

06 00010000 1
17 00001001 2
20 00001000 1
31 10010000 2
42 10100101 4
53 00000100 1
64 00001000 1
75 11110010 5 match 0

07 00000000 a match 1 2 3 4
10 01101001 4
21 00000000 a match 1 2 3 4
32 11110000 4
43 00000111 3
54 00000000 a match 1 2 3 4
65 10001010 3
76 01110000 3
[completion]
0 75
1 26 07 21 54
2 26 07 21 54
3 26 07 21 54
4 26 07 21 54
5 05
6 15
7 25

Left
75 06x
Best: 75: 1

Right
25 14x
Best: 25: 1
