[category]
matching
[prompt]
In Alice's Wonderland, secret processing rules are used on text.

x: not matched anywhere
y: matched but wrong position

0 01110010 4
1 11011110 6
2 01000101 3
3 10011111 6
4 01110010 4
5 10011110 5
6 01000001 2
7 00011010 3

01 10 01001100 3
12 21 10011101 5
23 32 11111111 a
34 43 11111110 7
45 54 11011111 7
56 65 01011011 5
67 76 00111010 4
70 07 01111000 4

02 20 11011101 6
13 31 01100110 4
24 42 10011111 6 match 3
35 53 01100011 4
46 64 10011110 5 match 5
57 75 01110001 4
60 06 01011010 4
71 17 00110100 3

03 30 01101010 4
14 41 10011110 5 match 5
25 52 11011101 6
36 63 01111010 5
47 74 10111110 6
50 05 01001001 3
61 16 00011110 4
72 27 10111101 6

04 40 11011110 6 match 1
15 51 01000101 3 match 2
26 62 10011111 6 match 3
37 73 01110010 4 match 0 4
[completion]
0 37 73
1 04 40
2 15 51
3 24 42 26 62
4 37 73
5 46 64 14 41
6 absent
7 absent

Left
37 40 51 62 73 04y
73 04 15 26 37 40y
Best: 37 40 51 62 73: 5

Right
none
Best: none
