[category]
matching
[prompt]
In Alice's Wonderland, secret processing rules are used on text.

x: not matched anywhere
y: matched but wrong position

0 11000010 3
1 10111111 7
2 10111011 6
3 10001100 3
4 01011001 4
5 01111111 7
6 01101001 4
7 11000010 3

01 11101001 5
12 01010100 3
23 00101110 4
34 11000010 3 match 0 7
45 10111111 7 match 1
56 10111011 6 match 2
67 10001100 3 match 3
70 11011001 5

02 01000010 2
13 10000101 3
24 00010011 3
35 10000010 2
46 11111011 7
57 11001000 3
60 10101010 4
71 11001111 6

03 10010011 4
14 10111000 4
25 01010011 4
36 11000110 4
47 10001000 2
50 11101110 6
61 10111100 5
72 01100100 3

04 10101110 5
15 11111000 5
26 00010111 4
37 10110101 5
40 10101110 5
51 11111000 5
62 00010111 4
73 10110101 5

05 11101110 6
16 10111100 5
27 01100100 3
30 10010011 4
41 10111000 4
52 01010011 4
63 11000110 4
74 10001000 2

06 10101010 4
17 11001111 6
20 01000010 2
31 10000101 3
42 00010011 3
53 10000010 2
64 11111011 7
75 11001000 3

07 11011001 5
10 11101001 5
21 01010100 3
32 00101110 4
43 11000010 3 match 0 7
54 10111111 7 match 1
65 10111011 6 match 2
76 10001100 3 match 3
[completion]
0 34 43
1 45 54
2 56 65
3 67 76
4 absent
5 absent
6 absent
7 34 43

Left
34 45 56 67 70x
43 54 65 76 07x
Best: 34 45 56 67: 4

Right
34 23x
43 32x
Best: 34: 1
