[category]
matching
[prompt]
In Alice's Wonderland, secret processing rules are used on text.

x: not matched anywhere
y: matched but wrong position

0 00000000 a
1 01101101 5
2 00011110 4
3 10000111 4
4 01011011 5
5 01001011 4
6 11100010 4
7 11110001 5

01 01100001 3
12 00011000 2
23 10000100 2
34 00010000 1
45 00001001 2
56 00000010 1
67 11000000 2
70 00010010 2

02 01101000 3
13 00000100 1
24 10000100 2
35 00011001 3
46 00001010 2
57 11000000 2
60 10010000 2
71 00100001 2

03 00100100 2
14 00010100 2
25 00000101 2
36 00001010 2
47 01000000 1
50 10000010 2
61 11100001 4
72 00111000 3

04 00100100 2
15 00011100 3
26 00000110 2
37 01000000 1
40 00000010 1
51 11100000 3
62 01110000 3
73 00100000 1

05 00001101 3
16 00001110 3
27 10000100 2
30 00010010 2
41 01000001 2
52 01100000 2
63 10100000 2
74 00110000 2

06 00001100 2
17 00000100 1
20 10000010 2
31 01000001 2
42 01001000 2
53 10100000 2
64 10110000 3
75 00011001 3

07 01000100 2
10 00010010 2
21 10000001 2
32 01011000 3
43 00000000 a match 0
54 10100000 2
65 00010001 2
76 00001010 2
[completion]
0 43
1 absent
2 absent
3 absent
4 absent
5 absent
6 absent
7 absent

Left
43 54x
Best: 43: 1

Right
none
Best: none
