[category]
matching
[prompt]
In Alice's Wonderland, secret processing rules are used on text.

x: not matched anywhere
y: matched but wrong position

0 11000010 3
1 00011110 4
2 11000000 2
3 11000101 4
4 01001001 3
5 01101111 6
6 11111111 a
7 11111111 a

01 01100111 5
12 11111101 7
23 10001111 5
34 11110001 5
45 11111111 a match 6 7
56 01111011 6
67 11111111 a match 6 7
70 10011000 3

02 01110111 6
13 11111111 a match 6 7
24 11001011 5
35 11110101 6
46 01111111 7
57 01111111 7
60 10111110 6
71 10010110 4

03 11101111 7
14 11111001 6
25 11001111 6
36 01111001 5
47 01111111 7
50 10111010 5
61 10110110 5
72 11110100 5

04 11100111 6
15 11111101 7
26 11001011 5
37 01111111 7
40 10111111 7
51 00111110 5
62 11110110 6
73 10011110 5

05 11100111 6
16 11111001 6
27 11101111 7
30 11111001 6
41 00111111 6
52 01111110 6
63 10111110 6
74 11010000 3

06 01101111 6 match 5
17 11111111 a match 6 7
20 10011011 5
31 01110111 6
42 01111111 7
53 10111110 6
64 11110110 6
75 11010101 5

07 01101111 6 match 5
10 11111001 6
21 10001111 5
32 01110101 5
43 10111111 7
54 11111010 6
65 11110111 7
76 11011001 5
[completion]
0 absent
1 absent
2 absent
3 absent
4 absent
5 06 07
6 45 67 13 17
7 45 67 13 17

Left
none
Best: none

Right
45 34x
67 56x
13 02x
17 06y
Best: 45: 1
