[category]
matching
[prompt]
In Alice's Wonderland, secret processing rules are used on text.

x: not matched anywhere
y: matched but wrong position

0 11001111 6
1 00000000 a
2 00000000 a
3 10101011 5
4 01001000 2
5 11111101 7
6 01100110 4
7 10011000 3

01 10111111 7
12 01001010 3
23 11111101 7 match 5
34 01100111 5
45 10111001 5
56 11011111 7
67 00110000 2
70 11011111 7

02 10101011 5 match 3
13 11011001 5
24 11111111 a
35 11110111 7
46 11011111 7
57 01111110 6
60 01110100 4
71 11111111 a

03 10111011 6
14 01101111 6
25 11111101 7 match 5
36 11111111 a
47 10111000 4
50 01011110 5
61 10110111 6
72 11001111 6 match 0

04 11101111 7
15 11111001 6
26 11111111 a
37 01110110 5
40 11011100 5
51 11111111 a
62 00100010 2
73 11011111 7

05 10111011 6
16 11011111 7
27 11111101 7 match 5
30 01110110 5
41 10111111 7
52 01001110 4
63 10111001 5
74 11101111 7

06 11111111 a
17 01111000 4
20 11111101 7 match 5
31 11110111 7
42 10011010 4
53 11011111 7
64 01100111 5
75 11111111 a

07 10111011 6
10 01011100 4
21 11111111 a
32 01100110 4 match 6
43 10011001 4
54 01101111 6
65 10110001 4
76 11011111 7
[completion]
0 72
1 absent
2 absent
3 02
4 absent
5 23 25 27 20
6 32
7 absent

Left
72 03x
Best: 72: 1

Right
none
Best: none
