[category]
matching
[prompt]
In Alice's Wonderland, secret processing rules are used on text.

x: not matched anywhere
y: matched but wrong position

0 10110000 3
1 00010000 1
2 00000000 a
3 00000000 a
4 00000000 a
5 00000000 a
6 00000000 a
7 00000000 a

01 11011110 6
12 01110111 6
23 10111111 7
34 11101011 6
45 10111111 7
56 01010101 4
67 11111110 7
70 10111101 6

02 11010110 5
13 01110111 6
24 11111011 7
35 11101111 7
46 11110101 6
57 01010110 4
60 10111111 7
71 10111101 6

03 11010111 6
14 01111011 6
25 10111111 7
36 11101101 6
47 11110110 6
50 01111101 6
61 10111110 6
72 11111101 7

04 11011011 6
15 11111111 a
26 11111111 a
37 11101110 6
40 10111101 6
51 11011100 5
62 11111110 7
73 10111111 7

05 11111111 a
16 01110111 6
27 11111111 a
30 11101101 6
41 10111100 5
52 01010100 3
63 10111111 7
74 11111011 7

06 11010111 6
17 01110111 6
20 10111111 7
31 11101100 5
42 11110100 5
53 01010111 5
64 11111011 7
75 10111111 7

07 11010110 5
10 01111111 7
21 10111111 7
32 11101100 5
43 10110111 6
54 01011011 5
65 10111111 7
76 11111101 7
[completion]
0 absent
1 absent
2 absent
3 absent
4 absent
5 absent
6 absent
7 absent

Left
none
Best: none

Right
none
Best: none
