[category]
matching
[prompt]
In Alice's Wonderland, secret processing rules are used on text.

x: not matched anywhere
y: matched but wrong position

0 00000000 a
1 00000000 a
2 00000000 a
3 00000000 a
4 00000000 a
5 00000000 a
6 00000000 a
7 10000000 1

01 00001001 2
12 00000000 a match 0 1 2 3 4 5 6
23 11000000 2
34 00010010 2
45 00100100 2
56 00011001 3
67 00000000 a match 0 1 2 3 4 5 6
70 00110110 4

02 00001001 2
13 11000000 2
24 01010010 3
35 00100010 2
46 00100000 1
57 00000001 1
60 00000110 2
71 00111100 4

03 10001001 3
14 01000010 2
25 01100010 3
36 00110000 2
47 00000000 a match 0 1 2 3 4 5 6
50 00010000 1
61 00000100 1
72 00001100 2

04 00001001 2
15 01000010 2
26 01110000 3
37 00000000 a match 0 1 2 3 4 5 6
40 00100100 2
51 00011001 3
62 00000100 1
73 10001100 3

05 00000000 a match 0 1 2 3 4 5 6
16 01000000 1
27 01000000 1
30 00110010 3
41 00100100 2
52 00001001 2
63 10000100 2
74 00011010 3

06 00001001 2
17 01000000 1
20 01110010 4
31 00110000 2
42 00000100 1
53 10001001 3
64 00000010 1
75 00100110 3

07 00000001 1
10 01000010 2
21 00110000 2
32 00000000 a match 0 1 2 3 4 5 6
43 10000100 2
54 00011001 3
65 00000110 2
76 00111000 3
[completion]
0 12 67 47 37 05 32
1 12 67 47 37 05 32
2 12 67 47 37 05 32
3 12 67 47 37 05 32
4 12 67 47 37 05 32
5 12 67 47 37 05 32
6 12 67 47 37 05 32
7 absent

Left
12 23x
67 70x
47 50x
37 40x
05 16x
32 43x
Best: 12: 1

Right
none
Best: none
