[category]
matching
[prompt]
In Alice's Wonderland, secret processing rules are used on text.

x: not matched anywhere
y: matched but wrong position

0 0011110 4
1 1101101 5
2 1101001 4
3 0101101 4
4 1011010 4
5 0010001 2
6 1011101 5
7 0011001 3

01 0110100 3
12 1101001 4 match 2
23 1110000 3
34 1101001 4 match 2
45 0001100 2
56 1111011 6
67 0111011 5
70 0001000 1

02 0100010 2
13 1100110 4
24 1100110 4
35 0011010 3
46 0001000 1
57 0111111 6
60 1001100 3
71 1000011 3

03 0101101 4 match 3
14 1110000 3
25 0010101 3
36 0011110 4 match 0
47 1001100 3
50 1001000 2
61 0000111 3
72 1010101 4

04 0111011 5
15 0000011 2
26 0010001 2 match 5
37 1011010 4 match 4
40 0111011 5
51 0000011 2
62 0010001 2 match 5
73 1011010 4 match 4

05 1001000 2
16 0000111 3
27 1010101 4
30 0101101 4 match 3
41 1110000 3
52 0010101 3
63 0011110 4 match 0
74 1001100 3

06 1001100 3
17 1000011 3
20 0100010 2
31 1100110 4
42 1100110 4
53 0011010 3
64 0001000 1
75 0111111 6

07 0001000 1
10 0110100 3
21 1101001 4 match 2
32 1110000 3
43 1101001 4 match 2
54 0001100 2
65 1111011 6
76 0111011 5
[completion]
0 36 63
1 absent
2 12 34 21 43
3 03 30
4 37 73
5 26 62
6 absent
7 absent

Left
36 47x
63 74x
Best: 36: 1

Right
none
Best: none
