[category]
matching
[prompt]
In Alice's Wonderland, secret processing rules are used on text.

x: not matched anywhere
y: matched but wrong position

0 10010111 5
1 00010101 3
2 00000000 a
3 11000011 4
4 00100000 1
5 01001010 3
6 01100011 4
7 00001001 2

01 11000011 4 match 3
12 00100000 1 match 4
23 00001000 1
34 01100010 3
45 00001000 1
56 01000000 1
67 10000010 2
70 00010100 2

02 10000001 2
13 00000000 a match 2
24 01000010 2
35 00100000 1 match 4
46 00001000 1
57 01000010 2
60 00010100 2
71 00010101 3 match 1

03 10000000 1
14 00100000 1 match 4
25 00001000 1
36 01100000 2
47 00001000 1
50 00010000 1
61 10010111 5 match 0
72 00010101 3 match 1

04 11000010 3
15 00100000 1 match 4
26 01001000 2
37 01100010 3
40 00001000 1
51 01010011 4
62 10010101 4
73 00010100 2

05 10000000 1
16 00100000 1 match 4
27 01001010 3 match 5
30 00100000 1 match 4
41 00001001 2 match 7
52 00010001 2
63 10010100 3
74 00010100 2

06 01000000 1
17 00100000 1 match 4
20 00001000 1
31 01000011 3
42 00000001 1
53 00010000 1
64 10010110 4
75 00000100 1

07 11000010 3
10 00100000 1 match 4
21 01001010 3 match 5
32 00100001 2
43 00001000 1
54 01010010 3
65 10000100 2
76 00000000 a match 2
[completion]
0 61
1 71 72
2 13 76
3 01
4 12 35 14 15 16 30 17 10
5 27 21
6 absent
7 41

Left
61 72 03x
Best: 61 72: 2

Right
41 30y
Best: 41: 1
