[category]
matching
[prompt]
In Alice's Wonderland, secret processing rules are used on text.

x: not matched anywhere
y: matched but wrong position

0 00000001 1
1 01010100 3
2 10001010 3
3 01100000 2
4 00011100 3
5 10001000 2
6 11110100 5
7 00111100 4

01 00001000 1
12 11000000 2
23 00101000 2
34 00000001 1 match 0
45 01010100 3 match 1
56 10001010 3 match 2
67 01100000 2 match 3
70 00010100 2

02 10000000 1
13 00100000 1
24 00000000 a
35 01010101 4
46 10011000 3
57 10100010 3
60 01100100 3
71 00001000 1

03 00001000 1
14 00000000 a
25 00010100 2
36 10010001 3
47 11100000 3
50 00100010 2
61 00000000 a
72 00000000 a

04 00000000 a
15 01010100 3 match 1
26 00011000 2
37 11000001 3
40 01110100 4
51 00001010 2
62 01000000 1
73 00001000 1

05 00000000 a
16 10010000 2
27 00100000 1
30 01010101 4
41 00001000 1
52 10000010 2
63 00100000 1
74 00000000 a

06 10001000 2 match 5
17 11100000 3
20 00110100 3
31 00000001 1 match 0
42 11000000 2
53 00101010 3
64 00000000 a
75 00010100 2

07 10000000 1
10 01110100 4
21 00001000 1
32 11000001 3
43 00101000 2
54 00000010 1
65 01000100 2
76 00011000 2
[completion]
0 34 31
1 45 15
2 56
3 67
4 absent
5 06
6 absent
7 absent

Left
34 45 56 67 70x
31 42x
Best: 34 45 56 67: 4

Right
none
Best: none
