[category]
matching
[prompt]
In Alice's Wonderland, secret processing rules are used on text.

x: not matched anywhere
y: matched but wrong position

0 1111111 a
1 1010011 4
2 1001100 3
3 1010011 4
4 1011100 4
5 1110111 6
6 0111101 5
7 1101110 5

01 1101100 4
12 0110110 4
23 1111111 a match 0
34 1010011 4 match 1 3
45 1001100 3 match 2
56 1010011 4 match 1 3
67 1011100 4 match 4
70 0110101 4

02 0100101 3
13 0110110 4
24 1010011 4 match 1 3
35 1100000 2
46 1100000 2
57 1110000 3
60 0010110 3
71 0100110 3

03 0100101 3
14 0011010 3
25 1100000 2
36 1001100 3 match 2
47 1000011 3
50 0111010 4
61 0000101 2
72 1101111 6

04 0001001 2
15 0101001 3
26 1001100 3 match 2
37 1101111 6
40 0001001 2
51 0101001 3
62 1001100 3 match 2
73 1101111 6

05 0111010 4
16 0000101 2
27 1101111 6
30 0100101 3
41 0011010 3
52 1100000 2
63 1001100 3 match 2
74 1000011 3

06 0010110 3
17 0100110 3
20 0100101 3
31 0110110 4
42 1010011 4 match 1 3
53 1100000 2
64 1100000 2
75 1110000 3

07 0110101 4
10 1101100 4
21 0110110 4
32 1111111 a match 0
43 1010011 4 match 1 3
54 1001100 3 match 2
65 1010011 4 match 1 3
76 1011100 4 match 4
[completion]
0 23 32
1 34 56 24 42 43 65
2 45 36 26 62 63 54
3 34 56 24 42 43 65
4 67 76
5 absent
6 absent
7 absent

Left
23 34 45 56 67 70x
32 43 54 65 76 07x
Best: 23 34 45 56 67: 5

Right
none
Best: none
