[category]
matching
[prompt]
In Alice's Wonderland, secret processing rules are used on text.

x: not matched anywhere
y: matched but wrong position

0 11111001 6
1 10001110 4
2 00000000 a
3 00000000 a
4 00000000 a
5 00000000 a
6 00001111 4
7 00111100 4

01 10 00101100 3
12 21 00000100 1
23 32 00000100 1
34 43 10010111 5
45 54 10011110 5
56 65 10111000 4
67 76 10001000 2
70 07 00001110 3

02 20 00000100 1
13 31 00110100 3
24 42 00000100 1
35 53 10110110 5
46 64 10011001 4
57 75 10001110 4 match 1
60 06 00101001 3
71 17 00001100 2

03 30 00100111 4
14 41 00011100 3
25 52 00000100 1
36 63 10110001 4
47 74 10001110 4 match 1
50 05 00101110 4
61 16 00111000 3
72 27 00000100 1

04 40 00001111 4 match 6
15 51 00111100 4 match 7
26 62 00000000 a match 2 3 4 5
37 73 10000110 3
[completion]
0 absent
1 57 75 47 74
2 26 62
3 26 62
4 26 62
5 26 62
6 04 40
7 15 51

Left
none
Best: none

Right
15 04 73x
51 40 37x
Best: 15 04: 2
