[category]
matching
[prompt]
In Alice's Wonderland, secret processing rules are used on text.

x: not matched anywhere
y: matched but wrong position

0 010000000 1
1 001010000 2
2 001001011 4
3 100111011 6
4 111011011 7
5 101100100 4
6 111001101 6
7 101100101 5

01 000010100 2
12 001000000 1
23 000100000 1
34 010011011 5
45 000100000 1
56 010001000 2
67 101100001 4
70 010000000 1 match 0

02 001000100 2
13 000000000 a
24 000011011 4
35 000010010 2
46 000000000 a
57 101001001 4
60 100100001 3
71 010000100 2

03 000000100 1
14 000001011 3
25 000110010 3
36 010011010 4
47 101100000 3
50 110001001 4
61 100100100 3
72 010000100 2

04 000010000 1
15 000000010 1
26 000011010 3
37 101011011 6
40 100100000 2
51 110000100 3
62 001000100 2
73 000000100 1

05 000010000 1
16 000001010 2
27 100111011 6 match 3
30 110001011 5
41 100100100 3
52 011000100 3
63 000100100 2
74 010000000 1 match 0

06 000010000 1
17 001001011 4 match 2
20 100101011 5
31 110010000 3
42 001000100 2
53 000000100 1
64 000000001 1
75 000000000 a

07 001010000 2 match 1
10 000001011 3
21 100110000 3
32 011000000 2
43 000100100 2
54 010001001 3
65 000100000 1
76 010000000 1 match 0
[completion]
0 70 74 76
1 07
2 17
3 27
4 absent
5 absent
6 absent
7 absent

Left
70 01x
74 05x
76 07 10x
Best: 76 07: 2

Right
none
Best: none
