[category]
matching
[prompt]
In Alice's Wonderland, secret processing rules are used on text.

x: not matched anywhere
y: matched but wrong position

0 1110011 5
1 0101000 2
2 0010111 4
3 0101010 3
4 0110000 2
5 0000000 a
6 0000000 a
7 1001001 3

01 0010010 2
12 0100010 2
23 1110101 5
34 0100100 2
45 1000000 1
56 1000010 2
67 1100101 4
70 0000110 2

02 1001111 5
13 0101000 2 match 1
24 0101110 4
35 0011011 4
46 1111101 6
57 1011000 3
60 0011100 3
71 1101011 5

03 1000101 3
14 1110011 5 match 0
25 0010001 2
36 0100110 3
47 1100111 5
50 0100001 2
61 1110001 4
72 0110110 4

04 0011110 4
15 1001100 3
26 0101100 3
37 0111100 4
40 0011110 4
51 1001100 3
62 0101100 3
73 0111100 4

05 0100001 2
16 1110001 4
27 0110110 4
30 1000101 3
41 1110011 5 match 0
52 0010001 2
63 0100110 3
74 1100111 5

06 0011100 3
17 1101011 5
20 1001111 5
31 0101000 2 match 1
42 0101110 4
53 0011011 4
64 1111101 6
75 1011000 3

07 0000110 2
10 0010010 2
21 0100010 2
32 1110101 5
43 0100100 2
54 1000000 1
65 1000010 2
76 1100101 4
[completion]
0 14 41
1 13 31
2 absent
3 absent
4 absent
5 absent
6 absent
7 absent

Left
14 25x
41 52x
Best: 14: 1

Right
none
Best: none
