[category]
matching
[prompt]
In Alice's Wonderland, secret processing rules are used on text.

x: not matched anywhere
y: matched but wrong position

0 0010011 3
1 0100100 2
2 0010010 2
3 1100111 5
4 0110111 5
5 1111011 6
6 1011100 4
7 0010000 1

01 1000100 2
12 0100000 1
23 0000011 2
34 1101100 4
45 0010010 2 match 2
56 0000001 1
67 0010100 2
70 0101000 2

02 0000000 a
13 0000011 2
24 1001100 3
35 1011000 3
46 0000001 1
57 0000100 1
60 0110000 2
71 1000000 1

03 0000011 2
14 0101000 2
25 1011010 4
36 1001000 2
47 0010000 1 match 7
50 0100000 1
61 0000100 1
72 0100000 1

04 1000100 2
15 0011010 3
26 1001001 3
37 0010100 2
40 0010000 1 match 7
51 0000100 1
62 0100000 1
73 0000011 2

05 1000010 2
16 0001001 2
27 0010100 2
30 0111000 3
41 0000000 a
52 0100000 1
63 0000010 1
74 1101000 3

06 1000001 2
17 0010000 1 match 7
20 0011000 2
31 1000100 2
42 0000000 a
53 0000001 1
64 0100100 2 match 1
75 1001010 3

07 0000100 1
10 0111000 3
21 1000100 2
32 0100000 1
43 0000011 2
54 0100100 2 match 1
65 0010010 2 match 2
76 1001001 3
[completion]
0 absent
1 64 54
2 45 65
3 absent
4 absent
5 absent
6 absent
7 47 40 17

Left
none
Best: none

Right
47 36x
40 37x
17 06x
Best: 47: 1
