[category]
matching
[prompt]
In Alice's Wonderland, secret processing rules are used on text.

x: not matched anywhere
y: matched but wrong position

0 1111100 5
1 1100101 4
2 1001110 4
3 1111010 5
4 1110111 6
5 0000011 2
6 0000000 a
7 0000000 a

01 1111111 a
12 0110111 5
23 1111110 6
34 1110101 5
45 1001111 5
56 1111010 5 match 3
67 1111111 a
70 1000011 3

02 0111111 6
13 0111110 5
24 1111101 6
35 1100101 4 match 1
46 1001110 4 match 2
57 1111110 6
60 1110111 6 match 4
71 1001011 4

03 0111110 5
14 0110101 4
25 1111101 6
36 1101101 5
47 1111110 6
50 1111011 6
61 1111111 a
72 0000011 2 match 5

04 0111111 6
15 0110101 4
26 1111100 5 match 0
37 1111101 6
40 1001111 5
51 1111011 6
62 1110111 6 match 4
73 0011011 4

05 0111111 6
16 0111100 4
27 1111100 5 match 0
30 1100101 4 match 1
41 1001111 5
52 1111011 6
63 1111111 a
74 0110011 4

06 0111110 5
17 1111100 5 match 0
20 1111101 6
31 1101111 6
42 1001111 5
53 1111010 5 match 3
64 1110111 6 match 4
75 0000111 3

07 1111110 6
10 1110101 5
21 1111111 a
32 1100111 5
43 1011110 5
54 1111011 6
65 1110111 6 match 4
76 0001011 3
[completion]
0 26 27 17
1 35 30
2 46
3 56 53
4 60 62 64 65
5 72
6 absent
7 absent

Left
26 37x
27 30 41x
17 20x
Best: 27 30: 2

Right
none
Best: none
