[category]
matching
[prompt]
In Alice's Wonderland, secret processing rules are used on text.

x: not matched anywhere
y: matched but wrong position

0 0110111011 7
1 0111011101 7
2 0110010110 5
3 0111010110 6
4 1010100000 3
5 1101110100 6
6 1010111010 6
7 1011101011 7

01 1101110101 7
12 1110111110 8
23 1011101111 8
34 1110111011 8
45 1111111101 9
56 1110111111 9
67 0111011111 8
70 1010101011 6

02 1101110100 6 match 5
13 1011111110 8
24 1011101011 7 match 7
35 1111111011 9
46 1111111101 9
57 0111011111 8
60 0111011111 8
71 1111100101 7

03 1101110100 6 match 5
14 1010111010 6 match 6
25 1011101011 7 match 7
36 1110111011 8
47 0111011111 8
50 0110011111 7
61 0111010111 7
72 1110110100 6

04 1101110110 7
15 1011111011 8
26 1011101011 7 match 7
37 0111111111 9
40 0111011111 8
51 0111010111 7
62 0111010110 6 match 3
73 1011100100 5

05 1101111101 8
16 1010111011 7
27 1111111111 a
30 0110111011 7 match 0
41 0111011101 7 match 1
52 0110010110 5 match 2
63 1111010110 7
74 1010100010 4

06 1101111101 8
17 1111111111 a
20 1011101011 7 match 7
31 0111111111 9
42 0111011101 7 match 1
53 1111010110 7
64 1111110110 8
75 1011101001 6

07 1101111111 9
10 1010111011 7
21 1111101111 9
32 0110111111 8
43 1111011101 8
54 1110110110 7
65 1111111111 a
76 1010101001 5
[completion]
0 30
1 41 42
2 52
3 62
4 absent
5 02 03
6 14
7 24 25 26 20

Left
30 41 52 63x
Best: 30 41 52: 3

Right
24 13x
25 14 03 72x
26 15x
20 17x
Best: 25 14 03: 3
