[category]
matching
[prompt]
In Alice's Wonderland, secret processing rules are used on text.

x: not matched anywhere
y: matched but wrong position

0 11000110 4
1 01011100 4
2 01011011 5
3 11110010 5
4 00101000 2
5 00000000 a
6 01011101 5
7 01100010 3

01 11000000 2
12 00010100 2
23 10110000 3
34 01100101 4
45 11111000 5
56 01010110 4
67 00100101 3
70 10001010 3

02 00101011 4
13 01011011 5 match 2
24 00101010 3
35 01100010 3 match 7
46 01010001 3
57 10001100 3
60 01010000 2
71 10110101 5

03 01100100 3
14 11000001 3
25 00101101 4
36 11001011 5
47 10001011 4
50 11111001 6
61 01101111 6
72 01011110 5

04 11111110 7
15 11000110 4 match 0
26 10000100 2
37 00010001 2
40 11111110 7
51 11000110 4 match 0
62 10000100 2
73 00010001 2

05 11111001 6
16 01101111 6
27 01011110 5
30 01100100 3
41 11000001 3
52 00101101 4
63 11001011 5
74 10001011 4

06 01010000 2
17 10110101 5
20 00101011 4
31 01011011 5 match 2
42 00101010 3
53 01100010 3 match 7
64 01010001 3
75 10001100 3

07 10001010 3
10 11000000 2
21 00010100 2
32 10110000 3
43 01100101 4
54 11111000 5
65 01010110 4
76 00100101 3
[completion]
0 15 51
1 absent
2 13 31
3 absent
4 absent
5 absent
6 absent
7 35 53

Left
15 26x
51 62x
Best: 15: 1

Right
35 24x
53 42x
Best: 35: 1
