[category]
matching
[prompt]
In Alice's Wonderland, secret processing rules are used on text.

x: not matched anywhere
y: matched but wrong position

0 01001111 5
1 00101001 3
2 10010001 3
3 01111010 5
4 11100100 4
5 01001101 4
6 00010000 1
7 01111010 5

01 01001101 4 match 5
12 00000000 a
23 00110000 2
34 01001111 5 match 0
45 00100000 1
56 10000001 2
67 00011010 3
70 10100000 2

02 00000101 2
13 00010000 1 match 6
24 01011010 4
35 01000110 3
46 00100000 1
57 00001001 2
60 00010010 2
71 11100100 4 match 4

03 00000000 a
14 00010000 1 match 6
25 01110010 4
36 01000101 3
47 00000000 a
50 10000000 1
61 00001010 2
72 10000100 2

04 01001101 4 match 5
15 00010000 1 match 6
26 01100000 2
37 00001011 3
40 00100000 1
51 10001001 3
62 00000000 a
73 10100000 2

05 01000100 2
16 00000000 a
27 00011010 3
30 00000010 1
41 00100000 1
52 10000001 2
63 00010000 1 match 6
74 11000100 3

06 01000101 3
17 00010000 1 match 6
20 00110010 3
31 01001111 5 match 0
42 00000000 a
53 10000000 1
64 00011010 3
75 01100100 3

07 00001001 2
10 00010000 1 match 6
21 01101010 4
32 00000101 2
43 00100000 1
54 10001001 3
65 00010010 2
76 11100100 4 match 4
[completion]
0 34 31
1 absent
2 absent
3 absent
4 71 76
5 01 04
6 13 14 15 63 17 10
7 absent

Left
34 45x
31 42x
Best: 34: 1

Right
none
Best: none
