[category]
matching
[prompt]
In Alice's Wonderland, secret processing rules are used on text.

x: not matched anywhere
y: matched but wrong position

0 0101100 3
1 1000000 1
2 1101001 4
3 1000101 3
4 1000110 3
5 1111110 6
6 0111110 5
7 1110110 5

01 10 1111110 6 match 5
12 21 1111000 4
23 32 1111111 a
34 43 1001111 5
45 54 1001111 5
56 65 1011111 6
67 76 1111001 5
70 07 1110111 6

02 20 1110110 5 match 7
13 31 1011111 6
24 42 1111011 6
35 53 1001111 5
46 64 1011011 5
57 75 1111111 a
60 06 1111111 a
71 17 1111001 5

03 30 1111111 a
14 41 1011011 5
25 52 1111111 a
36 63 1011111 6
47 74 0111011 5
50 05 1111111 a
61 16 1011001 4
72 27 1110001 4

04 40 1111111 a
15 51 1011111 6
26 62 1111001 5
37 73 1111111 a
[completion]
0 absent
1 absent
2 absent
3 absent
4 absent
5 01 10
6 absent
7 02 20

Left
none
Best: none

Right
02 71x
20 17x
Best: 02: 1
