[category]
matching
[prompt]
In Alice's Wonderland, secret processing rules are used on text.

x: not matched anywhere
y: matched but wrong position

0 00000010 1
1 10000000 1
2 10011000 3
3 10100000 2
4 00000010 1
5 10000000 1
6 10011000 3
7 10100000 2

01 00000000 a
12 00011010 3
23 01100000 2
34 00000110 2
45 00000001 1
56 00001100 2
67 10100000 2 match 3 7
70 00011010 3

02 00000000 a
13 00011000 2
24 01100100 3
35 00000011 2
46 00001001 2
57 10000100 2
60 00110010 3
71 00000000 a

03 00000000 a
14 00010010 2
25 01100001 3
36 00000101 2
47 10000001 2
50 00011100 3
61 00100000 1
72 00011010 3

04 00000000 a
15 00000011 2
26 01000101 3
37 10000101 3
40 00001001 2
51 00000100 1
62 00010010 2
73 00011000 2

05 00000000 a
16 00001001 2
27 11100101 5
30 00000111 3
41 00000000 a
52 00011000 2
63 00110000 2
74 00010010 2

06 00000000 a
17 10000001 2
20 01100101 4
31 00000100 1
42 00001000 1
53 00011000 2
64 00110010 3
75 00000010 1 match 0 4

07 10000000 1 match 1 5
10 00011011 4
21 01100100 3
32 00000010 1 match 0 4
43 00001000 1
54 00010100 2
65 00100010 2
76 00001000 1
[completion]
0 75 32
1 07
2 absent
3 67
4 75 32
5 07
6 absent
7 67

Left
75 06x
32 43x
Best: 75: 1

Right
67 56x
Best: 67: 1
