[category]
matching
[prompt]
In Alice's Wonderland, secret processing rules are used on text.

x: not matched anywhere
y: matched but wrong position

0 0000011101 4
1 0000010101 3
2 0101001010 4
3 0010111001 5
4 1010101010 5
5 1111001010 6
6 1110000010 4
7 1010100001 4

01 0000011001 3
12 0000100000 1
23 0101001010 4 match 2
34 0010000000 1
45 0101101000 4
56 1010010101 5
67 0100100010 3
70 1011000000 3

02 0000110001 3
13 0101000010 3
24 0010000010 2
35 0000100000 1
46 1000010101 4
57 0000000111 3
60 0101000010 3
71 0000011000 2

03 0000011000 2
14 0010000010 2
25 0101001000 3
36 1010000001 3
47 0100100101 4
50 1010000110 4
61 0000001000 1
72 0000010000 1

04 0000000000 a
15 0101100000 3
26 1010000000 2
37 0000100001 2
40 1101000100 4
51 0000010101 3 match 1
62 0000100000 1
73 0001011000 3

05 0000101000 2
16 1010000000 2
27 0100000010 2
30 1010000000 2
41 0000011101 4 match 0
52 0000010101 3 match 1
63 0101001010 4 match 2
74 0010000000 1

06 0000010001 2
17 0100100010 3
20 1111000010 5
31 0000000001 1
42 0000110101 4
53 0000010110 3
64 0000000010 1
75 0001001000 2

07 0000100001 2
10 1111000010 5
21 0000001000 1
32 0000100001 2
43 0101011100 5
54 0010000010 2
65 0101101000 4
76 1010010000 3
[completion]
0 41
1 51 52
2 23 63
3 absent
4 absent
5 absent
6 absent
7 absent

Left
41 52 63 74x
Best: 41 52 63: 3

Right
none
Best: none
