[category]
matching
[prompt]
In Alice's Wonderland, secret processing rules are used on text.

x: not matched anywhere
y: matched but wrong position

0 1111111 a
1 1111111 a
2 1111111 a
3 1111111 a
4 1111111 a
5 1111111 a
6 1110101 5
7 1011010 4

01 10 1111111 a match 0 1 2 3 4 5
12 21 1111111 a match 0 1 2 3 4 5
23 32 1101001 4
34 43 1111101 6
45 54 1111111 a match 0 1 2 3 4 5
56 65 1111111 a match 0 1 2 3 4 5
67 76 1110101 5 match 6
70 07 1111111 a match 0 1 2 3 4 5

02 20 1111111 a match 0 1 2 3 4 5
13 31 1111111 a match 0 1 2 3 4 5
24 42 1110101 5 match 6
35 53 1111011 6
46 64 1110101 5 match 6
57 75 1111010 5
60 06 1111111 a match 0 1 2 3 4 5
71 17 1111111 a match 0 1 2 3 4 5

03 30 1111111 a match 0 1 2 3 4 5
14 41 1111111 a match 0 1 2 3 4 5
25 52 1111011 6
36 63 1111101 6
47 74 1110101 5 match 6
50 05 1111111 a match 0 1 2 3 4 5
61 16 1111111 a match 0 1 2 3 4 5
72 27 1110001 4

04 40 1111111 a match 0 1 2 3 4 5
15 51 1111111 a match 0 1 2 3 4 5
26 62 1110101 5 match 6
37 73 1111001 5
[completion]
0 01 10 12 21 45 54 56 65 70 07 02 20 13 31 60 06 71 17 03 30 14 41 50 05 61 16 04 40 15 51
1 01 10 12 21 45 54 56 65 70 07 02 20 13 31 60 06 71 17 03 30 14 41 50 05 61 16 04 40 15 51
2 01 10 12 21 45 54 56 65 70 07 02 20 13 31 60 06 71 17 03 30 14 41 50 05 61 16 04 40 15 51
3 01 10 12 21 45 54 56 65 70 07 02 20 13 31 60 06 71 17 03 30 14 41 50 05 61 16 04 40 15 51
4 01 10 12 21 45 54 56 65 70 07 02 20 13 31 60 06 71 17 03 30 14 41 50 05 61 16 04 40 15 51
5 01 10 12 21 45 54 56 65 70 07 02 20 13 31 60 06 71 17 03 30 14 41 50 05 61 16 04 40 15 51
6 67 76 24 42 46 64 47 74 26 62
7 absent

Left
01 12 23x
10 21 32x
12 23x
21 32x
45 56 67y
54 65 76y
56 67y
65 76y
70 01 12 23x
07 10 21 32x
02 13 24y
20 31 42y
13 24y
31 42y
60 71 02 13 24y
06 17 20 31 42y
71 02 13 24y
17 20 31 42y
03 14 25x
30 41 52x
14 25x
41 52x
50 61 72x
05 16 27x
61 72x
16 27x
04 15 26y
40 51 62y
15 26y
51 62y
Best: 60 71 02 13: 4

Right
none
Best: none
