[category]
matching
[prompt]
In Alice's Wonderland, secret processing rules are used on text.

x: not matched anywhere
y: matched but wrong position

0 00000001 1
1 11000001 3
2 10001111 5
3 11000000 2
4 10101010 4
5 11001001 4
6 00011110 4
7 11111111 a

01 10110001 4
12 10110000 3
23 10010101 4
34 10011100 4
45 00101000 2
56 00011110 4 match 6
67 00000001 1 match 0
70 00111111 6

02 11111110 7
13 11011010 5
24 11110110 6
35 01001011 4
46 11001001 4 match 5
57 11100000 3
60 11000001 3 match 1
71 01110001 4

03 10010100 3
14 10111001 5
25 00100001 2
36 10101010 4 match 4
47 00110111 5
50 00100000 1
61 10001111 5 match 2
72 00111110 5

04 11110111 7
15 01101110 5
26 11000000 2 match 3
37 01010100 3
40 11110111 7
51 01101110 5
62 11000000 2 match 3
73 01010100 3

05 00100000 1
16 10001111 5 match 2
27 00111110 5
30 10010100 3
41 10111001 5
52 00100001 2
63 10101010 4 match 4
74 00110111 5

06 11000001 3 match 1
17 01110001 4
20 11111110 7
31 11011010 5
42 11110110 6
53 01001011 4
64 11001001 4 match 5
75 11100000 3

07 00111111 6
10 10110001 4
21 10110000 3
32 10010101 4
43 10011100 4
54 00101000 2
65 00011110 4 match 6
76 00000001 1 match 0
[completion]
0 67 76
1 60 06
2 61 16
3 26 62
4 36 63
5 46 64
6 56 65
7 absent

Left
67 70x
76 07x
Best: 67: 1

Right
none
Best: none
