[category]
matching
[prompt]
In Alice's Wonderland, secret processing rules are used on text.

x: not matched anywhere
y: matched but wrong position

0 11101110 6
1 10011011 5
2 10101111 6
3 11001110 5
4 11110011 6
5 00100100 2
6 00011010 3
7 00101101 4

01 00000000 a
12 10001000 2
23 01010011 4
34 00100100 2 match 5
45 00010010 2
56 00100001 2
67 01001110 4
70 00010001 2

02 10000000 1
13 10001010 3
24 01100001 3
35 00000000 a
46 00010000 1
57 00101100 3
60 01001100 3
71 00010001 2

03 10000010 2
14 10000000 1
25 01010010 3
36 00100000 1
47 00001010 2
50 00101101 4 match 7
61 01000100 2
72 10000000 1

04 10000000 1
15 10000010 2
26 00110001 3
37 00100100 2 match 5
40 00011000 2
51 00100101 3
62 10001100 3
73 10010001 3

05 10000010 2
16 00000000 a
27 01100010 3
30 00100100 2 match 5
41 00010000 1
52 00001100 2
63 11001010 4
74 10000001 2

06 00000000 a
17 00001010 2
20 01110001 4
31 00100100 2 match 5
42 00001000 1
53 00001001 2
64 11000100 3
75 10010000 2

07 00000010 1
10 00001000 1
21 01110001 4
32 00000100 1
43 00011010 3 match 6
54 00100101 3
65 11000010 3
76 00010001 2
[completion]
0 absent
1 absent
2 absent
3 absent
4 absent
5 34 37 30 31
6 43
7 50

Left
none
Best: none

Right
50 47x
Best: 50: 1
