[category]
matching
[prompt]
In Alice's Wonderland, secret processing rules are used on text.

x: not matched anywhere
y: matched but wrong position

0 0000000 a
1 0000100 1
2 0000100 1
3 1000010 2
4 0000000 a
5 0000100 1
6 0000100 1
7 1000010 2

01 0000100 1 match 1 2 5 6
12 1100010 3
23 0000000 a match 0 4
34 1001000 2
45 0000000 a match 0 4
56 1011110 5
67 0000000 a match 0 4
70 0000001 1

02 1100110 4
13 0100010 2
24 0001000 1
35 0000000 a match 0 4
46 0010100 2
57 1011000 3
60 0000001 1
71 0000101 2

03 0100010 2
14 1100010 3
25 0000000 a match 0 4
36 1011100 4
47 0010000 1
50 0011001 3
61 0000001 1
72 0100111 4

04 1100010 3
15 0100000 1
26 0011000 2
37 1011000 3
40 0010001 2
51 0011101 4
62 0100001 2
73 0100011 3

05 0100000 1
16 1000010 2 match 3 7
27 0011000 2
30 0011000 2
41 0010101 3
52 1000111 4
63 0100001 2
74 0100010 2

06 1000110 3
17 1000000 1
20 0011000 2
31 0011100 3
42 0000101 2
53 0000011 2
64 0100000 1
75 0100000 1

07 1000000 1
10 0000000 a match 0 4
21 0011000 2
32 1000100 2
43 0000001 1
54 1001010 3
65 0100000 1
76 0000110 2
[completion]
0 23 45 67 35 25 10
1 01
2 01
3 16
4 23 45 67 35 25 10
5 01
6 01
7 16

Left
23 34x
45 56x
67 70x
35 46x
25 36x
10 21x
Best: 23: 1

Right
16 05x
Best: 16: 1
