[category]
matching
[prompt]
In Alice's Wonderland, secret processing rules are used on text.

x: not matched anywhere
y: matched but wrong position

0 1111111 a
1 1100111 5
2 1101111 6
3 1111000 4
4 0100100 2
5 1101101 5
6 1100110 4
7 1100111 5

01 10 1111111 a match 0
12 21 1111111 a match 0
23 32 1101111 6 match 2
34 43 1111111 a match 0
45 54 1111100 5
56 65 0101100 3
67 76 0111101 5
70 07 1011001 4

02 20 1100111 5 match 1 7
13 31 1111111 a match 0
24 42 1111111 a match 0
35 53 1101111 6 match 2
46 64 1111100 5
57 75 0111101 5
60 06 1101101 5 match 5
71 17 1111111 a match 0

03 30 1101111 6 match 2
14 41 1111111 a match 0
25 52 1100111 5 match 1 7
36 63 1101111 6 match 2
47 74 1111001 5
50 05 1100101 4
61 16 1111111 a match 0
72 27 1111111 a match 0

04 40 1111001 5
15 51 1111111 a match 0
26 62 1101111 6 match 2
37 73 1111111 a match 0
[completion]
0 01 10 12 21 34 43 13 31 24 42 71 17 14 41 61 16 72 27 15 51 37 73
1 02 20 25 52
2 23 32 35 53 03 30 36 63 26 62
3 absent
4 absent
5 60 06
6 absent
7 02 20 25 52

Left
01 12y
10 21y
12 23y
21 32y
34 45x
43 54x
13 24y
31 42y
24 35y
42 53y
71 02 13y
17 20 31y
14 25 36 47x
41 52 63 74x
61 72y
16 27y
72 03y
27 30y
15 26y
51 62y
37 40x
73 04x
Best: 14 25 36: 3

Right
02 71y
20 17y
25 14y
52 41y
Best: 02: 1
