[category]
matching
[prompt]
In Alice's Wonderland, secret processing rules are used on text.

x: not matched anywhere
y: matched but wrong position

0 00000001 1
1 11000001 3
2 10001111 5
3 11000000 2
4 10101010 4
5 11001001 4
6 00011110 4
7 11111111 a

01 11110001 5
12 10111111 7
23 11010101 5
34 10111110 6
45 11101001 5
56 00011110 4 match 6
67 11111111 a match 7
70 00111111 6

02 11111111 a match 7
13 11011111 7
24 11110110 6
35 11101011 6
46 11001001 4 match 5
57 11111110 7
60 11111111 a match 7
71 01110001 4

03 11010101 5
14 10111111 7
25 11100001 4
36 10101010 4 match 4
47 11111111 a match 7
50 00111110 5
61 11111111 a match 7
72 00111111 6

04 11110111 7
15 11101111 7
26 11000000 2 match 3
37 11111110 7
40 11111111 a match 7
51 01111110 6
62 11111111 a match 7
73 01010101 4

05 11100001 4
16 10001111 5 match 2
27 11111110 7
30 10111110 6
41 11111001 6
52 00111111 6
63 11111111 a match 7
74 00110111 5

06 11000001 3 match 1
17 11111111 a match 7
20 11111110 7
31 11111010 6
42 11111111 a match 7
53 01011111 6
64 11111111 a match 7
75 11100001 4

07 11111111 a match 7
10 10111111 7
21 11110000 4
32 10111111 7
43 11011101 6
54 00111110 5
65 11111111 a match 7
76 00000001 1 match 0
[completion]
0 76
1 06
2 16
3 26
4 36
5 46
6 56
7 67 02 60 47 61 40 62 63 17 42 64 07 65

Left
76 07y
Best: 76: 1

Right
67 56 45x
02 71x
60 57x
47 36y
61 50x
40 37x
62 51x
63 52x
17 06y
42 31x
64 53x
07 76y
65 54x
Best: 67 56: 2
