[category]
matching
[prompt]
In Alice's Wonderland, secret processing rules are used on text.

x: not matched anywhere
y: matched but wrong position

0 10110101 5
1 10010101 4
2 10001100 3
3 11010100 4
4 00000111 3
5 10000001 2
6 11010111 6
7 10001100 3

01 01000000 1
12 00100000 1
23 00010001 2
34 00001000 1
45 00010000 1
56 11000010 3
67 00110100 3
70 00000010 1

02 01100000 2
13 00110001 3
24 00000001 1
35 00001000 1
46 11000000 2
57 10100100 3
60 00010100 2
71 01000010 2

03 01100001 3
14 00100001 2
25 00010001 2
36 10001000 2
47 10010100 3
50 00000110 2
61 00000000 a
72 01000010 2

04 00100001 2
15 00010001 2
26 10000001 2 match 5
37 10001100 3 match 2 7
40 00010100 2
51 01000010 2
62 00100000 1
73 01000010 2

05 00000001 1
16 10000001 2 match 5
27 10010101 4 match 1
30 00001100 2
41 01000000 1
52 01100010 3
63 00110000 2
74 00000010 1

06 11000001 3
17 10110101 5 match 0
20 00010100 2
31 00001000 1
42 01000000 1
53 01100010 3
64 00100000 1
75 00000000 a

07 10100001 3
10 00010100 2
21 00000000 a
32 00001000 1
43 01010000 2
54 00100010 2
65 00010000 1
76 01000010 2
[completion]
0 17
1 27
2 37
3 absent
4 absent
5 26 16
6 absent
7 37

Left
17 20x
Best: 17: 1

Right
37 26y
Best: 37: 1
