[category]
matching
[prompt]
In Alice's Wonderland, secret processing rules are used on text.

x: not matched anywhere
y: matched but wrong position

0 0101010 3
1 0101010 3
2 0001101 3
3 0010011 3
4 0111110 5
5 1011011 5
6 1111011 6
7 1101111 6

01 1011111 6
12 1110010 4
23 1111111 a
34 1111111 a
45 1111010 5
56 1101101 5
67 1010011 4
70 0111110 5 match 4

02 1011011 5 match 5
13 1110111 6
24 1111111 a
35 1111010 5
46 1101110 5
57 1001101 4
60 0110111 5
71 0111111 6

03 1011111 6
14 1110111 6
25 1111111 a
36 1101110 5
47 1101011 5
50 0101101 4
61 0011111 5
72 0111110 5 match 4

04 1011111 6
15 1110010 4
26 1101111 6 match 7
37 1101011 5
40 0101110 4
51 0011101 4
62 0010011 3 match 3
73 1111111 a

05 1111011 6 match 6
16 1101110 5
27 1101111 6 match 7
30 0101110 4
41 0111111 6
52 0011101 4
63 1010111 5
74 1111111 a

06 1111111 a
17 1100011 4
20 1101111 6 match 7
31 0111111 6
42 0111010 4
53 1011101 5
64 1010111 5
75 1111110 6

07 1011011 5 match 5
10 1100110 4
21 1111111 a
32 0111010 4
43 1111111 a
54 1011101 5
65 1110011 5
76 1111110 6
[completion]
0 absent
1 absent
2 absent
3 62
4 70 72
5 02 07
6 05
7 26 27 20

Left
none
Best: none

Right
26 15x
27 16x
20 17x
Best: 26: 1
