[category]
matching
[prompt]
In Alice's Wonderland, secret processing rules are used on text.

x: not matched anywhere
y: matched but wrong position

0 11111001 6
1 10100110 4
2 10111100 5
3 01111001 5
4 01101111 6
5 11001011 5
6 11111000 5
7 11111100 6

01 00110011 4
12 10110100 4
23 10110011 5
34 00001111 4
45 01000101 3
56 11101100 5
67 00010101 3
70 10000111 4

02 01111000 4
13 11111000 5 match 6
24 01000011 3
35 10110101 5
46 01010110 4
57 00000110 2
60 01101101 5
71 01001011 4

03 00110100 3
14 00001000 1
25 11111001 6 match 0
36 10100110 4 match 1
47 10111100 5 match 2
50 01111110 6
61 10100001 3
72 00000000 a

04 11000100 3
15 10110010 4
26 11101010 5
37 01001100 3
40 11000100 3
51 10110010 4
62 11101010 5
73 01001100 3

05 01111110 6
16 10100001 3
27 00000000 a
30 00110100 3
41 00001000 1
52 11111001 6 match 0
63 10100110 4 match 1
74 10111100 5 match 2

06 01101101 5
17 01001011 4
20 01111000 4
31 11111000 5 match 6
42 01000011 3
53 10110101 5
64 01010110 4
75 00000110 2

07 10000111 4
10 00110011 4
21 10110100 4
32 10110011 5
43 00001111 4
54 01000101 3
65 11101100 5
76 00010101 3
[completion]
0 25 52
1 36 63
2 47 74
3 absent
4 absent
5 absent
6 13 31
7 absent

Left
25 36 47 50x
52 63 74 05x
Best: 25 36 47: 3

Right
none
Best: none
