[category]
matching
[prompt]
In Alice's Wonderland, secret processing rules are used on text.

x: not matched anywhere
y: matched but wrong position

0 1010001 3
1 0100110 3
2 1001001 3
3 0000100 1
4 1100111 5
5 1001011 4
6 0100011 3
7 0000110 2

01 10 0100111 4
12 21 1110111 6
23 32 1110111 6
34 43 1101111 6
45 54 1001101 4
56 65 1101101 5
67 76 1101111 6
70 07 1101011 5

02 20 1110111 6
13 31 0100110 3 match 1
24 42 1111111 a
35 53 0100111 4
46 64 1101101 5
57 75 1001111 5
60 06 1101111 6
71 17 1001111 5

03 30 0100111 4
14 41 1001111 5
25 52 1110111 6
36 63 1101111 6
47 74 1001011 4 match 5
50 05 0100111 4
61 16 1101111 6
72 27 1111111 a

04 40 1101011 5
15 51 0000111 3
26 62 1111111 a
37 73 1101111 6
[completion]
0 absent
1 13 31
2 absent
3 absent
4 absent
5 47 74
6 absent
7 absent

Left
none
Best: none

Right
none
Best: none
