[category]
matching
[prompt]
In Alice's Wonderland, secret processing rules are used on text.

x: not matched anywhere
y: matched but wrong position

0 10000100 2
1 11101111 7
2 10111101 6
3 10111110 6
4 11111111 a
5 11011101 6
6 11101101 6
7 11011111 7

01 10 10011110 5
12 21 11110110 6
23 32 11111111 a match 4
34 43 10011101 5
45 54 11001111 6
56 65 11011111 7 match 7
67 76 10111110 6 match 3
70 07 10111110 6 match 3

02 20 11101110 6
13 31 10011111 6
24 42 11101111 7 match 1
35 53 11011111 7 match 7
46 64 10011111 6
57 75 11111111 a match 4
60 06 10011110 5
71 17 10111110 6 match 3

03 30 10011101 5
14 41 10011111 6
25 52 11101111 7 match 1
36 63 10011111 6
47 74 10111111 7
50 05 11001111 6
61 16 10011110 5
72 27 11111110 7

04 40 10001101 4
15 51 11011111 7 match 7
26 62 11111110 7
37 73 10111111 7
[completion]
0 absent
1 24 42 25 52
2 absent
3 67 76 70 07 71 17
4 23 32 57 75
5 absent
6 absent
7 56 65 35 53 15 51

Left
none
Best: none

Right
56 45x
65 54x
35 24y
53 42y
15 04x
51 40x
Best: 56: 1
