[category]
matching
[prompt]
In Alice's Wonderland, secret processing rules are used on text.

x: not matched anywhere
y: matched but wrong position

0 11111111 a
1 11111000 5
2 00001111 4
3 11010111 6
4 10111010 5
5 11111100 6
6 01010000 2
7 01111101 6

01 01111101 6 match 7
12 11010111 6 match 3
23 11111000 5 match 1
34 00101111 5
45 11010111 6 match 3
56 10111011 6
67 11111111 a match 0
70 11010010 4

02 01111111 7
13 11110111 7
24 11101000 4
35 01001111 5
46 11010111 6 match 3
57 10111111 7
60 11111110 7
71 01111000 4

03 11111101 7
14 11101111 7
25 11101101 6
36 00001111 4 match 2
47 11111111 a match 0
50 10111010 5 match 4
61 11111100 6 match 5
72 01010111 5

04 01111101 6 match 7
15 11000111 5
26 11101011 6
37 10101111 6
40 11010111 6 match 3
51 10111010 5 match 4
62 11111111 a match 0
73 11110000 4

05 01111101 6 match 7
16 11000111 5
27 11101111 7
30 10001111 5
41 11111111 a match 0
52 10111111 7
63 11111100 6 match 5
74 01111000 4

06 01111111 7
17 11101111 7
20 11101010 5
31 00111111 6
42 11010111 6 match 3
53 11111010 6
64 11111100 6 match 5
75 01010101 4

07 11111111 a match 0
10 11000111 5
21 11111000 5 match 1
32 00011111 5
43 11110111 7
54 10111010 5 match 4
65 11111101 7
76 01010011 4
[completion]
0 67 47 62 41 07
1 23 21
2 36
3 12 45 46 40 42
4 50 51 54
5 61 63 64
6 absent
7 01 04 05

Left
67 70x
47 50y
62 73x
41 52x
07 10x
Best: 67: 1

Right
01 70x
04 73x
05 74x
Best: 01: 1
