[category]
matching
[prompt]
In Alice's Wonderland, secret processing rules are used on text.

x: not matched anywhere
y: matched but wrong position

0 1001000 2
1 1000110 3
2 0001011 3
3 0111100 4
4 1000101 3
5 1111110 6
6 1101111 6
7 0110111 5

01 0001010 2
12 1100100 3
23 0000000 a
34 0101100 3
45 1000001 2
56 0110000 2
67 0001011 3 match 2
70 0010000 1

02 1001000 2 match 0
13 0000000 a
24 0000000 a
35 1000101 3 match 4
46 1010000 2
57 0101010 3
60 0000001 1
71 0010000 1

03 0000000 a
14 0100100 2
25 0000001 1
36 1110100 4
47 1000011 3
50 0110000 2
61 0001011 3 match 2
72 0010000 1

04 0001000 1
15 1000100 2
26 0000000 a
37 1101111 6 match 6
40 0010001 2
51 0011010 3
62 0001000 1
73 0000000 a

05 1000000 1
16 1100100 3
27 0000011 2
30 0110101 4
41 0010011 3
52 0111000 3
63 0000000 a
74 0000000 a

06 1000000 1
17 1100100 3
20 0000001 1
31 0011011 4
42 1010000 2
53 0000000 a
64 0001000 1
75 0000000 a

07 1001010 3
10 0100100 2
21 0000011 2
32 1111100 5
43 0000000 a
54 0101000 2
65 0000001 1
76 0010000 1
[completion]
0 02
1 absent
2 67 61
3 absent
4 35
5 absent
6 37
7 absent

Left
02 13x
Best: 02: 1

Right
none
Best: none
