[category]
matching
[prompt]
In Alice's Wonderland, secret processing rules are used on text.

x: not matched anywhere
y: matched but wrong position

0 110001111 6
1 110001111 6
2 101111001 6
3 001110011 5
4 100011001 4
5 001000110 3
6 010011000 3
7 101001101 5

01 10 011001101 5
12 21 110001111 6 match 0 1
23 32 110001111 6 match 0 1
34 43 101111001 6 match 2
45 54 001110011 5 match 3
56 65 100011001 4 match 4
67 76 001000110 3 match 5
70 07 010011000 3 match 6

02 20 101000010 3
13 31 000000000 a
24 42 011110110 6
35 53 100001010 3
46 64 101101010 5
57 75 101011111 7
60 06 011011110 6
71 17 001010101 4

03 30 011001101 5
14 41 101111001 6 match 2
25 52 010000101 3
36 63 000010011 3
47 74 100101100 4
50 05 111000111 6
61 16 000010011 3
72 27 111011010 6

04 40 110110100 5
15 51 100001010 3
26 62 110011100 5
37 73 001010101 4
[completion]
0 12 21 23 32
1 12 21 23 32
2 34 43 14 41
3 45 54
4 56 65
5 67 76
6 70 07
7 absent

Left
12 23 34 45 56 67 70 01x
21 32 43 54 65 76 07 10x
23 34y
32 43y
Best: 12 23 34 45 56 67 70: 7

Right
none
Best: none
