[category]
matching
[prompt]
In Alice's Wonderland, secret processing rules are used on text.

x: not matched anywhere
y: matched but wrong position

0 0101000100 3
1 0000010100 2
2 0100011000 3
3 0000100000 1
4 1100100010 4
5 0000100010 2
6 0100100000 2
7 0000000000 a

01 0000000010 1
12 0001001001 3
23 0000000100 1
34 1110010000 4
45 0000001000 1
56 0100000000 1
67 1000000011 3
70 0110100000 3

02 0001001010 3
13 0001000101 3
24 0110010100 4
35 0010011000 3
46 0000001000 1
57 1000000010 2
60 1000100001 3
71 0010100000 2

03 0001000100 2
14 0101010101 5
25 0010010100 3
36 0110011000 4
47 0000001010 2
50 1100100000 3
61 1000100010 3
72 0001000000 1

04 0001010100 3
15 0001011101 5
26 0110010100 4
37 1000011010 4
40 0000100000 1 match 3
51 1000100010 3
62 1000000011 3
73 0001000100 2

05 0001011100 4
16 0101011100 5
27 0000010000 1
30 1110100000 4
41 0000100010 2 match 5
52 1000000010 2
63 0000000001 1
74 0111000100 4

06 0001011100 4
17 0000011001 3
20 0110100000 3
31 1010100010 4
42 0000001010 2
53 0000000000 a match 7
64 1000000001 2
75 0011000100 3

07 0000011010 3
10 0100000001 2
21 0010100000 2
32 1000001010 3
43 0000000000 a match 7
54 1100000000 2
65 0000000001 1
76 0111000100 4
[completion]
0 absent
1 absent
2 absent
3 40
4 absent
5 41
6 absent
7 53 43

Left
none
Best: none

Right
53 42x
43 32x
Best: 53: 1
