[category]
matching
[prompt]
In Alice's Wonderland, secret processing rules are used on text.

x: not matched anywhere
y: matched but wrong position

0 110101010 5
1 011010001 4
2 101000001 3
3 100001110 4
4 101110001 5
5 110101010 5
6 011010001 4
7 100101111 6

01 011101011 6
12 100010111 5
23 111000111 6
34 010000100 2
45 000000001 1
56 010100100 3
67 101101000 4
70 101110010 5

02 000000011 2
13 100101111 6 match 7
24 010111100 5
35 101111010 6
46 101011010 5
57 000110011 4
60 111100101 6
71 001100110 4

03 000111011 5
14 001010100 3
25 101000010 3
36 000100001 2
47 111001101 6
50 010111110 6
61 011110001 5
72 010001110 4

04 101000000 2
15 110101010 5 match 0 5
26 000011001 3
37 010110110 5
40 101000000 2
51 110101010 5 match 0 5
62 000011001 3
73 010110110 5

05 010111110 6
16 011110001 5
27 010001110 4
30 000111011 5
41 001010100 3
52 101000010 3
63 000100001 2
74 111001101 6

06 111100101 6
17 001100110 4
20 000000011 2
31 100101111 6 match 7
42 010111100 5
53 101111010 6
64 101011010 5
75 000110011 4

07 101110010 5
10 011101011 6
21 100010111 5
32 111000111 6
43 010000100 2
54 000000001 1
65 010100100 3
76 101101000 4
[completion]
0 15 51
1 absent
2 absent
3 absent
4 absent
5 15 51
6 absent
7 13 31

Left
15 26x
51 62x
Best: 15: 1

Right
13 02x
31 20x
Best: 13: 1
