[category]
matching
[prompt]
In Alice's Wonderland, secret processing rules are used on text.

x: not matched anywhere
y: matched but wrong position

0 10110100 4
1 10100000 2
2 11001110 5
3 01111010 5
4 10000010 2
5 11000111 5
6 11111111 a
7 11011111 7

01 11011111 7 match 7
12 00010111 4
23 00010011 3
34 11010000 3
45 01110111 6
56 00000111 3
67 10111110 6
70 11000101 4

02 00110111 5
13 11111011 7
24 00111100 4
35 01011000 3
46 10001111 5
57 01000110 3
60 10000100 2
71 11100101 5

03 11011011 6
14 11010100 4
25 10110100 4 match 0
36 10100000 2 match 1
47 11001110 5 match 2
50 01111100 5
61 10100100 3
72 00001101 3

04 11110100 5
15 01011100 4
26 01001100 3
37 11100001 4
40 11110100 5
51 01011100 4
62 01001100 3
73 11100001 4

05 01111100 5
16 10100100 3
27 00001101 3
30 11011011 6
41 11010100 4
52 10110100 4 match 0
63 10100000 2 match 1
74 11001110 5 match 2

06 10000100 2
17 11100101 5
20 00110111 5
31 11111011 7
42 00111100 4
53 01011000 3
64 10001111 5
75 01000110 3

07 11000101 4
10 11011111 7 match 7
21 00010111 4
32 00010011 3
43 11010000 3
54 01110111 6
65 00000111 3
76 10111110 6
[completion]
0 25 52
1 36 63
2 47 74
3 absent
4 absent
5 absent
6 absent
7 01 10

Left
25 36 47 50x
52 63 74 05x
Best: 25 36 47: 3

Right
01 70x
10 07x
Best: 01: 1
