[category]
matching
[prompt]
In Alice's Wonderland, secret processing rules are used on text.

x: not matched anywhere
y: matched but wrong position

0 01000000 1
1 10001001 3
2 01010010 3
3 00000000 a
4 00000000 a
5 00000000 a
6 00000000 a
7 00000000 a

01 10 00010100 2
12 21 00000110 2
23 32 10000100 2
34 43 10100001 3
45 54 00001000 1
56 65 00011000 2
67 76 00010001 2
70 07 01010000 2

02 20 10000100 2
13 31 00100100 2
24 42 10000000 1
35 53 01000000 1 match 0
46 64 10001001 3 match 1
57 75 01010010 3 match 2
60 06 10011000 3
71 17 00010010 2

03 30 11000100 3
14 41 00100000 1
25 52 00000010 1
36 63 10000001 2
47 74 00000001 1
50 05 01011000 3
61 16 00010000 1
72 27 00000010 1

04 40 10001000 2
15 51 00010010 2
26 62 10000000 1
37 73 01000001 2
[completion]
0 35 53
1 46 64
2 57 75
3 absent
4 absent
5 absent
6 absent
7 absent

Left
35 46 57 60x
53 64 75 06x
Best: 35 46 57: 3

Right
none
Best: none
