[category]
matching
[prompt]
In Alice's Wonderland, secret processing rules are used on text.

x: not matched anywhere
y: matched but wrong position

0 1010011 4
1 0001010 2
2 1010010 3
3 0000000 a
4 0001111 4
5 0010110 3
6 0001000 1
7 0010010 2

01 10 0000110 2
12 21 0000000 a match 3
23 32 0000000 a match 3
34 43 0010010 2 match 7
45 54 0010010 2 match 7
56 65 0000010 1
67 76 0000010 1
70 07 0000010 1

02 20 0001000 1 match 6
13 31 0010010 2 match 7
24 42 0001000 1 match 6
35 53 0010010 2 match 7
46 64 0001010 2 match 1
57 75 1010010 3 match 2
60 06 0001010 2 match 1
71 17 0010010 2 match 7

03 30 0000010 1
14 41 0010110 3 match 5
25 52 0000000 a match 3
36 63 0000010 1
47 74 0010010 2 match 7
50 05 0000011 2
61 16 0000010 1
72 27 0000000 a match 3

04 40 0001110 3
15 51 0010010 2 match 7
26 62 0001000 1 match 6
37 73 0010010 2 match 7
[completion]
0 absent
1 46 64 60 06
2 57 75
3 12 21 23 32 25 52 72 27
4 absent
5 14 41
6 02 20 24 42 26 62
7 34 43 45 54 13 31 35 53 71 17 47 74 15 51 37 73

Left
none
Best: none

Right
34 23y
43 32y
45 34y
54 43y
13 02 71y
31 20 17y
35 24 13y
53 42 31y
71 60y
17 06y
47 36x
74 63x
15 04x
51 40x
37 26 15y
73 62 51y
Best: 13 02: 2
