[category]
matching
[prompt]
In Alice's Wonderland, secret processing rules are used on text.

x: not matched anywhere
y: matched but wrong position

0 0101110 4
1 0110001 3
2 1000001 2
3 0111101 5
4 1001100 3
5 0110011 4
6 0010011 3
7 0110111 5

01 1111010 5
12 1011101 5
23 0101110 4 match 0
34 1111011 6
45 1101100 4
56 1011011 5
67 1110111 6
70 0111111 6

02 1011011 5
13 1001101 4
24 1111111 a
35 1111111 a
46 1001100 3 match 4
57 1010011 4
60 0110111 5 match 7
71 0111111 6

03 1001110 4
14 1111111 a
25 1101110 5
36 1111011 6
47 1001100 3 match 4
50 0110111 5 match 7
61 0110111 5 match 7
72 1111111 a

04 1111011 6
15 1101101 5
26 1101110 5
37 1111011 6
40 0111101 5 match 3
51 0110011 4 match 5
62 1110111 6
73 0111111 6

05 1101110 5
16 1001101 4
27 1101110 5
30 1111111 a
41 0111110 5
52 1010011 4
63 0110111 5 match 7
74 1111111 a

06 1001010 3
17 1001101 4
20 0111111 6
31 1111011 6
42 1011101 5
53 0010111 4
64 1110111 6
75 1111111 a

07 1001010 3
10 1111101 6
21 0111110 5
32 1111011 6
43 0001100 2
54 1110011 5
65 1111111 a
76 1111111 a
[completion]
0 23
1 absent
2 absent
3 40
4 46 47
5 51
6 absent
7 60 50 61 63

Left
23 34x
Best: 23: 1

Right
60 57x
50 47y
61 50y
63 52x
Best: 60: 1
