[category]
matching
[prompt]
In Alice's Wonderland, secret processing rules are used on text.

x: not matched anywhere
y: matched but wrong position

0 1001011111 7
1 1101111111 9
2 0000000000 a
3 0000000000 a
4 0000000000 a
5 0001101001 4
6 0101101011 6
7 0000001101 3

01 1011111101 8
12 1111111011 9
23 0110011111 7
34 1001111101 7
45 1110110111 8
56 0111101000 5
67 1011011111 8
70 1111111111 a

02 1111111011 9
13 0111111111 9
24 0001011101 5
35 1101110111 8
46 1110100010 5
57 0011001000 3
60 1111011111 9
71 1111111111 a

03 0111111111 9
14 0101111111 8
25 1100111111 8
36 1111100000 5
47 1110100010 5
50 1111011110 8
61 1011011111 8
72 1111111111 a

04 0001111101 6
15 1101111111 9 match 1
26 0110101101 6
37 1011100000 4
40 1110110110 7
51 1011011100 6
62 1111111111 a
73 1111111111 a

05 1101111111 9 match 1
16 0111101011 7
27 0010001101 4
30 1111110110 8
41 1110110110 7
52 1111111010 8
63 1111011111 9
74 1101111111 9 match 1

06 0111101001 6
17 0111101011 7
20 1110011111 8
31 1011110100 6
42 1111110010 7
53 0111011111 8
64 1001011111 7 match 0
75 1101111111 9 match 1

07 0011101001 5
10 1111111111 a
21 1010011101 6
32 1111110010 7
43 1110111111 9
54 0011011101 6
65 1101111111 9 match 1
76 1111111111 a
[completion]
0 64
1 15 05 74 75 65
2 absent
3 absent
4 absent
5 absent
6 absent
7 absent

Left
64 75 06x
Best: 64 75: 2

Right
none
Best: none
