[category]
matching
[prompt]
In Alice's Wonderland, secret processing rules are used on text.

x: not matched anywhere
y: matched but wrong position

0 01001101 4
1 10111001 5
2 00100010 2
3 11001010 4
4 00111000 3
5 10101000 3
6 11111011 7
7 11011111 7

01 01010010 3
12 10101100 4
23 11011010 5
34 01001101 4 match 0
45 10111001 5 match 1
56 00100010 2 match 2
67 11001010 4 match 3
70 00111000 3 match 4

02 00000001 1
13 10001001 3
24 01101000 3
35 00001011 3
46 01100100 3
57 00010111 4
60 00001101 3
71 10010101 4

03 00100100 2
14 00111011 5
25 00101110 4
36 11010110 5
47 01010001 3
50 11010000 3
61 10100000 2
72 11000110 4

04 10010110 4
15 01111101 6
26 11110011 6
37 11100011 5
40 10010110 4
51 01111101 6
62 11110011 6
73 11100011 5

05 11010000 3
16 10100000 2
27 11000110 4
30 00100100 2
41 00111011 5
52 00101110 4
63 11010110 5
74 01010001 3

06 00001101 3
17 10010101 4
20 00000001 1
31 10001001 3
42 01101000 3
53 00001011 3
64 01100100 3
75 00010111 4

07 00111000 3 match 4
10 01010010 3
21 10101100 4
32 11011010 5
43 01001101 4 match 0
54 10111001 5 match 1
65 00100010 2 match 2
76 11001010 4 match 3
[completion]
0 34 43
1 45 54
2 56 65
3 67 76
4 70 07
5 absent
6 absent
7 absent

Left
34 45 56 67 70 01x
43 54 65 76 07 10x
Best: 34 45 56 67 70: 5

Right
none
Best: none
