[category]
matching
[prompt]
In Alice's Wonderland, secret processing rules are used on text.

x: not matched anywhere
y: matched but wrong position

0 1111100 5
1 1100101 4
2 1001110 4
3 1111010 5
4 1110111 6
5 0000011 2
6 0000000 a
7 0000000 a

01 0001010 2
12 0000000 a match 6 7
23 0011000 2
34 0100001 2
45 0000100 1
56 0001000 1
67 1110100 4
70 0000001 1

02 0000010 1
13 0010000 1
24 0110000 2
35 0000101 2
46 0001000 1
57 1111000 4
60 1000001 2
71 0000011 2 match 5

03 0011010 3
14 0110000 2
25 0000100 1
36 0000000 a match 6 7
47 1001100 3
50 1000000 1
61 1000011 3
72 0000011 2 match 5

04 0110000 2
15 0000100 1
26 0001000 1
37 1100100 3
40 1000000 1
51 1001010 3
62 0000011 2 match 5
73 0000010 1

05 0000100 1
16 0000000 a match 6 7
27 1111100 5 match 0
30 1000001 2
41 1001010 3
52 0000010 1
63 0010010 2
74 0000001 1

06 0001000 1
17 0110100 3
20 1000000 1
31 1000001 2
42 0000010 1
53 0011010 3
64 0110001 3
75 0000001 1

07 0111100 4
10 0000000 a match 6 7
21 1001000 2
32 0000001 1
43 0001010 2
54 0110000 2
65 0000101 2
76 0000000 a match 6 7
[completion]
0 27
1 absent
2 absent
3 absent
4 absent
5 71 72 62
6 12 36 16 10 76
7 12 36 16 10 76

Left
27 30x
Best: 27: 1

Right
12 01x
36 25x
16 05x
10 07x
76 65x
Best: 12: 1
