[category]
matching
[prompt]
In Alice's Wonderland, secret processing rules are used on text.

x: not matched anywhere
y: matched but wrong position

0 0110101001 5
1 1111010011 7
2 0011101110 6
3 0100011010 4
4 1110101000 5
5 0000110011 4
6 1111011100 7
7 1111111101 9

01 0011110101 6
12 0011011001 5
23 1111001000 5
34 0100101101 5
45 0101111010 6
56 1010110110 6
67 1110100110 6
70 1010100011 5

02 1111010011 7 match 1
13 0011101110 6 match 2
24 0100011010 4 match 3
35 1110101000 5 match 4
46 0000110011 4 match 5
57 1011101111 8
60 1011111010 7
71 0110101001 5 match 0

03 1111100100 6
14 1000111100 5
25 1110011111 8
36 1011100001 5
47 0001101010 4
50 1110110011 7
61 0111110000 5
72 1010001111 6

04 0100110110 5
15 0010111001 5
26 1011010110 6
37 1010111000 5
40 0100110110 5
51 0010111001 5
62 1011010110 6
73 1010111000 5

05 1110110011 7
16 0111110000 5
27 1010001111 6
30 1111100100 6
41 1000111100 5
52 1110011111 8
63 1011100001 5
74 0001101010 4

06 1011111010 7
17 0110101001 5 match 0
20 1111010011 7 match 1
31 0011101110 6 match 2
42 0100011010 4 match 3
53 1110101000 5 match 4
64 0000110011 4 match 5
75 1011101111 8

07 1010100011 5
10 0011110101 6
21 0011011001 5
32 1111001000 5
43 0100101101 5
54 0101111010 6
65 1010110110 6
76 1110100110 6
[completion]
0 71 17
1 02 20
2 13 31
3 24 42
4 35 53
5 46 64
6 absent
7 absent

Left
71 02 13 24 35 46 57x
17 20 31 42 53 64 75x
Best: 71 02 13 24 35 46: 6

Right
none
Best: none
