[category]
matching
[prompt]
In Alice's Wonderland, secret processing rules are used on text.

x: not matched anywhere
y: matched but wrong position

0 00010011 3
1 10110101 5
2 11100000 3
3 10100010 3
4 10011111 6
5 10110000 3
6 01101100 4
7 00010011 3

01 00000001 1
12 01101100 4 match 6
23 00000010 1
34 00010101 3
45 01000000 1
56 00100000 1
67 00001010 2
70 10010000 2

02 01100100 3
13 01001000 2
24 00010011 3 match 0 7
35 00010101 3
46 01100000 2
57 00100010 2
60 10011010 4
71 10010001 3

03 01000000 1
14 00001100 2
25 00010001 2
36 00100000 1
47 00100000 1
50 10000010 2
61 10010011 4
72 11000100 3

04 00000101 2
15 01001100 3
26 00000000 a
37 00100000 1
40 10000000 1
51 10000010 2
62 10001100 3
73 01000000 1

05 01000101 3
16 01100000 2
27 00000010 1
30 10010000 2
41 10000000 1
52 10100000 2
63 00001010 2
74 00010101 3

06 01100000 2
17 00101000 2
20 00010010 2
31 10010001 3
42 11100000 3 match 2
53 00000010 1
64 00011111 5
75 01010101 4

07 00100000 1
10 00001000 1
21 00010011 3 match 0 7
32 10100100 3
43 01000000 1
54 00000010 1
65 00011101 4
76 01000000 1
[completion]
0 24 21
1 absent
2 42
3 absent
4 absent
5 absent
6 12
7 24 21

Left
24 35x
21 32x
Best: 24: 1

Right
24 13x
21 10x
Best: 24: 1
