[category]
matching
[prompt]
In Alice's Wonderland, secret processing rules are used on text.

x: not matched anywhere
y: matched but wrong position

0 10010111 5
1 01011011 5
2 10010100 3
3 11000011 4
4 00000000 a
5 00000000 a
6 00000000 a
7 00100100 2

01 11101110 6
12 11111101 7
23 11011010 5
34 01111111 7
45 10110111 6
56 01111011 6
67 10111100 5
70 11010011 5

02 11101101 6
13 11111101 7
24 01111010 5
35 10110111 6
46 11111111 a
57 01111111 7
60 10010111 5 match 0
71 11000011 4 match 3

03 11101100 5
14 11111101 7
25 10111110 6
36 01111111 7
47 10111111 7
50 01011011 5 match 1
61 10010110 4
72 11100111 6

04 11101100 5
15 11111101 7
26 01111011 6
37 00111111 6
40 10010111 5 match 0
51 01011011 5 match 1
62 11110101 6
73 11001011 5

05 11101100 5
16 11111111 a
27 00111110 5
30 00110111 5
41 10010111 5 match 0
52 11111111 a
63 11011100 5
74 11101011 6

06 11101111 7
17 11111101 7
20 00011011 4
31 00110111 5
42 11110111 7
53 11011011 6
64 11111100 6
75 11100111 6

07 11111100 6
10 11111111 a
21 00011010 3
32 11110111 7
43 11011111 7
54 01111011 6
65 10110100 4
76 11101011 6
[completion]
0 60 40 41
1 50 51
2 absent
3 71
4 absent
5 absent
6 absent
7 absent

Left
60 71y
40 51 62x
41 52x
Best: 40 51: 2

Right
none
Best: none
