[category]
matching
[prompt]
In Alice's Wonderland, secret processing rules are used on text.

x: not matched anywhere
y: matched but wrong position

0 0000000 a
1 0000000 a
2 0000000 a
3 0000000 a
4 0000000 a
5 1001001 3
6 1101001 4
7 0010111 4

01 0000001 1
12 1111101 6
23 0010110 3
34 0000000 a match 0 1 2 3 4
45 1001111 5
56 0001000 1
67 1110010 4
70 1011111 6

02 0000011 2
13 0010100 2
24 1101001 4 match 6
35 0110000 2
46 0111000 3
57 0000101 2
60 1010010 3
71 0100001 2

03 1101010 4
14 1101011 5
25 1011001 4
36 1000111 4
47 0110101 4
50 0100101 3
61 0101100 3
72 0100011 3

04 0010101 3
15 1011011 5
26 0101110 4
37 1001010 3
40 0010101 3
51 1011011 5
62 0101110 4
73 1001010 3

05 0100101 3
16 0101100 3
27 0100011 3
30 1101010 4
41 1101011 5
52 1011001 4
63 1000111 4
74 0110101 4

06 1010010 3
17 0100001 2
20 0000011 2
31 0010100 2
42 1101001 4 match 6
53 0110000 2
64 0111000 3
75 0000101 2

07 1011111 6
10 0000001 1
21 1111101 6
32 0010110 3
43 0000000 a match 0 1 2 3 4
54 1001111 5
65 0001000 1
76 1110010 4
[completion]
0 34 43
1 34 43
2 34 43
3 34 43
4 34 43
5 absent
6 24 42
7 absent

Left
34 45x
43 54x
Best: 34: 1

Right
none
Best: none
