[category]
matching
[prompt]
In Alice's Wonderland, secret processing rules are used on text.

x: not matched anywhere
y: matched but wrong position

0 0000100 1
1 1100110 4
2 1011000 3
3 0100100 2
4 0101001 3
5 0111011 5
6 0010110 3
7 1111100 5

01 1111111 a
12 0011101 4
23 1100111 5
34 1011011 5
45 1110110 5
56 1101101 5
67 1111011 6
70 0010111 4

02 1111101 6
13 0100111 4
24 1111111 a
35 1011110 5
46 1100100 3
57 1101001 4
60 0111011 5 match 5
71 1111111 a

03 1111111 a
14 1011111 6
25 1110110 5
36 1011100 4
47 1101101 5
50 0101011 4
61 1111011 6
72 0011111 5

04 1111111 a
15 1010110 4
26 1100110 4 match 1
37 1111001 5
40 0100111 4
51 1111011 6
62 0111011 5 match 5
73 0110111 5

05 1111110 6
16 1000100 2
27 1101111 6
30 1011011 5
41 1111111 a
52 0111001 4
63 0111111 6
74 1011111 6

06 1111100 5 match 7
17 1101101 5
20 1100111 5
31 1111011 6
42 0111101 5
53 0101111 5
64 1111011 6
75 1010110 4

07 1111101 6
10 0000111 3
21 1111111 a
32 1011001 4
43 0100111 4
54 1111011 6
65 1111111 a
76 1010110 4
[completion]
0 absent
1 26
2 absent
3 absent
4 absent
5 60 62
6 absent
7 06

Left
none
Best: none

Right
06 75x
Best: 06: 1
