[category]
matching
[prompt]
In Alice's Wonderland, secret processing rules are used on text.

x: not matched anywhere
y: matched but wrong position

0 11010100 4
1 01110000 3
2 11100110 5
3 01100111 5
4 11111001 6
5 10001111 5
6 10111100 5
7 10001011 4

01 11110101 6
12 01111111 7
23 11111010 6
34 11110111 7
45 11111100 6
56 10001011 4 match 7
67 11111111 a
70 11011010 5

02 01110101 5
13 11111011 7
24 11111111 a
35 11110111 7
46 10011011 5
57 10101111 6
60 11111110 7
71 11010100 4 match 0

03 11111101 7
14 11111111 a
25 11111110 7
36 10010111 5
47 10111111 7
50 10001011 4 match 7
61 11111100 6
72 01010101 4

04 11110111 7
15 11111111 a
26 11111011 7
37 10111111 7
40 10011010 4
51 10001111 5 match 5
62 01111101 6
73 11111000 5

05 11110101 6
16 11111011 7
27 11111111 a
30 10011111 6
41 10011100 4
52 00001111 4
63 11111100 6
74 11110111 7

06 11110111 7
17 11111111 a
20 11111010 6
31 10010111 5
42 00011101 4
53 11101011 6
64 11111111 a
75 11110100 5

07 11111111 a
10 11111011 7
21 11111110 7
32 00010111 4
43 11111000 5
54 11101111 7
65 11111100 6
76 11010011 5
[completion]
0 71
1 absent
2 absent
3 absent
4 absent
5 51
6 absent
7 56 50

Left
71 02x
Best: 71: 1

Right
56 45x
50 47x
Best: 56: 1
