[category]
matching
[prompt]
In Alice's Wonderland, secret processing rules are used on text.

x: not matched anywhere
y: matched but wrong position

0 000001000 1
1 010100011 4
2 011010110 5
3 100101110 5
4 111111111 a
5 011011001 5
6 111111111 a
7 101101111 7

01 100011101 5
12 100011101 5
23 010101011 5
34 010001000 2
45 001011110 5
56 000001000 1 match 0
67 010100011 4 match 1
70 011010110 5 match 2

02 111111111 a match 4 6
13 001001001 3
24 111011100 6
35 100101001 4
46 110101001 5
57 101010100 4
60 110001010 4
71 000110100 3

03 010101011 5
14 100111110 6
25 001111101 6
36 011011110 6
47 011110101 6
50 001111101 6
61 101101000 4
72 011010110 5 match 2

04 111011100 6
15 010011111 6
26 110001010 4
37 110000010 3
40 111011100 6
51 010011111 6
62 110001010 4
73 110000010 3

05 001111101 6
16 101101000 4
27 011010110 5 match 2
30 010101011 5
41 100111110 6
52 001111101 6
63 011011110 6
74 011110101 6

06 110001010 4
17 000110100 3
20 111111111 a match 4 6
31 001001001 3
42 111011100 6
53 100101001 4
64 110101001 5
75 101010100 4

07 011010110 5 match 2
10 100011101 5
21 100011101 5
32 010101011 5
43 010001000 2
54 001011110 5
65 000001000 1 match 0
76 010100011 4 match 1
[completion]
0 56 65
1 67 76
2 70 72 27 07
3 absent
4 02 20
5 absent
6 02 20
7 absent

Left
56 67 70 01x
65 76 07 10x
Best: 56 67 70: 3

Right
none
Best: none
