[category]
matching
[prompt]
In Alice's Wonderland, secret processing rules are used on text.

x: not matched anywhere
y: matched but wrong position

0 1111101 6
1 1110111 6
2 1010010 3
3 1111000 4
4 1010000 2
5 1101101 5
6 1100011 4
7 1000000 1

01 10 1110111 6 match 1
12 21 1110010 4
23 32 1110000 3
34 43 1111101 6 match 0
45 54 1101111 6
56 65 1100011 4 match 6
67 76 1111000 4 match 3
70 07 1111111 a

02 20 1110111 6 match 1
13 31 1010010 3 match 2
24 42 1111101 6 match 0
35 53 1110011 5
46 64 1101101 5 match 5
57 75 1111011 6
60 06 1110111 6 match 1
71 17 1111010 5

03 30 1110111 6 match 1
14 41 1111111 a
25 52 1110011 5
36 63 1010000 2 match 4
47 74 1111101 6 match 0
50 05 1110111 6 match 1
61 16 1010010 3 match 2
72 27 1111000 4 match 3

04 40 1111111 a
15 51 1110011 5
26 62 1110000 3
37 73 1111000 4 match 3
[completion]
0 34 43 24 42 47 74
1 01 10 02 20 60 06 03 30 50 05
2 13 31 61 16
3 67 76 72 27 37 73
4 36 63
5 46 64
6 56 65
7 absent

Left
34 45x
43 54x
24 35x
42 53x
47 50 61 72 03y
74 05 16 27 30y
Best: 47 50 61 72: 4

Right
none
Best: none
