[category]
matching
[prompt]
In Alice's Wonderland, secret processing rules are used on text.

x: not matched anywhere
y: matched but wrong position

0 0100001111 5
1 0010000011 3
2 0010010000 2
3 0000111110 5
4 0011111110 7
5 1111010101 7
6 1111111111 a
7 1000100011 4

01 0001000100 2
12 1111010101 7 match 5
23 1010010010 4
34 0000100001 2
45 0100001111 5 match 0
56 0010000011 3 match 1
67 0010010000 2 match 2
70 0000111110 5 match 3

02 0001101110 5
13 1010111000 5
24 0101001100 4
35 1011010001 5
46 1001110011 6
57 1111101100 7
60 1101010001 5
71 1110000101 5

03 0100000011 3
14 0101100110 5
25 1110111100 7
36 0110101101 6
47 0100011100 4
50 0000101101 4
61 0011101010 5
72 1110101111 8

04 1011011101 7
15 1110010110 6
26 0011000000 2
37 1011000010 4
40 1011011101 7
51 1110010110 6
62 0011000000 2
73 1011000010 4

05 0000101101 4
16 0011101010 5
27 1110101111 8
30 0100000011 3
41 0101100110 5
52 1110111100 7
63 0110101101 6
74 0100011100 4

06 1101010001 5
17 1110000101 5
20 0001101110 5
31 1010111000 5
42 0101001100 4
53 1011010001 5
64 1001110011 6
75 1111101100 7

07 0000111110 5 match 3
10 0001000100 2
21 1111010101 7 match 5
32 1010010010 4
43 0000100001 2
54 0100001111 5 match 0
65 0010000011 3 match 1
76 0010010000 2 match 2
[completion]
0 45 54
1 56 65
2 67 76
3 70 07
4 absent
5 12 21
6 absent
7 absent

Left
45 56 67 70 01x
54 65 76 07 10x
Best: 45 56 67 70: 4

Right
none
Best: none
