[category]
matching
[prompt]
In Alice's Wonderland, secret processing rules are used on text.

x: not matched anywhere
y: matched but wrong position

0 010100110 4
1 111110010 6
2 111000111 6
3 001111111 7
4 111111111 a
5 111111101 8
6 111000110 5
7 101111111 8

01 001010001 3
12 111101111 8
23 110111101 7
34 001000110 3
45 101010111 6
56 010100110 4 match 0
67 111110010 6 match 1
70 001000110 3

02 001000001 2
13 110101101 6
24 000000100 1
35 011101110 6
46 000001110 3
57 010101011 5
60 001001011 4
71 111101000 5

03 000000011 2
14 000010100 2
25 010101100 4
36 110110111 7
47 000000011 2
50 100010010 3
61 111100101 6
72 111111000 6

04 110111010 6
15 010111100 5
26 111110101 7
37 110111010 6
40 110111010 6
51 010111100 5
62 111110101 7
73 110111010 6

05 100010010 3
16 111100101 6
27 111111000 6
30 000000011 2
41 000010100 2
52 010101100 4
63 110110111 7
74 000000011 2

06 001001011 4
17 111101000 5
20 001000001 2
31 110101101 6
42 000000100 1
53 011101110 6
64 000001110 3
75 010101011 5

07 001000110 3
10 001010001 3
21 111101111 8
32 110111101 7
43 001000110 3
54 101010111 6
65 010100110 4 match 0
76 111110010 6 match 1
[completion]
0 56 65
1 67 76
2 absent
3 absent
4 absent
5 absent
6 absent
7 absent

Left
56 67 70x
65 76 07x
Best: 56 67: 2

Right
none
Best: none
