[category]
matching
[prompt]
In Alice's Wonderland, secret processing rules are used on text.

x: not matched anywhere
y: matched but wrong position

0 10000011 3
1 00011000 2
2 10101110 5
3 00000000 a
4 01010111 5
5 11110111 7
6 11101111 7
7 11011111 7

01 11110110 6
12 11101111 7 match 6
23 10010111 5
34 01101111 6
45 11011000 4
56 11111111 a
67 11010000 3
70 00111111 6

02 11101110 6
13 11111111 a
24 10110111 6
35 01101100 4
46 11111111 a
57 11110111 7 match 5
60 00011001 3
71 00111111 6

03 11110111 7 match 5
14 11101111 7 match 6
25 11011111 7 match 7
36 11101111 7 match 6
47 11011000 4
50 10111111 7
61 00010000 1
72 01111111 7

04 11100111 6
15 11101111 7 match 6
26 11111111 a
37 11101100 5
40 11011001 5
51 10110111 6
62 01111000 4
73 10111111 7

05 11101110 6
16 11101111 7 match 6
27 11010111 6
30 01111101 6
41 11011000 4
52 11111111 a
63 10010011 4
74 00111111 6

06 11101111 7 match 6
17 11101111 7 match 6
20 10011111 6
31 01111100 5
42 11111000 5
53 10110111 6
64 00110111 5
75 01111111 7

07 11100110 5
10 11111111 a
21 10010111 5
32 01101100 4
43 11011011 6
54 10110111 6
65 01011000 3
76 11111111 a
[completion]
0 absent
1 absent
2 absent
3 absent
4 absent
5 57 03
6 12 14 36 15 16 06 17
7 25

Left
none
Best: none

Right
25 14 03 72x
Best: 25 14 03: 3
