[category]
matching
[prompt]
In Alice's Wonderland, secret processing rules are used on text.

x: not matched anywhere
y: matched but wrong position

0 001000010 2
1 100100000 2
2 000000100 1
3 111001000 4
4 101101011 6
5 111111111 a
6 001010000 2
7 110111011 7

01 000000000 a
12 110101111 7
23 001000000 1
34 110010001 4
45 001000010 2 match 0
56 100100000 2 match 1
67 000000100 1 match 2
70 010000000 1

02 100101011 5
13 001000100 2
24 000010000 1
35 010010011 4
46 000100010 2
57 000100100 2
60 000000100 1 match 2
71 000000000 a

03 001000000 1
14 110010001 4
25 001010000 2 match 6
36 110110011 6
47 000100110 3
50 000000100 1 match 2
61 000000000 a
72 110001000 3

04 100000001 2
15 011010011 5
26 000010000 1
37 000110011 4
40 000000100 1 match 2
51 000000000 a
62 000001100 2
73 001000000 1

05 001000011 3
16 110110011 6
27 000010000 1
30 010010000 2
41 000000000 a
52 100101100 4
63 001000100 2
74 110000000 2

06 100100011 4
17 000110111 5
20 000010000 1
31 000000000 a
42 000101110 4
53 000000100 1 match 2
64 000000000 a
75 011000000 2

07 000100011 3
10 010010100 3
21 000000000 a
32 110101011 6
43 001000100 2
54 100000000 1
65 001000000 1
76 110000000 2
[completion]
0 45
1 56
2 67 60 50 40 53
3 absent
4 absent
5 absent
6 25
7 absent

Left
45 56 67 70x
Best: 45 56 67: 3

Right
none
Best: none
