[category]
matching
[prompt]
In Alice's Wonderland, secret processing rules are used on text.

x: not matched anywhere
y: matched but wrong position

0 100100101 4
1 110111000 5
2 110110000 4
3 110100100 4
4 100101110 5
5 111001011 6
6 011101100 5
7 100011011 5

01 100011011 5 match 7
12 111111111 a
23 111010111 7
34 101101001 5
45 110011110 6
56 101101111 7
67 111011011 7
70 011111100 6

02 110111011 7
13 111110111 8
24 101100101 5
35 110111000 5 match 1
46 110111110 7
57 111101111 8
60 011111101 7
71 100111110 6

03 111010111 7
14 111100101 6
25 111010100 5
36 100101110 5 match 4
47 111011111 8
50 011101111 7
61 111011011 7
72 110111111 8

04 101110011 6
15 111110101 7
26 101101110 6
37 111101011 7
40 011111110 7
51 101111111 8
62 111111011 8
73 111110111 8

05 110010011 5
16 111101111 8
27 111001111 7
30 011101100 5 match 6
41 110011110 6
52 111111111 a
63 111010111 7
74 101110101 6

06 100111111 7
17 111101111 8
20 011101100 5 match 6
31 100111010 5
42 110111111 8
53 111111111 a
64 111110001 6
75 110110100 5

07 111011011 7
10 011101101 6
21 101011110 6
32 110111011 7
43 111011111 8
54 101101111 7
65 111010001 5
76 100111110 6
[completion]
0 absent
1 35
2 absent
3 absent
4 36
5 absent
6 30 20
7 01

Left
none
Best: none

Right
01 70x
Best: 01: 1
