[category]
matching
[prompt]
In Alice's Wonderland, secret processing rules are used on text.

x: not matched anywhere
y: matched but wrong position

0 000010101 3
1 000000000 a
2 000000000 a
3 010111101 6
4 000001100 2
5 001010011 4
6 011000101 4
7 111010101 6

01 010110001 4
12 000001100 2 match 4
23 000010010 2
34 000000000 a match 1 2
45 111000000 3
56 000010101 3 match 0
67 100100010 3
70 000000000 a match 1 2

02 010101100 4
13 000001000 1
24 000000010 1
35 011000000 2
46 011010101 5
57 000100000 1
60 100000010 2
71 010010001 3

03 000111000 3
14 000001000 1
25 001000010 2
36 011000101 4 match 6
47 101000000 2
50 000000000 a match 1 2
61 100100010 3
72 010001100 3

04 000101000 2
15 000001000 1
26 001010001 3
37 001000000 1
40 101000000 2
51 000110001 3
62 100100000 2
73 000011000 2

05 010001000 2
16 000001100 2 match 4
27 001000010 2
30 001000000 1
41 111010001 5
52 000100100 2
63 100100010 3
74 000001000 1

06 010011101 5
17 000000000 a match 1 2
20 001000010 2
31 011000001 3
42 110000100 3
53 000110000 2
64 000100010 2
75 010001000 2

07 000100000 1
10 000000000 a match 1 2
21 001010011 4 match 5
32 010000100 2
43 100010000 2
54 000100000 1
65 100000010 2
76 010011101 5
[completion]
0 56
1 34 70 50 17 10
2 34 70 50 17 10
3 absent
4 12 16
5 21
6 36
7 absent

Left
56 67x
Best: 56: 1

Right
none
Best: none
