[category]
matching
[prompt]
In Alice's Wonderland, secret processing rules are used on text.

x: not matched anywhere
y: matched but wrong position

0 0000001001 2
1 0110100100 4
2 0110000101 4
3 0000000000 a
4 0000000000 a
5 0001100100 3
6 0100000101 3
7 1000100110 4

01 1001100010 4
12 0000000000 a match 3 4
23 0000001010 2
34 0101100001 4
45 1010000100 3
56 0000011011 4
67 0001100000 2
70 0110010001 4

02 0001000000 1
13 0000001000 1
24 0100100001 3
35 1111000100 5
46 1000001010 3
57 0000101010 3
60 0110000000 2
71 0010010000 2

03 0000000010 1
14 0100000001 2
25 1110000100 4
36 1000000001 2
47 1000001010 3
50 0000011001 3
61 0011100000 3
72 0000010000 1

04 0001100000 2
15 0100000100 2
26 1000001011 4
37 1001100000 3
40 0010001000 2
51 0000110010 3
62 0001000000 1
73 0000010000 1

05 1001000100 3
16 0000001001 2 match 0
27 1000101010 4
30 0110000001 3
41 1010000010 3
52 0000010000 1
63 0000000000 a match 3 4
74 0100010001 3

06 1000000010 2
17 0000001000 1
20 0110001001 4
31 1011100000 4
42 0000000000 a match 3 4
53 0000011010 3
64 0101100000 3
75 0110000100 3

07 1001100010 4
10 0100001001 3
21 1010100010 4
32 0001000000 1
43 0000001010 2
54 0000110001 3
65 0111000100 4
76 0000010001 2
[completion]
0 16
1 absent
2 absent
3 12 63 42
4 12 63 42
5 absent
6 absent
7 absent

Left
16 27x
Best: 16: 1

Right
none
Best: none
