[category]
matching
[prompt]
In Alice's Wonderland, secret processing rules are used on text.

x: not matched anywhere
y: matched but wrong position

0 01010100 3
1 10011101 5
2 11101101 6
3 10011000 3
4 10010010 3
5 01011111 6
6 01101011 5
7 11111111 a

01 11110010 5
12 10011111 6
23 11101111 7
34 10011010 4
45 11110111 7
56 01101111 6
67 11111011 7
70 11111101 7

02 10011111 6
13 11111111 a match 7
24 11111010 6
35 10010010 3 match 4
46 01100111 5
57 01101111 6
60 11111111 a match 7
71 11110100 5

03 11111111 a match 7
14 10011111 6
25 11110010 5
36 01010111 5
47 01101111 6
50 11101111 7
61 11111010 6
72 10111101 6

04 10011010 4
15 10011111 6
26 01100111 5
37 01011011 5
40 11101111 7
51 11101111 7
62 10111111 7
73 11111101 7

05 10010010 3 match 4
16 01011111 6 match 5
27 01101011 5 match 6
30 11111111 a match 7
41 11100111 6
52 11111111 a match 7
63 11111111 a match 7
74 10111100 5

06 01010111 5
17 01011111 6 match 5
20 11101111 7
31 11110010 5
42 11111111 a match 7
53 11101111 7
64 10111010 5
75 10110100 4

07 01011011 5
10 11111111 a match 7
21 11100010 4
32 10011111 6
43 11101111 7
54 11111111 a match 7
65 10111010 5
76 11110101 6
[completion]
0 absent
1 absent
2 absent
3 absent
4 35 05
5 16 17
6 27
7 13 60 03 30 52 63 42 10 54

Left
none
Best: none

Right
13 02x
60 57x
03 72x
30 27 16 05 74x
52 41x
63 52y
42 31x
10 07x
54 43x
Best: 30 27 16 05: 4
