[category]
matching
[prompt]
In Alice's Wonderland, secret processing rules are used on text.

x: not matched anywhere
y: matched but wrong position

0 0100101 3
1 0001000 1
2 0000000 a
3 0000010 1
4 1000111 4
5 1001000 2
6 1110111 6
7 1111111 a

01 1111111 a match 7
12 0100011 3
23 1111111 a match 7
34 1001000 2 match 5
45 1110111 6 match 6
56 1111111 a match 7
67 1100111 5
70 0111100 4

02 1101011 5
13 0110111 5
24 1011111 6
35 1001000 2 match 5
46 1111111 a match 7
57 1111111 a match 7
60 1110101 5
71 1111100 5

03 1111111 a match 7
14 0001011 3
25 1011111 6
36 1011010 4
47 1110111 6 match 6
50 1111111 a match 7
61 1111101 6
72 0111000 3

04 1001011 4
15 0000011 2
26 1011111 6
37 1101111 6
40 1110111 6 match 6
51 1111111 a match 7
62 1100101 4
73 0111111 6

05 1001011 4
16 0011011 4
27 1111111 a match 7
30 1111100 5
41 1111111 a match 7
52 1111111 a match 7
63 1110111 6 match 6
74 0011000 2

06 1011011 5
17 1100111 5
20 1111111 a match 7
31 1111100 5
42 1110111 6 match 6
53 1111111 a match 7
64 1101101 5
75 0011000 2

07 1101111 6
10 0110111 5
21 1111111 a match 7
32 1101000 3
43 1110111 6 match 6
54 1111111 a match 7
65 1100101 4
76 0011010 3
[completion]
0 absent
1 absent
2 absent
3 absent
4 absent
5 34 35
6 45 47 40 63 42 43
7 01 23 56 46 57 03 50 51 27 41 52 20 53 21 54

Left
none
Best: none

Right
01 70x
23 12x
56 45 34 23y
46 35y
57 46y
03 72x
50 47 36x
51 40 37x
27 16x
41 30x
52 41y
20 17x
53 42 31x
21 10x
54 43 32x
Best: 56 45 34: 3
