[category]
matching
[prompt]
In Alice's Wonderland, secret processing rules are used on text.

x: not matched anywhere
y: matched but wrong position

0 1011001 4
1 1000011 3
2 0111110 5
3 0101000 2
4 0101111 5
5 1110000 3
6 1000011 3
7 0111110 5

01 0111101 5
12 1110110 5
23 1111101 6
34 1000011 3 match 1 6
45 1111111 a
56 0011110 4
67 1111111 a
70 1101011 5

02 0110110 4
13 1111110 6
24 1011001 4 match 0
35 1100011 4
46 0111110 5 match 2 7
57 1011110 5
60 1111011 6
71 0101001 3

03 0111100 4
14 1010111 5
25 1111011 6
36 1000111 4
47 1111110 6
50 1011111 6
61 1111001 5
72 0101111 5 match 4

04 1110101 5
15 1110111 6
26 1011111 6
37 1010111 5
40 1111111 a
51 0111101 5
62 1111111 a
73 0111101 5

05 1110111 6
16 1010110 4
27 1011111 6
30 1001011 4
41 0111111 6
52 0111110 5 match 2 7
63 1111101 6
74 1101001 4

06 0110110 4
17 1010110 4
20 1011011 5
31 1101011 5
42 0111110 5 match 2 7
53 0111100 4
64 1111001 5
75 1101011 5

07 1110110 5
10 1011111 6
21 1111001 5
32 1100111 5
43 0111110 5 match 2 7
54 1011101 5
65 1111011 6
76 0101111 5 match 4
[completion]
0 24
1 34
2 46 52 42 43
3 absent
4 72 76
5 absent
6 34
7 46 52 42 43

Left
24 35x
Best: 24: 1

Right
46 35x
52 41x
42 31x
43 32x
Best: 46: 1
