[category]
matching
[prompt]
In Alice's Wonderland, secret processing rules are used on text.

x: not matched anywhere
y: matched but wrong position

0 1010110101 6
1 1110110101 7
2 1010111011 7
3 1111110111 9
4 1000011011 5
5 1001000111 5
6 1011011010 6
7 0100100010 3

01 10 1111111010 8
12 21 0110110111 7
23 32 0010110101 5
34 43 1010110000 4
45 54 1110110101 7 match 1
56 65 1110111111 9
67 76 1001011111 7
70 07 1011011111 8

02 20 1011011111 8
13 31 0110110010 5
24 42 1010110101 6 match 0
35 53 1110110101 7 match 1
46 64 1010111011 7 match 2
57 75 1111110111 9 match 3
60 06 1011011011 7
71 17 1101100111 7

03 30 1011111010 7
14 41 1110100010 5
25 52 1110110101 7 match 1
36 63 1010111011 7 match 2
47 74 1011100111 7
50 05 1111111111 a
61 16 1100111011 7
72 27 1011010111 7

04 40 1011111010 7
15 51 1110110111 8
26 62 1010011111 7
37 73 1011110111 8
[completion]
0 24 42
1 45 54 35 53 25 52
2 46 64 36 63
3 57 75
4 absent
5 absent
6 absent
7 absent

Left
24 35 46 57 60x
42 53 64 75 06x
Best: 24 35 46 57: 4

Right
none
Best: none
