[category]
matching
[prompt]
In Alice's Wonderland, secret processing rules are used on text.

x: not matched anywhere
y: matched but wrong position

0 1100001 3
1 0011100 3
2 0101000 2
3 1011011 5
4 0011000 2
5 1100001 3
6 0100011 3
7 0010111 4

01 1111111 a
12 0111111 6
23 1110111 6
34 0011110 4
45 1111101 6
56 1101011 5
67 1010111 5
70 1101011 5

02 0111111 6
13 1111111 a
24 1111110 6
35 1011100 4
46 1101001 4
57 1110111 6
60 1010111 5
71 1101011 5

03 1111111 a
14 0111111 6
25 1111100 5
36 1111000 4
47 1110101 5
50 1100011 4
61 1010111 5
72 0101111 5

04 0111111 6
15 1111111 a
26 1111000 4
37 1011100 4
40 1100001 3 match 0 5
51 1100011 4
62 0011111 5
73 1101111 6

05 1111111 a
16 1111111 a
27 1110100 4
30 1011000 3
41 1100001 3 match 0 5
52 0101111 5
63 1110111 6
74 0111111 6

06 1111111 a
17 1111111 a
20 1110000 3
31 1011000 3
42 1101111 6
53 1100111 5
64 0011111 5
75 1111111 a

07 1111111 a
10 1111111 a
21 1110000 3
32 0011111 5
43 1100111 5
54 0111111 6
65 1011111 6
76 1101011 5
[completion]
0 40 41
1 absent
2 absent
3 absent
4 absent
5 40 41
6 absent
7 absent

Left
40 51x
41 52x
Best: 40: 1

Right
none
Best: none
