[category]
matching
[prompt]
In Alice's Wonderland, secret processing rules are used on text.

x: not matched anywhere
y: matched but wrong position

0 0000010001 2
1 1010000001 3
2 1101000000 3
3 0001101000 3
4 0000100001 2
5 0000000000 a
6 0000000000 a
7 1101000000 3

01 0000000000 a match 5 6
12 1001001000 3
23 0000100010 2
34 0100010000 2
45 0000000110 2
56 1110000000 3
67 0000010000 1
70 0010101001 4

02 1001000000 2
13 1001101010 5
24 0100110000 3
35 0000010100 2
46 1010000110 4
57 0100000000 1
60 0000111001 4
71 0010000001 2

03 1001000010 3
14 0101101000 4
25 0000010110 3
36 0110000100 3
47 0000000110 2
50 0010101001 4
61 0000010001 2 match 0
72 1011001000 4

04 0101000000 2
15 0000000110 2
26 0100000110 3
37 0100010100 3
40 0010000101 3
51 0010000001 2
62 0001001000 2
73 1001101000 4

05 0000000010 1
16 1100000110 4
27 0100010110 4
30 0010010101 4
41 0010000001 2
52 1011001000 4
63 0001101000 3 match 3
74 0001101000 3 match 3

06 1100000010 3
17 0100000110 3
20 0000110101 4
31 0010010001 3
42 1010000000 2
53 1001101000 4
64 0001111000 4
75 0000000000 a match 5 6

07 0100000010 2
10 0000101100 3
21 0000010001 2 match 0
32 0010000000 1
43 1000000010 2
54 0101101000 4
65 0000010000 1
76 1010000000 2
[completion]
0 61 21
1 absent
2 absent
3 63 74
4 absent
5 01 75
6 01 75
7 absent

Left
61 72x
21 32x
Best: 61: 1

Right
none
Best: none
