[category]
matching
[prompt]
In Alice's Wonderland, secret processing rules are used on text.

x: not matched anywhere
y: matched but wrong position

0 0000000 a
1 0000000 a
2 0000000 a
3 1000000 1
4 0100000 1
5 0000000 a
6 0000101 2
7 1000000 1

01 0000011 2
12 1000100 2
23 0000010 1
34 0101001 3
45 1010100 3
56 0100000 1 match 4
67 0011000 2
70 0000100 1

02 1000001 2
13 1000000 1 match 3 7
24 0100010 2
35 0001101 3
46 0000000 a match 0 1 2 5
57 0100000 1 match 4
60 0011100 3
71 0000001 1

03 1000010 2
14 0100000 1 match 4
25 0000010 1
36 0100001 2
47 0010000 1
50 0000000 a match 0 1 2 5
61 0011000 2
72 1000101 3

04 0100011 3
15 1000100 2
26 0100010 2
37 0101000 2
40 0010100 2
51 0000000 a match 0 1 2 5
62 1011100 4
73 1000000 1 match 3 7

05 1000011 3
16 0100000 1 match 4
27 0100010 2
30 0001100 2
41 0010000 1
52 0000000 a match 0 1 2 5
63 1010000 2
74 0000001 1

06 0100011 3
17 0100000 1 match 4
20 0000000 a match 0 1 2 5
31 0001001 2
42 1010100 3
53 0000000 a match 0 1 2 5
64 0001000 1
75 1000101 3

07 0100010 2
10 0000100 1
21 0000010 1
32 0001101 3
43 1010000 2
54 0100000 1 match 4
65 1011100 4
76 0000001 1
[completion]
0 46 50 51 52 20 53
1 46 50 51 52 20 53
2 46 50 51 52 20 53
3 13 73
4 56 57 14 16 17 54
5 46 50 51 52 20 53
6 absent
7 13 73

Left
46 57y
50 61x
51 62x
52 63x
20 31x
53 64x
Best: 46: 1

Right
13 02x
73 62x
Best: 13: 1
