[category]
matching
[prompt]
In Alice's Wonderland, secret processing rules are used on text.

x: not matched anywhere
y: matched but wrong position

0 0000000 a
1 1100010 3
2 1010001 3
3 0011011 4
4 0011000 2
5 0000011 2
6 1000001 2
7 1011111 6

01 10 0000001 1
12 21 1000001 2 match 6
23 32 0011100 3
34 43 0001100 2
45 54 0101000 2
56 65 0111001 4
67 76 0000000 a match 0
70 07 0000000 a match 0

02 20 0000011 2 match 5
13 31 0000000 a match 0
24 42 1001110 4
35 53 0011000 2 match 4
46 64 0101010 3
57 75 0000000 a match 0
60 06 0000011 2 match 5
71 17 0000000 a match 0

03 30 0000000 a match 0
14 41 1000000 1
25 52 0011001 3
36 63 0011000 2 match 4
47 74 0000000 a match 0
50 05 0000001 1
61 16 0000001 1
72 27 0000000 a match 0

04 40 0000010 1
15 51 0000001 1
26 62 0011011 4 match 3
37 73 0000000 a match 0
[completion]
0 67 76 70 07 13 31 57 75 71 17 03 30 47 74 72 27 37 73
1 absent
2 absent
3 26 62
4 35 53 36 63
5 02 20 60 06
6 12 21
7 absent

Left
67 70y
76 07y
70 01x
07 10x
13 24x
31 42x
57 60y
75 06y
71 02y
17 20y
03 14x
30 41x
47 50x
74 05x
72 03y
27 30y
37 40x
73 04x
Best: 67: 1

Right
none
Best: none
