[category]
matching
[prompt]
In Alice's Wonderland, secret processing rules are used on text.

x: not matched anywhere
y: matched but wrong position

0 1000000 1
1 1000000 1
2 0100100 2
3 0100011 3
4 1110010 4
5 1111111 a
6 1111111 a
7 1111111 a

01 1101001 4
12 0111011 5
23 0111110 5
34 1000000 1 match 0 1
45 1000000 1 match 0 1
56 0100100 2 match 2
67 0100011 3 match 3
70 1101011 5

02 0101101 4
13 1111010 5
24 0000001 1
35 1111111 a match 5 6 7
46 0011011 4
57 1111000 4
60 0110111 5
71 1111101 6

03 1101100 4
14 1000101 3
25 0111110 5
36 0100100 2 match 2
47 1000111 4
50 1101100 4
61 0100001 2
72 0111001 4

04 1010011 4
15 1111010 5
26 1100101 4
37 1111000 4
40 1010011 4
51 1111010 5
62 1100101 4
73 1111000 4

05 1101100 4
16 0100001 2
27 0111001 4
30 1101100 4
41 1000101 3
52 0111110 5
63 0100100 2 match 2
74 1000111 4

06 0110111 5
17 1111101 6
20 0101101 4
31 1111010 5
42 0000001 1
53 1111111 a match 5 6 7
64 0011011 4
75 1111000 4

07 1101011 5
10 1101001 4
21 0111011 5
32 0111110 5
43 1000000 1 match 0 1
54 1000000 1 match 0 1
65 0100100 2 match 2
76 0100011 3 match 3
[completion]
0 34 45 43 54
1 34 45 43 54
2 56 36 63 65
3 67 76
4 absent
5 35 53
6 35 53
7 35 53

Left
34 45 56 67 70x
45 56y
43 54 65 76 07x
54 65y
Best: 34 45 56 67: 4

Right
35 24x
53 42x
Best: 35: 1
