[category]
matching
[prompt]
In Alice's Wonderland, secret processing rules are used on text.

x: not matched anywhere
y: matched but wrong position

0 1010001 3
1 1100000 2
2 0111010 4
3 0111010 4
4 1011101 5
5 1010001 3
6 1101001 4
7 1000111 4

01 1010001 3 match 0 5
12 0001110 3
23 1000010 2
34 0010011 3
45 1110011 5
56 1001001 3
67 1110011 5
70 1000111 4 match 7

02 0100000 1
13 0110011 4
24 0101110 4
35 0011111 5
46 1000101 3
57 1000101 3
60 1001011 4
71 1101001 4 match 6

03 0011101 4
14 1011111 6
25 0100010 2
36 0101001 3
47 1001001 3
50 1111101 6
61 1100101 4
72 0011000 2

04 1110001 4
15 1010011 4
26 0010100 2
37 0100101 3
40 1110001 4
51 1010011 4
62 0010100 2
73 0100101 3

05 1111101 6
16 1100101 4
27 0011000 2
30 0011101 4
41 1011111 6
52 0100010 2
63 0101001 3
74 1001001 3

06 1001011 4
17 1101001 4 match 6
20 0100000 1
31 0110011 4
42 0101110 4
53 0011111 5
64 1000101 3
75 1000101 3

07 1000111 4 match 7
10 1010001 3 match 0 5
21 0001110 3
32 1000010 2
43 0010011 3
54 1110011 5
65 1001001 3
76 1110011 5
[completion]
0 01 10
1 absent
2 absent
3 absent
4 absent
5 01 10
6 71 17
7 70 07

Left
01 12x
10 21x
Best: 01: 1

Right
70 67x
07 76x
Best: 70: 1
