[category]
matching
[prompt]
In Alice's Wonderland, secret processing rules are used on text.

x: not matched anywhere
y: matched but wrong position

0 010010000 2
1 111001011 6
2 100111110 6
3 111111111 a
4 100111111 7
5 110111000 5
6 110010111 6
7 011011101 6

01 100110000 3
12 100111011 6
23 001010100 3
34 001100000 2
45 010100001 3
56 001010001 3
67 010010011 4
70 001011100 4

02 111110100 6
13 010010000 2 match 0
24 111001011 6 match 1
35 100111110 6 match 2
46 100001111 5
57 100111101 6
60 100110000 3
71 010010011 4

03 001011111 6
14 100001111 5
25 010010101 4
36 010010000 2 match 0
47 001100011 4
50 010011110 5
61 111111111 a match 3
72 001010111 5

04 111000000 3
15 001010001 3
26 100111011 6
37 111111100 7
40 111000000 3
51 001010001 3
62 100111011 6
73 111111100 7

05 010011110 5
16 111111111 a match 3
27 001010111 5
30 001011111 6
41 100001111 5
52 010010101 4
63 010010000 2 match 0
74 001100011 4

06 100110000 3
17 010010011 4
20 111110100 6
31 010010000 2 match 0
42 111001011 6 match 1
53 100111110 6 match 2
64 100001111 5
75 100111101 6

07 001011100 4
10 100110000 3
21 100111011 6
32 001010100 3
43 001100000 2
54 010100001 3
65 001010001 3
76 010010011 4
[completion]
0 13 36 63 31
1 24 42
2 35 53
3 61 16
4 absent
5 absent
6 absent
7 absent

Left
13 24 35 46x
36 47x
63 74x
31 42 53 64x
Best: 13 24 35: 3

Right
none
Best: none
