[category]
matching
[prompt]
In Alice's Wonderland, secret processing rules are used on text.

x: not matched anywhere
y: matched but wrong position

0 1000011 3
1 0001001 2
2 0101110 4
3 0000100 1
4 1000110 3
5 1000010 2
6 0011010 3
7 1010000 2

01 10 1011010 4
12 21 1010011 4
23 32 1001011 4
34 43 0101111 5
45 54 0101110 4 match 2
56 65 1000110 3 match 4
67 76 1000110 3 match 4
70 07 1011010 4

02 20 1011011 5
13 31 1011001 4
24 42 1101111 6
35 53 0001101 3
46 64 1101110 5
57 75 1000110 3 match 4
60 06 1011110 5
71 17 1010010 3

03 30 0011011 4
14 41 1111110 6
25 52 1000111 4
36 63 1001111 5
47 74 1101110 5
50 05 0011110 4
61 16 1010110 4
72 27 1000011 3 match 0

04 40 0111110 5
15 51 1010100 3
26 62 1000111 4
37 73 1001011 4
[completion]
0 72 27
1 absent
2 45 54
3 absent
4 56 65 67 76 57 75
5 absent
6 absent
7 absent

Left
72 03x
27 30x
Best: 72: 1

Right
none
Best: none
