[category]
matching
[prompt]
In Alice's Wonderland, secret processing rules are used on text.

x: not matched anywhere
y: matched but wrong position

0 0011011111 7
1 1111100010 6
2 0100011110 5
3 0110001111 6
4 0011111001 6
5 1111010001 6
6 1100000110 4
7 0011011111 7

01 1011110111 8
12 1110001111 7
23 0011111111 8
34 1111111001 8
45 1100100110 5
56 0011011111 7 match 0 7
67 1111100110 7
70 1111111001 8

02 1110100111 7
13 0110101111 7
24 0011111001 6 match 4
35 1111110001 7
46 1100011111 7
57 1011011111 8
60 1111111010 8
71 1111111001 8

03 0010101111 6
14 0111111111 9
25 1111111001 8
36 1111011101 8
47 1101000110 5
50 1111011111 9
61 1111110010 7
72 1110111111 9

04 0011111111 8
15 1110101111 8
26 0011111101 7
37 1111010111 8
40 1101011110 7
51 1011111111 9
62 1111100110 7
73 0110111111 8

05 1110100111 7
16 0110011111 7
27 1011111111 9
30 1111011001 7
41 1101110110 7
52 1111011111 9
63 1111101110 8
74 0111111001 7

06 0010111111 7
17 1111001111 8
20 1111111001 8
31 1111110001 7
42 1100000110 4 match 6
53 0011111111 8
64 1111111011 9
75 1110111001 7

07 1011100111 7
10 1111011111 9
21 1011111001 7
32 1111010111 8
43 1100101110 6
54 0011111111 8
65 1111100010 6 match 1
76 0110111101 7
[completion]
0 56
1 65
2 absent
3 absent
4 24
5 absent
6 42
7 56

Left
56 67x
Best: 56: 1

Right
56 45x
Best: 56: 1
