[category]
matching
[prompt]
In Alice's Wonderland, secret processing rules are used on text.

x: not matched anywhere
y: matched but wrong position

0 1111001010 6
1 0101011001 5
2 0010110101 5
3 1011100110 6
4 0111101101 7
5 1101111111 9
6 1110011010 6
7 1111011111 9

01 0010110001 4
12 0110101010 5
23 1010111000 5
34 1100101000 4
45 1101000101 5
56 0101101000 4
67 0101011101 6
70 1111111011 9

02 1011100100 5
13 0011101101 6
24 1001101111 7
35 1110010010 5
46 0111010010 5
57 1111001010 6 match 0
60 0101011001 5 match 1
71 0010110101 5 match 2

03 1110100011 6
14 0000111010 4
25 1011010101 6
36 0100000101 3
47 1101110000 5
50 1111001110 7
61 1000010111 5
72 1011100000 4

04 1101110100 6
15 0010000000 1
26 0001000010 2
37 1110100111 7
40 1101110100 6
51 0010000000 1
62 0001000010 2
73 1110100111 7

05 1111001110 7
16 1000010111 5
27 1011100000 4
30 1110100011 6
41 0000111010 4
52 1011010101 6
63 0100000101 3
74 1101110000 5

06 0101011001 5 match 1
17 0010110101 5 match 2
20 1011100100 5
31 0011101101 6
42 1001101111 7
53 1110010010 5
64 0111010010 5
75 1111001010 6 match 0

07 1111111011 9
10 0010110001 4
21 0110101010 5
32 1010111000 5
43 1100101000 4
54 1101000101 5
65 0101101000 4
76 0101011101 6
[completion]
0 57 75
1 60 06
2 71 17
3 absent
4 absent
5 absent
6 absent
7 absent

Left
57 60 71 02x
75 06 17 20x
Best: 57 60 71: 3

Right
none
Best: none
