[category]
matching
[prompt]
In Alice's Wonderland, secret processing rules are used on text.

x: not matched anywhere
y: matched but wrong position

0 101011101 6
1 010101110 5
2 010011111 6
3 010010011 4
4 111000111 6
5 111110001 6
6 111111011 8
7 111011110 7

01 010011010 4
12 100100100 3
23 100010111 5
34 110110101 6
45 011100100 4
56 110000100 3
67 011101000 4
70 010010100 3

02 001000001 2
13 111001100 5
24 101011101 6 match 0
35 010101110 5 match 1
46 010011111 6 match 2
57 010010011 4 match 3
60 110000011 4
71 111110001 6 match 5

03 010101001 4
14 110000110 4
25 001000110 3
36 011010101 5
47 110001000 3
50 111111000 6
61 011100110 5
72 100101010 4

04 011100011 5
15 010011101 5
26 000111101 5
37 111000010 4
40 011100011 5
51 010011101 5
62 000111101 5
73 111000010 4

05 111111000 6
16 011100110 5
27 100101010 4
30 010101001 4
41 110000110 4
52 001000110 3
63 011010101 5
74 110001000 3

06 110000011 4
17 111110001 6 match 5
20 001000001 2
31 111001100 5
42 101011101 6 match 0
53 010101110 5 match 1
64 010011111 6 match 2
75 010010011 4 match 3

07 010010100 3
10 010011010 4
21 100100100 3
32 100010111 5
43 110110101 6
54 011100100 4
65 110000100 3
76 011101000 4
[completion]
0 24 42
1 35 53
2 46 64
3 57 75
4 absent
5 71 17
6 absent
7 absent

Left
24 35 46 57 60x
42 53 64 75 06x
Best: 24 35 46 57: 4

Right
none
Best: none
