[category]
matching
[prompt]
In Alice's Wonderland, secret processing rules are used on text.

x: not matched anywhere
y: matched but wrong position

0 01001010 3
1 01011110 5
2 11000110 4
3 00100011 3
4 11000001 3
5 00111000 3
6 01001010 3
7 01011110 5

01 10 11111001 6
12 21 11101001 5
23 32 11111001 6
34 43 01111010 5
45 54 01011110 5 match 1 7
56 65 01011110 5 match 1 7
67 76 00011110 4
70 07 11011010 5

02 20 11010001 4
13 31 00111001 4
24 42 11001011 5
35 53 01111110 6
46 64 01011110 5 match 1 7
57 75 01011110 5 match 1 7
60 06 11010110 5
71 17 00101011 4

03 30 11111000 5
14 41 01101011 5
25 52 11011111 7
36 63 00111110 5
47 74 01001010 3 match 0 6
50 05 11011110 6
61 16 00111111 6
72 27 11001011 5

04 40 11011010 5
15 51 01111111 7
26 62 11010111 6
37 73 00111010 4
[completion]
0 47 74
1 45 54 56 65 46 64 57 75
2 absent
3 absent
4 absent
5 absent
6 47 74
7 45 54 56 65 46 64 57 75

Left
47 50x
74 05x
Best: 47: 1

Right
45 34x
54 43x
56 45y
65 54y
46 35x
64 53x
57 46y
75 64y
Best: 45: 1
