[category]
matching
[prompt]
In Alice's Wonderland, secret processing rules are used on text.

x: not matched anywhere
y: matched but wrong position

0 0010000 1
1 0000101 2
2 1001011 4
3 0000101 2
4 0000001 1
5 1001111 5
6 0110001 3
7 0000000 a

01 0000100 1
12 1111010 5
23 0000100 1
34 0000000 a match 7
45 1001110 4
56 0010001 2
67 1101000 3
70 0010000 1 match 0

02 0001010 2
13 0110000 2
24 0000000 a match 7
35 1001010 3
46 0010111 4
57 0100001 2
60 1100000 2
71 0000100 1

03 0000100 1
14 0100000 1
25 0000100 1
36 0000011 2
47 1001011 4 match 2
50 0110000 2
61 0000000 a match 7
72 0010000 1 match 0

04 0000000 a match 7
15 1001010 3
26 0000101 2 match 1 3
37 1001011 4 match 2
40 1010000 2
51 0000000 a match 7
62 1101000 3
73 0010100 2

05 0001110 3
16 0010011 3
27 0000001 1 match 4
30 1000000 1
41 0000100 1
52 0110000 2
63 0100000 1
74 0000000 a match 7

06 0000111 3
17 1101011 5
20 0000000 a match 7
31 0000000 a match 7
42 1011010 4
53 0110000 2
64 0100000 1
75 0000100 1

07 0001011 3
10 1110000 3
21 0000100 1
32 1001010 3
43 0010100 2
54 0100000 1
65 1001000 2
76 0010100 2
[completion]
0 70 72
1 26
2 47 37
3 26
4 27
5 absent
6 absent
7 34 24 61 04 51 74 20 31

Left
70 01x
72 03x
Best: 70: 1

Right
34 23x
24 13x
61 50x
04 73x
51 40x
74 63x
20 17x
31 20y
Best: 34: 1
