[category]
matching
[prompt]
In Alice's Wonderland, secret processing rules are used on text.

x: not matched anywhere
y: matched but wrong position

0 00110111 5
1 01110000 3
2 11111101 7
3 11101110 6
4 01111111 7
5 11000111 5
6 11010111 6
7 01011001 4

01 11111001 6
12 11100111 6
23 00111110 5
34 11101111 7
45 11110111 7
56 01101011 5
67 10010100 3
70 11111111 a

02 11101001 5
13 10111110 6
24 00111111 6
35 11110111 7
46 11111111 a
57 01001000 2
60 10010111 5
71 11111111 a

03 11111000 5
14 10101111 6
25 10111111 7
36 11101111 7
47 11010110 5
50 01011111 6
61 11011101 6
72 11111111 a

04 11101001 5
15 10110111 6
26 01111111 7 match 4
37 11000111 5 match 5
40 11010111 6 match 6
51 01011001 4 match 7
62 11110101 6
73 11111111 a

05 11111111 a
16 11101111 7
27 00011110 4
30 11010111 6 match 6
41 11011111 7
52 11101001 5
63 10111100 5
74 11111111 a

06 11101011 6
17 10100110 4
20 00011111 5
31 11011111 7
42 11110111 7
53 01111000 4
64 10111101 6
75 11111111 a

07 11101000 4
10 10110111 6
21 01011111 6
32 11100111 6
43 11111110 7
54 01101001 4
65 10110111 6
76 11111111 a
[completion]
0 absent
1 absent
2 absent
3 absent
4 26
5 37
6 40 30
7 51

Left
none
Best: none

Right
51 40 37 26 15x
Best: 51 40 37 26: 4
