[category]
matching
[prompt]
In Alice's Wonderland, secret processing rules are used on text.

x: not matched anywhere
y: matched but wrong position

0 10100010 3
1 00110011 4
2 01110011 5
3 11110011 6
4 11010111 6
5 11011101 6
6 10101111 6
7 11111110 7

01 10111111 7
12 01101110 5
23 10111011 6
34 11110110 6
45 01011101 5
56 10101111 6 match 6
67 11011111 7
70 11101110 6

02 01111111 7
13 01101011 5
24 11110011 6 match 3
35 11010101 5
46 00101101 4
57 11111111 a
60 11011110 6
71 10111111 7

03 00111011 5
14 11110010 5
25 11010011 5
36 11111101 7
47 01011101 5
50 11101110 6
61 11011111 7
72 11101110 6

04 11110011 6 match 3
15 01110011 5 match 2
26 10111111 7
37 11011101 6 match 5
40 11001101 5
51 10111111 7
62 11111110 7 match 7
73 10101011 5

05 01110011 5 match 2
16 01101111 6
27 11011111 7
30 11011100 5
41 10011101 5
52 11101110 6
63 11111011 7
74 11110010 5

06 00111111 6
17 01111111 7
20 11011111 7
31 11011101 6 match 5
42 01101101 5
53 10101111 6 match 6
64 11110010 5
75 11110011 6 match 3

07 01111111 7
10 11101110 6
21 10011111 6
32 11111100 6
43 00101111 5
54 11111110 7 match 7
65 11010011 5
76 10101111 6 match 6
[completion]
0 absent
1 absent
2 15 05
3 24 04 75
4 absent
5 37 31
6 56 53 76
7 62 54

Left
none
Best: none

Right
62 51x
54 43x
Best: 62: 1
