[category]
matching
[prompt]
In Alice's Wonderland, secret processing rules are used on text.

x: not matched anywhere
y: matched but wrong position

0 1010111 5
1 0011110 4
2 0001001 2
3 0000000 a
4 1001000 2
5 0101001 3
6 1011001 4
7 0111001 4

01 1011110 5
12 0101111 5
23 1011111 6
34 0111101 5
45 1101010 4
56 1110111 6
67 1111110 6
70 0111111 6

02 1101110 5
13 1101111 6
24 1011101 5
35 0111001 4 match 7
46 1101011 5
57 1110111 6
60 0111111 6
71 1011111 6

03 1001110 4
14 0111101 5
25 1111001 5
36 1111001 5
47 1111110 6
50 1110111 6
61 1011110 5
72 0101111 5

04 1011101 5
15 0101001 3 match 5
26 1111001 5
37 1111111 a
40 1111111 a
51 1010111 5 match 0
62 0111110 5
73 1001111 5

05 1101000 3
16 1101001 4
27 1111111 a
30 0111111 6
41 1111110 6
52 1110111 6
63 1011110 5
74 0011101 4

06 1101001 4
17 1111111 a
20 1111111 a
31 1111111 a
42 1101110 5
53 1010111 5 match 0
64 0011111 5
75 0101001 3 match 5

07 1111110 6
10 0111111 6
21 1011111 6
32 0111111 6
43 1101110 5
54 1010111 5 match 0
65 0111110 5
76 1101001 4
[completion]
0 51 53 54
1 absent
2 absent
3 absent
4 absent
5 15 75
6 absent
7 35

Left
51 62x
53 64x
54 65x
Best: 51: 1

Right
35 24x
Best: 35: 1
