[category]
matching
[prompt]
In Alice's Wonderland, secret processing rules are used on text.

x: not matched anywhere
y: matched but wrong position

0 0000000 a
1 1100010 3
2 1010001 3
3 0011011 4
4 0011000 2
5 0000011 2
6 1000001 2
7 1011111 6

01 10 1000011 3
12 21 1011111 6 match 7
23 32 1011111 6 match 7
34 43 1111110 6
45 54 1111111 a
56 65 0111011 5
67 76 0111011 5
70 07 0000011 2 match 5

02 20 1011111 6 match 7
13 31 1011101 5
24 42 1111111 a
35 53 0111101 5
46 64 1111111 a
57 75 0111001 4
60 06 0111011 5
71 17 1000001 2 match 6

03 30 0011111 5
14 41 1101111 6
25 52 1111111 a
36 63 0111111 6
47 74 1101110 5
50 05 0111011 5
61 16 1111011 6
72 27 1011111 6 match 7

04 40 1101111 6
15 51 1111001 5
26 62 1111111 a
37 73 0011100 3
[completion]
0 absent
1 absent
2 absent
3 absent
4 absent
5 70 07
6 71 17
7 12 21 23 32 02 20 72 27

Left
none
Best: none

Right
12 01x
21 10x
23 12y
32 21y
02 71 60x
20 17 06x
72 61x
27 16x
Best: 02 71: 2
