[category]
matching
[prompt]
In Alice's Wonderland, secret processing rules are used on text.

x: not matched anywhere
y: matched but wrong position

0 1011111000 6
1 0100100101 4
2 1100010011 5
3 0011111001 6
4 1110111110 8
5 1011101111 8
6 1111111110 9
7 0000100111 4

01 1001111111 8
12 0110111100 6
23 1011001111 7
34 1111111011 9
45 1011111110 8
56 0100100101 4 match 1
67 1111111011 9
70 1110110111 8

02 0101111101 7
13 0110011101 6
24 1111011011 8
35 1111111110 9 match 6
46 0000100110 3
57 0111101001 6
60 1111111111 a
71 1101110111 8

03 0001011101 5
14 1111011001 7
25 1011011111 8
36 1111111110 9 match 6
47 0011101110 6
50 1110100111 7
61 1111111111 a
72 1100110111 7

04 1111011001 7
15 1111011110 8
26 1011001111 7
37 1111111010 8
40 1110100110 6
51 1101100111 7
62 1111111111 a
73 1100010111 6

05 1011011111 8
16 0110011100 5
27 1011101011 7
30 1111111110 9 match 6
41 1001100111 6
52 0100110101 5
63 1111111111 a
74 1111011111 9

06 0001011101 5
17 0111111000 6
20 1111101111 9
31 1111111111 a
42 0100110110 5
53 0100100101 4 match 1
64 1111111011 9
75 1111011111 9

07 0011111001 6 match 3
10 1110111110 8 match 4
21 1011101111 8 match 5
32 1111111110 9 match 6
43 0000100111 4 match 7
54 1111111001 8
65 1111111111 a
76 1100010111 6
[completion]
0 absent
1 56 53
2 absent
3 07
4 10
5 21
6 35 36 30 32
7 43

Left
none
Best: none

Right
43 32 21 10 07 76x
Best: 43 32 21 10 07: 5
