[category]
matching
[prompt]
In Alice's Wonderland, secret processing rules are used on text.

x: not matched anywhere
y: matched but wrong position

0 1011100000 4
1 0001010111 5
2 1110111011 8
3 1100111011 7
4 1101111111 9
5 1101111101 8
6 1101111101 8
7 1011101100 6

01 1111111111 a
12 1010110010 5
23 1111011111 9
34 0110110011 6
45 1101111111 9 match 4
56 1111101000 6
67 0001111111 7
70 1111000101 6

02 1110111011 8 match 2
13 1011111110 8
24 1111011111 9
35 0100111111 7
46 1111101100 7
57 1011111110 8
60 0011010111 6
71 1111001101 7

03 1111111111 a
14 1110110011 7
25 1101011111 8
36 1110111001 7
47 1001111110 7
50 1011100100 5
61 0111011111 8
72 1110100011 6

04 1110111011 8 match 2
15 1100111111 8
26 1111111101 9
37 0101111111 8
40 1011101100 6 match 7
51 1111101101 8
62 0011110111 7
73 1111001111 8

05 1100111111 8
16 1110111010 7
27 1101111111 9 match 4
30 0111110101 7
41 1111101101 8
52 1011100010 5
63 1011011111 8
74 1110010011 6

06 1110111011 8 match 2
17 1001111110 7
20 1111011101 8
31 0111111101 8
42 1011101110 7
53 1011101110 7
64 0111010111 7
75 1110011111 8

07 1101111111 9 match 4
10 1011110110 7
21 1111011101 8
32 0110110011 6
43 1011101110 7
54 1111110011 8
65 0101011111 7
76 1110101001 6
[completion]
0 absent
1 absent
2 02 04 06
3 absent
4 45 27 07
5 absent
6 absent
7 40

Left
none
Best: none

Right
40 37x
Best: 40: 1
