[category]
matching
[prompt]
In Alice's Wonderland, secret processing rules are used on text.

x: not matched anywhere
y: matched but wrong position

0 00000010 1
1 00101000 2
2 10010100 3
3 10001011 4
4 10101101 5
5 00000100 1
6 01101001 4
7 11000100 3

01 10 11111101 7
12 21 10011111 6
23 32 10101111 6
34 43 10101101 5 match 4
45 54 01101101 5
56 65 11101101 6
67 76 11000111 5
70 07 11101111 7

02 20 11101111 7
13 31 10111101 6
24 42 10001111 5
35 53 11101101 6
46 64 11000100 3 match 7
57 75 01101011 5
60 06 11101100 5
71 17 10010111 5

03 30 11101101 6
14 41 10010101 4
25 52 11101011 6
36 63 11101101 6
47 74 00000111 3
50 05 11101101 6
61 16 11010101 5
72 27 10001011 4 match 3

04 40 11101100 5
15 51 11111101 7
26 62 11001111 6
37 73 10101111 6
[completion]
0 absent
1 absent
2 absent
3 72 27
4 34 43
5 absent
6 absent
7 46 64

Left
none
Best: none

Right
46 35x
64 53x
Best: 46: 1
