[category]
matching
[prompt]
In Alice's Wonderland, secret processing rules are used on text.

x: not matched anywhere
y: matched but wrong position

0 10110000 3
1 00010000 1
2 00000000 a
3 00000000 a
4 00000000 a
5 00000000 a
6 00000000 a
7 00000000 a

01 10000000 1
12 01000000 1
23 00010011 3
34 01001000 2
45 10100100 3
56 01000000 1
67 00000010 1
70 00101001 3

02 01000000 1
13 00010011 3
24 00001011 3
35 10101000 3
46 00000100 1
57 01000000 1
60 00101000 2
71 10001000 2

03 00010010 2
14 01000011 3
25 10101011 5
36 01000000 1
47 00000100 1
50 00000000 a match 2 3 4 5 6 7
61 10001000 2
72 00000000 a match 2 3 4 5 6 7

04 01000010 2
15 00100011 3
26 00000001 1
37 01000000 1
40 00100100 2
51 00000000 a match 2 3 4 5 6 7
62 00000000 a match 2 3 4 5 6 7
73 00010001 2

05 10000010 2
16 01000001 2
27 00000010 1
30 00101000 2
41 10000100 2
52 01000000 1
63 00010010 2
74 00001001 2

06 01000000 1
17 01000010 2
20 00101001 3
31 10001000 2
42 00000100 1
53 00010000 1 match 1
64 00001010 2
75 10101001 4

07 01000010 2
10 00100001 2
21 10001000 2
32 01000000 1
43 00010100 2
54 01000000 1
65 10101010 4
76 00000001 1
[completion]
0 absent
1 53
2 50 72 51 62
3 50 72 51 62
4 50 72 51 62
5 50 72 51 62
6 50 72 51 62
7 50 72 51 62

Left
none
Best: none

Right
50 47x
72 61x
51 40x
62 51 40x
Best: 62 51: 2
