[category]
matching
[prompt]
In Alice's Wonderland, secret processing rules are used on text.

x: not matched anywhere
y: matched but wrong position

0 01010111 5
1 10110001 4
2 00000000 a
3 00000000 a
4 00000000 a
5 00000000 a
6 00000000 a
7 11100010 4

01 11111110 7
12 00001110 3
23 01000001 2
34 01000100 2
45 01101001 4
56 00101001 3
67 00011001 3
70 10101100 4

02 00001111 4
13 10110000 3
24 11111010 6
35 11010010 4
46 10111111 7
57 11001111 6
60 01001010 3
71 10101101 5

03 10110001 4 match 1
14 00001011 3
25 01101100 4
36 00000100 1
47 01011001 4
50 10011100 4
61 01001011 4
72 01011100 4

04 00001010 2
15 10011101 5
26 10111010 5
37 11100010 4 match 7
40 00001010 2
51 10011101 5
62 10111010 5
73 11100010 4 match 7

05 10011100 4
16 01001011 4
27 01011100 4
30 10110001 4 match 1
41 00001011 3
52 01101100 4
63 00000100 1
74 01011001 4

06 01001010 3
17 10101101 5
20 00001111 4
31 10110000 3
42 11111010 6
53 11010010 4
64 10111111 7
75 11001111 6

07 10101100 4
10 11111110 7
21 00001110 3
32 01000001 2
43 01000100 2
54 01101001 4
65 00101001 3
76 00011001 3
[completion]
0 absent
1 03 30
2 absent
3 absent
4 absent
5 absent
6 absent
7 37 73

Left
none
Best: none

Right
37 26x
73 62x
Best: 37: 1
