[category]
matching
[prompt]
In Alice's Wonderland, secret processing rules are used on text.

x: not matched anywhere
y: matched but wrong position

0 00010111 4
1 00000000 a
2 00000000 a
3 00000000 a
4 00000000 a
5 00110101 4
6 01110000 3
7 01111110 6

01 10111111 7
12 11110001 5
23 01111111 7
34 10111010 5
45 11100101 5
56 11111011 7
67 11101100 5
70 11011111 7

02 10110101 5
13 01110101 5
24 01111110 6 match 7
35 10111110 6
46 11110111 7
57 11111011 7
60 11001110 5
71 10011111 6

03 01110101 5
14 01111010 5
25 01111110 6 match 7
36 10111011 6
47 11101101 6
50 11111011 7
61 11001111 6
72 10010111 5

04 00111111 6
15 01110100 4
26 01111111 7
37 11111010 6
40 11101111 7
51 11111111 a
62 11001101 5
73 01010111 5

05 00110101 4 match 5
16 01110011 5
27 11111110 7
30 11111010 6
41 11101111 7
52 11111011 7
63 11001101 5
74 00011111 5

06 00110111 5
17 11111000 5
20 11111110 7
31 10111111 7
42 11100101 5
53 11111111 a
64 11011110 6
75 00010111 4 match 0

07 11111101 7
10 11111010 6
21 11111111 a
32 10111011 6
43 11100101 5
54 11111011 7
65 11001100 4
76 00110111 5
[completion]
0 75
1 absent
2 absent
3 absent
4 absent
5 05
6 absent
7 24 25

Left
75 06x
Best: 75: 1

Right
24 13x
25 14x
Best: 24: 1
