[category]
matching
[prompt]
In Alice's Wonderland, secret processing rules are used on text.

x: not matched anywhere
y: matched but wrong position

0 01010110 4
1 01000000 1
2 10100111 5
3 00110100 3
4 01001101 4
5 11111111 a
6 10011010 4
7 01001110 4

01 11101111 7
12 10110110 5
23 01001101 4 match 4
34 11111111 a match 5
45 10111011 6
56 11101111 7
67 11111111 a match 5
70 01011000 3

02 10110111 6
13 00110100 3 match 3
24 01101101 5
35 11111111 a match 5
46 10111011 6
57 11111111 a match 5
60 01011110 5
71 11001011 5

03 10100111 5 match 2
14 01110101 5
25 11111101 7
36 11111111 a match 5
47 10111111 7
50 01011110 5
61 11011111 7
72 11110010 5

04 11100111 6
15 10110101 5
26 11101101 6
37 11111111 a match 5
40 11011010 5
51 11001111 6
62 11110110 6
73 01000000 1 match 1

05 10110111 6
16 10111101 6
27 11111111 a match 5
30 11111111 a match 5
41 11011011 6
52 11111110 7
63 01010110 4 match 0
74 01100101 4

06 10101111 6
17 10111111 7
20 01011101 5
31 11111111 a match 5
42 10111010 5
53 01001110 4 match 7
64 01110111 6
75 11110001 5

07 10111111 7
10 01111100 5
21 11001111 6
32 11111111 a match 5
43 10011010 4 match 6
54 01101111 6
65 11110111 7
76 11101001 5
[completion]
0 63
1 73
2 03
3 13
4 23
5 34 67 35 57 36 37 27 30 31 32
6 43
7 53

Left
63 74x
Best: 63: 1

Right
53 42x
Best: 53: 1
