[category]
matching
[prompt]
In Alice's Wonderland, secret processing rules are used on text.

x: not matched anywhere
y: matched but wrong position

0 10100011 4
1 01001100 3
2 01000000 1
3 01001100 3
4 11010101 5
5 10000111 4
6 01001000 2
7 11101100 5

01 01010000 2
12 10000111 4 match 5
23 00000000 a
34 00001100 2
45 10100011 4 match 0
56 00001100 2
67 00000000 a
70 00001000 1

02 10010101 4
13 00000011 2
24 00001000 1
35 10100000 2
46 10100011 4 match 0
57 00000000 a
60 00000000 a
71 01001000 2 match 6

03 00010001 2
14 00000100 1
25 00000000 a
36 10101100 4
47 10100011 4 match 0
50 00001000 1
61 01000000 1 match 2
72 00000100 1

04 00010100 2
15 10000011 3
26 00001000 1
37 10100000 2
40 00100010 2
51 01001000 2 match 6
62 00000000 a
73 00000000 a

05 10010001 3
16 10000111 4 match 5
27 00000000 a
30 00101000 2
41 01100000 2
52 00000100 1
63 00000000 a
74 00001100 2

06 10010101 4
17 10000011 3
20 00001000 1
31 01101000 3
42 10100011 4 match 0
53 00000000 a
64 00000000 a
75 00000000 a

07 10010001 3
10 00000010 1
21 01001000 2 match 6
32 10100100 3
43 00000011 2
54 00001100 2
65 00000000 a
76 00001100 2
[completion]
0 45 46 47 42
1 absent
2 61
3 absent
4 absent
5 12 16
6 71 51 21
7 absent

Left
45 56x
46 57x
47 50x
42 53x
Best: 45: 1

Right
none
Best: none
