[category]
matching
[prompt]
In Alice's Wonderland, secret processing rules are used on text.

x: not matched anywhere
y: matched but wrong position

0 11010111 6
1 10110101 5
2 10110110 5
3 01101011 5
4 10100010 3
5 01001111 5
6 00010101 3
7 00101000 2

01 00010101 3 match 6
12 00001000 1
23 00000101 2
34 01001000 2
45 10010100 3
56 01001001 3
67 10100000 2
70 01001010 3

02 00000000 a
13 00000000 a
24 01000001 2
35 10010000 2
46 00010100 2
57 00100000 1
60 10100010 3 match 4
71 01000111 4

03 00000101 2
14 00001000 1
25 00010100 2
36 01011000 3
47 10110000 3
50 01101010 4
61 10000010 2
72 00001010 2

04 00000001 1
15 00000000 a
26 01010101 4
37 10110000 3
40 10100010 3 match 4
51 01000011 3
62 10000010 2
73 00000101 2

05 00010100 2
16 00001000 1
27 00110000 2
30 11101010 5
41 10010110 4
52 00001010 2
63 00000000 a
74 01001001 3

06 00010101 3 match 6
17 00100000 1
20 01100000 2
31 11010010 4
42 10000010 2
53 00000001 1
64 00000000 a
75 00000100 1

07 00010000 1
10 00101000 2 match 7
21 01010101 4
32 10001010 3
43 00000100 1
54 01001001 3
65 10000000 1
76 01001101 4
[completion]
0 absent
1 absent
2 absent
3 absent
4 60 40
5 absent
6 01 06
7 10

Left
none
Best: none

Right
10 07x
Best: 10: 1
