[category]
matching
[prompt]
In Alice's Wonderland, secret processing rules are used on text.

x: not matched anywhere
y: matched but wrong position

0 0110001 3
1 0100100 2
2 1000100 2
3 0010000 1
4 0110000 2
5 0100000 1
6 0000000 a
7 0000000 a

01 0111000 3
12 0110001 3 match 0
23 0100110 3
34 1000100 2 match 2
45 0010000 1 match 3
56 1110011 5
67 1101000 3
70 1100000 2

02 1110110 5
13 1101000 3
24 0011101 4
35 0101011 4
46 0011100 3
57 1100100 3
60 1110111 6
71 0100111 4

03 0101111 5
14 1010011 4
25 1110010 4
36 0100111 4
47 0001011 3
50 1111011 6
61 0110000 2 match 4
72 1101001 4

04 0010100 2
15 0111100 4
26 1111110 6
37 0110000 2 match 4
40 0010100 2
51 0111100 4
62 1111110 6
73 0110000 2 match 4

05 1111011 6
16 0110000 2 match 4
27 1101001 4
30 0101111 5
41 1010011 4
52 1110010 4
63 0100111 4
74 0001011 3

06 1110111 6
17 0100111 4
20 1110110 5
31 1101000 3
42 0011101 4
53 0101011 4
64 0011100 3
75 1100100 3

07 1100000 2
10 0111000 3
21 0110001 3 match 0
32 0100110 3
43 1000100 2 match 2
54 0010000 1 match 3
65 1110011 5
76 1101000 3
[completion]
0 12 21
1 absent
2 34 43
3 45 54
4 61 37 73 16
5 absent
6 absent
7 absent

Left
12 23x
21 32x
Best: 12: 1

Right
none
Best: none
