[category]
matching
[prompt]
In Alice's Wonderland, secret processing rules are used on text.

x: not matched anywhere
y: matched but wrong position

0 1110110 5
1 1110111 6
2 1111111 a
3 1111111 a
4 1111111 a
5 1111111 a
6 1111111 a
7 1111111 a

01 0001010 2
12 1010011 4
23 0010101 3
34 0011110 4
45 1001110 4
56 1101100 4
67 1110110 5 match 0
70 0000110 2

02 0100110 3
13 0111001 4
24 1110100 4
35 0101111 5
46 1011101 5
57 1100101 4
60 0001111 4
71 1110011 5

03 1001100 3
14 1011000 3
25 1000101 3
36 0111100 4
47 1010100 3
50 0011100 3
61 1111010 5
72 1011111 6

04 0101101 4
15 1101001 4
26 1010110 4
37 0110101 4
40 0101101 4
51 1101001 4
62 1010110 4
73 0110101 4

05 0011100 3
16 1111010 5
27 1011111 6
30 1001100 3
41 1011000 3
52 1000101 3
63 0111100 4
74 1010100 3

06 0001111 4
17 1110011 5
20 0100110 3
31 0111001 4
42 1110100 4
53 0101111 5
64 1011101 5
75 1100101 4

07 0000110 2
10 0001010 2
21 1010011 4
32 0010101 3
43 0011110 4
54 1001110 4
65 1101100 4
76 1110110 5 match 0
[completion]
0 67 76
1 absent
2 absent
3 absent
4 absent
5 absent
6 absent
7 absent

Left
67 70x
76 07x
Best: 67: 1

Right
none
Best: none
