[category]
matching
[prompt]
In Alice's Wonderland, secret processing rules are used on text.

x: not matched anywhere
y: matched but wrong position

0 11001111 6
1 00000000 a
2 00000000 a
3 10101011 5
4 01001000 2
5 11111101 7
6 01100110 4
7 10011000 3

01 10100011 4
12 00000000 a match 1 2
23 10011001 4
34 01100110 4 match 6
45 10010000 2
56 01001110 4
67 00100000 1
70 01000100 2

02 00000010 1
13 00001000 1
24 01100101 4
35 00100000 1
46 10011000 3 match 7
57 00000000 a match 1 2
60 00000000 a match 1 2
71 10000111 4

03 10001001 3
14 01000000 1
25 10110001 4
36 01000110 3
47 00010000 1
50 01000100 2
61 00100000 1
72 00000010 1

04 00100011 3
15 00000000 a match 1 2
26 11011101 6
37 00100000 1
40 00010000 1
51 00000110 2
62 00000000 a match 1 2
73 10001001 3

05 10100001 3
16 01001000 2 match 4
27 00110000 2
30 01000100 2
41 10010000 2
52 00000010 1
63 00000000 a match 1 2
74 01000111 4

06 10001011 4
17 00000000 a match 1 2
20 01010100 3
31 00100110 3
42 00000000 a match 1 2
53 00001000 1
64 00100000 1
75 10000001 2

07 00100000 1
10 01000000 1
21 10110101 5
32 00000010 1
43 10011000 3 match 7
54 01000110 3
65 00100000 1
76 11001111 6 match 0
[completion]
0 76
1 12 57 60 15 62 63 17 42
2 12 57 60 15 62 63 17 42
3 absent
4 16
5 absent
6 34
7 46 43

Left
76 07x
Best: 76: 1

Right
46 35x
43 32x
Best: 46: 1
