[category]
matching
[prompt]
In Alice's Wonderland, secret processing rules are used on text.

x: not matched anywhere
y: matched but wrong position

0 1000001011 4
1 0001010000 2
2 1101111010 7
3 1110110010 6
4 0100000110 3
5 1001001011 5
6 1101011101 7
7 1001111111 8

01 1011111011 8
12 1111111110 9
23 1101000111 6
34 1011111011 8
45 1111111101 9
56 0111111110 8
67 1111110111 9
70 1110111110 8

02 1111111011 9
13 1101000110 5
24 1001000111 5
35 1011111001 7
46 1111111110 9
57 0111110111 8
60 1111110111 9
71 1010111011 7

03 1101001111 7
14 1101000111 6
25 1001011101 6
36 1011111111 9
47 1111111111 a
50 0111110110 7
61 1111111011 9
72 1110111010 7

04 1001001011 5 match 5
15 1101011101 7 match 6
26 1001111111 8 match 7
37 1111111111 a
40 1111111110 9
51 0111111111 9
62 1111111011 9
73 1100001110 5

05 1001011001 5
16 1101111110 8
27 1111110111 9
30 1111111111 a
41 1111111111 a
52 0111111110 8
63 1111000111 7
74 1000001011 4 match 0

06 1001111111 8 match 7
17 1111110111 9
20 1111110111 9
31 1011111011 8
42 1111111110 9
53 0111100110 6
64 1111000011 6
75 1000011001 4

07 1111111111 a
10 1111110110 8
21 1011111111 9
32 1111111011 9
43 1111111110 9
54 0111100111 7
65 1111011001 7
76 1000111110 6
[completion]
0 74
1 absent
2 absent
3 absent
4 absent
5 04
6 15
7 26 06

Left
74 05x
Best: 74: 1

Right
26 15 04 73x
06 75x
Best: 26 15 04: 3
