[category]
matching
[prompt]
In Alice's Wonderland, secret processing rules are used on text.

x: not matched anywhere
y: matched but wrong position

0 0110100 3
1 1110011 5
2 1011011 5
3 1011111 6
4 1011111 6
5 1111110 6
6 0111011 5
7 1110111 6

01 1001110 4
12 0101110 4
23 0011100 3
34 0101001 3
45 1100010 3
56 1101110 5
67 1110111 6 match 7
70 0101110 4

02 0011111 5
13 1001101 4
24 1001010 3
35 0110100 3 match 0
46 1110011 5 match 1
57 1100110 4
60 0100110 3
71 0011111 5

03 1111100 5
14 0011011 4
25 1010111 5
36 0100101 3
47 1111011 6
50 0110111 5
61 0010111 4
72 1001110 4

04 0101010 3
15 0000110 2
26 1000110 3
37 0101101 4
40 0101010 3
51 0000110 2
62 1000110 3
73 0101101 4

05 0110111 5
16 0010111 4
27 1001110 4
30 1111100 5
41 0011011 4
52 1010111 5
63 0100101 3
74 1111011 6

06 0100110 3
17 0011111 5
20 0011111 5
31 1001101 4
42 1001010 3
53 0110100 3 match 0
64 1110011 5 match 1
75 1100110 4

07 0101110 4
10 1001110 4
21 0101110 4
32 0011100 3
43 0101001 3
54 1100010 3
65 1101110 5
76 1110111 6 match 7
[completion]
0 35 53
1 46 64
2 absent
3 absent
4 absent
5 absent
6 absent
7 67 76

Left
35 46 57x
53 64 75x
Best: 35 46: 2

Right
67 56x
76 65x
Best: 67: 1
