[category]
matching
[prompt]
In Alice's Wonderland, secret processing rules are used on text.

x: not matched anywhere
y: matched but wrong position

0 0000000 a
1 0000000 a
2 0000000 a
3 1010001 3
4 1010100 3
5 0000100 1
6 1101111 6
7 1100101 4

01 0000001 1
12 1010000 2
23 0000000 a match 0 1 2
34 0001010 2
45 0000100 1 match 5
56 0000000 a match 0 1 2
67 1010001 3 match 3
70 0101110 4

02 1010001 3 match 3
13 0010000 1
24 0000000 a match 0 1 2
35 0001110 3
46 0000100 1 match 5
57 1010001 3 match 3
60 0100010 2
71 0101010 3

03 0010000 1
14 0010000 1
25 0000100 1 match 5
36 0001100 2
47 1000001 2
50 0100000 1
61 0100011 3
72 0101010 3

04 0010000 1
15 0000100 1 match 5
26 0000100 1 match 5
37 1000001 2
40 0100100 2
51 0100001 2
62 1110011 5
73 0000000 a match 0 1 2

05 0000000 a match 0 1 2
16 0000100 1 match 5
27 0000000 a match 0 1 2
30 0101110 4
41 0100001 2
52 1110001 4
63 0010000 1
74 0001010 2

06 0000000 a match 0 1 2
17 1010000 2
20 0000100 1 match 5
31 0101011 4
42 1100001 3
53 0010000 1
64 0010010 2
75 0001110 3

07 1010001 3 match 3
10 0000100 1 match 5
21 0000000 a match 0 1 2
32 1101011 5
43 0000000 a match 0 1 2
54 0010000 1
65 0000010 1
76 0001100 2
[completion]
0 23 56 24 73 05 27 06 21 43
1 23 56 24 73 05 27 06 21 43
2 23 56 24 73 05 27 06 21 43
3 67 02 57 07
4 absent
5 45 46 25 15 26 16 20 10
6 absent
7 absent

Left
23 34x
56 67y
24 35x
73 04x
05 16y
27 30x
06 17x
21 32x
43 54x
Best: 23: 1

Right
none
Best: none
