[category]
matching
[prompt]
In Alice's Wonderland, secret processing rules are used on text.

x: not matched anywhere
y: matched but wrong position

0 111110010 6
1 111001111 7
2 000100111 4
3 001110101 5
4 000100010 2
5 001100101 4
6 101011111 7
7 111110111 8

01 001101001 4
12 111110111 8 match 7
23 010111111 7
34 111111101 8
45 110101010 5
56 111111101 8
67 111011110 7
70 111111111 a

02 101101111 7
13 110110111 7
24 011111101 7
35 111111010 7
46 111101111 8
57 111011111 8
60 111111110 8
71 011101001 5

03 000101111 5
14 111110111 8 match 7
25 010111011 6
36 111111101 8
47 111011110 7
50 111111111 a
61 111111010 7
72 111101111 8

04 001111101 6
15 110110111 7
26 011111101 7
37 111011110 7
40 111111110 8
51 111111101 8
62 111111110 8
73 010101111 6

05 000101011 4
16 111110111 8 match 7
27 111011111 8
30 111111110 8
41 111101010 6
52 111111111 a
63 110111111 8
74 011111101 7

06 001101101 5
17 111010111 7
20 111111111 a
31 111111000 6
42 111101110 7
53 111111111 a
64 111111111 a
75 010101011 5

07 101011111 7 match 6
10 111110111 8 match 7
21 011111001 6
32 111111110 8
43 110101111 7
54 111111101 8
65 110111010 6
76 011101101 6
[completion]
0 absent
1 absent
2 absent
3 absent
4 absent
5 absent
6 07
7 12 14 16 10

Left
none
Best: none

Right
12 01x
14 03x
16 05x
10 07 76x
Best: 10 07: 2
