[category]
matching
[prompt]
In Alice's Wonderland, secret processing rules are used on text.

x: not matched anywhere
y: matched but wrong position

0 00000000 a
1 10010101 4
2 00000101 2
3 10111000 4
4 00010101 3
5 01101101 5
6 01011110 5
7 01010111 5

01 10 10010101 4 match 1
12 21 10111101 6
23 32 10111101 6
34 43 01111101 6
45 54 01111111 7
56 65 01011111 6
67 76 01010111 5 match 7
70 07 11010101 5

02 20 10111101 6
13 31 00010101 3 match 4
24 42 11111101 7
35 53 01011111 6
46 64 01111111 7
57 75 01011111 6
60 06 11010111 6
71 17 01000101 3

03 30 10010101 4 match 1
14 41 01101101 5 match 5
25 52 11111110 7
36 63 01010111 5 match 7
47 74 01101101 5 match 5
50 05 11011111 7
61 16 01010111 5 match 7
72 27 11111001 6

04 40 11111101 7
15 51 01011111 6
26 62 11111111 a
37 73 01010101 4
[completion]
0 absent
1 01 10 03 30
2 absent
3 absent
4 13 31
5 14 41 47 74
6 absent
7 67 76 36 63 61 16

Left
none
Best: none

Right
67 56x
76 65x
36 25x
63 52x
61 50x
16 05x
Best: 67: 1
