[category]
matching
[prompt]
In Alice's Wonderland, secret processing rules are used on text.

x: not matched anywhere
y: matched but wrong position

0 11101011 6
1 00010001 2
2 10001111 5
3 11110011 6
4 11011101 6
5 01001111 5
6 10111101 6
7 11110011 6

01 00011100 3
12 11100000 3
23 10100110 4
34 10111000 4
45 10101100 4
56 01000010 2
67 00110010 3
70 00111110 5

02 00000011 2
13 10111001 5
24 11100001 4
35 11101011 6 match 0
46 00010001 2 match 1
57 10001111 5 match 2
60 11110011 6 match 3 7
71 11011101 6 match 4

03 01011010 4
14 11111110 7
25 10110010 4
36 01010110 4
47 11011100 5
50 01001110 4
61 00010000 1
72 11000010 3

04 00011101 4
15 10101101 5
26 00001111 4
37 10011011 5
40 00011101 4
51 10101101 5
62 00001111 4
73 10011011 5

05 01001110 4
16 00010000 1
27 11000010 3
30 01011010 4
41 11111110 7
52 10110010 4
63 01010110 4
74 11011100 5

06 11110011 6 match 3 7
17 11011101 6 match 4
20 00000011 2
31 10111001 5
42 11100001 4
53 11101011 6 match 0
64 00010001 2 match 1
75 10001111 5 match 2

07 00111110 5
10 00011100 3
21 11100000 3
32 10100110 4
43 10111000 4
54 10101100 4
65 01000010 2
76 00110010 3
[completion]
0 35 53
1 46 64
2 57 75
3 60 06
4 71 17
5 absent
6 absent
7 60 06

Left
35 46 57 60 71 02x
53 64 75 06 17 20x
Best: 35 46 57 60 71: 5

Right
60 57y
06 75y
Best: 60: 1
