[category]
matching
[prompt]
In Alice's Wonderland, secret processing rules are used on text.

x: not matched anywhere
y: matched but wrong position

0 1100111 5
1 1001000 2
2 1000000 1
3 1000101 3
4 0100110 3
5 1111111 a
6 0000010 1
7 1001000 2

01 10 1000101 3 match 3
12 21 0101111 5
23 32 0001000 1
34 43 0000101 2
45 54 1100011 4
56 65 1111011 6
67 76 0111000 3
70 07 1000111 4

02 20 1101010 4
13 31 0100111 4
24 42 0001101 3
35 53 1100110 4
46 64 0011000 2
57 75 1000011 3
60 06 1111111 a match 5
71 17 0000010 1 match 6

03 30 1100010 3
14 41 0100010 2
25 52 1101110 5
36 63 0011101 4
47 74 0100000 1
50 05 0000100 1
61 16 0111010 4
72 27 0101101 4

04 40 1100111 5 match 0
15 51 1000001 2
26 62 0010101 3
37 73 0100101 3
[completion]
0 04 40
1 absent
2 absent
3 01 10
4 absent
5 60 06
6 71 17
7 absent

Left
04 15x
40 51x
Best: 04: 1

Right
none
Best: none
