[category]
matching
[prompt]
In Alice's Wonderland, secret processing rules are used on text.

x: not matched anywhere
y: matched but wrong position

0 0000010 1
1 0000110 2
2 0010001 2
3 0000000 a
4 1001000 2
5 0000000 a
6 1010001 3
7 1010010 3

01 10 1010000 2
12 21 0000010 1 match 0
23 32 0000110 2 match 1
34 43 0010001 2 match 2
45 54 0000000 a match 3 5
56 65 1001000 2 match 4
67 76 0000000 a match 3 5
70 07 0010000 1

02 20 0000000 a match 3 5
13 31 1010010 3 match 7
24 42 0000000 a match 3 5
35 53 1001010 3
46 64 0000000 a match 3 5
57 75 0000010 1 match 0
60 06 1000000 1
71 17 0010010 2

03 30 1010001 3 match 6
14 41 0010000 1
25 52 0000010 1 match 0
36 63 1001100 3
47 74 0010000 1
50 05 1000000 1
61 16 1000000 1
72 27 0000010 1 match 0

04 40 0010001 2 match 2
15 51 1000010 2
26 62 0100100 2
37 73 0010010 2
[completion]
0 12 21 57 75 25 52 72 27
1 23 32
2 34 43 04 40
3 45 54 67 76 02 20 24 42 46 64
4 56 65
5 45 54 67 76 02 20 24 42 46 64
6 03 30
7 13 31

Left
12 23 34 45 56 67 70x
21 32 43 54 65 76 07x
57 60x
75 06x
25 36x
52 63x
72 03y
27 30y
Best: 12 23 34 45 56 67: 6

Right
13 02y
31 20y
Best: 13: 1
