[category]
matching
[prompt]
In Alice's Wonderland, secret processing rules are used on text.

x: not matched anywhere
y: matched but wrong position

0 00111100 4
1 11111110 7
2 11110110 6
3 11111111 a
4 10111001 5
5 10110010 4
6 10111011 6
7 00111000 3

01 11011111 7
12 11111011 7
23 00101101 4
34 11111011 7
45 11110110 6 match 2
56 11001111 6
67 11111101 7
70 11110110 6 match 2

02 11011011 6
13 00111101 5
24 00101101 4
35 11110110 6 match 2
46 11111111 a match 3
57 11001101 5
60 11110110 6 match 2
71 11110111 7

03 00011101 4
14 00111001 4
25 01111110 6
36 11111111 a match 3
47 11111111 a match 3
50 11101111 7
61 11110111 7
72 11110011 6

04 00011001 3
15 01111110 6
26 01101111 6
37 11111111 a match 3
40 11110110 6 match 2
51 11001111 6
62 11110011 6
73 10111111 7

05 01111111 7
16 01111111 7
27 01101101 5
30 11110110 6 match 2
41 11110111 7
52 11011011 6
63 10111101 6
74 10111011 6 match 6

06 01011111 6
17 01111101 6
20 11101110 6
31 11110111 7
42 11110111 7
53 10001101 4
64 10111001 5 match 4
75 11110110 6 match 2

07 01011101 5
10 11111110 7 match 1
21 11101111 7
32 11110011 6
43 11111111 a match 3
54 10001001 3
65 11110110 6 match 2
76 11111111 a match 3
[completion]
0 absent
1 10
2 45 70 35 60 40 30 75 65
3 46 36 47 37 43 76
4 64
5 absent
6 74
7 absent

Left
none
Best: none

Right
none
Best: none
