[category]
matching
[prompt]
In Alice's Wonderland, secret processing rules are used on text.

x: not matched anywhere
y: matched but wrong position

0 1101000 3
1 1110111 6
2 1010001 3
3 0110111 5
4 1010111 5
5 0010011 3
6 0010000 1
7 1000110 3

01 1110111 6 match 1
12 1101000 3 match 0
23 1111111 a
34 1111101 6
45 1011011 5
56 0111110 5
67 1100111 5
70 0011001 3

02 1110110 5
13 1101010 4
24 1111111 a
35 1011101 5
46 0111011 5
57 1110110 5
60 1001111 5
71 0011111 5

03 1111110 6
14 1101100 4
25 1111111 a
36 1111101 6
47 1110111 6 match 1
50 0111111 6
61 1010111 5 match 4
72 0011001 3

04 1111110 6
15 1101001 4
26 1111111 a
37 1110111 6 match 1
40 0011011 4
51 0110111 5 match 3
62 1000111 4
73 0111011 5

05 1111111 a
16 1111000 4
27 1111111 a
30 1011101 5
41 0010111 4
52 0110110 4
63 1101111 6
74 1111101 6

06 1111110 6
17 1101110 5
20 1111111 a
31 1010111 5 match 4
42 0010011 3 match 5
53 0111110 5
64 1101111 6
75 1011001 4

07 1110110 5
10 1101001 4
21 1111111 a
32 1010101 4
43 0111011 5
54 1111110 6
65 1001111 5
76 0111001 4
[completion]
0 12
1 01 47 37
2 absent
3 51
4 61 31
5 42
6 absent
7 absent

Left
12 23x
Best: 12: 1

Right
none
Best: none
