[category]
matching
[prompt]
In Alice's Wonderland, secret processing rules are used on text.

x: not matched anywhere
y: matched but wrong position

0 1010111111 8
1 0111110110 7
2 0000111100 4
3 0111110110 7
4 1101110100 6
5 1111110111 9
6 1101010111 7
7 1101101111 8

01 0110101101 6
12 0011010100 4
23 1110011101 7
34 0100011111 6
45 1111000111 7
56 0001100111 5
67 1001010110 5
70 1000001101 4

02 1010000110 4
13 0010110110 5
24 0101111101 7
35 0100100111 5
46 0001011111 6
57 0111001110 6
60 1110100100 5
71 0001011111 6

03 1011100100 5
14 1001010110 5
25 0101000101 4
36 1010111111 8 match 0
47 0111110110 7 match 1 3
50 0000111100 4 match 2
61 0111110110 7 match 1 3
72 1101110100 6 match 4

04 0000000100 1
15 1001101110 6
26 1011011101 7
37 1100010110 5
40 0000000100 1
51 1001101110 6
62 1011011101 7
73 1100010110 5

05 0000111100 4 match 2
16 0111110110 7 match 1 3
27 1101110100 6 match 4
30 1011100100 5
41 1001010110 5
52 0101000101 4
63 1010111111 8 match 0
74 0111110110 7 match 1 3

06 1110100100 5
17 0001011111 6
20 1010000110 4
31 0010110110 5
42 0101111101 7
53 0100100111 5
64 0001011111 6
75 0111001110 6

07 1000001101 4
10 0110101101 6
21 0011010100 4
32 1110011101 7
43 0100011111 6
54 1111000111 7
65 0001100111 5
76 1001010110 5
[completion]
0 36 63
1 47 61 16 74
2 50 05
3 47 61 16 74
4 72 27
5 absent
6 absent
7 absent

Left
36 47 50 61 72 03x
63 74 05 16 27 30x
Best: 36 47 50 61 72: 5

Right
none
Best: none
