[category]
matching
[prompt]
In Alice's Wonderland, secret processing rules are used on text.

x: not matched anywhere
y: matched but wrong position

0 11001011 5
1 00000111 3
2 11100010 4
3 11010101 5
4 11001011 5
5 11101111 7
6 11110111 7
7 11110111 7

01 10 11111111 a
12 21 11110111 7 match 6 7
23 32 11110011 6
34 43 11010011 5
45 54 10011010 4
56 65 11011010 5
67 76 11111111 a
70 07 11111111 a

02 20 11111010 6
13 31 11010111 6
24 42 11110010 5
35 53 11001011 5 match 0 4
46 64 11011010 5
57 75 11111111 a
60 06 11111010 6
71 17 11110111 7 match 6 7

03 30 11101011 6
14 41 10010111 5
25 52 11111010 6
36 63 11011011 6
47 74 11110111 7 match 6 7
50 05 11101010 5
61 16 11011111 7
72 27 11110111 7 match 6 7

04 40 11111010 6
15 51 10011111 6
26 62 11111010 6
37 73 11110111 7 match 6 7
[completion]
0 35 53
1 absent
2 absent
3 absent
4 35 53
5 absent
6 12 21 71 17 47 74 72 27 37 73
7 12 21 71 17 47 74 72 27 37 73

Left
35 46x
53 64x
Best: 35: 1

Right
12 01x
21 10x
71 60x
17 06x
47 36x
74 63x
72 61x
27 16x
37 26x
73 62x
Best: 12: 1
