[category]
matching
[prompt]
In Alice's Wonderland, secret processing rules are used on text.

x: not matched anywhere
y: matched but wrong position

0 01011100 4
1 10001001 3
2 00110011 4
3 00011001 3
4 00000100 1
5 00001100 2
6 11101000 4
7 00000111 3

01 00011001 3 match 3
12 00000000 a
23 00000100 1 match 4
34 11101000 4 match 6
45 00000011 2
56 01010100 3
67 10001000 2
70 00100010 2

02 00010001 2
13 00000100 1 match 4
24 00001000 1
35 10100000 2
46 00000110 2
57 01001100 3
60 10000000 1
71 00110011 4 match 2

03 00010001 2
14 00000000 a
25 00000000 a
36 01100000 2
47 00000100 1 match 4
50 01000100 2
61 10001001 3 match 1
72 00110011 4 match 2

04 00011000 2
15 00000000 a
26 00000100 1 match 4
37 11001000 3
40 00000110 2
51 01011000 3
62 10000001 2
73 00010011 3

05 00000001 1
16 00000100 1 match 4
27 00001100 2 match 5
30 11100000 3
41 00000011 2
52 01010000 2
63 00000001 1
74 00110000 2

06 00010000 1
17 00000100 1 match 4
20 00000100 1 match 4
31 11101000 4 match 6
42 00000011 2
53 00010100 2
64 10001000 2
75 00100011 3

07 00001000 1
10 00000100 1 match 4
21 00001000 1
32 11100000 3
43 00000111 3 match 7
54 01011000 3
65 10000001 2
76 00110010 3
[completion]
0 absent
1 61
2 71 72
3 01
4 23 13 47 26 16 17 20 10
5 27
6 34 31
7 43

Left
none
Best: none

Right
43 32x
Best: 43: 1
