[category]
matching
[prompt]
In Alice's Wonderland, secret processing rules are used on text.

x: not matched anywhere
y: matched but wrong position

0 01110000 3
1 01000010 2
2 11100010 4
3 10110101 5
4 11100110 5
5 01111010 5
6 11110010 5
7 11111110 7

01 11011011 6
12 01111101 6
23 11100010 4 match 2
34 11111111 a
45 10011011 5
56 11111110 7 match 7
67 01110101 5
70 11101111 7

02 11011101 6
13 11101101 6
24 11100110 5 match 4
35 10011111 6
46 10111011 6
57 01111100 5
60 01100111 5
71 11011111 7

03 11111001 6
14 11101101 6
25 10100011 4
36 10111111 7
47 00111011 5
50 01111110 6
61 11010111 6
72 11011111 7

04 11111101 7
15 10101111 6
26 10111010 5
37 00111111 6
40 00111111 6
51 11111110 7 match 7
62 01011101 5
73 11101111 7

05 11011011 6
16 10111111 7
27 10110010 4
30 00111111 6
41 11011011 6
52 01111101 6
63 11100101 5
74 11101111 7

06 11111011 7
17 00111101 5
20 10100110 4
31 11011111 7
42 01011111 6
53 11111100 6
64 11100101 5
75 11001111 6

07 11111001 6
10 00101111 5
21 11110010 5 match 6
32 01011111 6
43 11111011 7
54 11111100 6
65 11000111 5
76 11111111 a
[completion]
0 absent
1 absent
2 23
3 absent
4 24
5 absent
6 21
7 56 51

Left
none
Best: none

Right
56 45x
51 40x
Best: 56: 1
