[category]
matching
[prompt]
In Alice's Wonderland, secret processing rules are used on text.

x: not matched anywhere
y: matched but wrong position

0 1010110 4
1 0000000 a
2 0000000 a
3 0000000 a
4 0000000 a
5 0010000 1
6 0100011 3
7 0000000 a

01 0000011 2
12 0001000 1
23 0001111 4
34 1111110 6
45 1010110 4 match 0
56 1001000 2
67 0100101 3
70 1000001 2

02 1110100 4
13 1111000 4
24 0001110 3
35 1010111 5
46 1100001 3
57 0010010 2
60 0011011 4
71 0111101 5

03 0000100 1
14 1111001 5
25 0100111 4
36 1100000 2
47 0111011 5
50 0101100 3
61 1100111 5
72 1001010 3

04 0000101 2
15 1010000 2
26 0010000 1 match 5
37 0111010 4
40 0000101 2
51 1010000 2
62 0010000 1 match 5
73 0111010 4

05 0101100 3
16 1100111 5
27 1001010 3
30 0000100 1
41 1111001 5
52 0100111 4
63 1100000 2
74 0111011 5

06 0011011 4
17 0111101 5
20 1110100 4
31 1111000 4
42 0001110 3
53 1010111 5
64 1100001 3
75 0010010 2

07 1000001 2
10 0000011 2
21 0001000 1
32 0001111 4
43 1111110 6
54 1010110 4 match 0
65 1001000 2
76 0100101 3
[completion]
0 45 54
1 absent
2 absent
3 absent
4 absent
5 26 62
6 absent
7 absent

Left
45 56x
54 65x
Best: 45: 1

Right
none
Best: none
