[category]
matching
[prompt]
In Alice's Wonderland, secret processing rules are used on text.

x: not matched anywhere
y: matched but wrong position

0 111111111 a
1 111111111 a
2 111101011 7
3 010111011 6
4 110110001 5
5 111011111 8
6 100011111 6
7 111111110 8

01 011111110 7
12 111100101 6
23 011011111 7
34 111101010 6
45 010011101 5
56 101110111 7
67 111101111 8
70 110111111 8

02 111110101 7
13 111010111 7
24 111111110 8 match 7
35 111101001 6
46 100011101 5
57 101111111 8
60 111101111 8
71 010111110 6

03 011110111 7
14 111100111 7
25 011011111 7
36 101111001 6
47 101011111 7
50 101111111 8
61 011111110 7
72 110110101 6

04 111110110 7
15 111001101 6
26 101011111 7
37 101101011 6
40 100011111 6 match 6
51 111111110 8 match 7
62 111101111 8
73 010110111 6

05 011111101 7
16 101010101 5
27 101011111 7
30 101101011 6
41 010111111 7
52 111110111 8
63 011111111 8
74 111110110 7

06 111110101 7
17 101001111 6
20 101011111 7
31 111111010 7
42 110111101 7
53 111110111 8
64 111101110 7
75 010111101 6

07 111111111 a match 0 1
10 101001111 6
21 011111110 7
32 111101001 6
43 010011111 6
54 111110110 7
65 011101111 7
76 110110101 6
[completion]
0 07
1 07
2 absent
3 absent
4 absent
5 absent
6 40
7 24 51

Left
07 10x
Best: 07: 1

Right
24 13x
51 40 37x
Best: 51 40: 2
