[category]
matching
[prompt]
In Alice's Wonderland, secret processing rules are used on text.

x: not matched anywhere
y: matched but wrong position

0 0010011 3
1 0100100 2
2 0010010 2
3 1100111 5
4 0110111 5
5 1111011 6
6 1011100 4
7 0010000 1

01 0000011 2
12 0011011 4
23 1011100 4 match 6
34 0010000 1 match 7
45 1001001 3
56 1101100 4
67 0100010 2
70 1010011 4

02 1100111 5 match 3
13 0111000 3
24 0110011 4
35 0100110 3
46 1011010 4
57 0110001 3
60 0001110 3
71 0101111 5

03 1000100 2
14 1010111 5
25 0000101 2
36 0110101 4
47 0000111 3
50 0011101 4
61 1110010 4
72 1001011 4

04 0101011 4
15 1100001 3
26 0010110 3
37 1101000 3
40 0101011 4
51 1100001 3
62 0010110 3
73 1101000 3

05 0011101 4
16 1110010 4
27 1001011 4
30 1000100 2
41 1010111 5
52 0000101 2
63 0110101 4
74 0000111 3

06 0001110 3
17 0101111 5
20 1100111 5 match 3
31 0111000 3
42 0110011 4
53 0100110 3
64 1011010 4
75 0110001 3

07 1010011 4
10 0000011 2
21 0011011 4
32 1011100 4 match 6
43 0010000 1 match 7
54 1001001 3
65 1101100 4
76 0100010 2
[completion]
0 absent
1 absent
2 absent
3 02 20
4 absent
5 absent
6 23 32
7 34 43

Left
none
Best: none

Right
34 23 12x
43 32 21x
Best: 34 23: 2
