[category]
matching
[prompt]
In Alice's Wonderland, secret processing rules are used on text.

x: not matched anywhere
y: matched but wrong position

0 0100000010 2
1 0000110100 3
2 0111011010 6
3 1111101111 9
4 1110001000 4
5 1010111010 6
6 1000001001 3
7 1111111101 9

01 0001100101 4
12 1011001101 6
23 1101001100 5
34 1011100111 7
45 0100000010 2 match 0
56 0000110100 3 match 1
67 0111011010 6 match 2
70 1111101111 9 match 3

02 0101010111 6
13 1001111110 7
24 1001010100 4
35 0000011010 3
46 1011001001 5
57 1000010001 3
60 0111001010 5
71 0001110101 5

03 0111100100 5
14 1101100110 6
25 0010101001 4
36 1111010001 6
47 0011101100 5
50 1000000001 2
61 1001010000 3
72 0101000111 5

04 0011111100 6
15 0110011011 6
26 1101100010 5
37 0111110100 6
40 0011111100 6
51 0110011011 6
62 1101100010 5
73 0111110100 6

05 1000000001 2
16 1001010000 3
27 0101000111 5
30 0111100100 5
41 1101100110 6
52 0010101001 4
63 1111010001 6
74 0011101100 5

06 0111001010 5
17 0001110101 5
20 0101010111 6
31 1001111110 7
42 1001010100 4
53 0000011010 3
64 1011001001 5
75 1000010001 3

07 1111101111 9 match 3
10 0001100101 4
21 1011001101 6
32 1101001100 5
43 1011100111 7
54 0100000010 2 match 0
65 0000110100 3 match 1
76 0111011010 6 match 2
[completion]
0 45 54
1 56 65
2 67 76
3 70 07
4 absent
5 absent
6 absent
7 absent

Left
45 56 67 70 01x
54 65 76 07 10x
Best: 45 56 67 70: 4

Right
none
Best: none
