[category]
matching
[prompt]
In Alice's Wonderland, secret processing rules are used on text.

x: not matched anywhere
y: matched but wrong position

0 0101111 5
1 1001100 3
2 1000010 2
3 1100110 4
4 1011100 4
5 0110010 3
6 1010100 3
7 0001011 3

01 1111111 a
12 0010110 3
23 1111101 6
34 1101111 6
45 0111011 5
56 1110100 4
67 0001111 4
70 1110011 5

02 1111110 6
13 1010110 4
24 1101101 5
35 0101111 5 match 0
46 1110110 5
57 1011100 4 match 4
60 0001011 3 match 7
71 1111011 6

03 1111110 6
14 1011111 6
25 1101111 6
36 1111111 a
47 0111110 5
50 1010101 4
61 1101011 5
72 1110011 5

04 1111111 a
15 0111111 6
26 1111101 6
37 0101111 5 match 0
40 0110011 4
51 1111101 6
62 0011011 4
73 1110011 5

05 1111111 a
16 1110110 5
27 1101101 5
30 0101111 5 match 0
41 1111011 6
52 1010110 4
63 1011011 5
74 1111111 a

06 1111110 6
17 0011110 4
20 1101101 5
31 1101111 6
42 0110010 3 match 5
53 1010100 3 match 6
64 1001111 5
75 1111011 6

07 1111110 6
10 0010111 4
21 1101101 5
32 0111111 6
43 1110010 4
54 1011101 5
65 0101011 4
76 1110111 6
[completion]
0 35 37 30
1 absent
2 absent
3 absent
4 57
5 42
6 53
7 60

Left
35 46x
37 40x
30 41x
Best: 35: 1

Right
60 57y
Best: 60: 1
