[category]
matching
[prompt]
In Alice's Wonderland, secret processing rules are used on text.

x: not matched anywhere
y: matched but wrong position

0 00010000 1
1 00001011 3
2 00110000 2
3 10001011 4
4 11110100 5
5 11000011 4
6 10010110 4
7 00000010 1

01 00000010 1 match 7
12 00110000 2 match 2
23 01001011 4
34 00110100 3
45 00000001 1
56 10000100 2
67 01100000 2
70 10010100 3

02 00100000 1
13 01001001 3
24 01001100 3
35 00100000 1
46 10000001 2
57 01000000 1
60 01010000 2
71 10000110 3

03 00001011 3 match 1
14 01111000 4
25 00001001 2
36 10000100 2
47 00000001 1
50 11010100 4
61 00000010 1 match 7
72 00010000 1 match 0

04 00101000 2
15 00101001 3
26 10001101 4
37 00100000 1
40 10000000 1
51 10000110 3
62 00110000 2 match 2
73 00000010 1 match 7

05 00101001 3
16 00001001 2
27 01001001 3
30 10010100 3
41 10000010 2
52 00010000 1 match 0
63 01000010 2
74 00010100 2

06 00001001 2
17 01101001 4
20 11000100 3
31 10000100 2
42 00000000 a
53 01000010 2
64 01110000 3
75 00000000 a

07 00101001 3
10 01010000 2
21 10000110 3
32 00110000 2 match 2
43 00000011 2
54 01010100 3
65 00100000 1
76 10000100 2
[completion]
0 72 52
1 03
2 12 62 32
3 absent
4 absent
5 absent
6 absent
7 01 61 73

Left
72 03 14x
52 63x
Best: 72 03: 2

Right
01 70x
61 50x
73 62y
Best: 01: 1
