[category]
matching
[prompt]
In Alice's Wonderland, secret processing rules are used on text.

x: not matched anywhere
y: matched but wrong position

0 0110011101 6
1 1100010100 4
2 1000110011 5
3 0101010010 4
4 0000000000 a
5 0000000000 a
6 0000000000 a
7 0110111010 6

01 0111111011 8
12 1100001110 5
23 1111111111 a
34 1001101011 6
45 0111111111 9
56 1111011100 7
67 1010111111 8
70 1101010111 7

02 0110111010 6 match 7
13 1111111110 9
24 1011111111 9
35 0011101011 6
46 0111011101 7
57 1110111101 8
60 1001110111 7
71 0111110011 7

03 1111111110 9
14 1101101110 7
25 1011111111 9
36 0111001111 7
47 1110111101 8
50 1101010101 6
61 1011110011 7
72 0101010010 4 match 3

04 1111111010 8
15 1111101111 9
26 1111111111 a
37 1010101111 7
40 1111011101 8
51 1111110101 8
62 1100110011 6
73 1111110110 8

05 0111111011 8
16 1111001110 7
27 1011111111 9
30 1001001111 6
41 0111111101 8
52 1100010100 4 match 1
63 1111110111 9
74 1101110010 6

06 0111111110 8
17 1110101111 8
20 1011111111 9
31 0011111011 7
42 0110011101 6 match 0
53 1111110100 7
64 1001110011 6
75 0111111011 8

07 1110111111 9
10 1101001111 7
21 1011111111 9
32 0100001011 4
43 1111111101 9
54 1101110110 7
65 1011111011 8
76 0111011110 7
[completion]
0 42
1 52
2 absent
3 72
4 absent
5 absent
6 absent
7 02

Left
42 53x
Best: 42: 1

Right
02 71x
Best: 02: 1
