[category]
matching
[prompt]
In Alice's Wonderland, secret processing rules are used on text.

x: not matched anywhere
y: matched but wrong position

0 10010001 3
1 00000000 a
2 00100100 2
3 10100000 2
4 10010010 3
5 01000010 2
6 00001000 1
7 00110101 4

01 00000000 a match 1
12 00001110 3
23 01100001 3
34 10001000 2
45 01010111 5
56 00001000 1 match 6
67 00000100 1
70 10110001 4

02 00000000 a match 1
13 00100100 2 match 2
24 10100000 2 match 3
35 10010010 3 match 4
46 01000010 2 match 5
57 00001000 1 match 6
60 00110101 4 match 7
71 10010001 3 match 0

03 00000000 a match 1
14 00101000 2
25 11010001 4
36 10001010 3
47 01000110 3
50 00101000 2
61 00010001 2
72 00000000 a match 1

04 00000000 a match 1
15 00000110 2
26 11000000 2
37 00001010 2
40 01010111 5
51 00000000 a match 1
62 00000100 1
73 00100001 2

05 00000000 a match 1
16 00001010 2
27 01000000 1
30 10011010 4
41 01010001 3
52 00001000 1 match 6
63 00100101 3
74 10100000 2 match 3

06 00000000 a match 1
17 00001110 3
20 11110001 5
31 10010000 2
42 00000110 2
53 00100000 1
64 00100000 1
75 10010001 3 match 0

07 00000000 a match 1
10 00101110 4
21 11010001 4
32 00001010 2
43 01000101 3
54 00101000 2
65 00010101 3
76 10000000 1
[completion]
0 71 75
1 01 02 03 72 04 51 05 06 07
2 13
3 24 74
4 35
5 46
6 56 57 52
7 60

Left
71 02 13 24 35 46 57 60
75 06 17x
Best: 71 02 13 24 35 46 57 60: 8

Right
60 57 46 35 24 13 02 71
Best: 60 57 46 35 24 13 02 71: 8
