[category]
matching
[prompt]
In Alice's Wonderland, secret processing rules are used on text.

x: not matched anywhere
y: matched but wrong position

0 001011000 3
1 101011100 5
2 110111111 8
3 110111101 7
4 110111111 8
5 110111101 7
6 111101011 7
7 101100011 5

01 011011001 5
12 001011000 3 match 0
23 101011100 5 match 1
34 110101011 6
45 100010101 4
56 010110111 6
67 000001000 1
70 111011100 6

02 101111110 7
13 011111011 7
24 100001000 2
35 101000001 3
46 001011101 5
57 101000000 2
60 000101011 4
71 011111010 6

03 111011101 7
14 010101111 6
25 111100010 5
36 000001001 2
47 110101010 5
50 101100011 5 match 7
61 100001101 4
72 101011101 6

04 110001001 4
15 001000101 3
26 010101010 4
37 111111110 8
40 110001001 4
51 001000101 3
62 010101010 4
73 111111110 8

05 101100011 5 match 7
16 100001101 4
27 101011101 6
30 111011101 7
41 010101111 6
52 111100010 5
63 000001001 2
74 110101010 5

06 000101011 4
17 011111010 6
20 101111110 7
31 011111011 7
42 100001000 2
53 101000001 3
64 001011101 5
75 101000000 2

07 111011100 6
10 011011001 5
21 001011000 3 match 0
32 101011100 5 match 1
43 110101011 6
54 100010101 4
65 010110111 6
76 000001000 1
[completion]
0 12 21
1 23 32
2 absent
3 absent
4 absent
5 absent
6 absent
7 50 05

Left
12 23 34x
21 32 43x
Best: 12 23: 2

Right
50 47x
05 74x
Best: 50: 1
