[category]
matching
[prompt]
In Alice's Wonderland, secret processing rules are used on text.

x: not matched anywhere
y: matched but wrong position

0 01010011 4
1 10001110 4
2 10100001 3
3 10001010 3
4 10111100 5
5 11110010 5
6 10000011 3
7 01010011 4

01 10000110 3
12 11001001 4
23 10110001 4
34 10001110 4 match 1
45 00101111 5
56 00100010 2
67 00100011 3
70 01011110 5

02 10110000 3
13 10000111 4
24 11000000 2
35 01011110 5
46 11110010 5 match 5
57 11111110 7
60 10000010 2
71 00100111 4

03 11111110 7
14 11110110 6
25 00010000 1
36 10000011 3 match 6
47 00101110 4
50 01011111 6
61 11111011 7
72 00010001 2

04 10001111 5
15 00100110 3
26 11001101 5
37 01011111 6
40 10001111 5
51 00100110 3
62 11001101 5
73 01011111 6

05 01011111 6
16 11111011 7
27 00010001 2
30 11111110 7
41 11110110 6
52 00010000 1
63 10000011 3 match 6
74 00101110 4

06 10000010 2
17 00100111 4
20 10110000 3
31 10000111 4
42 11000000 2
53 01011110 5
64 11110010 5 match 5
75 11111110 7

07 01011110 5
10 10000110 3
21 11001001 4
32 10110001 4
43 10001110 4 match 1
54 00101111 5
65 00100010 2
76 00100011 3
[completion]
0 absent
1 34 43
2 absent
3 absent
4 absent
5 46 64
6 36 63
7 absent

Left
none
Best: none

Right
none
Best: none
