[category]
matching
[prompt]
In Alice's Wonderland, secret processing rules are used on text.

x: not matched anywhere
y: matched but wrong position

0 100001111 5
1 100100001 3
2 010010010 3
3 101111111 8
4 101111101 7
5 111111011 8
6 111101110 7
7 111010100 5

01 110111111 8
12 000110001 3
23 100100000 2
34 100001111 5 match 0
45 100100001 3 match 1
56 010010010 3 match 2
67 101001010 4
70 101011000 4

02 001110001 4
13 011101110 6
24 111010000 4
35 111010001 5
46 001001100 3
57 000100111 4
60 111101101 7
71 100011000 3

03 010101110 5
14 000011110 4
25 100001110 4
36 010111100 5
47 011111001 6
50 010000000 1
61 110101101 6
72 011010110 5

04 001011110 5
15 011000000 2
26 001100011 4
37 000001001 2
40 001011110 5
51 011000000 2
62 001100011 4
73 000001001 2

05 010000000 1
16 110101101 6
27 011010110 5
30 010101110 5
41 000011110 4
52 100001110 4
63 010111100 5
74 011111001 6

06 111101101 7
17 100011000 3
20 001110001 4
31 011101110 6
42 111010000 4
53 111010001 5
64 001001100 3
75 000100111 4

07 101011000 4
10 110111111 8
21 000110001 3
32 100100000 2
43 100001111 5 match 0
54 100100001 3 match 1
65 010010010 3 match 2
76 101001010 4
[completion]
0 34 43
1 45 54
2 56 65
3 absent
4 absent
5 absent
6 absent
7 absent

Left
34 45 56 67x
43 54 65 76x
Best: 34 45 56: 3

Right
none
Best: none
