[category]
matching
[prompt]
In Alice's Wonderland, secret processing rules are used on text.

x: not matched anywhere
y: matched but wrong position

0 11010110 5
1 11110110 6
2 11101001 5
3 11110011 6
4 01101110 5
5 00000001 1
6 10001010 3
7 00011000 2

01 10 11010101 5
12 21 00110110 4
23 32 00010011 3
34 43 10001011 4
45 54 10010010 3
56 65 11001111 6
67 76 10101011 5
70 07 10001101 4

02 20 11100011 5
13 31 00100101 3
24 42 10011000 3
35 53 00011001 3
46 64 01011101 5
57 75 01100100 3
60 06 00100110 3
71 17 01011000 3

03 30 11110000 4
14 41 10101110 5
25 52 00001010 2
36 63 11010110 5 match 0
47 74 11110110 6 match 1
50 05 11101001 5 match 2
61 16 11110011 6 match 3
72 27 01101110 5 match 4

04 40 01111011 6
15 51 00111100 4
26 62 11000101 4
37 73 01111101 6
[completion]
0 36 63
1 47 74
2 50 05
3 61 16
4 72 27
5 absent
6 absent
7 absent

Left
36 47 50 61 72 03x
63 74 05 16 27 30x
Best: 36 47 50 61 72: 5

Right
none
Best: none
