[category]
matching
[prompt]
In Alice's Wonderland, secret processing rules are used on text.

x: not matched anywhere
y: matched but wrong position

0 1001101 4
1 1101011 5
2 1101010 4
3 1001101 4
4 1011111 6
5 1111100 5
6 0000000 a
7 0010110 3

01 1100111 5
12 0111010 4
23 1111111 a
34 1101111 6
45 1111111 a
56 1101001 4
67 1010111 5
70 1111101 6

02 0110010 3
13 0111110 5
24 1101111 6
35 1111111 a
46 1111001 5
57 1010011 4
60 1011111 6 match 4
71 1101101 5

03 0110110 4
14 0111111 6
25 1111111 a
36 1101001 4
47 1010011 4
50 1011101 5
61 1010111 5
72 0111110 5

04 0101111 5
15 1111111 a
26 1101101 5
37 1011011 5
40 1011101 5
51 1000101 3
62 0110110 4
73 0111110 5

05 1111111 a
16 1111011 6
27 1011111 6 match 4
30 1011101 5
41 1010101 4
52 0110010 3
63 0110110 4
74 0101111 5

06 1101011 5 match 1
17 1111011 6
20 1011101 5
31 1001101 4 match 0 3
42 1110010 4
53 0110110 4
64 0111111 6
75 1111111 a

07 1110011 5
10 1111111 a
21 1001101 4 match 0 3
32 1111011 6
43 1110110 5
54 0101111 5
65 1111111 a
76 1101101 5
[completion]
0 31 21
1 06
2 absent
3 31 21
4 60 27
5 absent
6 absent
7 absent

Left
31 42x
21 32x
Best: 31: 1

Right
none
Best: none
