[category]
matching
[prompt]
In Alice's Wonderland, secret processing rules are used on text.

x: not matched anywhere
y: matched but wrong position

0 00011101 4
1 10010101 4
2 10100011 4
3 10011100 4
4 01010010 3
5 11001010 4
6 10010101 4
7 10100011 4

01 10 11011110 6
12 21 01011111 6
23 32 10011101 5
34 43 10110111 6
45 54 11100011 5
56 65 01010100 3
67 76 11010111 6
70 07 11011111 7

02 20 11011101 6
13 31 11010111 6
24 42 10111111 7
35 53 11010101 5
46 64 10110111 6
57 75 11010111 6
60 06 11011100 5
71 17 11010111 6

03 30 11011101 6
14 41 11100111 6
25 52 01011101 5
36 63 10010101 4 match 1 6
47 74 11110111 7
50 05 11011100 5
61 16 01010110 4
72 27 11011111 7

04 40 11111111 a
15 51 01000110 3
26 62 00011101 4 match 0
37 73 11010111 6
[completion]
0 26 62
1 36 63
2 absent
3 absent
4 absent
5 absent
6 36 63
7 absent

Left
26 37x
62 73x
Best: 26: 1

Right
none
Best: none
