[category]
matching
[prompt]
In Alice's Wonderland, secret processing rules are used on text.

x: not matched anywhere
y: matched but wrong position

0 101011000 4
1 011011000 4
2 111011011 7
3 010111111 7
4 010111111 7
5 101101011 6
6 101101011 6
7 101101101 6

01 111111111 a
12 010010101 4
23 111111111 a
34 010111011 6
45 111101111 8
56 101111111 8
67 011111100 6
70 111011011 7 match 2

02 010111111 7 match 3 4
13 111010111 7
24 111111011 8
35 010101111 6
46 101101111 7
57 101111100 6
60 111011000 5
71 111111111 a

03 111111111 a
14 010110011 5
25 111101111 8
36 100101111 6
47 101101100 5
50 101011000 4 match 0
61 111111110 8
72 111011111 8

04 010111111 7 match 3 4
15 010100111 5
26 101101111 7
37 000101101 4
40 101001100 4
51 111111110 8
62 011011100 5
73 111011111 8

05 010111111 7 match 3 4
16 100100111 5
27 101101111 7
30 101101001 5
41 111111110 8
52 111011100 6
63 111011110 7
74 111111011 8

06 110111111 8
17 000100101 3
20 101101011 6 match 5 6
31 111111111 a
42 111011100 6
53 111011110 7
64 011111011 7
75 111111111 a

07 010111111 7 match 3 4
10 101000001 3
21 111111111 a
32 010111101 6
43 111011110 7
54 111111011 8
65 011111111 8
76 111111111 a
[completion]
0 50
1 absent
2 70
3 02 04 05 07
4 02 04 05 07
5 20
6 20
7 absent

Left
50 61x
Best: 50: 1

Right
none
Best: none
