[category]
matching
[prompt]
In Alice's Wonderland, secret processing rules are used on text.

x: not matched anywhere
y: matched but wrong position

0 010000011 3
1 111010010 5
2 001001111 5
3 001100101 4
4 100000101 3
5 101110100 5
6 011011001 5
7 111010011 6

01 101000100 3
12 110001111 6
23 010011111 6
34 110001110 5
45 001010010 3
56 110100101 5
67 011011001 5 match 6
70 011110100 5

02 100110100 4
13 011101111 7
24 011101110 6
35 000100011 3
46 000001000 1
57 010000011 3 match 0
60 111010010 5 match 1
71 001001111 5 match 2

03 001010100 3
14 010011110 5
25 101000011 4
36 001111001 5
47 100101110 5
50 110001000 3
61 101101001 5
72 000111111 6

04 000100101 3
15 100110011 5
26 100011001 4
37 101011111 7
40 000100101 3
51 100110011 5
62 100011001 4
73 101011111 7

05 110001000 3
16 101101001 5
27 000111111 6
30 001010100 3
41 010011110 5
52 101000011 4
63 001111001 5
74 100101110 5

06 111010010 5 match 1
17 001001111 5 match 2
20 100110100 4
31 011101111 7
42 011101110 6
53 000100011 3
64 000001000 1
75 010000011 3 match 0

07 011110100 5
10 101000100 3
21 110001111 6
32 010011111 6
43 110001110 5
54 001010010 3
65 110100101 5
76 011011001 5 match 6
[completion]
0 57 75
1 60 06
2 71 17
3 absent
4 absent
5 absent
6 67 76
7 absent

Left
57 60 71 02x
75 06 17 20x
Best: 57 60 71: 3

Right
none
Best: none
