[category]
matching
[prompt]
In Alice's Wonderland, secret processing rules are used on text.

x: not matched anywhere
y: matched but wrong position

0 1000001 2
1 0010000 1
2 0101001 3
3 0100110 3
4 1001011 4
5 0111110 5
6 1111110 6
7 0011100 3

01 1010000 2
12 0001001 2
23 0100100 2
34 1000001 2 match 0
45 0000000 a
56 1100010 3
67 0011000 2
70 0000101 2

02 1010000 2
13 0100000 1
24 0000000 a
35 0000001 1
46 0100010 2
57 0111010 4
60 0001100 2
71 1000100 2

03 0010000 1 match 1
14 0000001 1
25 0000000 a
36 1000011 3
47 0111010 4
50 0101110 4
61 0010100 2
72 1000001 2 match 0

04 1000000 1
15 0000001 1
26 0100010 2
37 0001010 2
40 0101110 4
51 1010110 4
62 0011000 2
73 0000100 1

05 0000000 a
16 0100001 2
27 0100010 2
30 0001011 3
41 0010110 3
52 1011000 3
63 0010100 2
74 1000001 2 match 0

06 1000000 1
17 0101000 2
20 0100110 3 match 3
31 1000010 2
42 0011000 2
53 0110100 3
64 0000000 a
75 0000001 1

07 0010000 1 match 1
10 0101001 3 match 2
21 0000110 2
32 1001001 3
43 0110100 3
54 1000000 1
65 0000000 a
76 1000001 2 match 0
[completion]
0 34 72 74 76
1 03 07
2 10
3 20
4 absent
5 absent
6 absent
7 absent

Left
34 45x
72 03 14x
74 05x
76 07 10 21x
Best: 76 07 10: 3

Right
none
Best: none
