[category]
matching
[prompt]
In Alice's Wonderland, secret processing rules are used on text.

x: not matched anywhere
y: matched but wrong position

0 100010101 4
1 011111101 7
2 110101111 7
3 110111101 7
4 101110101 6
5 010101101 5
6 111111011 8
7 111111111 a

01 100100010 3
12 101001111 6
23 110000010 3
34 110011011 6
45 100011000 3
56 111101011 7
67 000111010 4
70 010111101 6

02 110010010 4
13 100110010 4
24 111100110 6
35 101111100 6
46 100001100 3
57 000101110 4
60 101111000 5
71 001100000 2

03 111101111 8
14 101010110 5
25 100000001 2
36 101101000 4
47 011001001 4
50 101101100 5
61 110100101 5
72 011010000 3

04 110001011 5
15 110110001 5
26 100010101 4 match 0
37 010101101 5 match 5
40 110001011 5
51 110110001 5
62 100010101 4 match 0
73 010101101 5 match 5

05 101101100 5
16 110100101 5
27 011010000 3
30 111101111 8
41 101010110 5
52 100000001 2
63 101101000 4
74 011001001 4

06 101111000 5
17 001100000 2
20 110010010 4
31 100110010 4
42 111100110 6
53 101111100 6
64 100001100 3
75 000101110 4

07 010111101 6
10 100100010 3
21 101001111 6
32 110000010 3
43 110011011 6
54 100011000 3
65 111101011 7
76 000111010 4
[completion]
0 26 62
1 absent
2 absent
3 absent
4 absent
5 37 73
6 absent
7 absent

Left
26 37y
62 73y
Best: 26: 1

Right
none
Best: none
