[category]
matching
[prompt]
In Alice's Wonderland, secret processing rules are used on text.

x: not matched anywhere
y: matched but wrong position

0 0000001 1
1 0100000 1
2 0000110 2
3 0000000 a
4 0000000 a
5 0000000 a
6 0000000 a
7 0000000 a

01 1010000 2
12 0001011 3
23 0100000 1 match 1
34 0000000 a match 3 4 5 6 7
45 1101110 5
56 0010000 1
67 0100001 2
70 0000000 a match 3 4 5 6 7

02 0011011 4
13 0001000 1
24 0000000 a match 3 4 5 6 7
35 1000110 3
46 1001110 4
57 0000001 1 match 0
60 0100000 1 match 1
71 0010000 1

03 0011000 2
14 0000000 a match 3 4 5 6 7
25 1100100 3
36 1000110 3
47 1100001 3
50 0000000 a match 3 4 5 6 7
61 0100000 1 match 1
72 0011010 3

04 0010000 1
15 0001110 3
26 1000100 2
37 1000001 2
40 0100000 1 match 1
51 0010000 1
62 0000001 1 match 0
73 0011000 2

05 1001110 4
16 0001110 3
27 1100000 2
30 0000000 a match 3 4 5 6 7
41 1100000 2
52 0010001 2
63 0100000 1 match 1
74 0010000 1

06 1011110 5
17 0000001 1 match 0
20 0100000 1 match 1
31 1000000 1
42 0001011 3
53 0010000 1
64 0000000 a match 3 4 5 6 7
75 0001110 3

07 1000001 2
10 0000000 a match 3 4 5 6 7
21 1100000 2
32 0000011 2
43 0101000 2
54 0010000 1
65 0100000 1 match 1
76 0011110 4
[completion]
0 57 62 17
1 23 60 61 40 63 20 65
2 absent
3 34 70 24 14 50 30 64 10
4 34 70 24 14 50 30 64 10
5 34 70 24 14 50 30 64 10
6 34 70 24 14 50 30 64 10
7 34 70 24 14 50 30 64 10

Left
57 60 71x
62 73x
17 20 31x
Best: 57 60: 2

Right
34 23y
70 67x
24 13x
14 03x
50 47x
30 27x
64 53x
10 07x
Best: 34: 1
