[category]
matching
[prompt]
In Alice's Wonderland, secret processing rules are used on text.

x: not matched anywhere
y: matched but wrong position

0 11111110 7
1 00001000 1
2 00000000 a
3 00000000 a
4 01011111 6
5 10011011 5
6 10110110 5
7 00010111 4

01 01111111 7
12 11011011 6
23 11111110 7 match 0
34 01110111 6
45 11111100 6
56 00000011 2
67 11111111 a
70 10101000 3

02 01011111 6 match 4
13 11111011 7
24 11110111 7
35 11111111 a
46 10001101 4
57 11110111 7
60 11111110 7 match 0
71 01101100 4

03 11111111 a
14 11111011 7
25 11111110 7 match 0
36 00010111 4 match 7
47 11111111 a
50 10100011 4
61 11111110 7 match 0
72 01001001 3

04 01111111 7
15 11111111 a
26 10110111 6
37 11110111 7
40 10101100 4
51 01100111 5
62 11111111 a
73 11101000 4

05 11111111 a
16 10011011 5 match 5
27 11110111 7
30 10110111 6
41 11101100 5
52 01001011 4
63 11111110 7 match 0
74 01111011 6

06 01011111 6 match 4
17 11111111 a
20 10110110 5 match 6
31 01110111 6
42 11001101 5
53 11101011 6
64 11111111 a
75 11111100 6

07 11111111 a
10 10111011 6
21 11110110 6
32 01011111 6 match 4
43 11101100 5
54 01110011 5
65 11111110 7 match 0
76 00001001 2
[completion]
0 23 60 25 61 63 65
1 absent
2 absent
3 absent
4 02 06 32
5 16
6 20
7 36

Left
23 34x
60 71x
25 36y
61 72x
63 74x
65 76x
Best: 23: 1

Right
36 25y
Best: 36: 1
