[category]
matching
[prompt]
In Alice's Wonderland, secret processing rules are used on text.

x: not matched anywhere
y: matched but wrong position

0 1011010 4
1 0101000 2
2 0010000 1
3 0100011 3
4 1111010 5
5 1111100 5
6 1111110 6
7 0011111 5

01 1111111 a
12 1111110 6 match 6
23 1000101 3
34 0111111 6
45 1011111 6
56 1111011 6
67 1101100 4
70 0010011 3

02 1111110 6 match 6
13 1011100 4
24 0111111 6
35 0111111 6
46 1111111 a
57 1101101 5
60 1000111 4
71 0110011 4

03 1111100 5 match 5
14 1111110 6 match 6
25 0011111 5 match 7
36 0111111 6
47 1101101 5
50 1100011 4
61 1100111 5
72 1111011 6

04 1111110 6 match 6
15 1011110 5
26 0111111 6
37 1111111 a
40 1000111 4
51 1100011 4
62 1111110 6 match 6
73 1010011 4

05 1111110 6 match 6
16 1111111 a
27 1101101 5
30 0111111 6
41 1100111 5
52 1111011 6
63 1000100 2
74 0111011 5

06 1111111 a
17 1111100 5 match 5
20 0000111 3
31 0111111 6
42 1111111 a
53 1100001 3
64 1111110 6 match 6
75 0011111 5 match 7

07 1111100 5 match 5
10 1011111 6
21 0100111 4
32 1111111 a
43 1000101 3
54 1111011 6
65 1011110 5
76 0111011 5
[completion]
0 absent
1 absent
2 absent
3 absent
4 absent
5 03 17 07
6 12 02 14 04 62 05 64
7 25 75

Left
none
Best: none

Right
25 14 03 72x
75 64 53x
Best: 25 14 03: 3
