[category]
matching
[prompt]
In Alice's Wonderland, secret processing rules are used on text.

x: not matched anywhere
y: matched but wrong position

0 111100101 6
1 100001000 2
2 100000101 3
3 110110101 6
4 101011111 7
5 011110110 6
6 101101110 6
7 110001011 5

01 101101111 7
12 010011011 5
23 111111111 a
34 111111000 6
45 101010111 6
56 111111111 a
67 101011111 7 match 4
70 011110110 6 match 5

02 110001011 5 match 7
13 110111111 8
24 111111100 7
35 101010101 5
46 111110111 8
57 111111111 a
60 011111110 7
71 111101110 7

03 110101111 7
14 110111001 6
25 101110101 6
36 111110101 7
47 101011111 7 match 4
50 011111110 7
61 101101110 6 match 6
72 010101011 5

04 110101001 5
15 110010101 5
26 111110101 7
37 101011111 7 match 4
40 011110111 7
51 111111110 8
62 011001011 5
73 110101111 7

05 100001101 4
16 110110101 6 match 3
27 101111111 8
30 011110110 6 match 5
41 101111111 8
52 011111011 7
63 111101111 8
74 110101000 4

06 110111101 7
17 111011111 8
20 111110110 7
31 101111110 7
42 011011111 7
53 111111111 a
64 111101010 6
75 110100101 5

07 101011111 7 match 4
10 011110111 7
21 101111110 7
32 011011011 6
43 111111111 a
54 111111010 7
65 101001111 6
76 110110101 6 match 3
[completion]
0 absent
1 absent
2 absent
3 16 76
4 67 47 37 07
5 70 30
6 61
7 02

Left
none
Best: none

Right
02 71x
Best: 02: 1
