[category]
matching
[prompt]
In Alice's Wonderland, secret processing rules are used on text.

x: not matched anywhere
y: matched but wrong position

0 00010101 3
1 11000000 2
2 01011100 4
3 11111011 7
4 10110111 6
5 11000010 3
6 01111100 5
7 11111011 7

01 11111011 7 match 3 7
12 00111111 6
23 11100011 5
34 01011100 4 match 2
45 11111011 7 match 3 7
56 10111111 7
67 11001111 6
70 01111100 5 match 6

02 10111111 7
13 10110111 6 match 4
24 11000100 3
35 01011100 4 match 2
46 11111111 a
57 10101111 6
60 11101110 6
71 11111010 6

03 10110011 5
14 00010101 3 match 0
25 11011000 4
36 01111101 6
47 11111111 a
50 11101111 7
61 11101010 5
72 01111111 7

04 10010111 5
15 01011101 5
26 11111101 7
37 11011111 7
40 11111111 a
51 11101111 7
62 11111111 a
73 11110011 6

05 11011011 6
16 00111101 5
27 11001111 6
30 01111100 5 match 6
41 11111011 7 match 3 7
52 10111111 7
63 11100011 5
74 01110100 4

06 10111111 7
17 10011111 6
20 11101100 5
31 11111110 7
42 11111111 a
53 10100111 5
64 11000110 4
75 01111000 4

07 10011111 6
10 01111101 6
21 11101010 5
32 01111111 7
43 11111011 7 match 3 7
54 10100111 5
65 11011010 5
76 01111101 6
[completion]
0 14
1 absent
2 34 35
3 01 45 41 43
4 13
5 absent
6 70 30
7 01 45 41 43

Left
14 25x
Best: 14: 1

Right
01 70 67x
45 34y
41 30 27x
43 32x
Best: 01 70: 2
