[category]
matching
[prompt]
In Alice's Wonderland, secret processing rules are used on text.

x: not matched anywhere
y: matched but wrong position

0 011111101 7
1 101111111 8
2 011111111 8
3 111111110 8
4 011111111 8
5 011110010 5
6 010101111 6
7 000110011 4

01 101011010 5
12 111101101 7
23 100110111 6
34 011011001 5
45 101111110 7
56 111111111 a
67 111110101 7
70 110111111 8

02 111001110 6
13 110100111 6
24 010110011 5
35 111011000 5
46 101111111 8 match 1
57 111111111 a
60 110111101 7
71 101011010 5

03 101100111 6
14 010100101 4
25 100110011 5
36 111011111 8
47 111111111 a
50 111111111 a
61 111111010 7
72 111001110 6

04 011000011 4
15 110100101 5
26 101111111 8 match 1
37 111111101 8
40 111111111 a
51 111111111 a
62 111111100 7
73 100101111 6

05 101000010 3
16 111101111 8
27 111110111 8
30 111111101 8
41 101111110 7
52 111111111 a
63 110110111 7
74 010001011 4

06 101001111 6
17 111110101 7
20 110111111 8
31 111011010 6
42 111111110 8 match 3
53 111111111 a
64 010110001 4
75 100001010 3

07 111110111 8
10 110111101 7
21 101111011 7
32 111011100 6
43 101111111 8 match 1
54 011111111 8 match 2 4
65 110110000 4
76 101001111 6
[completion]
0 absent
1 46 26 43
2 54
3 42
4 54
5 absent
6 absent
7 absent

Left
none
Best: none

Right
none
Best: none
