[category]
matching
[prompt]
In Alice's Wonderland, secret processing rules are used on text.

x: not matched anywhere
y: matched but wrong position

0 10000010 2
1 01101011 5
2 01001111 5
3 10011110 5
4 00100101 3
5 00110001 3
6 01111001 5
7 01001000 2

01 01001000 2 match 7
12 10010000 2
23 00100000 1
34 01000001 2
45 10011010 4
56 00000100 1
67 00000000 a
70 00110001 3 match 5

02 00000000 a
13 10110000 3
24 01100001 3
35 01001010 3
46 10001110 4
57 00000100 1
60 00110001 3 match 5
71 01001000 2 match 7

03 00000000 a
14 00100001 2
25 01001010 3
36 01001110 4
47 10000110 3
50 00100101 3 match 4
61 00000000 a
72 00010000 1

04 01000000 1
15 10010010 3
26 01001010 3
37 00000110 2
40 10010110 4
51 00000100 1
62 00010000 1
73 00110000 2

05 01001000 2 match 7
16 10000010 2 match 0
27 00000010 1
30 00000111 3
41 00001100 2
52 00000100 1
63 00110000 2
74 01100001 3

06 01001000 2 match 7
17 10000010 2 match 0
20 00100011 3
31 01001100 3
42 10010100 3
53 00100000 1
64 00100001 2
75 01011000 3

07 00000000 a
10 10110011 5
21 01001000 2 match 7
32 00000100 1
43 10010000 2
54 00100001 2
65 00010000 1
76 01001000 2 match 7
[completion]
0 16 17
1 absent
2 absent
3 absent
4 50
5 70 60
6 absent
7 01 71 05 06 21 76

Left
16 27x
17 20x
Best: 16: 1

Right
01 70y
71 60y
05 74x
06 75x
21 10x
76 65x
Best: 01: 1
