[category]
matching
[prompt]
In Alice's Wonderland, secret processing rules are used on text.

x: not matched anywhere
y: matched but wrong position

0 1101000 3
1 1001001 3
2 0101011 4
3 1101000 3
4 1001001 3
5 0100010 2
6 1000000 1
7 0001001 2

01 1000000 1 match 6
12 0000011 2
23 0000000 a
34 1001000 2
45 0000000 a
56 0110110 4
67 0000001 1
70 0101010 3

02 0000000 a
13 0000010 1
24 1001000 2
35 0000000 a
46 0110110 4
57 0010101 3
60 0001001 2 match 7
71 1000000 1 match 6

03 0000000 a
14 0001000 1
25 0000000 a
36 0110000 2
47 0010101 3
50 0111111 6
61 1000000 1 match 6
72 0000010 1

04 1000000 1 match 6
15 0000000 a
26 0100000 1
37 0010001 2
40 0110111 5
51 1010100 3
62 0000001 1
73 0000010 1

05 0000000 a
16 0100010 2 match 5
27 0000000 a
30 0111001 4
41 0010100 2
52 0010111 4
63 0000000 a
74 1001000 2

06 0000000 a
17 0000001 1
20 0101000 2
31 1010000 2
42 0010111 4
53 0000110 2
64 1001000 2
75 0000000 a

07 0000000 a
10 0101011 4 match 2
21 1000000 1 match 6
32 0010001 2
43 0000110 2
54 1001000 2
65 0000000 a
76 0100010 2 match 5
[completion]
0 absent
1 absent
2 10
3 absent
4 absent
5 16 76
6 01 71 61 04 21
7 60

Left
none
Best: none

Right
60 57x
Best: 60: 1
