[category]
matching
[prompt]
In Alice's Wonderland, secret processing rules are used on text.

x: not matched anywhere
y: matched but wrong position

0 011011110 6
1 100110011 5
2 100000000 1
3 000001111 4
4 101110100 5
5 100011101 5
6 011001110 5
7 000001111 4

01 000100000 1
12 111001110 6
23 000000000 a
34 011000010 3
45 100010001 3
56 011000000 2
67 000000101 2
70 110000000 2

02 000101110 4
13 100000000 1 match 2
24 000000000 a
35 000010000 1
46 100010000 2
57 001000100 2
60 000000001 1
71 000100000 1

03 000100000 1
14 011000010 3
25 000000000 a
36 011010000 3
47 000010101 3
50 011000000 2
61 000000001 1
72 110101010 5

04 000100010 2
15 100000000 1 match 2
26 000000000 a
37 001010100 3
40 100010001 3
51 000000000 a
62 000001111 4 match 3 7
73 100100000 2

05 000100000 1
16 111000000 3
27 000000000 a
30 011010000 3
41 000010001 2
52 011001110 5 match 6
63 000000001 1
74 010100010 3

06 000100000 1
17 001000100 2
20 000000000 a
31 000010000 1
42 100011101 5 match 5
53 000000000 a
64 000000010 1
75 100100000 2

07 000000100 1
10 111000000 3
21 000000000 a
32 011011110 6 match 0
43 100000001 2
54 011000010 3
65 000000001 1
76 110100000 3
[completion]
0 32
1 absent
2 13 15
3 62
4 absent
5 42
6 52
7 62

Left
32 43x
Best: 32: 1

Right
62 51x
Best: 62: 1
