[category]
matching
[prompt]
In Alice's Wonderland, secret processing rules are used on text.

x: not matched anywhere
y: matched but wrong position

0 1111101 6
1 1001010 3
2 0001101 3
3 0011111 5
4 1101101 5
5 1011110 5
6 1001110 4
7 1111011 6

01 1101101 5 match 4
12 1111111 a
23 1111111 a
34 1111101 6 match 0
45 1001110 4 match 6
56 1111111 a
67 1100000 2
70 1111111 a

02 1111111 a
13 1111111 a
24 1111101 6 match 0
35 1001100 3
46 1011111 6
57 1111011 6 match 7
60 1110010 4
71 1111111 a

03 1111111 a
14 1111111 a
25 1101101 5 match 4
36 1011111 6
47 1001110 4 match 6
50 1111011 6 match 7
61 1100000 2
72 1111111 a

04 1111101 6 match 0
15 1111111 a
26 1111111 a
37 1001100 3
40 1011110 5 match 5
51 1111011 6 match 7
62 1110010 4
73 1111111 a

05 1101101 5 match 4
16 1111111 a
27 1101101 5 match 4
30 1011110 5 match 5
41 1001110 4 match 6
52 1111011 6 match 7
63 1110011 5
74 1111111 a

06 1111111 a
17 1111111 a
20 1111111 a
31 1001100 3
42 1011110 5 match 5
53 1111011 6 match 7
64 1110001 4
75 1111111 a

07 1101101 5 match 4
10 1111111 a
21 1101101 5 match 4
32 1011110 5 match 5
43 1111111 a
54 1111011 6 match 7
65 1100100 3
76 1111111 a
[completion]
0 34 24 04
1 absent
2 absent
3 absent
4 01 25 05 27 07 21
5 40 30 42 32
6 45 47 41
7 57 50 51 52 53 54

Left
34 45y
24 35x
04 15x
Best: 34: 1

Right
57 46x
50 47 36x
51 40y
52 41 30 27 16x
53 42y
54 43x
Best: 52 41 30 27: 4
