[category]
matching
[prompt]
In Alice's Wonderland, secret processing rules are used on text.

x: not matched anywhere
y: matched but wrong position

0 0010001 2
1 0010110 3
2 0000000 a
3 0100100 2
4 0000000 a
5 0100000 1
6 0110000 2
7 0010000 1

01 1100110 4
12 0011000 2
23 0110000 2 match 6
34 1010000 2
45 0001111 4
56 0011101 4
67 1101011 5
70 1100111 5

02 0000001 1
13 1010111 5
24 0011111 5
35 0100000 1 match 5
46 1101101 5
57 0001001 2
60 1110011 5
71 1111110 6

03 1001110 4
14 1111000 4
25 1101111 6
36 1000010 2
47 1111001 5
50 0010001 2 match 0
61 1101010 4
72 0011001 3

04 1100001 3
15 0001000 1
26 0001101 3
37 1010110 4
40 1100001 3
51 0001000 1
62 0001101 3
73 1010110 4

05 0010001 2 match 0
16 1101010 4
27 0011001 3
30 1001110 4
41 1111000 4
52 1101111 6
63 1000010 2
74 1111001 5

06 1110011 5
17 1111110 6
20 0000001 1
31 1010111 5
42 0011111 5
53 0100000 1 match 5
64 1101101 5
75 0001001 2

07 1100111 5
10 1100110 4
21 0011000 2
32 0110000 2 match 6
43 1010000 2
54 0001111 4
65 0011101 4
76 1101011 5
[completion]
0 50 05
1 absent
2 absent
3 absent
4 absent
5 35 53
6 23 32
7 absent

Left
50 61x
05 16x
Best: 50: 1

Right
none
Best: none
