[category]
matching
[prompt]
In Alice's Wonderland, secret processing rules are used on text.

x: not matched anywhere
y: matched but wrong position

0 111110000 5
1 111100101 6
2 101011001 5
3 101011100 5
4 101100111 6
5 111111111 a
6 110100011 5
7 111111111 a

01 111001001 5
12 100001111 5
23 110001000 3
34 101110111 7
45 100011010 4
56 100110100 4
67 101110010 5
70 101100101 5

02 100111001 5
13 101111000 5
24 100000000 1
35 110010010 4
46 111010001 5
57 110111001 6
60 111101000 5
71 101010011 5

03 101001110 5
14 111110000 5 match 0
25 111100101 6 match 1
36 101011001 5 match 2
47 101011100 5 match 3
50 100100011 4
61 111011110 7
72 110100011 5 match 6

04 111000110 5
15 100010101 4
26 100101110 5
37 111010100 5
40 111000110 5
51 100010101 4
62 100101110 5
73 111010100 5

05 100100011 4
16 111011110 7
27 110100011 5 match 6
30 101001110 5
41 111110000 5 match 0
52 111100101 6 match 1
63 101011001 5 match 2
74 101011100 5 match 3

06 111101000 5
17 101010011 5
20 100111001 5
31 101111000 5
42 100000000 1
53 110010010 4
64 111010001 5
75 110111001 6

07 101100101 5
10 111001001 5
21 100001111 5
32 110001000 3
43 101110111 7
54 100011010 4
65 100110100 4
76 101110010 5
[completion]
0 14 41
1 25 52
2 36 63
3 47 74
4 absent
5 absent
6 72 27
7 absent

Left
14 25 36 47 50x
41 52 63 74 05x
Best: 14 25 36 47: 4

Right
none
Best: none
