[category]
matching
[prompt]
In Alice's Wonderland, secret processing rules are used on text.

x: not matched anywhere
y: matched but wrong position

0 101011101 6
1 100101101 5
2 000000011 2
3 000000000 a
4 000000000 a
5 000000000 a
6 000000000 a
7 001011100 4

01 001001000 2
12 000010110 3
23 010000000 1
34 100011010 4
45 000100000 1
56 001010000 2
67 100101100 4
70 000000011 2 match 2

02 000011100 3
13 010000000 1
24 110000000 2
35 000100010 2
46 001000000 1
57 101011100 5
60 100100001 3
71 000000001 1

03 000000000 a match 3 4 5 6
14 010010010 3
25 010100000 2
36 001010010 3
47 001100100 3
50 100000001 2
61 100101001 4
72 000000011 2 match 2

04 000011000 2
15 010000010 2
26 011000000 2
37 101111100 6
40 000100000 1
51 101001001 4
62 000001101 3
73 000000001 1

05 000000000 a match 3 4 5 6
16 010010010 3
27 111100000 4
30 100100010 3
41 001100000 2
52 000011101 4
63 000000001 1
74 000000011 2 match 2

06 001010000 2
17 010010100 3
20 110100000 3
31 101101000 4
42 000000100 1
53 000000001 1
64 100001001 3
75 000000010 1

07 001011100 4 match 7
10 010000010 2
21 101100000 3
32 000011110 4
43 000000000 a match 3 4 5 6
54 100011001 4
65 000100000 1
76 000000010 1
[completion]
0 absent
1 absent
2 70 72 74
3 03 05 43
4 03 05 43
5 03 05 43
6 03 05 43
7 07

Left
none
Best: none

Right
07 76x
Best: 07: 1
