[category]
matching
[prompt]
In Alice's Wonderland, secret processing rules are used on text.

x: not matched anywhere
y: matched but wrong position

0 0000000 a
1 0000000 a
2 0000000 a
3 0000000 a
4 0000000 a
5 0110001 3
6 1000101 3
7 1100011 4

01 0110000 2
12 0000100 1
23 1000001 2
34 0101100 3
45 0000000 a match 0 1 2 3 4
56 1001001 3
67 0100010 2
70 1000100 2

02 0010000 1
13 1000001 2
24 0100001 2
35 0000100 1
46 1000000 1
57 0101010 3
60 0000110 2
71 0000000 a match 0 1 2 3 4

03 0010001 2
14 0000101 2
25 0000000 a match 0 1 2 3 4
36 0001000 1
47 0000010 1
50 1001010 3
61 0100010 2
72 0000100 1

04 0110001 3 match 5
15 0000100 1
26 1000001 2
37 0101010 3
40 1000010 2
51 0101010 3
62 0000100 1
73 1000001 2

05 0010000 1
16 1000001 2
27 0100010 2
30 0001110 3
41 0000010 1
52 0001000 1
63 0000000 a match 0 1 2 3 4
74 0000101 2

06 0010001 2
17 0000000 a match 0 1 2 3 4
20 1000010 2
31 0101010 3
42 0000000 a match 0 1 2 3 4
53 1000001 2
64 0100100 2
75 0000100 1

07 0110000 2
10 1000100 2
21 0100010 2
32 0001100 2
43 1000000 1
54 0101001 3
65 0000100 1
76 1000001 2
[completion]
0 45 71 25 63 17 42
1 45 71 25 63 17 42
2 45 71 25 63 17 42
3 45 71 25 63 17 42
4 45 71 25 63 17 42
5 04
6 absent
7 absent

Left
45 56x
71 02x
25 36x
63 74x
17 20x
42 53x
Best: 45: 1

Right
none
Best: none
