[category]
matching
[prompt]
In Alice's Wonderland, secret processing rules are used on text.

x: not matched anywhere
y: matched but wrong position

0 0100100 2
1 1101100 4
2 1111111 a
3 1101001 4
4 1101110 5
5 1000011 3
6 0011010 3
7 1001111 5

01 1010111 5
12 0011010 3 match 6
23 0011000 2
34 0100100 2 match 0
45 0011000 2
56 1010000 2
67 0110111 5
70 0001110 3

02 0110010 3
13 1111101 6
24 1000011 3 match 5
35 1000011 3 match 5
46 0110111 5
57 0011000 2
60 1000110 3
71 0100110 3

03 1010101 4
14 0100110 3
25 0100100 2 match 0
36 1101100 4 match 1
47 1111111 a match 2
50 1101001 4 match 3
61 1101110 5 match 4
72 1000011 3 match 5

04 0001110 3
15 1000001 2
26 0001011 3
37 0100100 2 match 0
40 0001110 3
51 1000001 2
62 0001011 3
73 0100100 2 match 0

05 1101001 4 match 3
16 1101110 5 match 4
27 1000011 3 match 5
30 1010101 4
41 0100110 3
52 0100100 2 match 0
63 1101100 4 match 1
74 1111111 a match 2

06 1000110 3
17 0100110 3
20 0110010 3
31 1111101 6
42 1000011 3 match 5
53 1000011 3 match 5
64 0110111 5
75 0011000 2

07 0001110 3
10 1010111 5
21 0011010 3 match 6
32 0011000 2
43 0100100 2 match 0
54 0011000 2
65 1010000 2
76 0110111 5
[completion]
0 34 25 37 73 52 43
1 36 63
2 47 74
3 50 05
4 61 16
5 24 35 72 27 42 53
6 12 21
7 absent

Left
34 45x
25 36 47 50 61 72 03x
37 40x
73 04x
52 63 74 05 16 27 30x
43 54x
Best: 25 36 47 50 61 72: 6

Right
none
Best: none
