[category]
matching
[prompt]
In Alice's Wonderland, secret processing rules are used on text.

x: not matched anywhere
y: matched but wrong position

0 11111001 6
1 10001110 4
2 00000000 a
3 00000000 a
4 00000000 a
5 00000000 a
6 00001111 4
7 00111100 4

01 11101111 7
12 11111111 a
23 01001100 3
34 11110111 7
45 11011111 7
56 10111110 6
67 11111001 6 match 0
70 11011110 6

02 11111111 a
13 01111100 5
24 01100100 3
35 11110111 7
46 10011111 6
57 11111111 a
60 11111001 6 match 0
71 11001111 6

03 01101111 6
14 01111100 5
25 01000101 3
36 10110111 6
47 11111111 a
50 11111110 7
61 11111011 7
72 11111111 a

04 01101111 6
15 01111101 6
26 00000110 2
37 11110111 7
40 11011111 7
51 11111111 a
62 11111011 7
73 11001110 5

05 01101111 6
16 00111110 5
27 01110101 5
30 11110111 7
41 11011111 7
52 11111111 a
63 11111001 6 match 0
74 11101110 6

06 00101111 5
17 01111101 6
20 11010100 4
31 11110111 7
42 11111111 a
53 11111110 7
64 11111001 6 match 0
75 11001111 6

07 01111111 7
10 11111100 6
21 11000111 5
32 11111111 a
43 11011111 7
54 11111110 7
65 11111001 6 match 0
76 10001110 4 match 1
[completion]
0 67 60 63 64 65
1 76
2 absent
3 absent
4 absent
5 absent
6 absent
7 absent

Left
67 70x
60 71x
63 74x
64 75x
65 76 07x
Best: 65 76: 2

Right
none
Best: none
