[category]
matching
[prompt]
In Alice's Wonderland, secret processing rules are used on text.

x: not matched anywhere
y: matched but wrong position

0 0000000 a
1 0000000 a
2 0000000 a
3 0001000 1
4 1000010 2
5 0000011 2
6 0000000 a
7 0001000 1

01 0000100 1
12 0110000 2
23 1001000 2
34 0100001 2
45 0010010 2
56 0001100 2
67 1100000 2
70 0001010 2

02 0100100 2
13 0001000 1 match 3 7
24 0000001 1
35 0110011 4
46 0011000 2
57 1000100 2
60 1000010 2 match 4
71 0000000 a match 0 1 2 6

03 0000100 1
14 0100001 2
25 0000011 2 match 5
36 0010001 2
47 1010000 2
50 1001000 2
61 1000000 1
72 0000000 a match 0 1 2 6

04 0100101 3
15 0110011 4
26 0001001 2
37 0110000 2
40 1011010 4
51 1000100 2
62 0100000 1
73 0001000 1 match 3 7

05 0100001 2
16 0011001 3
27 1000000 1
30 0010010 2
41 1000000 1
52 0000100 1
63 1000000 1
74 0000001 1

06 0000101 2
17 0110000 2
20 1001010 3
31 0000000 a match 0 1 2 6
42 0010000 1
53 1001100 3
64 0100000 1
75 0000011 2 match 5

07 0100100 2
10 0011010 3
21 1000000 1
32 0110000 2
43 1001000 2
54 0000100 1
65 0100010 2
76 0001001 2
[completion]
0 71 72 31
1 71 72 31
2 71 72 31
3 13 73
4 60
5 25 75
6 71 72 31
7 13 73

Left
71 02x
72 03x
31 42x
Best: 71: 1

Right
13 02x
73 62x
Best: 13: 1
