[category]
matching
[prompt]
In Alice's Wonderland, secret processing rules are used on text.

x: not matched anywhere
y: matched but wrong position

0 1010001 3
1 0100110 3
2 1001001 3
3 0000100 1
4 1100111 5
5 1001011 4
6 0100011 3
7 0000110 2

01 10 0000010 1
12 21 0000110 2 match 7
23 32 0100110 3 match 1
34 43 0000000 a
45 54 0000001 1
56 65 0000101 2
67 76 1001001 3 match 2
70 07 0000011 2

02 20 0100011 3 match 6
13 31 0000110 2 match 7
24 42 1000001 2
35 53 0000100 1 match 3
46 64 1001001 3 match 2
57 75 0000001 1
60 06 0100001 2
71 17 0000010 1

03 30 0100010 2
14 41 0000000 a
25 52 0000101 2
36 63 0100100 2
47 74 1001001 3 match 2
50 05 0000001 1
61 16 0000100 1 match 3
72 27 1000011 3

04 40 0000001 1
15 51 0000100 1 match 3
26 62 1100101 4
37 73 0000010 1
[completion]
0 absent
1 23 32
2 67 76 46 64 47 74
3 35 53 61 16 15 51
4 absent
5 absent
6 02 20
7 12 21 13 31

Left
none
Best: none

Right
12 01x
21 10x
13 02 71x
31 20 17x
Best: 13 02: 2
