[category]
matching
[prompt]
In Alice's Wonderland, secret processing rules are used on text.

x: not matched anywhere
y: matched but wrong position

0 011100111 6
1 110101110 6
2 011111110 7
3 111110011 7
4 111101110 7
5 001111111 7
6 110110011 6
7 011011110 6

01 110000101 4
12 100001101 4
23 000010111 4
34 001110111 6
45 010000010 2
56 000010010 2
67 110011000 4
70 111100000 4

02 101110111 7
13 011100101 5
24 110011111 7
35 100001010 3
46 101101111 7
57 001110101 5
60 110000111 5
71 110011010 5

03 010011111 6
14 101101101 6
25 011100010 4
36 011100111 6 match 0
47 100001000 2
50 001101010 4
61 111111101 8
72 101101000 4

04 100010111 5
15 000010000 1
26 100001111 5
37 010000000 1
40 100010111 5
51 000010000 1
62 100001111 5
73 010000000 1

05 001101010 4
16 111111101 8
27 101101000 4
30 010011111 6
41 101101101 6
52 011100010 4
63 011100111 6 match 0
74 100001000 2

06 110000111 5
17 110011010 5
20 101110111 7
31 011100101 5
42 110011111 7
53 100001010 3
64 101101111 7
75 001110101 5

07 111100000 4
10 110000101 4
21 100001101 4
32 000010111 4
43 001110111 6
54 010000010 2
65 000010010 2
76 110011000 4
[completion]
0 36 63
1 absent
2 absent
3 absent
4 absent
5 absent
6 absent
7 absent

Left
36 47x
63 74x
Best: 36: 1

Right
none
Best: none
