[category]
matching
[prompt]
In Alice's Wonderland, secret processing rules are used on text.

x: not matched anywhere
y: matched but wrong position

0 01001111 5
1 11011010 5
2 11001111 6
3 11001011 5
4 11010111 6
5 11111100 6
6 01110111 6
7 10111101 6

01 11111111 a
12 11000011 4
23 10111111 7
34 01110110 5
45 10111111 7
56 11010000 3
67 01111111 7
70 10111101 6 match 7

02 11000011 4
13 11001111 6 match 2
24 11111110 7
35 11111111 a
46 11011001 5
57 01010111 5
60 00111111 6
71 10111111 7

03 11001111 6 match 2
14 11100110 5
25 10111111 7
36 11110000 4
47 11011111 7
50 01111101 6
61 00111111 6
72 11101011 6

04 11100110 5
15 11111111 a
26 11111100 6 match 5
37 01110111 6 match 6
40 10111101 6 match 7
51 01111111 7
62 01101111 6
73 10101111 6

05 11111111 a
16 11010000 3
27 11111111 a
30 01111101 6
41 10111111 7
52 01000011 3
63 10101111 6
74 11101110 6

06 11010010 4
17 11010111 6 match 4
20 10111101 6 match 7
31 01111111 7
42 11011011 6
53 11001111 6 match 2
64 01101111 6
75 10111111 7

07 11010111 6 match 4
10 11111101 7
21 10111111 7
32 01110011 5
43 10011111 6
54 01100110 4
65 10111111 7
76 11111000 5
[completion]
0 absent
1 absent
2 13 03 53
3 absent
4 17 07
5 26
6 37
7 70 40 20

Left
none
Best: none

Right
70 67x
40 37 26 15x
20 17y
Best: 40 37 26: 3
