[category]
matching
[prompt]
In Alice's Wonderland, secret processing rules are used on text.

x: not matched anywhere
y: matched but wrong position

0 0011111100 6
1 0001110000 3
2 1001010001 4
3 1101010111 7
4 0111111101 8
5 0001111110 6
6 1001111011 7
7 1110111110 8

01 0111101101 7
12 1010000100 3
23 1110111010 7
34 0000111010 4
45 1000000111 4
56 1000001000 2
67 0110011011 6
70 0101111101 7

02 0010010110 4
13 1011000001 4
24 0001111111 7
35 0111000010 4
46 1111110000 6
57 0001101100 4
60 1100011001 5
71 1101101111 8

03 0011010011 5
14 0100000100 2
25 0110000111 5
36 0000110101 4
47 0110010100 4
50 1011101110 7
61 0100001011 4
72 1000010100 3

04 1100010110 5
15 0011111100 6 match 0
26 0001110000 3 match 1
37 1001010001 4 match 2
40 1100010110 5
51 0011111100 6 match 0
62 0001110000 3 match 1
73 1001010001 4 match 2

05 1011101110 7
16 0100001011 4
27 1000010100 3
30 0011010011 5
41 0100000100 2
52 0110000111 5
63 0000110101 4
74 0110010100 4

06 1100011001 5
17 1101101111 8
20 0010010110 4
31 1011000001 4
42 0001111111 7
53 0111000010 4
64 1111110000 6
75 0001101100 4

07 0101111101 7
10 0111101101 7
21 1010000100 3
32 1110111010 7
43 0000111010 4
54 1000000111 4
65 1000001000 2
76 0110011011 6
[completion]
0 15 51
1 26 62
2 37 73
3 absent
4 absent
5 absent
6 absent
7 absent

Left
15 26 37 40x
51 62 73 04x
Best: 15 26 37: 3

Right
none
Best: none
