[category]
matching
[prompt]
In Alice's Wonderland, secret processing rules are used on text.

x: not matched anywhere
y: matched but wrong position

0 0100000 1
1 0000000 a
2 1000001 2
3 1001011 4
4 1110111 6
5 1011101 5
6 0001010 2
7 0111000 3

01 10 0001000 1
12 21 0001000 1
23 32 0101000 2
34 43 0000000 a match 1
45 54 1000000 1
56 65 1000001 2 match 2
67 76 1000011 3
70 07 1010101 4

02 20 0011000 2
13 31 0001000 1
24 42 0000000 a match 1
35 53 0000000 a match 1
46 64 1000000 1
57 75 1000001 2 match 2
60 06 1001001 3
71 17 0000010 1

03 30 0001000 1
14 41 0000000 a match 1
25 52 0000000 a match 1
36 63 0001000 1
47 74 1000000 1
50 05 1000001 2 match 2
61 16 0001010 2 match 6
72 27 0110000 2

04 40 1000000 1
15 51 0000000 a match 1
26 62 0001000 1
37 73 0100000 1 match 0
[completion]
0 37 73
1 34 43 24 42 35 53 14 41 25 52 15 51
2 56 65 57 75 50 05
3 absent
4 absent
5 absent
6 61 16
7 absent

Left
37 40x
73 04x
Best: 37: 1

Right
none
Best: none
