[category]
matching
[prompt]
In Alice's Wonderland, secret processing rules are used on text.

x: not matched anywhere
y: matched but wrong position

0 1111011 6
1 1011111 6
2 1111111 a
3 1111111 a
4 1111111 a
5 1111111 a
6 1111111 a
7 1111111 a

01 1101110 5
12 1011101 5
23 1111111 a match 2 3 4 5 6 7
34 1010110 4
45 1111001 5
56 1011111 6 match 1
67 1111111 a match 2 3 4 5 6 7
70 0110101 4

02 1101110 5
13 1111111 a match 2 3 4 5 6 7
24 1111111 a match 2 3 4 5 6 7
35 1110001 4
46 1111011 6 match 0
57 1011111 6 match 1
60 0110101 4
71 0100110 3

03 1101111 6
14 1011111 6 match 1
25 1111011 6 match 0
36 1011011 5
47 1111111 a match 2 3 4 5 6 7
50 0011111 5
61 0100110 3
72 1100100 3

04 1111110 6
15 1111001 5
26 1111011 6 match 0
37 1011111 6 match 1
40 0111101 5
51 0101110 4
62 1100100 3
73 1101111 6

05 1111011 6 match 0
16 1011011 5
27 1111111 a match 2 3 4 5 6 7
30 0010101 3
41 0101111 5
52 1001110 4
63 1101111 6
74 1110110 5

06 1111011 6 match 0
17 1011111 6 match 1
20 0111111 6
31 0110110 4
42 1101101 5
53 1101111 6
64 1110110 5
75 1110001 4

07 1111111 a match 2 3 4 5 6 7
10 1011101 5
21 0111111 6
32 1010100 3
43 1101111 6
54 1011110 5
65 1110101 5
76 1111011 6 match 0
[completion]
0 46 25 26 05 06 76
1 56 57 14 37 17
2 23 67 13 24 47 27 07
3 23 67 13 24 47 27 07
4 23 67 13 24 47 27 07
5 23 67 13 24 47 27 07
6 23 67 13 24 47 27 07
7 23 67 13 24 47 27 07

Left
46 57 60x
25 36x
26 37 40x
05 16x
06 17 20x
76 07y
Best: 46 57: 2

Right
23 12x
67 56y
13 02x
24 13 02x
47 36x
27 16x
07 76y
Best: 24 13: 2
