[category]
matching
[prompt]
In Alice's Wonderland, secret processing rules are used on text.

x: not matched anywhere
y: matched but wrong position

0 0111101 5
1 0101000 2
2 0101000 2
3 0000110 2
4 1011111 6
5 1011000 3
6 0010011 3
7 0110010 3

01 1111001 5
12 0100110 3
23 1111111 a
34 1111100 5
45 1011111 6 match 4
56 1111010 5
67 1010111 5
70 1111111 a

02 0101000 2 match 1 2
13 0100111 4
24 1111111 a
35 1011101 5
46 1111011 6
57 1110111 6
60 1010111 5
71 1111001 5

03 0101111 5
14 1101110 5
25 1011111 6 match 4
36 1111010 5
47 1010111 5
50 1110111 6
61 1111101 6
72 0101000 2 match 1 2

04 1101100 4
15 1001111 5
26 1111111 a
37 1011111 6 match 4
40 1010111 5
51 1111011 6
62 0110101 4
73 0101111 5

05 1101101 5
16 1101110 5
27 1011111 6 match 4
30 1011111 6 match 4
41 1111011 6
52 0110010 3 match 7
63 0110111 5
74 1101100 4

06 1101010 4
17 1010111 5
20 1011111 6 match 4
31 1111001 5
42 0110011 4
53 0110111 5
64 1111101 6
75 1101101 5

07 1111111 a
10 1010111 5
21 1111111 a
32 1111000 4
43 0110111 5
54 1111110 6
65 1011101 5
76 1101010 4
[completion]
0 absent
1 02 72
2 02 72
3 absent
4 45 25 37 27 30 20
5 absent
6 absent
7 52

Left
none
Best: none

Right
52 41x
Best: 52: 1
