[category]
matching
[prompt]
In Alice's Wonderland, secret processing rules are used on text.

x: not matched anywhere
y: matched but wrong position

0 111110001 6
1 011010110 5
2 101111111 8
3 011100111 6
4 111110001 6
5 011010110 5
6 111111111 a
7 011101111 7

01 111111100 7
12 111111111 a match 6
23 111011111 8
34 111100111 7
45 001111100 5
56 111110011 7
67 011111100 6
70 101101111 7

02 111111101 8
13 111011111 8
24 111100111 7
35 001101110 5
46 111111011 8
57 111110111 8
60 101101111 7
71 101111111 8 match 2

03 111011101 7
14 111101111 8
25 001101110 5
36 111110011 7
47 011111100 6
50 111110111 8
61 101111100 6
72 111111111 a match 6

04 111111111 a match 6
15 011101111 7 match 7
26 111110011 7
37 011110110 6
40 101111111 8 match 2
51 111110111 8
62 111111101 8
73 111011111 8

05 011111100 6
16 111111011 8
27 011110110 6
30 101100111 6
41 101111100 6
52 111111111 a match 6
63 111011101 7
74 111101111 8

06 111111011 8
17 011111111 8
20 101100111 6
31 101110110 6
42 111111101 8
53 111011111 8
64 111101111 8
75 101101111 7

07 011111100 6
10 111101111 8
21 101110110 6
32 111111111 a match 6
43 111011101 7
54 111110111 8
65 001101100 4
76 111111011 8
[completion]
0 absent
1 absent
2 71 40
3 absent
4 absent
5 absent
6 12 72 04 52 32
7 15

Left
none
Best: none

Right
15 04 73x
Best: 15 04: 2
