[category]
matching
[prompt]
In Alice's Wonderland, secret processing rules are used on text.

x: not matched anywhere
y: matched but wrong position

0 010010100 3
1 001010000 2
2 001111000 4
3 101111101 7
4 000010001 2
5 001101101 5
6 000010001 2
7 001000110 3

01 10 000010001 2 match 4 6
12 21 000000001 1
23 32 000101101 4
34 43 010010100 3 match 0
45 54 001010000 2 match 1
56 65 001111000 4 match 2
67 76 000110000 2
70 07 000110001 3

02 20 001101101 5 match 5
13 31 000010001 2 match 4 6
24 42 001000110 3 match 7
35 53 000111000 3
46 64 011010100 4
57 75 000110000 2
60 06 101111100 6
71 17 000010001 2 match 4 6

03 30 000111101 5
14 41 000010000 1
25 52 001101000 3
36 63 010111100 5
47 74 000010000 1
50 05 001111000 4 match 2
61 16 000010000 1
72 27 000100001 2

04 40 001010100 3
15 51 000010000 1
26 62 001101100 4
37 73 000110001 3
[completion]
0 34 43
1 45 54
2 56 65 50 05
3 absent
4 01 10 13 31 71 17
5 02 20
6 01 10 13 31 71 17
7 24 42

Left
34 45 56 67x
43 54 65 76x
Best: 34 45 56: 3

Right
24 13 02 71 60x
42 31 20 17 06x
Best: 24 13 02 71: 4
