[category]
matching
[prompt]
In Alice's Wonderland, secret processing rules are used on text.

x: not matched anywhere
y: matched but wrong position

0 0000010100 2
1 0000000100 1
2 0101100000 3
3 0000000000 a
4 0000000000 a
5 0000000000 a
6 0000000000 a
7 0101100000 3

01 0001100000 2
12 0110001000 3
23 0001110001 4
34 0000000100 1 match 1
45 1010000000 2
56 0101100011 5
67 0000011000 2
70 0000000100 1 match 1

02 0110001000 3
13 0010011000 3
24 0000100000 1
35 1000000000 1
46 1111000011 6
57 0000010011 3
60 0000010100 2 match 0
71 0001100100 3

03 0011101000 4
14 0000001000 1
25 1000000000 1
36 1100000010 3
47 1010010011 5
50 0000010111 4
61 0000000100 1 match 1
72 0100000100 2

04 0000101000 2
15 0010001000 2
26 1001100011 5
37 1000000010 2
40 1000010011 4
51 0001100111 5
62 0000001100 2
73 0001100000 2

05 0010001000 2
16 0110000000 2
27 1000010011 4
30 1000000110 3
41 1001000011 4
52 0100000100 2
63 0000011000 2
74 0000100100 2

06 0111100000 4
17 0010011000 3
20 1000010011 4
31 1000000110 3
42 0110000000 2
53 0001110001 4
64 0000001100 2
75 0000000000 a match 3 4 5 6

07 0010001000 2
10 0000010000 1
21 1001100011 5
32 0100000100 2
43 0011010001 4
54 0000100100 2
65 0000001000 1
76 0101100000 3 match 2 7
[completion]
0 60
1 34 70 61
2 76
3 75
4 75
5 75
6 75
7 76

Left
60 71x
Best: 60: 1

Right
76 65x
Best: 76: 1
