[category]
matching
[prompt]
In Alice's Wonderland, secret processing rules are used on text.

x: not matched anywhere
y: matched but wrong position

0 101110011 6
1 101011101 6
2 101011111 7
3 111110101 7
4 001100001 3
5 101110011 6
6 001111001 5
7 111111111 a

01 111001011 6
12 111111111 a match 7
23 101100111 6
34 111111001 7
45 111100111 7
56 101111011 7
67 011111101 7
70 110110111 7

02 111011011 7
13 101110111 7
24 101111101 7
35 111111111 a match 7
46 111110111 8
57 001111001 5 match 6
60 110111101 7
71 111001111 7

03 111001111 7
14 101111101 7
25 111100111 7
36 111111011 8
47 011111111 8
50 100111101 6
61 111001111 7
72 111011111 8

04 111111011 8
15 111110111 8
26 101110111 7
37 011111001 6
40 110110111 7
51 111011011 7
62 111011111 8
73 111000111 6

05 111101111 8
16 101110111 7
27 001111101 6
30 110111101 7
41 111001111 7
52 111011011 7
63 111001111 7
74 111111111 a match 7

06 111111011 8
17 001111101 6
20 100110101 5
31 111111011 8
42 111011111 8
53 101011111 7 match 2
64 111111101 8
75 111100111 7

07 011111011 7
10 100110101 5
21 111101111 8
32 111111011 8
43 111000111 6
54 101111001 6
65 111101111 8
76 111110111 8
[completion]
0 absent
1 absent
2 53
3 absent
4 absent
5 absent
6 57
7 12 35 74

Left
none
Best: none

Right
12 01x
35 24x
74 63x
Best: 12: 1
