[category]
matching
[prompt]
In Alice's Wonderland, secret processing rules are used on text.

x: not matched anywhere
y: matched but wrong position

0 00000011 2
1 01011001 4
2 11011000 4
3 00000000 a
4 00000000 a
5 00000000 a
6 10010000 2
7 10100110 4

01 00010000 1
12 00100010 2
23 00000100 1
34 10111000 4
45 01000100 2
56 00000010 1
67 00000001 1
70 01001000 2

02 00000000 a match 3 4 5
13 00000100 1
24 10010000 2 match 6
35 10111000 4
46 00000110 2
57 00000011 2 match 0
60 01001001 3
71 01011000 3

03 00000000 a match 3 4 5
14 10100000 2
25 10010100 3
36 10100010 3
47 00000111 3
50 00000011 2 match 0
61 01011001 4 match 1
72 01001000 2

04 10010000 2 match 6
15 10100100 3
26 10000100 2
37 00100011 3
40 01000111 4
51 00000001 1
62 01001000 2
73 01000000 1

05 10010000 2 match 6
16 10100110 4 match 7
27 00000101 2
30 00101011 4
41 01000001 2
52 00000010 1
63 01000000 1
74 10011000 3

06 10000000 1
17 00100110 3
20 00000101 2
31 00011001 3
42 01000010 2
53 00000000 a match 3 4 5
64 00011000 2
75 11011000 4 match 2

07 00000000 a match 3 4 5
10 00100110 3
21 00010001 2
32 00101010 3
43 01000100 2
54 00000000 a match 3 4 5
65 01011000 3
76 10000000 1
[completion]
0 57 50
1 61
2 75
3 02 03 53 07 54
4 02 03 53 07 54
5 02 03 53 07 54
6 24 04 05
7 16

Left
57 60x
50 61 72x
Best: 50 61: 2

Right
16 05 74x
Best: 16 05: 2
