[category]
matching
[prompt]
In Alice's Wonderland, secret processing rules are used on text.

x: not matched anywhere
y: matched but wrong position

0 1110011 5
1 0101000 2
2 0010111 4
3 0101010 3
4 0110000 2
5 0000000 a
6 0000000 a
7 1001001 3

01 1001001 3 match 7
12 0000100 1
23 0001000 1
34 1010011 4
45 0101000 2 match 1
56 0010101 3
67 0001010 2
70 0110000 2 match 4

02 0000000 a match 5 6
13 0000100 1
24 1010001 3
35 1100000 2
46 0000000 a match 5 6
57 0000111 3
60 0100010 2
71 0010000 1

03 0001000 1
14 0000100 1
25 1101000 3
36 1010001 3
47 0001000 1
50 0010110 3
61 0001010 2
72 0000000 a match 5 6

04 1000001 2
15 0100000 1
26 1010001 3
37 1000011 3
40 0100000 1
51 0010011 3
62 0000010 1
73 0000000 a match 5 6

05 1001000 2
16 0000100 1
27 1001001 3 match 7
30 0110010 3
41 0001000 1
52 0000110 2
63 0001000 1
74 0010000 1

06 1000001 2
17 0000100 1
20 0110000 2 match 4
31 1010011 4
42 0000000 a match 5 6
53 0000100 1
64 0000010 1
75 0100000 1

07 1001001 3 match 7
10 0100100 2
21 1011001 4
32 0000010 1
43 0001000 1
54 0010111 4 match 2
65 0101000 2 match 1
76 0010000 1
[completion]
0 absent
1 45 65
2 54
3 absent
4 70 20
5 02 46 72 73 42
6 02 46 72 73 42
7 01 27 07

Left
none
Best: none

Right
01 70y
27 16x
07 76x
Best: 01: 1
