[category]
matching
[prompt]
In Alice's Wonderland, secret processing rules are used on text.

x: not matched anywhere
y: matched but wrong position

0 0011111011 7
1 1011100110 6
2 1001110101 6
3 0110000010 3
4 1111111111 a
5 1111111111 a
6 1111111111 a
7 1111111111 a

01 0110100001 4
12 1101011001 6
23 0100001101 4
34 0000111000 3
45 1000010101 4
56 0100010001 3
67 0000001000 1
70 0011000001 3

02 0100000111 4
13 0110101011 6
24 1011001010 5
35 0111010010 5
46 0011111011 7 match 0
57 1011100110 6 match 1
60 1100110110 6
71 1010011111 7

03 1111110101 8
14 1001101100 5
25 1100100000 3
36 1100111100 6
47 1100001100 4
50 0111011000 5
61 0101101000 4
72 1000111001 5

04 0000110010 3
15 1110000110 5
26 0111001110 6
37 0011001011 5
40 0000110010 3
51 1110000110 5
62 0111001110 6
73 0011001011 5

05 0111011000 5
16 0101101000 4
27 1000111001 5
30 1111110101 8
41 1001101100 5
52 1100100000 3
63 1100111100 6
74 1100001100 4

06 1100110110 6
17 1010011111 7
20 0100000111 4
31 0110101011 6
42 1011001010 5
53 0111010010 5
64 0011111011 7 match 0
75 1011100110 6 match 1

07 0011000001 3
10 0110100001 4
21 1101011001 6
32 0100001101 4
43 0000111000 3
54 1000010101 4
65 0100010001 3
76 0000001000 1
[completion]
0 46 64
1 57 75
2 absent
3 absent
4 absent
5 absent
6 absent
7 absent

Left
46 57 60x
64 75 06x
Best: 46 57: 2

Right
none
Best: none
