[category]
matching
[prompt]
In Alice's Wonderland, secret processing rules are used on text.

x: not matched anywhere
y: matched but wrong position

0 0100001 2
1 0101101 4
2 1000000 1
3 0101001 3
4 1101111 6
5 1101110 5
6 0100101 3
7 0100001 2

01 10 1101110 5 match 5
12 21 1100110 4
23 32 0100101 3 match 6
34 43 0100001 2 match 0 7
45 54 0100001 2 match 0 7
56 65 0101001 3 match 3
67 76 1001000 2
70 07 1001010 3

02 20 1100111 5
13 31 0101100 3
24 42 1100001 3
35 53 0101001 3 match 3
46 64 1100001 3
57 75 0001000 1
60 06 1101101 5
71 17 1001010 3

03 30 0101101 4 match 1
14 41 1100000 2
25 52 0100001 2 match 0 7
36 63 0101101 4 match 1
47 74 1000000 1 match 2
50 05 0101001 3 match 3
61 16 1101100 4
72 27 1000010 2

04 40 1100001 3
15 51 0101000 2
26 62 1100101 4
37 73 0011000 2
[completion]
0 34 43 45 54 25 52
1 03 30 36 63
2 47 74
3 56 65 35 53 50 05
4 absent
5 01 10
6 23 32
7 34 43 45 54 25 52

Left
34 45y
43 54y
45 56y
54 65y
25 36 47 50 61x
52 63 74 05 16x
Best: 25 36 47 50: 4

Right
34 23 12x
43 32 21x
45 34y
54 43y
25 14x
52 41x
Best: 34 23: 2
