[category]
matching
[prompt]
In Alice's Wonderland, secret processing rules are used on text.

x: not matched anywhere
y: matched but wrong position

0 0010000 1
1 0000111 3
2 0001000 1
3 0000000 a
4 0000000 a
5 0000000 a
6 0000000 a
7 0000000 a

01 10 0100100 2
12 21 0110100 3
23 32 1000010 2
34 43 1001000 2
45 54 0000000 a match 3 4 5 6 7
56 65 0000000 a match 3 4 5 6 7
67 76 0000000 a match 3 4 5 6 7
70 07 0101000 2

02 20 1100111 5
13 31 0000000 a match 3 4 5 6 7
24 42 1000001 2
35 53 0000000 a match 3 4 5 6 7
46 64 0000001 1
57 75 0010000 1 match 0
60 06 0000111 3 match 1
71 17 0110000 2

03 30 1001010 3
14 41 0000000 a match 3 4 5 6 7
25 52 0010000 1 match 0
36 63 0000010 1
47 74 0001000 1 match 2
50 05 0000000 a match 3 4 5 6 7
61 16 0000100 1
72 27 0110000 2

04 40 1001001 3
15 51 0010000 1 match 0
26 62 0000111 3 match 1
37 73 0001000 1 match 2
[completion]
0 57 75 25 52 15 51
1 60 06 26 62
2 47 74 37 73
3 45 54 56 65 67 76 13 31 35 53 14 41 50 05
4 45 54 56 65 67 76 13 31 35 53 14 41 50 05
5 45 54 56 65 67 76 13 31 35 53 14 41 50 05
6 45 54 56 65 67 76 13 31 35 53 14 41 50 05
7 45 54 56 65 67 76 13 31 35 53 14 41 50 05

Left
57 60 71x
75 06 17x
25 36x
52 63x
15 26 37 40x
51 62 73 04x
Best: 15 26 37: 3

Right
45 34x
54 43x
56 45 34x
65 54 43x
67 56 45 34x
76 65 54 43x
13 02x
31 20x
35 24x
53 42x
14 03x
41 30x
50 47y
05 74y
Best: 67 56 45: 3
