[category]
matching
[prompt]
In Alice's Wonderland, secret processing rules are used on text.

x: not matched anywhere
y: matched but wrong position

0 101001011 5
1 011101000 4
2 001111111 7
3 000001011 3
4 010110100 4
5 010101111 6
6 011001110 5
7 001010010 3

01 000001011 3 match 3
12 000010000 1
23 000100001 2
34 010001100 3
45 000010000 1
56 100000011 3
67 010000000 1
70 001110100 4

02 000000000 a
13 000110000 2
24 010101101 5
35 010000100 2
46 000010010 2
57 100000000 1
60 011100000 3
71 001001011 4

03 000000001 1
14 010100100 3
25 010100100 3
36 000000110 2
47 000000000 a
50 101000000 2
61 001001000 2
72 001010000 2

04 000001001 2
15 010110100 4 match 4
26 000000111 3
37 010000000 1
40 001010000 2
51 101001011 5 match 0
62 001000000 1
73 000110001 3

05 000000000 a
16 000010100 2
27 010000000 1
30 011000100 3
41 001000010 2
52 101000000 2
63 000100000 1
74 000101101 4

06 000000011 2
17 010000000 1
20 010100100 3
31 001001010 3
42 001010000 2
53 100000001 2
64 010101000 3
75 000110100 3

07 000000000 a
10 010110100 4 match 4
21 000001011 3 match 3
32 001000000 1
43 000010000 1
54 100001001 3
65 010100000 2
76 000010111 4
[completion]
0 51
1 absent
2 absent
3 01 21
4 15 10
5 absent
6 absent
7 absent

Left
51 62x
Best: 51: 1

Right
none
Best: none
