[category]
matching
[prompt]
In Alice's Wonderland, secret processing rules are used on text.

x: not matched anywhere
y: matched but wrong position

0 11000010 3
1 10001010 3
2 10000100 2
3 11010111 6
4 00101010 3
5 11000101 4
6 11011111 7
7 11111111 a

01 00011110 4
12 11100111 6
23 11011010 5
34 10101101 5
45 11010111 6 match 3
56 11111110 7
67 11101111 7
70 11111011 7

02 00100111 4
13 11110111 7
24 11111001 6
35 10101101 5
46 11010110 5
57 11111111 a match 7
60 11111111 a match 7
71 00111010 4

03 01010110 4
14 11101101 6
25 11011001 5
36 11111101 7
47 11011111 7 match 6
50 11111111 a match 7
61 00111111 6
72 00110111 5

04 00101101 4
15 11100101 5
26 11011000 4
37 11101111 7
40 11111111 a match 7
51 11111110 7
62 00101111 5
73 01110010 4

05 00000101 2
16 11110101 6
27 11011111 7 match 6
30 11111111 a match 7
41 11011110 6
52 11111111 a match 7
63 01111111 7
74 00111001 4

06 11010100 4
17 11101111 7
20 11111011 7
31 10111111 7
42 11110111 7
53 11111110 7
64 00101111 5
75 00110001 3

07 11001111 6
10 11111111 a match 7
21 11011010 5
32 10101111 6
43 11010110 5
54 11111111 a match 7
65 00101111 5
76 11110000 4
[completion]
0 absent
1 absent
2 absent
3 45
4 absent
5 absent
6 47 27
7 57 60 50 40 30 52 10 54

Left
none
Best: none

Right
57 46x
60 57y
50 47 36x
40 37x
30 27 16x
52 41x
10 07x
54 43x
Best: 50 47: 2
