[category]
matching
[prompt]
In Alice's Wonderland, secret processing rules are used on text.

x: not matched anywhere
y: matched but wrong position

0 110110110 6
1 111010001 5
2 001111110 6
3 111100111 7
4 000000000 a
5 010010110 4
6 011110001 5
7 101011100 5

01 110011110 6
12 011110011 6
23 111111101 8
34 101001111 6
45 110111110 7
56 111010001 5 match 1
67 001111110 6 match 2
70 111101111 8

02 010110111 6
13 011110001 5 match 6
24 101011101 6
35 100101110 5
46 110110111 7
57 111011001 6
60 101111111 8
71 111101111 8

03 011110111 7
14 011111001 6
25 101111110 7
36 110001111 6
47 110111110 7
50 111111001 7
61 101111110 7
72 111100111 7 match 3

04 011011111 7
15 011111111 8
26 111011101 7
37 100011110 5
40 111111111 a
51 111011111 8
62 011111111 8
73 111110111 8

05 010111110 6
16 111110001 6
27 101011100 5 match 7
30 101101111 7
41 110111110 7
52 111110011 7
63 011111111 8
74 111101111 8

06 110010111 6
17 011111001 6
20 101111101 7
31 100001110 4
42 110110111 7
53 111110001 6
64 001111111 7
75 111101111 8

07 010011110 5
10 111111001 7
21 101011110 6
32 110101111 7
43 111110111 8
54 111011001 6
65 001111110 6 match 2
76 111100111 7 match 3
[completion]
0 absent
1 56
2 67 65
3 72 76
4 absent
5 absent
6 13
7 27

Left
none
Best: none

Right
27 16x
Best: 27: 1
