[category]
matching
[prompt]
In Alice's Wonderland, secret processing rules are used on text.

x: not matched anywhere
y: matched but wrong position

0 1110100 4
1 0100110 3
2 1000000 1
3 1111101 6
4 1110111 6
5 0100111 4
6 0111110 5
7 1111011 6

01 10 1000111 4
12 21 0100011 3
23 32 0111011 5
34 43 1111011 6 match 7
45 54 1111111 a
56 65 0101101 4
67 76 1101011 5
70 07 1100111 5

02 20 1100111 5
13 31 0111011 5
24 42 1111011 6 match 7
35 53 0111111 6
46 64 1111011 6 match 7
57 75 1100111 5
60 06 1101100 4
71 17 1100011 4

03 30 1111110 6
14 41 1111011 6 match 7
25 52 0100111 4 match 5
36 63 0111010 4
47 74 1111011 6 match 7
50 05 1000101 3
61 16 0101011 4
72 27 1100011 4

04 40 1111111 a
15 51 0000111 3
26 62 0101011 4
37 73 1111011 6 match 7
[completion]
0 absent
1 absent
2 absent
3 absent
4 absent
5 25 52
6 absent
7 34 43 24 42 46 64 14 41 47 74 37 73

Left
none
Best: none

Right
34 23x
43 32x
24 13x
42 31x
46 35x
64 53x
14 03x
41 30x
47 36x
74 63x
37 26x
73 62x
Best: 34: 1
