[category]
matching
[prompt]
In Alice's Wonderland, secret processing rules are used on text.

x: not matched anywhere
y: matched but wrong position

0 0000000000 a
1 0001000100 2
2 1000000010 2
3 1000000110 3
4 1101110111 8
5 0001110000 3
6 1001101100 5
7 1100000010 3

01 10 0001110000 3 match 5
12 21 0001100000 2
23 32 1000000000 1
34 43 1000000010 2 match 2
45 54 0000000110 2
56 65 0001000110 3
67 76 1000000110 3 match 3
70 07 1000100110 4

02 20 1001100100 4
13 31 0000000000 a match 0
24 42 1000000100 2
35 53 0000000010 1
46 64 1000000110 3 match 3
57 75 0000000110 2
60 06 1001010111 6
71 17 0000100000 1

03 30 1100000010 3 match 7
14 41 0000000000 a match 0
25 52 0001000100 2 match 1
36 63 1000000010 2 match 2
47 74 1000000110 3 match 3
50 05 0001000110 3
61 16 0001010000 2
72 27 1000100100 3

04 40 1000000110 3 match 3
15 51 0001000000 1
26 62 1001001100 4
37 73 1000000010 2 match 2
[completion]
0 13 31 14 41
1 25 52
2 34 43 36 63 37 73
3 67 76 46 64 47 74 04 40
4 absent
5 01 10
6 absent
7 03 30

Left
13 24x
31 42x
14 25 36 47 50x
41 52 63 74 05x
Best: 14 25 36 47: 4

Right
03 72x
30 27x
Best: 03: 1
