[category]
matching
[prompt]
In Alice's Wonderland, secret processing rules are used on text.

x: not matched anywhere
y: matched but wrong position

0 0100011 3
1 0101010 3
2 1000000 1
3 1110011 5
4 0101110 4
5 1100111 5
6 1001111 5
7 1111110 6

01 0100001 2
12 0011100 3
23 0100001 2
34 1000000 1 match 2
45 0000010 1
56 1100100 3
67 0001001 2
70 0010010 2

02 0000000 a
13 0011100 3
24 1000001 2
35 0000010 1
46 0100100 2
57 1001101 4
60 0011010 3
71 0100000 1

03 0100001 2
14 0001000 1
25 0000010 1
36 1000000 1 match 2
47 0000100 1
50 1011100 4
61 0000001 1
72 0010000 1

04 0000001 1
15 0000010 1
26 1100000 2
37 1000000 1 match 2
40 0010110 3
51 1100001 3
62 0011000 2
73 0110000 2

05 0000000 a
16 0000100 1
27 1000001 2
30 1000010 2
41 0100000 1
52 0011100 3
63 0011001 3
74 0000000 a

06 0100000 1
17 0001100 2
20 1000010 2
31 1000000 1 match 2
42 0010100 2
53 0111101 5
64 0001001 2
75 0000010 1

07 0000001 1
10 0011110 4
21 1100001 3
32 0000000 a
43 0110100 3
54 1001001 3
65 0000010 1
76 0100000 1
[completion]
0 absent
1 absent
2 34 36 37 31
3 absent
4 absent
5 absent
6 absent
7 absent

Left
none
Best: none

Right
none
Best: none
