[category]
matching
[prompt]
In Alice's Wonderland, secret processing rules are used on text.

x: not matched anywhere
y: matched but wrong position

0 0110000 2
1 0000100 1
2 0100010 2
3 0100000 1
4 0001100 2
5 0101000 2
6 0100110 3
7 0100000 1

01 1000110 3
12 0011000 2
23 0000100 1 match 1
34 0000010 1
45 1100000 2
56 0010001 2
67 0001100 2 match 4
70 0100000 1 match 3 7

02 1001000 2
13 0011000 2
24 0000010 1
35 1100010 3
46 1010001 3
57 0011101 4
60 0100000 1 match 3 7
71 0000010 1

03 0001100 2 match 4
14 0001000 1
25 0100010 2 match 2
36 1000001 2
47 1010101 4
50 0010001 2
61 0000110 2
72 0000000 a

04 0001010 2
15 0100000 1 match 3 7
26 0000000 a
37 1000001 2
40 0110001 3
51 0000101 2
62 0001000 1
73 0000000 a

05 1000010 2
16 0010000 1
27 0000100 1 match 1
30 0100001 2
41 1000101 3
52 0011001 3
63 0001100 2 match 4
74 0000010 1

06 1000000 1
17 0011000 2
20 0100000 1 match 3 7
31 1000011 3
42 1010001 3
53 0011100 3
64 0001010 2
75 0100010 2 match 2

07 1001100 3
10 0110000 2 match 0
21 0000110 2
32 1000001 2
43 0010100 2
54 0001000 1
65 0100010 2 match 2
76 0000000 a
[completion]
0 10
1 23 27
2 25 75 65
3 70 60 15 20
4 67 03 63
5 absent
6 absent
7 70 60 15 20

Left
10 21x
Best: 10: 1

Right
70 67y
60 57x
15 04x
20 17x
Best: 70: 1
