[category]
matching
[prompt]
In Alice's Wonderland, secret processing rules are used on text.

x: not matched anywhere
y: matched but wrong position

0 101010000 3
1 000000010 1
2 100001101 4
3 000010000 1
4 100001100 3
5 101000000 2
6 101010000 3
7 001000010 2

01 000000000 a
12 010110100 4
23 000001010 2
34 100010000 2
45 000000010 1 match 1
56 111100101 6
67 000010010 2
70 000001101 3

02 010010000 2
13 010101100 4
24 100001000 2
35 000000000 a
46 011000100 3
57 011110000 4
60 000001010 2
71 000000001 1

03 010000000 1
14 100111000 4
25 000000010 1 match 1
36 101000000 2 match 5
47 011000010 3
50 000101101 4
61 000000010 1 match 1
72 000000101 2

04 100010000 2
15 000000000 a
26 101000000 2 match 5
37 001010000 2
40 000000110 2
51 000000001 1
62 000010000 1 match 3
73 000001101 3

05 000000000 a
16 111100100 5
27 001000010 2 match 7
30 000000000 a
41 000000010 1 match 1
52 010110101 5
63 000001010 2
74 100001001 3

06 111000000 3
17 011110000 4
20 000001010 2
31 000000000 a
42 010000100 2
53 010101101 5
64 000011000 2
75 000000000 a

07 011010000 3
10 000101100 3
21 000000010 1 match 1
32 000010000 1 match 3
43 010000110 3
54 100111001 5
65 000000010 1 match 1
76 100000101 3
[completion]
0 absent
1 45 25 61 41 21 65
2 absent
3 62 32
4 absent
5 36 26
6 absent
7 27

Left
none
Best: none

Right
27 16x
Best: 27: 1
