[category]
matching
[prompt]
In Alice's Wonderland, secret processing rules are used on text.

x: not matched anywhere
y: matched but wrong position

0 0101000100 3
1 0000010100 2
2 0100011000 3
3 0000100000 1
4 1100100010 4
5 0000100010 2
6 0100100000 2
7 0000000000 a

01 10 0001011100 4
12 21 0100010100 3
23 32 0110110000 4
34 43 0000101010 3
45 54 0000100010 2 match 5
56 65 1000100010 3
67 76 0000100000 1 match 3
70 07 0001000100 2

02 20 0000010100 2 match 1
13 31 0100011000 3 match 2
24 42 0000100000 1 match 3
35 53 1100100010 4 match 4
46 64 0000100010 2 match 5
57 75 0100100000 2 match 6
60 06 0000000010 1
71 17 0101000100 3 match 0

03 30 0000011010 3
14 41 0000001000 1
25 52 0100100000 2 match 6
36 63 1000100010 3
47 74 0000100000 1 match 3
50 05 0000000010 1
61 16 0000000001 1
72 27 0110100100 4

04 40 0000001010 2
15 51 0100000000 1
26 62 0000100000 1 match 3
37 73 0110100000 3
[completion]
0 71 17
1 02 20
2 13 31
3 67 76 24 42 47 74 26 62
4 35 53
5 45 54 46 64
6 57 75 25 52
7 absent

Left
71 02 13 24 35 46 57 60x
17 20 31 42 53 64 75 06x
Best: 71 02 13 24 35 46 57: 7

Right
none
Best: none
