[category]
matching
[prompt]
In Alice's Wonderland, secret processing rules are used on text.

x: not matched anywhere
y: matched but wrong position

0 0111111 6
1 1010001 3
2 0001101 3
3 1101011 5
4 1100100 3
5 1010101 4
6 1011110 5
7 0111111 6

01 1110011 5
12 1011110 5 match 6
23 0111111 6 match 0 7
34 1110011 5
45 0011101 4
56 1111011 6
67 1111100 5
70 0101111 5

02 1110010 4
13 1111110 6
24 1111111 a
35 1010101 4 match 5
46 0011111 5
57 1111011 6
60 1101101 5
71 0100111 4

03 1111110 6
14 1111110 6
25 0111111 6 match 0 7
36 1011011 5
47 1011101 5
50 1101111 6
61 1100101 4
72 1100111 5

04 1110010 4
15 1011110 5 match 6
26 0111111 6 match 0 7
37 1011001 4
40 0001101 3 match 2
51 1101011 5 match 3
62 1100100 3 match 4
73 0101111 5

05 1110110 5
16 1011111 6
27 1111111 a
30 1011101 5
41 0101101 4
52 1101011 5 match 3
63 1101110 5
74 1110111 6

06 1111011 6
17 1011110 5 match 6
20 0111111 6 match 0 7
31 1110001 4
42 1001101 4
53 1101111 6
64 1110110 5
75 0110111 5

07 1111010 5
10 1011111 6
21 0111111 6 match 0 7
32 1010001 3 match 1
43 0101111 5
54 1111011 6
65 1110100 4
76 0111111 6 match 0 7
[completion]
0 23 25 26 20 21 76
1 32
2 40
3 51 52
4 62
5 35
6 12 15 17
7 23 25 26 20 21 76

Left
23 34x
25 36x
26 37x
20 31x
21 32 43x
76 07x
Best: 21 32: 2

Right
23 12 01x
25 14x
26 15 04x
20 17 06x
21 10x
76 65x
Best: 23 12: 2
