[category]
matching
[prompt]
In Alice's Wonderland, secret processing rules are used on text.

x: not matched anywhere
y: matched but wrong position

0 01011010 4
1 10000000 1
2 00100001 2
3 00110110 4
4 00110101 4
5 01011010 4
6 10010111 5
7 10011100 4

01 10 00010101 3
12 21 10001100 3
23 32 00000100 1
34 43 00010000 1
45 54 00010010 2
56 65 10010100 3
67 76 10011000 3
70 07 00010010 2

02 20 00000100 1
13 31 00110101 4 match 4
24 42 01001000 2
35 53 00010101 3
46 64 00011000 2
57 75 10010010 3
60 06 00010100 2
71 17 10111000 4

03 30 00010101 3
14 41 00011000 2
25 52 10000100 2
36 63 00010100 2
47 74 01011010 4 match 0 5
50 05 00010111 4
61 16 10011100 4 match 7
72 27 11001000 3

04 40 00010010 2
15 51 10010101 4
26 62 10001100 3
37 73 00110000 2
[completion]
0 47 74
1 absent
2 absent
3 absent
4 13 31
5 47 74
6 absent
7 61 16

Left
47 50x
74 05x
Best: 47: 1

Right
61 50x
16 05x
Best: 61: 1
