[category]
matching
[prompt]
In Alice's Wonderland, secret processing rules are used on text.

x: not matched anywhere
y: matched but wrong position

0 10000000 1
1 00010000 1
2 01100000 2
3 10000100 2
4 00010100 2
5 11001000 3
6 00001000 1
7 00000000 a

01 11100000 3
12 00101110 4
23 10010110 4
34 00011011 4
45 01011111 6
56 00100100 2
67 10011100 4
70 10100100 3

02 00110001 3
13 01000111 4
24 01110010 4
35 10111011 6
46 10000100 2 match 3
57 01000111 4
60 11000111 5
71 10111011 6

03 01011000 3
14 10100011 4
25 11010010 4
36 01100000 2 match 2
47 11100111 6
50 00011100 3
61 11011000 4
72 01101010 4

04 10111100 5
15 00000011 2
26 00001001 2
37 00000011 2
40 10111100 5
51 00000011 2
62 00001001 2
73 00000011 2

05 00011100 3
16 11011000 4
27 01101010 4
30 01011000 3
41 10100011 4
52 11010010 4
63 01100000 2 match 2
74 11100111 6

06 11000111 5
17 10111011 6
20 00110001 3
31 01000111 4
42 01110010 4
53 10111011 6
64 10000100 2 match 3
75 01000111 4

07 10100100 3
10 11100000 3
21 00101110 4
32 10010110 4
43 00011011 4
54 01011111 6
65 00100100 2
76 10011100 4
[completion]
0 absent
1 absent
2 36 63
3 46 64
4 absent
5 absent
6 absent
7 absent

Left
none
Best: none

Right
none
Best: none
