[category]
matching
[prompt]
In Alice's Wonderland, secret processing rules are used on text.

x: not matched anywhere
y: matched but wrong position

0 0000000000 a
1 0000000000 a
2 0000000000 a
3 0000000000 a
4 1000001010 3
5 0100100000 2
6 0000001010 2
7 0001101000 3

01 0000001000 1
12 0100100001 3
23 1000000110 3
34 0001010000 2
45 0100000001 2
56 1001100100 4
67 0000001000 1
70 0011000101 4

02 0000100000 1
13 1000000011 3
24 1000000100 2
35 0100010000 2
46 0100100000 2 match 5
57 0000101000 2
60 0010000001 2
71 0011000100 3

03 1000000010 2
14 1000000000 1
25 0000000000 a match 0 1 2 3
36 0101110000 4
47 0100101000 3
50 0011000100 3
61 0010001000 2
72 0011000001 3

04 1000000000 1
15 0100000001 2
26 1000000100 2
37 0100111000 4
40 0110000001 3
51 0011001100 4
62 0010000001 2
73 1010000111 5

05 0000000000 a match 0 1 2 3
16 1100100000 3
27 0000001000 1
30 0101010000 3
41 0010001000 2
52 0011100000 3
63 0010000011 3
74 1001000100 3

06 1000100000 2
17 0100100000 2 match 5
20 0000000100 1
31 0001011000 3
42 0110100001 4
53 1010000110 4
64 0000000000 a match 0 1 2 3
75 0000000001 1

07 0000101000 2
10 0100000001 2
21 0000001100 2
32 0101110000 4
43 0010000011 3
54 1001000100 3
65 0000000001 1
76 1001000100 3
[completion]
0 25 05 64
1 25 05 64
2 25 05 64
3 25 05 64
4 absent
5 46 17
6 absent
7 absent

Left
25 36x
05 16x
64 75x
Best: 25: 1

Right
none
Best: none
