[category]
matching
[prompt]
In Alice's Wonderland, secret processing rules are used on text.

x: not matched anywhere
y: matched but wrong position

0 0101011101 6
1 0110000011 4
2 0101010000 3
3 0000000000 a
4 0000000000 a
5 0000000000 a
6 0110101001 5
7 1100000101 4

01 10 1110101101 7
12 21 1100110111 7
23 32 1100110110 6
34 43 1100010110 5
45 54 0101011111 7
56 65 0111011111 8
67 76 0111010011 6
70 07 0111111001 7

02 20 0110111111 8
13 31 1100000111 5
24 42 0100110110 5
35 53 1101011111 8
46 64 0110010111 6
57 75 0101011101 6 match 0
60 06 0110101011 6
71 17 1101010101 6

03 30 1110101111 8
14 41 1100010111 6
25 52 0101111111 8
36 63 1110000111 6
47 74 0101010110 5
50 05 0111111101 8
61 16 1110000111 6
72 27 0101110110 6

04 40 0110111111 8
15 51 1101011101 7
26 62 0110110111 7
37 73 1101010110 6
[completion]
0 57 75
1 absent
2 absent
3 absent
4 absent
5 absent
6 absent
7 absent

Left
57 60x
75 06x
Best: 57: 1

Right
none
Best: none
