[category]
matching
[prompt]
In Alice's Wonderland, secret processing rules are used on text.

x: not matched anywhere
y: matched but wrong position

0 00001011 3
1 11100011 5
2 01100010 3
3 10000100 2
4 11001000 3
5 01001011 4
6 10100001 3
7 00111111 6

01 10 00010110 3
12 21 11110101 6
23 32 10010111 5
34 43 00010011 3
45 54 11011011 6
56 65 10010000 2
67 76 00110001 3
70 07 00011101 4

02 20 11100011 5 match 1
13 31 01100010 3 match 2
24 42 10000100 2 match 3
35 53 11001000 3 match 4
46 64 01001011 4 match 5
57 75 10100001 3 match 6
60 06 00101100 3
71 17 00001011 3 match 0

03 30 01110100 4
14 41 01110001 4
25 52 01011111 6
36 63 01011000 3
47 74 01111010 5
50 05 10111100 5
61 16 00111010 4
72 27 11111110 7

04 40 01100111 5
15 51 10101010 4
26 62 11001111 6
37 73 01101001 4
[completion]
0 71 17
1 02 20
2 13 31
3 24 42
4 35 53
5 46 64
6 57 75
7 absent

Left
71 02 13 24 35 46 57 60x
17 20 31 42 53 64 75 06x
Best: 71 02 13 24 35 46 57: 7

Right
none
Best: none
