[category]
matching
[prompt]
In Alice's Wonderland, secret processing rules are used on text.

x: not matched anywhere
y: matched but wrong position

0 110110000 4
1 100000000 1
2 000000101 2
3 000000100 1
4 101010100 4
5 011001100 4
6 001000000 1
7 101010000 3

01 000000000 a
12 001001001 3
23 010110010 4
34 100000000 1 match 1
45 010000011 3
56 000000000 a
67 100010000 2
70 010101111 6

02 001000000 1 match 6
13 011111000 5
24 100110000 3
35 000000001 1
46 000000011 2
57 100010000 2
60 010001100 3
71 000000110 2

03 001010000 2
14 101111000 5
25 010100010 3
36 000000001 1
47 000000000 a
50 000000100 1 match 3
61 000000100 1 match 3
72 001001101 4

04 101010000 3 match 7
15 010101001 4
26 000100010 2
37 100000000 1 match 1
40 010000111 4
51 000000100 1 match 3
62 001001100 3
73 011101010 5

05 000000000 a
16 000100001 2
27 100010000 2
30 000000101 2 match 2
41 000000110 2
52 001000100 2
63 011011000 4
74 001101000 3

06 000000000 a
17 100010000 2
20 010100010 3
31 000000100 1 match 3
42 000000101 2 match 2
53 001010000 2
64 101011000 4
75 010101011 5

07 100010000 2
10 010101001 4
21 000000010 1
32 000000101 2 match 2
43 010000010 2
54 101010000 3 match 7
65 010001000 2
76 000100011 3
[completion]
0 absent
1 34 37
2 30 42 32
3 50 61 51 31
4 absent
5 absent
6 02
7 04 54

Left
none
Best: none

Right
04 73x
54 43x
Best: 04: 1
