[category]
matching
[prompt]
In Alice's Wonderland, secret processing rules are used on text.

x: not matched anywhere
y: matched but wrong position

0 0000100 1
1 1011100 4
2 0110101 4
3 0110101 4
4 1110111 6
5 1001001 3
6 0101001 3
7 0000100 1

01 10 1111101 6
12 21 1110111 6 match 4
23 32 1111111 a
34 43 1101001 4
45 54 0101101 4
56 65 1011100 4 match 1
67 76 1011100 4 match 1
70 07 1111101 6

02 20 1111111 a
13 31 1111101 6
24 42 1111111 a
35 53 1001101 4
46 64 1111101 6
57 75 1011100 4 match 1
60 06 1111101 6
71 17 1111101 6

03 30 1101101 5
14 41 0111101 5
25 52 1110111 6 match 4
36 63 1011101 5
47 74 1111001 5
50 05 1101101 5
61 16 1111101 6
72 27 1111111 a

04 40 1101101 5
15 51 0110101 4 match 2 3
26 62 1111111 a
37 73 1011001 4
[completion]
0 absent
1 56 65 67 76 57 75
2 15 51
3 15 51
4 12 21 25 52
5 absent
6 absent
7 absent

Left
none
Best: none

Right
none
Best: none
