[category]
matching
[prompt]
In Alice's Wonderland, secret processing rules are used on text.

x: not matched anywhere
y: matched but wrong position

0 1110000001 4
1 1110001000 4
2 0101100000 3
3 0110011011 6
4 1101110000 5
5 0001110100 4
6 1001111001 6
7 1111101111 9

01 1110111000 6
12 1110011100 6
23 0111110010 6
34 1111000101 6
45 1110111011 8
56 1111001100 6
67 0101010011 5
70 1100110111 7

02 1111011011 8
13 0110010001 4
24 0111001000 4
35 1110000001 4 match 0
46 1110001000 4 match 1
57 0101100000 3 match 2
60 0110011011 6 match 3
71 1101110000 5 match 4

03 0111010110 6
14 0110101011 6
25 0110001100 4
36 1110110010 6
47 0100100100 3
50 0110101000 4
61 0111011100 6
72 1100010011 5

04 0111101100 6
15 0111101111 8
26 0110111111 8
37 0100011110 5
40 0111101100 6
51 0111101111 8
62 0110111111 8
73 0100011110 5

05 0110101000 4
16 0111011100 6
27 1100010011 5
30 0111010110 6
41 0110101011 6
52 0110001100 4
63 1110110010 6
74 0100100100 3

06 0110011011 6 match 3
17 1101110000 5 match 4
20 1111011011 8
31 0110010001 4
42 0111001000 4
53 1110000001 4 match 0
64 1110001000 4 match 1
75 0101100000 3 match 2

07 1100110111 7
10 1110111000 6
21 1110011100 6
32 0111110010 6
43 1111000101 6
54 1110111011 8
65 1111001100 6
76 0101010011 5
[completion]
0 35 53
1 46 64
2 57 75
3 60 06
4 71 17
5 absent
6 absent
7 absent

Left
35 46 57 60 71 02x
53 64 75 06 17 20x
Best: 35 46 57 60 71: 5

Right
none
Best: none
