[category]
matching
[prompt]
In Alice's Wonderland, secret processing rules are used on text.

x: not matched anywhere
y: matched but wrong position

0 10011000 3
1 11011111 7
2 00100001 2
3 10110001 4
4 01111010 5
5 00000000 a
6 00000000 a
7 00001000 1

01 10 10001111 5
12 21 10011010 4
23 32 10011010 4
34 43 11011111 7 match 1
45 54 11111111 a
56 65 10110001 4 match 3
67 76 11111011 7
70 07 11111111 a

02 20 10011111 6
13 31 10011000 3 match 0
24 42 11011111 7 match 1
35 53 10111001 5
46 64 11111111 a
57 75 01111011 6
60 06 10110111 6
71 17 01111010 5 match 4

03 30 10011111 6
14 41 11011111 7 match 1
25 52 10111011 6
36 63 10111001 5
47 74 11111111 a
50 05 10100111 5
61 16 10111001 5
72 27 11111010 6

04 40 11011111 7 match 1
15 51 00101001 3
26 62 10111011 6
37 73 11111010 6
[completion]
0 13 31
1 34 43 24 42 14 41 04 40
2 absent
3 56 65
4 71 17
5 absent
6 absent
7 absent

Left
13 24 35x
31 42 53x
Best: 13 24: 2

Right
none
Best: none
