[category]
matching
[prompt]
In Alice's Wonderland, secret processing rules are used on text.

x: not matched anywhere
y: matched but wrong position

0 0001100 2
1 0000000 a
2 0000000 a
3 0000000 a
4 0000000 a
5 0000000 a
6 0000000 a
7 0000000 a

01 10 1000000 1
12 21 1000000 1
23 32 0101100 3
34 43 0000100 1
45 54 0000011 2
56 65 0000010 1
67 76 1010000 2
70 07 1011000 3

02 20 1011000 3
13 31 0000000 a match 1 2 3 4 5 6 7
24 42 1000100 2
35 53 0001000 1
46 64 1000010 2
57 75 0001001 2
60 06 1010000 2
71 17 1000000 1

03 30 0001000 1
14 41 1000000 1
25 52 0001000 1
36 63 0000000 a match 1 2 3 4 5 6 7
47 74 1000101 3
50 05 0001000 1
61 16 1000000 1
72 27 1011100 4

04 40 1000000 1
15 51 0000000 a match 1 2 3 4 5 6 7
26 62 1010000 2
37 73 0001100 2 match 0
[completion]
0 37 73
1 13 31 36 63 15 51
2 13 31 36 63 15 51
3 13 31 36 63 15 51
4 13 31 36 63 15 51
5 13 31 36 63 15 51
6 13 31 36 63 15 51
7 13 31 36 63 15 51

Left
37 40x
73 04x
Best: 37: 1

Right
13 02x
31 20x
36 25x
63 52x
15 04x
51 40x
Best: 13: 1
