[category]
matching
[prompt]
In Alice's Wonderland, secret processing rules are used on text.

x: not matched anywhere
y: matched but wrong position

0 0111101 5
1 0101000 2
2 0101000 2
3 0000110 2
4 1011111 6
5 1011000 3
6 0010011 3
7 0110010 3

01 10 0101110 4
12 21 1011111 6 match 4
23 32 1011111 6 match 4
34 43 1011011 5
45 54 0110011 4
56 65 0110111 5
67 76 0111101 5 match 0
70 07 0101000 2 match 1 2

02 20 1111111 a
13 31 1011110 5
24 42 1011111 6 match 4
35 53 1111010 5
46 64 0010111 4
57 75 0111010 4
60 06 0111101 5 match 0
71 17 0101110 4

03 30 1111000 4
14 41 0010111 4
25 52 1111111 a
36 63 1011101 5
47 74 0111011 5
50 05 0111010 4
61 16 0010111 4
72 27 1111111 a

04 40 0111011 5
15 51 0110110 4
26 62 1011111 6 match 4
37 73 1111000 4
[completion]
0 67 76 60 06
1 70 07
2 70 07
3 absent
4 12 21 23 32 24 42 26 62
5 absent
6 absent
7 absent

Left
67 70 01x
76 07 10x
60 71x
06 17x
Best: 67 70: 2

Right
none
Best: none
