[category]
matching
[prompt]
In Alice's Wonderland, secret processing rules are used on text.

x: not matched anywhere
y: matched but wrong position

0 101100011 5
1 100010101 4
2 000000000 a
3 011101010 5
4 010110001 4
5 110110111 7
6 111011101 7
7 101011110 6

01 110111111 8
12 111110111 8
23 100011100 4
34 111111111 a
45 110110101 6
56 111111111 a
67 101001001 4
70 111111110 8

02 111110111 8
13 111010100 5
24 111111110 8
35 111111111 a
46 110110111 7 match 5
57 101001111 6
60 101001010 4
71 111111111 a

03 110110101 6
14 111111110 8
25 110111101 7
36 111111111 a
47 100011101 5
50 101001110 5
61 101101011 6
72 111110111 8

04 111111111 a
15 111110101 7
26 110111111 8
37 111111111 a
40 101011111 7
51 101101111 7
62 111101011 7
73 111110110 7

05 110110101 6
16 111110111 8
27 100011101 5
30 111111111 a
41 100111111 7
52 111101111 8
63 101001000 3
74 111111110 8

06 110110111 7 match 5
17 111011101 7 match 6
20 101011110 6 match 7
31 111111111 a
42 111110111 8
53 101001110 5
64 111101010 6
75 111110111 8

07 110111101 7
10 111011110 7
21 100111111 7
32 111111111 a
43 100010101 4 match 1
54 111101110 7
65 111111001 7
76 111110111 8
[completion]
0 absent
1 43
2 absent
3 absent
4 absent
5 46 06
6 17
7 20

Left
none
Best: none

Right
20 17 06 75x
Best: 20 17 06: 3
