[category]
matching
[prompt]
In Alice's Wonderland, secret processing rules are used on text.

x: not matched anywhere
y: matched but wrong position

0 1111111 a
1 1001111 5
2 1111001 5
3 0101000 2
4 0011011 4
5 1111110 6
6 1011111 6
7 1101101 5

01 0010000 1
12 1011110 5
23 1111110 6 match 5
34 0001110 3
45 0100111 4
56 1000101 3
67 0011011 4 match 4
70 1000111 4

02 0110001 3
13 1011111 6 match 6
24 0001111 4
35 1010110 4
46 0011101 4
57 0100001 2
60 0100011 3
71 0101000 2 match 3

03 0110000 2
14 0101110 4
25 1010111 5
36 1101100 4
47 1111001 5 match 2
50 0011001 3
61 1001100 3
72 0001001 2

04 1000001 2
15 1110110 5
26 1101101 5 match 7
37 0001000 1
40 1000001 2
51 1110110 5
62 1101101 5 match 7
73 0001000 1

05 0011001 3
16 1001100 3
27 0001001 2
30 0110000 2
41 0101110 4
52 1010111 5
63 1101100 4
74 1111001 5 match 2

06 0100011 3
17 0101000 2 match 3
20 0110001 3
31 1011111 6 match 6
42 0001111 4
53 1010110 4
64 0011101 4
75 0100001 2

07 1000111 4
10 0010000 1
21 1011110 5
32 1111110 6 match 5
43 0001110 3
54 0100111 4
65 1000101 3
76 0011011 4 match 4
[completion]
0 absent
1 absent
2 47 74
3 71 17
4 67 76
5 23 32
6 13 31
7 26 62

Left
none
Best: none

Right
26 15x
62 51x
Best: 26: 1
