[category]
matching
[prompt]
In Alice's Wonderland, secret processing rules are used on text.

x: not matched anywhere
y: matched but wrong position

0 00110111 5
1 11000111 5
2 01111011 6
3 01111111 7
4 11111111 a
5 01111111 7
6 00110110 4
7 11000100 3

01 11110101 6
12 11101011 6
23 00111111 6
34 11001110 5
45 10111001 5
56 11100111 6
67 11011011 6
70 01111111 7 match 3 5

02 11101101 6
13 00111011 5
24 11111110 7
35 11111100 6
46 10110101 5
57 11000111 5 match 1
60 01011011 5
71 11111111 a match 4

03 10111111 7
14 11101111 7
25 10111110 6
36 11100100 4
47 10110001 4
50 01011111 6
61 11011111 7
72 11111111 a match 4

04 11101111 7
15 10111011 6
26 10110110 5
37 11000100 3 match 7
40 01111011 6 match 2
51 11010111 6
62 11011011 6
73 01111111 7 match 3 5

05 10111101 6
16 10101111 6
27 10110110 5
30 11011110 6
41 11110101 6
52 11001111 6
63 01111011 6 match 2
74 11111111 a match 4

06 10100101 4
17 10101011 5
20 01111110 6
31 11010100 4
42 11111001 6
53 01111111 7 match 3 5
64 11011111 7
75 11111111 a match 4

07 10100101 4
10 01111011 6 match 2
21 11110110 6
32 11001101 5
43 00111011 5
54 11001111 6
65 11111011 7
76 11111111 a match 4
[completion]
0 absent
1 57
2 40 63 10
3 70 73 53
4 71 72 74 75 76
5 70 73 53
6 absent
7 37

Left
none
Best: none

Right
37 26x
Best: 37: 1
