[category]
matching
[prompt]
In Alice's Wonderland, secret processing rules are used on text.

x: not matched anywhere
y: matched but wrong position

0 01011010 4
1 00000101 2
2 00011101 4
3 11110100 5
4 11111001 6
5 01011111 6
6 11111011 7
7 10100111 5

01 11110001 5
12 00111110 5
23 11111111 a
34 10000111 4
45 11111111 a
56 11110110 6
67 11011011 6
70 01101111 6

02 10110100 4
13 01111110 6
24 11011111 7
35 10011111 6
46 11111110 7
57 11111011 7 match 6
60 01001111 5
71 11100111 6

03 11111100 6
14 00011111 5
25 11011111 7
36 11110111 7
47 11111011 7 match 6
50 11101111 7
61 11101011 6
72 00100110 3

04 10110101 5
15 00011111 5
26 11111111 a
37 11011011 6
40 11111111 a
51 11100011 5
62 00101111 5
73 01111110 6

05 10111101 6
16 11111110 7
27 11011011 6
30 11001111 6
41 11111011 7 match 6
52 11100110 5
63 01111111 7
74 00100111 4

06 11110100 5 match 3
17 11011111 7
20 11011111 7
31 11100011 5
42 11111110 7
53 11111110 7
64 00001111 4
75 00111111 6

07 11111001 6 match 4
10 01011111 6 match 5
21 11111011 7 match 6
32 10100111 5 match 7
43 11111110 7
54 11100111 6
65 00011111 5
76 11110110 6
[completion]
0 absent
1 absent
2 absent
3 06
4 07
5 10
6 57 47 41 21
7 32

Left
none
Best: none

Right
32 21 10 07 76x
Best: 32 21 10 07: 4
