[category]
matching
[prompt]
In Alice's Wonderland, secret processing rules are used on text.

x: not matched anywhere
y: matched but wrong position

0 11000010 3
1 10100110 4
2 01101100 4
3 10001101 4
4 01010010 3
5 01000100 2
6 11000010 3
7 01110001 4

01 00001000 1
12 01010010 3 match 4
23 00100000 1
34 11101001 5
45 01111001 5
56 01001100 3
67 11000010 3 match 0 6
70 01100100 3

02 10100101 4
13 10001101 4 match 3
24 00110110 4
35 01101111 6
46 11001010 4
57 01110001 4 match 7
60 01011001 4
71 10010011 4

03 01111010 5
14 10011011 5
25 10110000 3
36 11011100 5
47 11110111 7
50 11101010 5
61 10101110 5
72 00111110 5

04 01101100 4 match 2
15 00011101 4
26 00000011 2
37 11100001 4
40 01101100 4 match 2
51 00011101 4
62 00000011 2
73 11100001 4

05 11101010 5
16 10101110 5
27 00111110 5
30 01111010 5
41 10011011 5
52 10110000 3
63 11011100 5
74 11110111 7

06 01011001 4
17 10010011 4
20 10100101 4
31 10001101 4 match 3
42 00110110 4
53 01101111 6
64 11001010 4
75 01110001 4 match 7

07 01100100 3
10 00001000 1
21 01010010 3 match 4
32 00100000 1
43 11101001 5
54 01111001 5
65 01001100 3
76 11000010 3 match 0 6
[completion]
0 67 76
1 absent
2 04 40
3 13 31
4 12 21
5 absent
6 67 76
7 57 75

Left
67 70x
76 07x
Best: 67: 1

Right
57 46x
75 64x
Best: 57: 1
