[category]
matching
[prompt]
In Alice's Wonderland, secret processing rules are used on text.

x: not matched anywhere
y: matched but wrong position

0 010010101 4
1 000000100 1
2 001111001 5
3 010001110 4
4 110011100 5
5 000001011 3
6 001000000 1
7 010010011 4

01 000100000 1
12 000001110 3
23 110010000 3
34 000001001 2
45 001000000 1 match 6
56 000000010 1
67 010010101 4 match 0
70 000000000 a

02 000100110 3
13 100010010 3
24 110010001 4
35 001001001 3
46 001000010 2
57 000000100 1 match 1
60 010010001 3
71 000100000 1

03 100100010 3
14 100011001 4
25 111010001 5
36 001001000 2
47 001000100 2
50 000000000 a
61 010000000 1
72 000100010 2

04 100100000 2
15 101011001 5
26 101000000 2
37 001001101 4
40 001000000 1 match 6
51 000000000 a
62 000000100 1 match 1
73 100100010 3

05 100100000 2
16 101001010 4
27 011010001 4
30 001001001 3
41 000000000 a
52 000000110 2
63 010010000 2
74 100100000 2

06 100100010 3
17 001011101 5
20 011010001 4
31 000000000 a
42 000000110 2
53 000000010 1
64 010010001 3
75 100100000 2

07 000000100 1 match 1
10 001011001 4
21 010000000 1
32 000001100 2
43 000000010 1
54 000000000 a
65 010010001 3
76 100100010 3
[completion]
0 67
1 57 62 07
2 absent
3 absent
4 absent
5 absent
6 45 40
7 absent

Left
67 70x
Best: 67: 1

Right
none
Best: none
