[category]
matching
[prompt]
In Alice's Wonderland, secret processing rules are used on text.

x: not matched anywhere
y: matched but wrong position

0 0001000 1
1 0001010 2
2 0001000 1
3 1001111 5
4 1100000 2
5 1000010 2
6 1111100 5
7 0110100 3

01 0110000 2
12 1000101 3
23 0100000 1
34 0001000 1 match 0 2
45 0000111 3
56 0100000 1
67 0000010 1
70 1001000 2

02 0010100 2
13 1000101 3
24 0001000 1 match 0 2
35 0001010 2 match 1
46 0100101 3
57 0000000 a
60 1000010 2 match 5
71 0110000 2

03 0110100 3 match 7
14 0001000 1 match 0 2
25 0001010 2 match 1
36 0001000 1 match 0 2
47 0000011 2
50 1000000 1
61 0000010 1
72 1010100 3

04 0010000 1
15 0001101 3
26 0101000 2
37 0000010 1
40 1000011 3
51 0100000 1
62 1000000 1
73 1110100 4

05 0010100 2
16 0001101 3
27 0000010 1
30 0001010 2 match 1
41 0100010 2
52 1000000 1
63 1000000 1
74 0011000 2

06 0110100 3 match 7
17 0000001 1
20 0001010 2 match 1
31 0000010 1
42 1000101 3
53 1100000 2 match 4
64 0000000 a
75 0011100 3

07 0000000 a
10 1001001 3
21 0100010 2
32 0000000 a
43 1100101 4
54 0000000 a
65 0000010 1
76 0111100 4
[completion]
0 34 24 14 36
1 35 25 30 20
2 34 24 14 36
3 absent
4 53
5 60
6 absent
7 03 06

Left
34 45x
24 35 46x
14 25 36 47x
36 47x
Best: 14 25 36: 3

Right
03 72x
06 75x
Best: 03: 1
