[category]
matching
[prompt]
In Alice's Wonderland, secret processing rules are used on text.

x: not matched anywhere
y: matched but wrong position

0 101011101 6
1 010101110 5
2 010011111 6
3 010010011 4
4 111000111 6
5 111110001 6
6 111111011 8
7 111011110 7

01 011011110 6
12 100100101 4
23 111111111 a
34 110110111 7
45 111111100 7
56 111000111 6 match 4
67 011111000 5
70 110111111 8

02 001000101 3
13 111101101 7
24 111111111 a
35 110111110 7
46 111011111 8
57 011010011 5
60 110111011 7
71 111111111 a

03 011101101 6
14 110100111 6
25 111111110 8
36 111010111 7
47 111011000 5
50 111111011 8 match 6
61 011111110 7
72 100101111 6

04 011100111 6
15 110111101 7
26 111111111 a
37 111010010 5
40 111111011 8 match 6
51 011011111 7
62 000111101 5
73 111101111 8

05 111111100 7
16 111100111 7
27 111111010 7
30 110111011 7
41 111011110 7 match 7
52 001000111 4
63 011111101 7
74 110101111 7

06 111000111 6 match 4
17 111110001 6 match 5
20 111111011 8 match 6
31 111011110 7 match 7
42 101011101 6 match 0
53 011101111 7
64 010111111 7
75 110111111 8

07 011010100 4
10 110111011 7
21 111111110 8
32 100010111 5
43 111111101 8
54 011100111 6
65 110111100 6
76 111101111 8
[completion]
0 42
1 absent
2 absent
3 absent
4 56 06
5 17
6 50 40 20
7 41 31

Left
42 53x
Best: 42: 1

Right
41 30x
31 20 17 06 75x
Best: 31 20 17 06: 4
