[category]
matching
[prompt]
In Alice's Wonderland, secret processing rules are used on text.

x: not matched anywhere
y: matched but wrong position

0 11001001 4
1 01110100 4
2 01100011 4
3 00100111 4
4 00011011 4
5 01001001 3
6 10011100 4
7 00101101 4

01 00011011 4 match 4
12 01000010 2
23 11101000 4
34 10111011 6
45 11000011 4
56 10101101 5
67 00101010 3
70 01001110 4

02 10100110 4
13 01010101 4
24 10101100 4
35 10000111 4
46 10010001 3
57 01111000 4
60 10011011 5
71 10101010 4

03 10110001 4
14 00010001 2
25 10010000 2
36 11010101 5
47 01000100 2
50 11001001 4 match 0
61 01111111 7
72 00010111 4

04 11110101 6
15 00101101 4 match 7
26 11000010 3
37 00000000 a
40 11110101 6
51 00101101 4 match 7
62 11000010 3
73 00000000 a

05 11001001 4 match 0
16 01111111 7
27 00010111 4
30 10110001 4
41 00010001 2
52 10010000 2
63 11010101 5
74 01000100 2

06 10011011 5
17 10101010 4
20 10100110 4
31 01010101 4
42 10101100 4
53 10000111 4
64 10010001 3
75 01111000 4

07 01001110 4
10 00011011 4 match 4
21 01000010 2
32 11101000 4
43 10111011 6
54 11000011 4
65 10101101 5
76 00101010 3
[completion]
0 50 05
1 absent
2 absent
3 absent
4 01 10
5 absent
6 absent
7 15 51

Left
50 61x
05 16x
Best: 50: 1

Right
15 04x
51 40x
Best: 15: 1
