[category]
matching
[prompt]
In Alice's Wonderland, secret processing rules are used on text.

x: not matched anywhere
y: matched but wrong position

0 01100001 3
1 10101111 6
2 00011111 5
3 11100101 5
4 11100110 5
5 01010010 3
6 01100001 3
7 10101111 6

01 11111101 7
12 11111111 a
23 01110001 4
34 11101111 7
45 00011111 5 match 2
56 11101101 6
67 11011111 7
70 00101011 4

02 11111111 a
13 01110011 5
24 11100001 4
35 10111111 7
46 11111111 a
57 11111111 a
60 00011011 4
71 10101101 5

03 11110101 6
14 11110011 6
25 01111011 6
36 11101111 7
47 11011111 7
50 11101111 7
61 10011111 6
72 10111111 7

04 11110101 6
15 01111011 6
26 11101101 6
37 11111111 a
40 00011111 5 match 2
51 11101101 6
62 10011111 6
73 01110001 4

05 11111111 a
16 11111111 a
27 11111111 a
30 10101111 6 match 1 7
41 10011111 6
52 11111111 a
63 01010011 4
74 11100001 4

06 11111101 7
17 11111111 a
20 01101011 5
31 10101111 6 match 1 7
42 10011111 6
53 11110101 6
64 11110011 6
75 00111011 5

07 11111111 a
10 01111011 6
21 11101101 6
32 10111111 7
43 01011111 6
54 11100101 5 match 3
65 00011011 4
76 11101101 6
[completion]
0 absent
1 30 31
2 45 40
3 54
4 absent
5 absent
6 absent
7 30 31

Left
none
Best: none

Right
30 27x
31 20x
Best: 30: 1
