[category]
matching
[prompt]
In Alice's Wonderland, secret processing rules are used on text.

x: not matched anywhere
y: matched but wrong position

0 1000000 1
1 1110110 5
2 1111110 6
3 1101001 4
4 1101010 4
5 1100011 4
6 0011101 4
7 1000000 1

01 10 0000000 a
12 21 1000000 1 match 0 7
23 32 1110110 5 match 1
34 43 1101000 3
45 54 1101000 3
56 65 1100010 3
67 76 0000010 1
70 07 0000010 1

02 20 0000110 2
13 31 1000000 1 match 0 7
24 42 1100000 2
35 53 1101010 4 match 4
46 64 1100001 3
57 75 0000010 1
60 06 0000011 2
71 17 0000000 a

03 30 0001110 3
14 41 1000000 1 match 0 7
25 52 1100010 3
36 63 1100010 3
47 74 0000000 a
50 05 0001010 2
61 16 1000000 1 match 0 7
72 27 0010010 2

04 40 0001001 2
15 51 1000000 1 match 0 7
26 62 1100010 3
37 73 0010010 2
[completion]
0 12 21 13 31 14 41 61 16 15 51
1 23 32
2 absent
3 absent
4 35 53
5 absent
6 absent
7 12 21 13 31 14 41 61 16 15 51

Left
12 23 34x
21 32 43x
13 24x
31 42x
14 25x
41 52x
61 72x
16 27x
15 26x
51 62x
Best: 12 23: 2

Right
12 01x
21 10x
13 02x
31 20x
14 03x
41 30x
61 50x
16 05x
15 04x
51 40x
Best: 12: 1
