[category]
matching
[prompt]
In Alice's Wonderland, secret processing rules are used on text.

x: not matched anywhere
y: matched but wrong position

0 1000000 1
1 1000000 1
2 0100100 2
3 0100011 3
4 1110010 4
5 1111111 a
6 1111111 a
7 1111111 a

01 0010000 1
12 0000100 1
23 1000001 2
34 0001010 2
45 0110101 4
56 0001010 2
67 1010000 2
70 0000100 1

02 0010000 1
13 0000101 2
24 1001010 3
35 0000000 a
46 0100100 2 match 2
57 0000010 1
60 1000000 1 match 0 1
71 0000000 a

03 0010001 2
14 0001010 2
25 1000001 2
36 0001010 2
47 0110000 2
50 0000010 1
61 1010000 2
72 0000100 1

04 0001000 1
15 0000101 2
26 0001010 2
37 0000010 1
40 0100100 2 match 2
51 0000000 a
62 0010000 1
73 0000101 2

05 0010001 2
16 0001110 3
27 1000010 2
30 0000010 1
41 0110000 2
52 0000000 a
63 1010001 3
74 0001000 1

06 0001000 1
17 0000010 1
20 1000010 2
31 0000000 a
42 0110100 3
53 0000000 a
64 1000000 1 match 0 1
75 0000101 2

07 0010000 1
10 0000110 2
21 1000000 1 match 0 1
32 0000000 a
43 0110101 4
54 0001010 2
65 1010001 3
76 0001100 2
[completion]
0 60 64 21
1 60 64 21
2 46 40
3 absent
4 absent
5 absent
6 absent
7 absent

Left
60 71x
64 75x
21 32x
Best: 60: 1

Right
none
Best: none
