[category]
matching
[prompt]
In Alice's Wonderland, secret processing rules are used on text.

x: not matched anywhere
y: matched but wrong position

0 0110000 2
1 0000011 2
2 0110000 2
3 0111001 4
4 0000011 2
5 0110100 3
6 0100001 2
7 0000011 2

01 0000000 a
12 0000010 1
23 0111000 3
34 1000011 3
45 0000000 a
56 1110100 4
67 0001011 3
70 1010100 3

02 0000010 1
13 0110000 2 match 0 2
24 0000001 1
35 0000010 1
46 0110100 3 match 5
57 0001001 2
60 0001000 1
71 1000100 2

03 0100000 1
14 0000011 2 match 1 4 7
25 0000000 a
36 1000000 1
47 0001000 1
50 1011100 4
61 0001000 1
72 1000100 2

04 0000011 2 match 1 4 7
15 0000010 1
26 0110000 2 match 0 2
37 0000011 2 match 1 4 7
40 0011100 3
51 1001100 3
62 0000010 1
73 0110100 3 match 5

05 0000010 1
16 0110000 2 match 0 2
27 0001001 2
30 1000000 1
41 0001100 2
52 1000100 2
63 0001000 1
74 1000000 1

06 0100000 1
17 0000011 2 match 1 4 7
20 0011000 2
31 1000000 1
42 0000100 1
53 0111100 4
64 0000011 2 match 1 4 7
75 0000000 a

07 0000011 2 match 1 4 7
10 0010000 1
21 0001000 1
32 1000010 2
43 0111100 4
54 1000001 2
65 0000010 1
76 1110100 4
[completion]
0 13 26 16
1 14 04 37 17 64 07
2 13 26 16
3 absent
4 14 04 37 17 64 07
5 46 73
6 absent
7 14 04 37 17 64 07

Left
13 24x
26 37 40x
16 27x
Best: 26 37: 2

Right
14 03x
04 73y
37 26y
17 06x
64 53x
07 76x
Best: 14: 1
