[category]
matching
[prompt]
In Alice's Wonderland, secret processing rules are used on text.

x: not matched anywhere
y: matched but wrong position

0 00110001 3
1 00000000 a
2 10101111 6
3 10010111 5
4 00101110 4
5 00110010 3
6 00110010 3
7 01000110 3

01 11000111 5
12 01000110 3 match 7
23 11100011 5
34 11111111 a
45 10001011 4
56 10011101 5
67 11101010 5
70 01100001 3

02 01111110 6
13 01011010 4
24 11100011 5
35 10001011 4
46 11101001 5
57 10001000 2
60 01110100 4
71 01011001 4

03 01100010 3
14 01011010 4
25 10010111 5 match 3
36 11101001 5
47 11111100 6
50 00010110 3
61 01001100 3
72 11100000 3

04 01100010 3
15 00101110 4 match 4
26 11110101 6
37 11111100 6
40 01100010 3
51 00101110 4 match 4
62 11110101 6
73 11111100 6

05 00010110 3
16 01001100 3
27 11100000 3
30 01100010 3
41 01011010 4
52 10010111 5 match 3
63 11101001 5
74 11111100 6

06 01110100 4
17 01011001 4
20 01111110 6
31 01011010 4
42 11100011 5
53 10001011 4
64 11101001 5
75 10001000 2

07 01100001 3
10 11000111 5
21 01000110 3 match 7
32 11100011 5
43 11111111 a
54 10001011 4
65 10011101 5
76 11101010 5
[completion]
0 absent
1 absent
2 absent
3 25 52
4 15 51
5 absent
6 absent
7 12 21

Left
none
Best: none

Right
12 01x
21 10x
Best: 12: 1
