[category]
matching
[prompt]
In Alice's Wonderland, secret processing rules are used on text.

x: not matched anywhere
y: matched but wrong position

0 1001011 4
1 1010111 5
2 1011000 3
3 0100011 3
4 0010111 4
5 1000100 2
6 0101011 4
7 0100101 3

01 10 1101010 4
12 21 0010110 3
23 32 1101011 5
34 43 0111001 4
45 54 1111001 5
56 65 1100101 4
67 76 1101101 5
70 07 1011111 6

02 20 1111100 5
13 31 1111101 6
24 42 1010010 3
35 53 1000000 1
46 64 0011100 3
57 75 0001000 1
60 06 0110010 3
71 17 0110101 4

03 30 0010111 4 match 4
14 41 1000100 2 match 5
25 52 0101011 4 match 6
36 63 0100101 3 match 7
47 74 1110001 4
50 05 1010111 5 match 1
61 16 1011000 3 match 2
72 27 0100011 3 match 3

04 40 0101110 4
15 51 0111101 5
26 62 1001110 4
37 73 1001000 2
[completion]
0 absent
1 50 05
2 61 16
3 72 27
4 03 30
5 14 41
6 25 52
7 36 63

Left
none
Best: none

Right
36 25 14 03 72 61 50 47x
63 52 41 30 27 16 05 74x
Best: 36 25 14 03 72 61 50: 7
