[category]
matching
[prompt]
In Alice's Wonderland, secret processing rules are used on text.

x: not matched anywhere
y: matched but wrong position

0 1000000 1
1 1100111 5
2 0110000 2
3 0101110 4
4 0111011 5
5 1101111 6
6 1010011 4
7 1111100 5

01 10 1000001 2
12 21 1000000 1 match 0
23 32 0000000 a
34 43 0000001 1
45 54 0000001 1
56 65 0000000 a
67 76 0100100 2
70 07 0100000 1

02 20 1000000 1 match 0
13 31 0010001 2
24 42 0000100 1
35 53 0000011 2
46 64 0101100 3
57 75 0000000 a
60 06 0101000 2
71 17 0000000 a

03 30 0000011 2
14 41 0000001 1
25 52 0000000 a
36 63 0010000 1
47 74 0100100 2
50 05 0000011 2
61 16 0010000 1
72 27 0000100 1

04 40 0101001 3
15 51 0000001 1
26 62 0000100 1
37 73 0000000 a
[completion]
0 12 21 02 20
1 absent
2 absent
3 absent
4 absent
5 absent
6 absent
7 absent

Left
12 23x
21 32x
02 13x
20 31x
Best: 12: 1

Right
none
Best: none
