[category]
matching
[prompt]
In Alice's Wonderland, secret processing rules are used on text.

x: not matched anywhere
y: matched but wrong position

0 001010100 3
1 001000010 2
2 100010010 3
3 011001110 5
4 011101101 6
5 011010110 5
6 001100010 3
7 100111010 5

01 10 011001100 4
12 21 011000100 3
23 32 001000010 2 match 1
34 43 000100010 2
45 54 100110000 3
56 65 001000000 1
67 76 000000010 1
70 07 000000010 1

02 20 011000110 4
13 31 001100000 2
24 42 000010010 2
35 53 001100000 2
46 64 000000010 1
57 75 100010000 2
60 06 001000010 2 match 1
71 17 000000000 a

03 30 001000010 2 match 1
14 41 000101000 2
25 52 001010100 3 match 0
36 63 001000010 2 match 1
47 74 100010010 3 match 2
50 05 001000100 2
61 16 001000000 1
72 27 000010010 2

04 40 000001010 2
15 51 001100100 3
26 62 001000010 2 match 1
37 73 000000010 1
[completion]
0 25 52
1 23 32 60 06 03 30 36 63 26 62
2 47 74
3 absent
4 absent
5 absent
6 absent
7 absent

Left
25 36 47 50x
52 63 74 05x
Best: 25 36 47: 3

Right
none
Best: none
