[category]
matching
[prompt]
In Alice's Wonderland, secret processing rules are used on text.

x: not matched anywhere
y: matched but wrong position

0 0000110 2
1 1111100 5
2 0011101 4
3 0010001 2
4 0101110 4
5 1011011 5
6 0000010 1
7 0001101 3

01 1011001 4
12 0000010 1 match 6
23 0111100 4
34 1000000 1
45 0000101 2
56 1000010 2
67 0001000 1
70 0000000 a

02 0000011 2
13 0000100 1
24 1101000 3
35 0000000 a
46 0000110 2 match 0
57 1000010 2
60 0000000 a
71 0010001 2 match 3

03 0011101 4 match 2
14 0000000 a
25 0101100 3
36 1000010 2
47 0000010 1 match 6
50 0000000 a
61 0011001 3
72 0000001 1

04 1001000 2
15 0000100 1
26 1100100 3
37 1000010 2
40 0000000 a
51 1010000 2
62 0000001 1
73 0010101 3

05 0001101 3 match 7
16 0000110 2 match 0
27 1101000 3
30 0000000 a
41 0010001 2 match 3
52 0000010 1 match 6
63 0011001 3
74 0000000 a

06 1000110 3
17 0000010 1 match 6
20 0100000 1
31 1000000 1
42 0000011 2
53 0010000 1
64 0001000 1
75 0000101 2

07 1001010 3
10 0000000 a
21 1111000 4
32 0000010 1 match 6
43 0010101 3
54 1000000 1
65 0001001 2
76 0000100 1
[completion]
0 46 16
1 absent
2 03
3 71 41
4 absent
5 absent
6 12 47 52 17 32
7 05

Left
46 57x
16 27x
Best: 46: 1

Right
05 74x
Best: 05: 1
