[category]
matching
[prompt]
In Alice's Wonderland, secret processing rules are used on text.

x: not matched anywhere
y: matched but wrong position

0 0000000 a
1 0000000 a
2 1101010 4
3 0010000 1
4 1011110 5
5 0011001 3
6 0110111 5
7 1111101 6

01 0000101 2
12 0110001 3
23 0111000 3
34 1010001 3
45 0110101 4
56 1100010 3
67 1110111 6
70 1111101 6 match 7

02 1001011 4
13 1110110 5
24 0010110 3
35 0011011 4
46 0101000 2
57 1101010 4 match 2
60 1110101 5
71 0000111 3

03 0001100 2
14 1011000 3
25 1011100 4
36 0000110 2
47 0100000 1
50 1101000 3
61 0001111 4
72 1001001 3

04 0100010 2
15 0010010 2
26 1000001 2
37 0001110 3
40 0100010 2
51 0010010 2
62 1000001 2
73 0001110 3

05 1101000 3
16 0001111 4
27 1001001 3
30 0001100 2
41 1011000 3
52 1011100 4
63 0000110 2
74 0100000 1

06 1110101 5
17 0000111 3
20 1001011 4
31 1110110 5
42 0010110 3
53 0011011 4
64 0101000 2
75 1101010 4 match 2

07 1111101 6 match 7
10 0000101 2
21 0110001 3
32 0111000 3
43 1010001 3
54 0110101 4
65 1100010 3
76 1110111 6
[completion]
0 absent
1 absent
2 57 75
3 absent
4 absent
5 absent
6 absent
7 70 07

Left
none
Best: none

Right
70 67x
07 76x
Best: 70: 1
