[category]
matching
[prompt]
In Alice's Wonderland, secret processing rules are used on text.

x: not matched anywhere
y: matched but wrong position

0 1001010000 3
1 0111000101 5
2 1101111110 8
3 0111111100 7
4 1100111110 7
5 1001111101 7
6 1110100101 6
7 1010101111 7

01 1100011001 5
12 1001010000 3 match 0
23 0111000101 5 match 1
34 1001111110 7
45 0001011100 4
56 1100100101 5
67 0001011100 4
70 0111010111 7

02 1010110110 6
13 0001101010 4
24 0001000100 2
35 0111011101 7
46 0010000110 3
57 0010000110 3
60 1001110100 5
71 0100110001 4

03 0010001100 3
14 0111101011 7
25 1111100111 8
36 0100000111 4
47 1100100101 5
50 1010101110 6
61 1010010010 4
72 0010011110 5

04 0100001101 4
15 1001001000 3
26 1100111101 7
37 1010100100 4
40 0100001101 4
51 1001001000 3
62 1100111101 7
73 1010100100 4

05 1010101110 6
16 1010010010 4
27 0010011110 5
30 0010001100 3
41 0111101011 7
52 1111100111 8
63 0100000111 4
74 1100100101 5

06 1001110100 5
17 0100110001 4
20 1010110110 6
31 0001101010 4
42 0001000100 2
53 0111011101 7
64 0010000110 3
75 0010000110 3

07 0111010111 7
10 1100011001 5
21 1001010000 3 match 0
32 0111000101 5 match 1
43 1001111110 7
54 0001011100 4
65 1100100101 5
76 0001011100 4
[completion]
0 12 21
1 23 32
2 absent
3 absent
4 absent
5 absent
6 absent
7 absent

Left
12 23 34x
21 32 43x
Best: 12 23: 2

Right
none
Best: none
