[category]
matching
[prompt]
In Alice's Wonderland, secret processing rules are used on text.

x: not matched anywhere
y: matched but wrong position

0 1000000 1
1 0000000 a
2 0000110 2
3 1000110 3
4 0001000 1
5 0011010 3
6 1000110 3
7 1000000 1

01 10 0000010 1
12 21 1000000 1 match 0 7
23 32 0000000 a match 1
34 43 0000110 2 match 2
45 54 1000110 3 match 3 6
56 65 0001000 1 match 4
67 76 0011000 2
70 07 0000010 1

02 20 0000000 a match 1
13 31 0000110 2 match 2
24 42 1000000 1 match 0 7
35 53 0000110 2 match 2
46 64 0010000 1
57 75 1001111 5
60 06 0000000 a match 1
71 17 1000110 3 match 3 6

03 30 0000010 1
14 41 1000110 3 match 3 6
25 52 1000001 2
36 63 0000000 a match 1
47 74 1010110 4
50 05 0000010 1
61 16 0000000 a match 1
72 27 1000001 2

04 40 0100010 2
15 51 1000110 3 match 3 6
26 62 0000000 a match 1
37 73 0000110 2 match 2
[completion]
0 12 21 24 42
1 23 32 02 20 60 06 36 63 61 16 26 62
2 34 43 13 31 35 53 37 73
3 45 54 71 17 14 41 15 51
4 56 65
5 absent
6 45 54 71 17 14 41 15 51
7 12 21 24 42

Left
12 23 34 45 56 67x
21 32 43 54 65 76x
24 35y
42 53y
Best: 12 23 34 45 56: 5

Right
12 01x
21 10x
24 13y
42 31y
Best: 12: 1
