[category]
matching
[prompt]
In Alice's Wonderland, secret processing rules are used on text.

x: not matched anywhere
y: matched but wrong position

0 10110100 4
1 10100000 2
2 11001110 5
3 01111010 5
4 10000010 2
5 11000111 5
6 11111111 a
7 11011111 7

01 11011111 7 match 7
12 00110111 5
23 11011111 7 match 7
34 11110010 5
45 01111111 7
56 10000111 4
67 11111111 a match 6
70 11111101 7

02 00110111 5
13 11111111 a match 6
24 11111110 7
35 01111010 5 match 3
46 10001111 5
57 11000111 5 match 5
60 11111101 7
71 11111101 7

03 11011111 7 match 7
14 11110110 6
25 11111110 7
36 10100010 3
47 11001111 6
50 11111101 7
61 11111101 7
72 00111101 5

04 11110110 6
15 01111110 6
26 11001110 5 match 2
37 11100011 5
40 11111101 7
51 11011101 6
62 01111101 6
73 11111101 7

05 01111110 6
16 10100110 4
27 11001111 6
30 11111011 7
41 11011101 6
52 10110101 5
63 11111101 7
74 11111110 7

06 10000110 3
17 11100111 6
20 11111111 a match 6
31 11111011 7
42 00111101 5
53 11011101 6
64 11111111 a match 6
75 01111110 6

07 11000111 5 match 5
10 11111111 a match 6
21 11011111 7 match 7
32 00110011 4
43 11011101 6
54 11110111 7
65 01111111 7
76 10111110 6
[completion]
0 absent
1 absent
2 26
3 35
4 absent
5 57 07
6 67 13 20 64 10
7 01 23 03 21

Left
none
Best: none

Right
01 70x
23 12x
03 72x
21 10 07 76x
Best: 21 10 07: 3
