[category]
matching
[prompt]
In Alice's Wonderland, secret processing rules are used on text.

x: not matched anywhere
y: matched but wrong position

0 111101110 7
1 101100111 6
2 101100111 6
3 111110011 7
4 111111111 a
5 110111111 8
6 111011111 8
7 011001000 3

01 111111111 a match 4
12 011011001 5
23 111111110 8
34 110111111 8 match 5
45 101101101 6
56 111010011 6
67 101111110 7
70 110110111 7

02 111011011 7
13 011011000 4
24 111111110 8
35 100101111 6
46 111100001 5
57 111111011 8
60 100111111 7
71 110110111 7

03 111011010 6
14 011011110 6
25 101101110 6
36 111100111 7
47 101101001 5
50 111110111 8
61 100111111 7
72 110011111 7

04 111011110 7
15 011101100 5
26 111100111 7
37 101101111 7
40 101110101 6
51 111110111 8
62 110111111 8 match 5
73 111011111 8 match 6

05 111101110 7 match 0
16 011001001 4
27 101101110 6
30 100110111 6
41 101110111 7
52 111011011 7
63 111111110 8
74 110011111 7

06 111001011 6
17 011101000 4
20 101110111 7
31 100110111 6
42 111111001 7
53 111011011 7
64 110111110 7
75 110111111 8 match 5

07 111101010 6
10 011111101 7
21 101110111 7
32 110111111 8 match 5
43 111111001 7
54 111011111 8 match 6
65 100111110 6
76 111010111 7
[completion]
0 05
1 absent
2 absent
3 absent
4 01
5 34 62 75 32
6 73 54
7 absent

Left
05 16x
Best: 05: 1

Right
none
Best: none
