[category]
matching
[prompt]
In Alice's Wonderland, secret processing rules are used on text.

x: not matched anywhere
y: matched but wrong position

0 1110000001 4
1 1110001000 4
2 0101100000 3
3 0110011011 6
4 1101110000 5
5 0001110100 4
6 1001111001 6
7 1111101111 9

01 1110111111 9
12 1111111100 8
23 1111111011 9
34 1111000111 7
45 1110111111 9
56 1111111100 8
67 0111011011 7
70 1101110111 8

02 1111111111 a
13 1111111001 8
24 1111001011 7
35 1110000111 6
46 1110111100 7
57 0111111000 6
60 0111011011 7
71 1101110111 8

03 1111111111 a
14 1111101011 8
25 1110001111 7
36 1110110110 7
47 0110111100 6
50 0111111000 6
61 0111011111 8
72 1101110111 8

04 1111101111 9 match 7
15 1111101111 9 match 7
26 1110111111 9
37 0110011110 6
40 0111111100 7
51 0111111111 9
62 0111111111 9
73 1101111111 9

05 1110101111 8
16 1111111100 8
27 1110011011 7
30 0111010110 6
41 0110111111 8
52 0111111100 7
63 1111111011 9
74 1101100111 7

06 1110111111 9
17 1111111000 7
20 1111011011 8
31 0110010111 6
42 0111111100 7
53 1111111001 8
64 1111001011 7
75 1101100111 7

07 1110111111 9
10 1111111000 7
21 1110011111 8
32 0111110110 7
43 1111111101 9
54 1111111011 9
65 1111001111 8
76 1101110111 8
[completion]
0 absent
1 absent
2 absent
3 absent
4 absent
5 absent
6 absent
7 04 15

Left
none
Best: none

Right
04 73x
15 04y
Best: 04: 1
