[category]
matching
[prompt]
In Alice's Wonderland, secret processing rules are used on text.

x: not matched anywhere
y: matched but wrong position

0 1010001 3
1 0000001 1
2 0001001 2
3 0000000 a
4 0000000 a
5 0000000 a
6 0000000 a
7 1000110 3

01 1000010 2
12 0001111 4
23 1001111 5
34 0010100 2
45 1111010 5
56 1001011 4
67 1010011 4
70 1110100 4

02 0110010 3
13 0111111 6
24 0100100 2
35 0010001 2
46 1001110 4
57 1100111 5
60 1011000 3
71 1001001 3

03 0000010 1
14 1010100 3
25 0100001 2
36 0100101 3
47 1100010 3
50 1101100 4
61 1100101 4
72 0111001 4

04 1101001 4
15 1010001 3 match 0
26 0010101 3
37 0001001 2 match 2
40 1101001 4
51 1010001 3 match 0
62 0010101 3
73 0001001 2 match 2

05 1101100 4
16 1100101 4
27 0111001 4
30 0000010 1
41 1010100 3
52 0100001 2
63 0100101 3
74 1100010 3

06 1011000 3
17 1001001 3
20 0110010 3
31 0111111 6
42 0100100 2
53 0010001 2
64 1001110 4
75 1100111 5

07 1110100 4
10 1000010 2
21 0001111 4
32 1001111 5
43 0010100 2
54 1111010 5
65 1001011 4
76 1010011 4
[completion]
0 15 51
1 absent
2 37 73
3 absent
4 absent
5 absent
6 absent
7 absent

Left
15 26x
51 62x
Best: 15: 1

Right
none
Best: none
