[category]
matching
[prompt]
In Alice's Wonderland, secret processing rules are used on text.

x: not matched anywhere
y: matched but wrong position

0 1011110 5
1 1100011 4
2 0001111 4
3 1010001 3
4 1100011 4
5 1110111 6
6 1011110 5
7 1100011 4

01 1011101 5
12 0111110 5
23 1101011 5
34 1110111 6 match 5
45 1011110 5 match 0 6
56 1101111 6
67 0010110 3
70 1111011 6

02 0011101 4
13 0101010 3
24 1100011 4 match 1 4 7
35 1111111 a
46 1111111 a
57 1100111 5
60 1110010 4
71 1111111 a

03 0011101 4
14 0101011 4
25 1111111 a
36 1111111 a
47 1011110 5 match 0 6
50 1100011 4 match 1 4 7
61 1010111 5
72 1111111 a

04 0111101 5
15 0111110 5
26 1101111 6
37 1110111 6 match 5
40 1111110 6
51 1110111 6 match 5
62 0011110 4
73 1111011 6

05 0011101 4
16 1101111 6
27 1100111 5
30 1110111 6 match 5
41 1011111 6
52 1111111 a
63 0011010 3
74 1111011 6

06 1111101 6
17 0101110 4
20 1100011 4 match 1 4 7
31 1110111 6 match 5
42 1011110 5 match 0 6
53 1101011 5
64 0110011 4
75 1111111 a

07 0011101 4
10 1101010 4
21 1110111 6 match 5
32 1111111 a
43 1011110 5 match 0 6
54 1100011 4 match 1 4 7
65 0011110 4
76 1111111 a
[completion]
0 45 47 42 43
1 24 50 20 54
2 absent
3 absent
4 24 50 20 54
5 34 37 51 30 31 21
6 45 47 42 43
7 24 50 20 54

Left
45 56x
47 50 61x
42 53x
43 54 65x
Best: 47 50: 2

Right
24 13x
50 47 36x
20 17x
54 43 32x
Best: 50 47: 2
