[category]
matching
[prompt]
In Alice's Wonderland, secret processing rules are used on text.

x: not matched anywhere
y: matched but wrong position

0 000111101 5
1 001100101 4
2 000000010 1
3 111011101 7
4 101111110 7
5 100000100 2
6 101011011 6
7 100001100 3

01 000000010 1 match 2
12 010000001 2
23 001111010 5
34 000000100 1
45 001010011 4
56 100000000 1
67 000011000 2
70 001100101 4 match 1

02 000000000 a
13 011011001 5
24 000100100 2
35 000000000 a
46 101000010 3
57 100001000 2
60 000111101 5 match 0
71 000100000 1

03 000000010 1 match 2
14 010000100 2
25 001110010 4
36 100000000 1
47 100011010 4
50 100001100 3 match 7
61 000100000 1
72 000000001 1

04 000000000 a
15 011010001 4
26 101000010 3
37 100000000 1
40 101011001 5
51 000000000 a
62 000000001 1
73 001100001 3

05 000000010 1 match 2
16 111000000 3
27 100011010 4
30 100000100 2 match 5
41 000000010 1 match 2
52 000000000 a
63 000111001 4
74 000100100 2

06 000000010 1 match 2
17 110011000 4
20 101111100 6
31 000000000 a
42 000000001 1
53 000001000 1
64 000100100 2
75 001100001 3

07 000000010 1 match 2
10 111011101 7 match 3
21 000100010 2
32 000000000 a
43 001011011 5
54 000000100 1
65 000110001 3
76 001000000 1
[completion]
0 60
1 70
2 01 03 05 41 06 07
3 10
4 absent
5 30
6 absent
7 50

Left
60 71x
Best: 60: 1

Right
50 47x
Best: 50: 1
