[category]
matching
[prompt]
In Alice's Wonderland, secret processing rules are used on text.

x: not matched anywhere
y: matched but wrong position

0 011101110 6
1 111110010 6
2 000000000 a
3 101011101 6
4 001100100 3
5 011100000 3
6 101011011 6
7 111100010 5

01 10 101111101 7
12 21 011100100 4
23 32 111111011 8
34 43 111111011 8
45 54 111101010 6
56 65 111101110 7
67 76 111111110 8
70 07 111111111 a

02 20 111111101 8
13 31 101111111 8
24 42 111100010 5 match 7
35 53 111111011 8
46 64 111101110 7
57 75 111111010 7
60 06 111111111 a
71 17 111110110 7

03 30 101011111 7
14 41 111100110 6
25 52 111101000 5
36 63 111111111 a
47 74 111110010 6 match 1
50 05 111111101 8
61 16 011101110 6 match 0
72 27 111110010 6 match 1

04 40 111111111 a
15 51 111101100 6
26 62 011101110 6 match 0
37 73 111111011 8
[completion]
0 61 16 26 62
1 47 74 72 27
2 absent
3 absent
4 absent
5 absent
6 absent
7 24 42

Left
61 72 03x
16 27 30x
26 37x
62 73x
Best: 61 72: 2

Right
24 13x
42 31x
Best: 24: 1
