[category]
matching
[prompt]
In Alice's Wonderland, secret processing rules are used on text.

x: not matched anywhere
y: matched but wrong position

0 00100111 4
1 01000111 4
2 11011100 5
3 10110010 4
4 01011101 5
5 00011011 4
6 01110111 6
7 01011111 6

01 11110111 7
12 11011000 4
23 10111111 7
34 01100111 5
45 11011101 6
56 10110010 4 match 3
67 11111101 7
70 10111111 7

02 11011000 4
13 10111000 4
24 00100111 4 match 0
35 01001111 5
46 11111110 7
57 11111110 7
60 11111111 a
71 11110111 7

03 11111000 5
14 00111011 5
25 01101111 6
36 11100111 6
47 11111100 6
50 10111111 7
61 11111111 a
72 11011011 6

04 01110011 5
15 01011101 5 match 4
26 10100111 5
37 11101111 7
40 11111111 a
51 11110111 7
62 11011101 6
73 10111011 6

05 01011101 5 match 4
16 10111010 5
27 11101111 7
30 11101111 7
41 11111111 a
52 11111010 6
63 11111101 7
74 00110011 4

06 11110010 5
17 11111100 6
20 10101111 6
31 11100111 6
42 11011100 5 match 2
53 10111010 5
64 01111111 7
75 01011111 6 match 7

07 11111100 6
10 10111111 7
21 11100111 6
32 11011111 7
43 11111100 6
54 10110011 5
65 01011101 5 match 4
76 10110011 5
[completion]
0 24
1 absent
2 42
3 56
4 15 05 65
5 absent
6 absent
7 75

Left
24 35x
Best: 24: 1

Right
75 64x
Best: 75: 1
