[category]
matching
[prompt]
In Alice's Wonderland, secret processing rules are used on text.

x: not matched anywhere
y: matched but wrong position

0 0100011 3
1 1101111 6
2 0001110 3
3 1011110 5
4 0111110 5
5 0101011 4
6 1001101 4
7 0111111 6

01 10 1110010 4
12 21 1111001 5
23 32 1011101 5
34 43 1010101 4
45 54 1110101 5
56 65 0110101 4
67 76 1010101 4
70 07 1110110 5

02 20 0111011 5
13 31 1110101 5
24 42 1001101 4 match 6
35 53 1110101 5
46 64 1010101 4
57 75 1110100 4
60 06 0110111 5
71 17 1110100 4

03 30 1110111 6
14 41 1110101 5
25 52 0111101 5
36 63 1010101 4
47 74 1010101 4
50 05 0110110 4
61 16 1110101 5
72 27 1011101 5

04 40 1110111 6
15 51 1110100 4
26 62 0011101 4
37 73 1010101 4
[completion]
0 absent
1 absent
2 absent
3 absent
4 absent
5 absent
6 24 42
7 absent

Left
none
Best: none

Right
none
Best: none
