[category]
matching
[prompt]
In Alice's Wonderland, secret processing rules are used on text.

x: not matched anywhere
y: matched but wrong position

0 0011110100 5
1 0101011100 5
2 1011111001 7
3 1111001111 8
4 0100001010 3
5 0010111111 7
6 1111111101 9
7 1111110011 8

01 0100111010 5
12 1011111111 9
23 1101111000 6
34 1111110111 9
45 0111111110 8
56 1101011101 7
67 1011111011 8
70 1111001111 8 match 3

02 0010111111 7 match 5
13 1111111101 9 match 6
24 1111110011 8 match 7
35 1111110111 9
46 0101011100 5 match 1
57 1011111101 8
60 1111101111 9
71 0100001110 4

03 0100111000 4
14 1111110111 9
25 1111110010 7
36 1111011111 9
47 1011111101 8
50 1111001111 8 match 3
61 1110101011 7
72 0110001111 6

04 1110110011 7
15 1111110111 9
26 1101111100 7
37 1011111111 9
40 1111011111 9
51 1100001111 6
62 1010101111 7
73 0100101110 5

05 0111110010 6
16 1111111101 9 match 6
27 1111111001 8
30 1111011111 9
41 0101011110 6
52 1010001111 6
63 1110101011 7
74 1110100111 7

06 0101111100 6
17 1011111101 8
20 1111111111 a
31 1111011111 9
42 0011011111 7
53 1100101101 6
64 1110100011 6
75 0111110110 7

07 1011111001 7 match 2
10 1111111111 a
21 1101111010 7
32 1011011111 8
43 0101111100 6
54 1110101111 8
65 1111110011 8 match 7
76 0101011110 6
[completion]
0 absent
1 46
2 07
3 70 50
4 absent
5 02
6 13 16
7 24 65

Left
none
Best: none

Right
24 13 02 71x
65 54x
Best: 24 13 02: 3
