[category]
matching
[prompt]
In Alice's Wonderland, secret processing rules are used on text.

x: not matched anywhere
y: matched but wrong position

0 11110111 7
1 00010010 2
2 01111101 6
3 10010111 5
4 10110101 5
5 11110001 5
6 11111110 7
7 11111111 a

01 10 10110101 5 match 4
12 21 11110001 5 match 5
23 32 11111110 7 match 6
34 43 11111111 a match 7
45 54 11110111 7 match 0
56 65 01111111 7
67 76 11111111 a match 7
70 07 10010111 5 match 3

02 20 11100101 5
13 31 10111111 7
24 42 11110111 7 match 0
35 53 10111110 6
46 64 11111111 a match 7
57 75 10010111 5 match 3
60 06 11111101 7
71 17 10110111 6

03 30 10111111 7
14 41 11110111 7 match 0
25 52 01110010 4
36 63 11111111 a match 7
47 74 11110111 7 match 0
50 05 10010111 5 match 3
61 16 11111101 7
72 27 11110111 7 match 0

04 40 11110111 7 match 0
15 51 10110011 5
26 62 01111101 6 match 2
37 73 10111111 7
[completion]
0 45 54 24 42 14 41 47 74 72 27 04 40
1 absent
2 26 62
3 70 07 57 75 50 05
4 01 10
5 12 21
6 23 32
7 34 43 67 76 46 64 36 63

Left
45 56x
54 65x
24 35x
42 53x
14 25x
41 52x
47 50y
74 05y
72 03x
27 30x
04 15x
40 51x
Best: 45: 1

Right
34 23 12 01 70 67y
43 32 21 10 07 76y
67 56x
76 65x
46 35x
64 53x
36 25x
63 52x
Best: 34 23 12 01 70: 5
