[category]
matching
[prompt]
In Alice's Wonderland, secret processing rules are used on text.

x: not matched anywhere
y: matched but wrong position

0 0010000 1
1 0000101 2
2 1001011 4
3 0000101 2
4 0000001 1
5 1001111 5
6 0110001 3
7 0000000 a

01 0001011 3
12 0000001 1 match 4
23 0110001 3 match 6
34 1101011 5
45 0010001 2
56 0100110 3
67 0000011 2
70 1100100 3

02 1110101 5
13 1001111 5 match 5
24 0100101 3
35 0000101 2 match 1 3
46 1001000 2
57 1011010 4
60 0011000 2
71 0010000 1 match 0

03 0111011 5
14 1011011 5
25 1001011 4 match 2
36 1011100 4
47 0110100 3
50 1000001 2
61 1101100 4
72 1101110 5

04 0101111 5
15 0110101 4
26 0010010 2
37 0100000 1
40 0101111 5
51 0110101 4
62 0010010 2
73 0100000 1

05 1000001 2
16 1101100 4
27 1101110 5
30 0111011 5
41 1011011 5
52 1001011 4 match 2
63 1011100 4
74 0110100 3

06 0011000 2
17 0010000 1 match 0
20 1110101 5
31 1001111 5 match 5
42 0100101 3
53 0000101 2 match 1 3
64 1001000 2
75 1011010 4

07 1100100 3
10 0001011 3
21 0000001 1 match 4
32 0110001 3 match 6
43 1101011 5
54 0010001 2
65 0100110 3
76 0000011 2
[completion]
0 71 17
1 35 53
2 25 52
3 35 53
4 12 21
5 13 31
6 23 32
7 absent

Left
71 02x
17 20x
Best: 71: 1

Right
none
Best: none
