[category]
matching
[prompt]
In Alice's Wonderland, secret processing rules are used on text.

x: not matched anywhere
y: matched but wrong position

0 0001000 1
1 0001010 2
2 0001000 1
3 1001111 5
4 1100000 2
5 1000010 2
6 1111100 5
7 0110100 3

01 10 0000100 1
12 21 0001000 1 match 0 2
23 32 0001010 2 match 1
34 43 0000010 1
45 54 1100000 2 match 4
56 65 1000000 1
67 76 1000000 1
70 07 0110100 3 match 7

02 20 0100000 1
13 31 0001000 1 match 0 2
24 42 0100010 2
35 53 0000000 a
46 64 1000010 2 match 5
57 75 1100000 2 match 4
60 06 0000000 a
71 17 1001100 3

03 30 0000000 a
14 41 1000101 3
25 52 0100000 1
36 63 0000010 1
47 74 1100100 3
50 05 0100000 1
61 16 1000000 1
72 27 0101000 2

04 40 0100100 2
15 51 1000000 1
26 62 0000010 1
37 73 0001000 1 match 0 2
[completion]
0 12 21 13 31 37 73
1 23 32
2 12 21 13 31 37 73
3 absent
4 45 54 57 75
5 46 64
6 absent
7 70 07

Left
12 23 34x
21 32 43x
13 24x
31 42x
37 40x
73 04x
Best: 12 23: 2

Right
70 67x
07 76x
Best: 70: 1
