[category]
matching
[prompt]
In Alice's Wonderland, secret processing rules are used on text.

x: not matched anywhere
y: matched but wrong position

0 111100101 6
1 100001000 2
2 100000101 3
3 110110101 6
4 101011111 7
5 011110110 6
6 101101110 6
7 110001011 5

01 001100111 5
12 000011010 3
23 011011011 6
34 111111000 6
45 101010010 4
56 101001111 6
67 100010101 4
70 001010110 4

02 110000010 3
13 100111110 6
24 011011100 5
35 101010101 5
46 111100010 5
57 110100101 5
60 010111100 5
71 111001110 6

03 010100110 4
14 100111001 5
25 001110001 4
36 111100101 6 match 0
47 100001000 2 match 1
50 000001100 2
61 100100100 3
72 000101011 4

04 010100001 3
15 110010100 4
26 011000001 3
37 100001111 5
40 010100001 3
51 110010100 4
62 011000001 3
73 100001111 5

05 000001100 2
16 100100100 3
27 000101011 4
30 010100110 4
41 100111001 5
52 001110001 4
63 111100101 6 match 0
74 100001000 2 match 1

06 010111100 5
17 111001110 6
20 110000010 3
31 100111110 6
42 011011100 5
53 101010101 5
64 111100010 5
75 110100101 5

07 001010110 4
10 001100111 5
21 000011010 3
32 011011011 6
43 111111000 6
54 101010010 4
65 101001111 6
76 100010101 4
[completion]
0 36 63
1 47 74
2 absent
3 absent
4 absent
5 absent
6 absent
7 absent

Left
36 47 50x
63 74 05x
Best: 36 47: 2

Right
none
Best: none
