[category]
matching
[prompt]
In Alice's Wonderland, secret processing rules are used on text.

x: not matched anywhere
y: matched but wrong position

0 1000000 1
1 0011101 4
2 1101000 3
3 0010101 3
4 0101010 3
5 1111100 5
6 0110110 4
7 1111111 a

01 1000000 1 match 0
12 0000100 1
23 0110010 3
34 0000000 a
45 1000001 2
56 0001100 2
67 0110000 2
70 0001011 3

02 1000100 2
13 0110110 4 match 6
24 0100010 2
35 0000001 1
46 1001000 2
57 0010100 2
60 0000011 2
71 1001001 3

03 1110100 4
14 0100110 3
25 0100001 2
36 0001000 1
47 0010000 1
50 0001010 2
61 0000001 1
72 1000000 1 match 0

04 0100100 2
15 0100000 1
26 0001000 1
37 0000000 a
40 0001001 2
51 0001000 1
62 0000000 a
73 1000010 2

05 1100000 2
16 0000100 1
27 0110000 2
30 0001001 2
41 1001001 3
52 0000100 1
63 0110010 3
74 0000010 1

06 1000100 2
17 0110100 3
20 0001011 3
31 0001001 2
42 1000000 1 match 0
53 0010110 3
64 0100010 2
75 1000001 2

07 0110100 3
10 0000010 1
21 0001001 2
32 0000000 a
43 1010000 2
54 0000110 2
65 0100001 2
76 1001000 2
[completion]
0 01 72 42
1 absent
2 absent
3 absent
4 absent
5 absent
6 13
7 absent

Left
01 12x
72 03x
42 53x
Best: 01: 1

Right
none
Best: none
