[category]
matching
[prompt]
In Alice's Wonderland, secret processing rules are used on text.

x: not matched anywhere
y: matched but wrong position

0 1010000 2
1 0010010 2
2 1001011 4
3 1100100 3
4 0100100 2
5 1111001 5
6 0101110 4
7 1010101 4

01 0101100 3
12 0010101 3
23 0000000 a
34 1001001 3
45 1100110 4
56 0001011 3
67 0111111 6
70 0100010 2

02 1000110 3
13 1101010 4
24 0110110 4
35 1010000 2 match 0
46 0010010 2 match 1
57 1001011 4 match 2
60 1100010 3
71 1110001 4

03 0111001 4
14 1011100 4
25 0101111 5
36 0100100 2 match 4
47 1010010 3
50 0010110 3
61 0110001 3
72 0011011 4

04 0001111 4
15 1000101 3
26 1011011 5
37 1100100 3 match 3
40 0001111 4
51 1000101 3
62 1011011 5
73 1100100 3 match 3

05 0010110 3
16 0110001 3
27 0011011 4
30 0111001 4
41 1011100 4
52 0101111 5
63 0100100 2 match 4
74 1010010 3

06 1100010 3
17 1110001 4
20 1000110 3
31 1101010 4
42 0110110 4
53 1010000 2 match 0
64 0010010 2 match 1
75 1001011 4 match 2

07 0100010 2
10 0101100 3
21 0010101 3
32 0000000 a
43 1001001 3
54 1100110 4
65 0001011 3
76 0111111 6
[completion]
0 35 53
1 46 64
2 57 75
3 37 73
4 36 63
5 absent
6 absent
7 absent

Left
35 46 57 60x
53 64 75 06x
Best: 35 46 57: 3

Right
none
Best: none
