[category]
matching
[prompt]
In Alice's Wonderland, secret processing rules are used on text.

x: not matched anywhere
y: matched but wrong position

0 1011001 4
1 1011001 4
2 0001011 3
3 1100101 4
4 1111111 a
5 1111111 a
6 0011011 4
7 0110111 5

01 1110000 3
12 0100010 2
23 1011001 4 match 0 1
34 1011001 4 match 0 1
45 0001011 3 match 2
56 0000100 1
67 1010111 5
70 0001010 2

02 0101101 4
13 0000100 1
24 1111111 a match 4 5
35 0101101 4
46 1110000 3
57 0101100 3
60 0100010 2
71 0000101 2

03 0001011 3 match 2
14 0100010 2
25 0001011 3 match 2
36 1010110 4
47 1011000 3
50 1011001 4 match 0 1
61 0101101 4
72 1011000 3

04 0101101 4
15 1010110 4
26 1110000 3
37 1111110 6
40 0101101 4
51 1010110 4
62 1110000 3
73 1111110 6

05 1011001 4 match 0 1
16 0101101 4
27 1011000 3
30 0001011 3 match 2
41 0100010 2
52 0001011 3 match 2
63 1010110 4
74 1011000 3

06 0100010 2
17 0000101 2
20 0101101 4
31 0000100 1
42 1111111 a match 4 5
53 0101101 4
64 1110000 3
75 0101100 3

07 0001010 2
10 1110000 3
21 0100010 2
32 1011001 4 match 0 1
43 1011001 4 match 0 1
54 0001011 3 match 2
65 0000100 1
76 1010111 5
[completion]
0 23 34 50 05 32 43
1 23 34 50 05 32 43
2 45 03 25 30 52 54
3 absent
4 24 42
5 24 42
6 absent
7 absent

Left
23 34 45 56x
34 45y
50 61x
05 16x
32 43 54 65x
43 54y
Best: 23 34 45: 3

Right
none
Best: none
