[category]
matching
[prompt]
In Alice's Wonderland, secret processing rules are used on text.

x: not matched anywhere
y: matched but wrong position

0 011101101 6
1 110000001 3
2 101100111 6
3 011001011 5
4 011001001 4
5 010011010 4
6 010011000 3
7 010001100 3

01 111011111 8
12 011111011 7
23 110011110 6
34 011111111 8
45 110011001 5
56 101110111 7
67 111111111 a
70 011101001 5

02 111111111 a
13 110111010 6
24 111111110 8
35 011111101 7
46 110110101 6
57 101110111 7
60 011101011 6
71 111001101 6

03 110011110 6
14 011111110 7
25 110011100 5
36 111111101 8
47 110110111 7
50 101100111 6 match 2
61 111001111 7
72 011101011 6

04 111111110 8
15 010111010 5
26 110111100 6
37 111111111 a
40 111100001 5
51 101100111 6 match 2
62 011101011 6
73 111011011 7

05 110011110 6
16 110111110 7
27 110111110 7
30 011101101 6 match 0
41 111000101 5
52 101100111 6 match 2
63 111011011 7
74 011111111 8

06 110111110 7
17 110111110 7
20 111111101 8
31 111101101 7
42 111100011 6
53 101110111 7
64 011111111 8
75 011011001 5

07 110111110 7
10 011111011 7
21 111011101 7
32 011101111 7
43 110010011 5
54 101111111 8
65 011011011 6
76 111111101 8
[completion]
0 30
1 absent
2 50 51 52
3 absent
4 absent
5 absent
6 absent
7 absent

Left
30 41x
Best: 30: 1

Right
none
Best: none
