[category]
matching
[prompt]
In Alice's Wonderland, secret processing rules are used on text.

x: not matched anywhere
y: matched but wrong position

0 001101011 5
1 010011110 5
2 101101011 6
3 001101111 6
4 011111101 7
5 110010111 6
6 100111011 6
7 111111111 a

01 111101111 8
12 111110100 6
23 001101011 5 match 0
34 110011111 7
45 111111111 a match 7
56 001101111 6 match 3
67 111111011 8
70 111111110 8

02 111110101 7
13 011110100 5
24 100001011 4
35 110011111 7
46 011111111 8
57 101101011 6 match 2
60 111111010 7
71 111111111 a match 7

03 011100101 5
14 110010101 5
25 110011111 7
36 110011111 7
47 111111111 a match 7
50 101111010 6
61 111111011 8
72 111111100 7

04 111000101 5
15 110010101 5
26 000001111 4
37 110011111 7
40 111111110 8
51 101101011 6 match 2
62 111111110 8
73 011111100 6

05 111010101 6
16 010010101 4
27 100001011 4
30 110111111 8
41 111111111 a match 7
52 111111110 8
63 111111010 7
74 111111101 8

06 011000101 4
17 110010111 6 match 5
20 100111011 6 match 6
31 111111111 a match 7
42 111111110 8
53 001101010 4
64 111111011 8
75 111111101 8

07 111000111 6
10 110111110 7
21 101101011 6 match 2
32 111111111 a match 7
43 011111110 7
54 101101011 6 match 2
65 111111111 a match 7
76 011111101 7 match 4
[completion]
0 23
1 absent
2 57 51 21 54
3 56
4 76
5 17
6 20
7 45 71 47 41 31 32 65

Left
23 34x
Best: 23: 1

Right
45 34x
71 60x
47 36x
41 30x
31 20 17 06x
32 21y
65 54y
Best: 31 20 17: 3
