[category]
matching
[prompt]
In Alice's Wonderland, secret processing rules are used on text.

x: not matched anywhere
y: matched but wrong position

0 000011001 3
1 000001001 2
2 000111101 5
3 111010100 5
4 110111011 7
5 100001101 4
6 100011110 5
7 111010010 5

01 000000001 1
12 000001100 2
23 111000010 4
34 000010000 1
45 000000000 a
56 000101001 3
67 001000100 2
70 010110010 4

02 000001101 3
13 100000110 3
24 111010010 5 match 7
35 000000000 a
46 000001001 2 match 1
57 000000100 1
60 011010000 3
71 010100001 3

03 100000100 2
14 100010110 4
25 111000010 4
36 000001001 2 match 1
47 000000000 a
50 000110000 2
61 011000000 2
72 000101001 3

04 100000100 2
15 100000010 2
26 000000010 1
37 000000000 a
40 000000000 a
51 000100001 2
62 000000100 1
73 110100010 4

05 100000000 1
16 000001010 2
27 001000000 1
30 000010000 1
41 000000001 1
52 000101101 4
63 111000100 4
74 110110010 5

06 000001001 2 match 1
17 000000100 1
20 011010010 4
31 000000001 1
42 000001001 2 match 1
53 000100100 2
64 111010100 5 match 3
75 110000010 3

07 000000100 1
10 000010010 2
21 011000000 2
32 000001001 2 match 1
43 000000000 a
54 000110100 3
65 111000000 3
76 000101011 4
[completion]
0 absent
1 46 36 06 42 32
2 absent
3 64
4 absent
5 absent
6 absent
7 24

Left
none
Best: none

Right
24 13x
Best: 24: 1
