[category]
matching
[prompt]
In Alice's Wonderland, secret processing rules are used on text.

x: not matched anywhere
y: matched but wrong position

0 1000011 3
1 1101011 5
2 1011011 5
3 0011111 5
4 1111010 5
5 1101010 4
6 1111101 6
7 1011111 6

01 0111101 5
12 1010111 5
23 1101111 6
34 1111011 6
45 0011111 5 match 3
56 1111111 a
67 1101010 4 match 5
70 1110111 6

02 0011101 4
13 1100111 5
24 1101011 5 match 1
35 1011111 6 match 7
46 0011111 5 match 3
57 1111010 5 match 4
60 1101010 4 match 5
71 1111101 6 match 6

03 0111101 5
14 1100011 4
25 1101111 6
36 1011111 6 match 7
47 0011111 5 match 3
50 1111010 5 match 4
61 1111110 6
72 1110101 5

04 1111101 6 match 6
15 1000111 4
26 1111111 a
37 1011011 5 match 2
40 1111111 a
51 1111110 6
62 1111110 6
73 1110101 5

05 0011101 4
16 1010111 5
27 1101011 5 match 1
30 1111011 6
41 0111111 6
52 1111110 6
63 1101110 5
74 1110101 5

06 0011101 4
17 1001011 4
20 1101011 5 match 1
31 1111111 a
42 0011111 5 match 3
53 1111110 6
64 1101010 4 match 5
75 1110101 5

07 0011111 5 match 3
10 1100011 4
21 1111111 a
32 1011111 6 match 7
43 0111111 6
54 1111010 5 match 4
65 1101111 6
76 1110101 5
[completion]
0 absent
1 24 27 20
2 37
3 45 46 47 42 07
4 57 50 54
5 67 60 64
6 71 04
7 35 36 32

Left
none
Best: none

Right
35 24y
36 25x
32 21x
Best: 35: 1
