[category]
matching
[prompt]
In Alice's Wonderland, secret processing rules are used on text.

x: not matched anywhere
y: matched but wrong position

0 101100001 4
1 000011101 4
2 011110110 6
3 111011101 7
4 100111001 5
5 010101010 4
6 111100011 6
7 111101111 8

01 000101001 3
12 101100001 4 match 0
23 000011101 4 match 1
34 101100110 5
45 110011011 6
56 111101001 6
67 110110010 5
70 111110011 7

02 010110111 6
13 010000011 3
24 010000100 2
35 100000010 2
46 110001101 5
57 110100100 4
60 110111110 7
71 000100101 3

03 101010101 5
14 000011010 3
25 011100000 3
36 100010100 3
47 111000000 3
50 110101000 4
61 001101000 3
72 010111011 6

04 111001100 5
15 001111110 6
26 011110110 6 match 2
37 101011001 5
40 111001100 5
51 001111110 6
62 011110110 6 match 2
73 101011001 5

05 110101000 4
16 001101000 3
27 010111011 6
30 101010101 5
41 000011010 3
52 011100000 3
63 100010100 3
74 111000000 3

06 110111110 7
17 000100101 3
20 010110111 6
31 010000011 3
42 010000100 2
53 100000010 2
64 110001101 5
75 110100100 4

07 111110011 7
10 000101001 3
21 101100001 4 match 0
32 000011101 4 match 1
43 101100110 5
54 110011011 6
65 111101001 6
76 110110010 5
[completion]
0 12 21
1 23 32
2 26 62
3 absent
4 absent
5 absent
6 absent
7 absent

Left
12 23 34x
21 32 43x
Best: 12 23: 2

Right
none
Best: none
