[category]
matching
[prompt]
In Alice's Wonderland, secret processing rules are used on text.

x: not matched anywhere
y: matched but wrong position

0 11010001 4
1 00011001 3
2 11001000 3
3 00011101 4
4 00110111 5
5 01001110 4
6 11000101 4
7 10110110 5

01 10101111 6
12 11110111 7
23 00111111 6
34 11001001 4
45 10111111 7
56 11101110 6
67 11110111 7
70 01011101 5

02 11101111 7
13 11110111 7
24 01011001 4
35 11011001 5
46 10111110 6
57 11110110 6
60 01010111 5
71 00101111 5

03 10111111 7
14 11011001 5
25 00011001 3 match 1
36 11101000 4
47 11110110 6
50 11110110 6
61 01111111 7
72 11101111 7

04 11101011 6
15 11011001 5
26 10111001 5
37 11111010 6
40 11110110 6
51 11101110 6
62 11110111 7
73 00111111 6

05 10111011 6
16 11111001 6
27 11111011 7
30 11011100 5
41 10111110 6
52 11100110 5
63 01110111 6
74 01001101 4

06 10101011 5
17 11110011 6
20 01011101 5
31 11101110 6
42 11110110 6
53 11110111 7
64 01011111 6
75 00011101 4 match 3

07 11111011 7
10 11010101 5
21 00111111 6
32 11101110 6
43 10110111 6
54 11101111 7
65 01011111 6
76 10101101 5
[completion]
0 absent
1 25
2 absent
3 75
4 absent
5 absent
6 absent
7 absent

Left
none
Best: none

Right
none
Best: none
