[category]
matching
[prompt]
In Alice's Wonderland, secret processing rules are used on text.

x: not matched anywhere
y: matched but wrong position

0 0101010100 4
1 1001011100 5
2 1010010010 4
3 0010001001 3
4 1101000110 5
5 1101000101 5
6 1011010010 5
7 0111010101 6

01 0001001100 3
12 1000010010 3
23 0010001001 3 match 3
34 0000000010 1
45 1101000001 4
56 0010001000 2
67 1000000011 3
70 0100000000 1

02 1001010100 4
13 0010010000 2
24 0010001000 2
35 1101000000 3
46 0000000000 a
57 0010001010 3
60 0100000011 3
71 0101000100 3

03 0000011000 2
14 0010010010 3
25 0000000001 1
36 0000000000 a
47 1000000001 2
50 0010000010 2
61 0101000101 4
72 0101010100 4 match 0

04 0000011000 2
15 1000010000 2
26 0010001000 2
37 1000000010 2
40 0100000001 2
51 0000001100 2
62 1101000110 5 match 4
73 0000010000 1

05 1001010000 3
16 0010010000 2
27 0010001001 3 match 3
30 0100000010 2
41 0101000101 4
52 0000000110 2
63 0000000001 1
74 0000010000 1

06 0000011000 2
17 1010000010 3
20 0010000001 2
31 0101000100 3
42 1101000100 4
53 0010001000 2
64 0000000010 1
75 0101010000 3

07 1000001000 2
10 0010000010 2
21 0000001001 2
32 1101000110 5 match 4
43 0000000001 1
54 0010001010 3
65 1101000001 4
76 0000010000 1
[completion]
0 72
1 absent
2 absent
3 23 27
4 62 32
5 absent
6 absent
7 absent

Left
72 03x
Best: 72: 1

Right
none
Best: none
