[category]
matching
[prompt]
In Alice's Wonderland, secret processing rules are used on text.

x: not matched anywhere
y: matched but wrong position

0 1011000 3
1 1011111 6
2 1101010 4
3 1111011 6
4 1001010 3
5 0001010 2
6 1010000 2
7 1011111 6

01 1110111 6
12 1111000 4
23 1011111 6 match 1 7
34 1101110 5
45 1111111 a
56 1001111 5
67 1111111 a
70 0001111 4

02 1110000 3
13 1011101 5
24 1011111 6 match 1 7
35 1111111 a
46 1111111 a
57 1111111 a
60 1111111 a
71 0101111 5

03 1110101 5
14 1011100 4
25 1111111 a
36 1101111 6
47 1111111 a
50 1001111 5
61 1111111 a
72 0101000 2

04 1110100 4
15 1111101 6
26 1011111 6 match 1 7
37 1111111 a
40 1111111 a
51 1101111 6
62 1111010 5
73 0011101 4

05 1110101 5
16 1011101 5
27 1111111 a
30 1101111 6
41 1111111 a
52 1101010 4 match 2
63 1111111 a
74 0001100 2

06 1110101 5
17 1111111 a
20 1011111 6 match 1 7
31 1101111 6
42 1111011 6 match 3
53 1011111 6 match 1 7
64 1111110 6
75 0111101 5

07 1110111 6
10 1011111 6 match 1 7
21 1111111 a
32 1101010 4 match 2
43 1111111 a
54 1001110 4
65 1111111 a
76 0001101 3
[completion]
0 absent
1 23 24 26 20 53 10
2 52 32
3 42
4 absent
5 absent
6 absent
7 23 24 26 20 53 10

Left
none
Best: none

Right
23 12x
24 13x
26 15x
20 17x
53 42y
10 07x
Best: 23: 1
