[category]
matching
[prompt]
In Alice's Wonderland, secret processing rules are used on text.

x: not matched anywhere
y: matched but wrong position

0 00101101 4
1 10101010 4
2 11111100 6
3 01111100 5
4 01111111 7
5 01101011 5
6 11111111 a
7 11011001 5

01 11100001 4
12 11111110 7
23 00011111 5
34 11100110 5
45 11011011 6
56 10110101 5
67 11111011 7
70 10011111 6

02 11110100 5
13 01111111 7 match 4
24 00101111 5
35 11101010 5
46 11111101 7
57 11111101 7
60 11011111 7
71 10010111 5

03 11111111 a match 6
14 01111110 6
25 01001011 4
36 11100101 5
47 11111001 6
50 10111111 7
61 11011011 6
72 11110110 6

04 11100110 5
15 01111110 6
26 00101111 5
37 11101001 5
40 11011111 7
51 10110101 5
62 11111110 7
73 10011111 6

05 11101010 5
16 01111111 7 match 4
27 01101011 5 match 5
30 11111111 a match 6
41 11011001 5 match 7
52 11110101 6
63 11011111 7
74 10110110 5

06 11100101 5
17 01111111 7 match 4
20 00011111 5
31 11100001 4
42 11111101 7
53 10111111 7
64 11111110 7
75 11011110 6

07 11101001 5
10 01111111 7 match 4
21 10001011 4
32 11110100 5
43 11011111 7
54 10110111 6
65 11011010 5
76 10110111 6
[completion]
0 absent
1 absent
2 absent
3 absent
4 13 16 17 10
5 27
6 03 30
7 41

Left
none
Best: none

Right
41 30 27 16 05x
Best: 41 30 27 16: 4
