[category]
matching
[prompt]
In Alice's Wonderland, secret processing rules are used on text.

x: not matched anywhere
y: matched but wrong position

0 0100010 2
1 1101111 6
2 1111110 6
3 0111110 5
4 1111000 4
5 1111101 6
6 0111101 5
7 0110010 3

01 1111001 5
12 0011111 5
23 0001010 2
34 1100010 3
45 1101101 5
56 0110010 3 match 7
67 1101110 5
70 0111111 6

02 0011001 3
13 1101010 4
24 0010111 4
35 1110000 3
46 0100000 1
57 0100011 3
60 0101110 4
71 0111001 4

03 1101100 4
14 1110111 6
25 0000101 2
36 0111101 5 match 6
47 0110001 3
50 1100011 4
61 0101000 2
72 1011001 4

04 1110001 4
15 1100101 4
26 1001000 2
37 0101100 3
40 1110001 4
51 1100101 4
62 1001000 2
73 0101100 3

05 1100011 4
16 0101000 2
27 1011001 4
30 1101100 4
41 1110111 6
52 0000101 2
63 0111101 5 match 6
74 0110001 3

06 0101110 4
17 0111001 4
20 0011001 3
31 1101010 4
42 0010111 4
53 1110000 3
64 0100000 1
75 0100011 3

07 0111111 6
10 1111001 5
21 0011111 5
32 0001010 2
43 1100010 3
54 1101101 5
65 0110010 3 match 7
76 1101110 5
[completion]
0 absent
1 absent
2 absent
3 absent
4 absent
5 absent
6 36 63
7 56 65

Left
none
Best: none

Right
56 45x
65 54x
Best: 56: 1
