[category]
matching
[prompt]
In Alice's Wonderland, secret processing rules are used on text.

x: not matched anywhere
y: matched but wrong position

0 001000111 4
1 101100011 5
2 000111111 6
3 111101110 7
4 011111101 7
5 111011110 7
6 111111111 a
7 111111111 a

01 10 100110111 6
12 21 011110110 6
23 32 011111101 7 match 4
34 43 111011111 8
45 54 111011111 8
56 65 101111011 7
67 76 100111011 6
70 07 100111011 6

02 20 111110111 8
13 31 011111111 8
24 42 111111110 8
35 53 111011111 8
46 64 110111111 8
57 75 101011011 6
60 06 100111011 6
71 17 100111111 7

03 30 111111111 a match 6 7
14 41 110111110 7
25 52 111111111 a match 6 7
36 63 111111111 a match 6 7
47 74 110011111 7
50 05 101111011 7
61 16 100111111 7
72 27 111111111 a match 6 7

04 40 110111111 8
15 51 101111111 8
26 62 111111111 a match 6 7
37 73 111011111 8
[completion]
0 absent
1 absent
2 absent
3 absent
4 23 32
5 absent
6 03 30 25 52 36 63 72 27 26 62
7 03 30 25 52 36 63 72 27 26 62

Left
none
Best: none

Right
03 72 61x
30 27 16x
25 14x
52 41x
36 25 14x
63 52 41x
72 61x
27 16x
26 15x
62 51x
Best: 03 72: 2
