[category]
matching
[prompt]
In Alice's Wonderland, secret processing rules are used on text.

x: not matched anywhere
y: matched but wrong position

0 1010011 4
1 1101111 6
2 1000101 3
3 1110101 5
4 1100010 3
5 1010011 4
6 1101111 6
7 1001101 4

01 10 0101110 4
12 21 0101110 4
23 32 1011011 5
34 43 1111111 a
45 54 1101111 6 match 1 6
56 65 1011111 6
67 76 1111011 6
70 07 1101010 4

02 20 0001000 1
13 31 1111111 a
24 42 1101111 6 match 1 6
35 53 1011111 6
46 64 1111111 a
57 75 1101111 6 match 1 6
60 06 1011011 5
71 17 1101110 5

03 30 1011011 5
14 41 1101111 6 match 1 6
25 52 1001101 4 match 7
36 63 1011011 5
47 74 1101111 6 match 1 6
50 05 1001101 4 match 7
61 16 1111111 a
72 27 1101010 4

04 40 1101111 6 match 1 6
15 51 1101111 6 match 1 6
26 62 1011011 5
37 73 1111011 6
[completion]
0 absent
1 45 54 24 42 57 75 14 41 47 74 04 40 15 51
2 absent
3 absent
4 absent
5 absent
6 45 54 24 42 57 75 14 41 47 74 04 40 15 51
7 25 52 50 05

Left
none
Best: none

Right
25 14 03x
52 41 30x
50 47 36x
05 74 63x
Best: 25 14: 2
