[category]
matching
[prompt]
In Alice's Wonderland, secret processing rules are used on text.

x: not matched anywhere
y: matched but wrong position

0 11110100 5
1 01110010 4
2 01110010 4
3 01001111 5
4 11111110 7
5 11011101 6
6 10110101 5
7 10101001 4

01 11101001 5
12 10000011 3
23 11001110 5
34 01011000 3
45 10010011 4
56 11100010 4
67 11101001 5
70 01100100 3

02 10010101 4
13 10110010 4
24 01101001 4
35 00110100 3
46 10001110 4
57 11110100 5 match 0
60 01110010 4 match 1 2
71 01110010 4 match 1 2

03 10100100 3
14 00010101 3
25 00000101 2
36 00101001 3
47 10011000 3
50 01101111 6
61 01100100 3
72 00001110 3

04 00000011 2
15 01111001 5
26 00011000 2
37 00111111 6
40 00000011 2
51 01111001 5
62 00011000 2
73 00111111 6

05 01101111 6
16 01100100 3
27 00001110 3
30 10100100 3
41 00010101 3
52 00000101 2
63 00101001 3
74 10011000 3

06 01110010 4 match 1 2
17 01110010 4 match 1 2
20 10010101 4
31 10110010 4
42 01101001 4
53 00110100 3
64 10001110 4
75 11110100 5 match 0

07 01100100 3
10 11101001 5
21 10000011 3
32 11001110 5
43 01011000 3
54 10010011 4
65 11100010 4
76 11101001 5
[completion]
0 57 75
1 60 71 06 17
2 60 71 06 17
3 absent
4 absent
5 absent
6 absent
7 absent

Left
57 60 71 02x
75 06 17 20x
Best: 57 60 71: 3

Right
none
Best: none
