[category]
matching
[prompt]
In Alice's Wonderland, secret processing rules are used on text.

x: not matched anywhere
y: matched but wrong position

0 1001110 4
1 0000001 1
2 1001100 3
3 0000000 a
4 0000000 a
5 0001000 1
6 1001100 3
7 0000000 a

01 0000011 2
12 0001100 2
23 1000000 1
34 0000010 1
45 0010000 1
56 1101010 4
67 0000001 1 match 1
70 0000100 1

02 0001011 3
13 1000100 2
24 1000000 1
35 0010000 1
46 0011000 2
57 0100000 1
60 0000100 1
71 0000010 1

03 1000001 2
14 1000000 1
25 0010000 1
36 0011010 3
47 0010000 1
50 0100100 2
61 0000001 1 match 1
72 0001110 3

04 1000011 3
15 0000000 a match 3 4 7
26 1010000 2
37 0010000 1
40 0010100 2
51 0100010 2
62 0000101 2
73 1000100 2

05 0000001 1 match 1
16 1001000 2
27 0010000 1
30 0010000 1
41 0010000 1
52 0101110 4
63 0000101 2
74 1000010 2

06 1001010 3
17 0000000 a match 3 4 7
20 0010000 1
31 0010010 2
42 0001100 2
53 1100100 3
64 0000001 1 match 1
75 0000000 a match 3 4 7

07 0000001 1 match 1
10 0000100 1
21 0010000 1
32 0001010 2
43 0000100 1
54 1100010 3
65 0000001 1 match 1
76 1001010 3
[completion]
0 absent
1 67 61 05 64 07 65
2 absent
3 15 17 75
4 15 17 75
5 absent
6 absent
7 15 17 75

Left
none
Best: none

Right
15 04x
17 06x
75 64y
Best: 15: 1
