[category]
matching
[prompt]
In Alice's Wonderland, secret processing rules are used on text.

x: not matched anywhere
y: matched but wrong position

0 000001000 1
1 010010010 3
2 100000101 3
3 001001110 4
4 000111011 5
5 110011101 6
6 100100110 4
7 001000100 2

01 110100010 4
12 000000000 a
23 001000100 2 match 7
34 000000010 1
45 010011001 4
56 001000000 1
67 100101011 5
70 000010100 2

02 110100010 4
13 001000100 2 match 7
24 001000000 1
35 010011000 3
46 010000000 1
57 101000010 3
60 000011101 4
71 010010000 2

03 100100000 2
14 001000000 1
25 000001000 1 match 0
36 010000000 1
47 100001001 3
50 001000100 2 match 7
61 100111011 6
72 010010000 2

04 000100010 2
15 000000000 a
26 001000000 1
37 000001010 2
40 000011101 4
51 100000010 2
62 100110011 5
73 000000100 1

05 010100000 2
16 001000000 1
27 001001000 2
30 000011000 2
41 110011001 5
52 100000010 2
63 100100101 4
74 000000000 a

06 010000000 1
17 001000000 1
20 001001100 3
31 010011010 4
42 110010001 4
53 101000100 3
64 000100010 2
75 010010000 2

07 100100010 3
10 001000100 2 match 7
21 000001000 1 match 0
32 010010010 3 match 1
43 100000101 3 match 2
54 001000010 2
65 000111001 4
76 010000000 1
[completion]
0 25 21
1 32
2 43
3 absent
4 absent
5 absent
6 absent
7 23 13 50 10

Left
25 36x
21 32 43 54x
Best: 21 32 43: 3

Right
23 12x
13 02x
50 47x
10 07x
Best: 23: 1
