[category]
matching
[prompt]
In Alice's Wonderland, secret processing rules are used on text.

x: not matched anywhere
y: matched but wrong position

0 0000000 a
1 0000000 a
2 0000000 a
3 0100100 2
4 0000001 1
5 0110100 3
6 0001001 2
7 1100001 3

01 0110100 3 match 5
12 0001000 1
23 0100001 2
34 0010000 1
45 1000100 2
56 0001010 2
67 0100000 1
70 0000001 1 match 4

02 0010100 2
13 0000001 1 match 4
24 0100001 2
35 1010100 3
46 1001010 3
57 0001010 2
60 0000001 1 match 4
71 0010100 2

03 0100000 1
14 0000001 1 match 4
25 1100000 2
36 1011000 3
47 1001010 3
50 0001011 3
61 0100100 2 match 3
72 0010100 2

04 0110000 2
15 0000000 a match 0 1 2
26 1000000 1
37 1001000 2
40 1001010 3
51 0000010 1
62 0000100 1
73 0000001 1 match 4

05 0110100 3 match 5
16 0001000 1
27 1100000 2
30 1001000 2
41 1000110 3
52 0001010 2
63 0100001 2
74 0010001 2

06 0010000 1
17 0001000 1
20 1000001 2
31 1010100 3
42 0001110 3
53 0000011 2
64 0100001 2
75 0010100 2

07 0100000 1
10 0001001 2 match 6
21 1100000 2
32 0011100 3
43 0000010 1
54 0000001 1 match 4
65 0100100 2 match 3
76 0010000 1
[completion]
0 15
1 15
2 15
3 61 65
4 70 13 60 14 73 54
5 01 05
6 10
7 absent

Left
15 26x
Best: 15: 1

Right
none
Best: none
