[category]
matching
[prompt]
In Alice's Wonderland, secret processing rules are used on text.

x: not matched anywhere
y: matched but wrong position

0 1111101 6
1 1110111 6
2 1010010 3
3 1111000 4
4 1010000 2
5 1101101 5
6 1100011 4
7 1000000 1

01 1111111 a
12 1011111 6
23 1111111 a
34 1010010 3 match 2
45 1111101 6 match 0
56 1111111 a
67 1000111 4
70 1111000 4 match 3

02 1111111 a
13 1111111 a
24 1110010 4
35 1011100 4
46 1111111 a
57 1100111 5
60 1001000 2
71 1111101 6 match 0

03 1111111 a
14 1010010 3 match 2
25 1111100 5
36 1111111 a
47 1101111 6
50 1101011 5
61 1101101 5 match 5
72 1111111 a

04 1110111 6 match 1
15 1011110 5
26 1111111 a
37 1010111 5
40 1101101 5 match 5
51 1101111 6
62 1001111 5
73 1111111 a

05 1111111 a
16 1111111 a
27 1110111 6 match 1
30 1011000 3
41 1101101 5 match 5
52 1101111 6
63 1101111 6
74 1111010 5

06 1111111 a
17 1010111 5
20 1111000 4 match 3
31 1111101 6 match 0
42 1101111 6
53 1101111 6
64 1010010 3 match 2
75 1111100 5

07 1110111 6 match 1
10 1011010 4
21 1111101 6 match 0
32 1011111 6
43 1101111 6
54 1110011 5
65 1011100 4
76 1111111 a
[completion]
0 45 71 31 21
1 04 27 07
2 34 14 64
3 70 20
4 absent
5 61 40 41
6 absent
7 absent

Left
45 56x
71 02x
31 42x
21 32x
Best: 45: 1

Right
none
Best: none
