[category]
matching
[prompt]
In Alice's Wonderland, secret processing rules are used on text.

x: not matched anywhere
y: matched but wrong position

0 00010010 2
1 11000000 2
2 10110001 4
3 10110110 5
4 11011011 6
5 10110100 4
6 11010101 5
7 10110001 4

01 00000101 2
12 00010010 2 match 0
23 01000000 1
34 00000001 1
45 00110000 2
56 01001000 2
67 10100010 3
70 00000000 a

02 00010101 3
13 00000010 1
24 01000000 1
35 00110001 3
46 00010000 1
57 11001010 4
60 10100010 3
71 00000101 2

03 00000100 1
14 00000000 a
25 00000000 a
36 00010001 2
47 10100010 3
50 11001010 4
61 10100100 3
72 00010101 3

04 00000001 1
15 00010000 1
26 01000000 1
37 10100000 2
40 10100010 3
51 11001100 4
62 00100110 3
73 00000100 1

05 00010001 2
16 00010000 1
27 11000000 2 match 1
30 10100000 2
41 10100100 3
52 00001110 3
63 00000110 2
74 00000001 1

06 00010001 2
17 00000010 1
20 11000000 2 match 1
31 10100001 3
42 00110110 4
53 01001110 4
64 00000000 a
75 00010001 2

07 00000000 a
10 00000010 1
21 11000000 2 match 1
32 00110001 3
43 00000110 2
54 01001000 2
65 00100000 1
76 00010001 2
[completion]
0 12
1 27 20 21
2 absent
3 absent
4 absent
5 absent
6 absent
7 absent

Left
12 23x
Best: 12: 1

Right
none
Best: none
