[category]
matching
[prompt]
In Alice's Wonderland, secret processing rules are used on text.

x: not matched anywhere
y: matched but wrong position

0 1010101 4
1 1110000 3
2 1000110 3
3 1000111 4
4 0101111 5
5 0111111 6
6 0110111 5
7 1111111 a

01 1111110 6
12 1010111 5
23 1101011 5
34 1011110 5
45 0110111 5 match 6
56 1111111 a match 7
67 1011111 6
70 1111001 5

02 1010110 4
13 1101111 6
24 1101011 5
35 0010110 3
46 0111111 6 match 5
57 1111111 a match 7
60 1111101 6
71 1111000 4

03 1101111 6
14 1001111 5
25 0101011 4
36 0111110 5
47 0111111 6 match 5
50 1111111 a match 7
61 1111101 6
72 1110100 4

04 1001110 4
15 0000111 3
26 0101011 4
37 0011111 5
40 0111111 6 match 5
51 1111111 a match 7
62 1010101 4 match 0
73 1111001 5

05 1000110 3 match 2
16 0101111 5 match 4
27 0101111 5 match 4
30 0111111 6 match 5
41 1111111 a match 7
52 1111111 a match 7
63 1111101 6
74 1111000 4

06 1101110 5
17 0001111 4
20 0111011 5
31 1111110 6
42 1110111 6
53 1111111 a match 7
64 1011101 5
75 1110000 3 match 1

07 1001111 5
10 0111111 6 match 5
21 1111011 6
32 1010110 4
43 1111111 a match 7
54 1111111 a match 7
65 1010101 4 match 0
76 1111010 5
[completion]
0 62 65
1 75
2 05
3 absent
4 16 27
5 46 47 40 30 10
6 45
7 56 57 50 51 41 52 53 43 54

Left
62 73x
65 76x
Best: 62: 1

Right
56 45 34x
57 46y
50 47y
51 40y
41 30y
52 41y
53 42x
43 32x
54 43y
Best: 56 45: 2
