[category]
matching
[prompt]
In Alice's Wonderland, secret processing rules are used on text.

x: not matched anywhere
y: matched but wrong position

0 0011101001 5
1 0000110110 4
2 1110111010 7
3 1011101111 8
4 0111111011 8
5 1011111010 7
6 1101111101 8
7 1110111111 9

01 0000111000 3
12 0011101001 5 match 0
23 0000110110 4 match 1
34 1010111010 6
45 1000101101 5
56 0011101011 6
67 1011001010 5
70 1001010001 4

02 1100101110 6
13 1100100000 3
24 0101110011 6
35 1101101000 5
46 0100111001 5
57 0111011110 7
60 1101100100 5
71 0110010110 5

03 0011100111 6
14 1001100101 5
25 0010100001 3
36 0001111100 5
47 0000001100 2
50 0001110000 3
61 0010100011 4
72 1010000000 2

04 0110100010 4
15 1110110111 8
26 1110110101 7
37 0101001001 4
40 0110100010 4
51 1110110111 8
62 1110110101 7
73 0101001001 4

05 0001110000 3
16 0010100011 4
27 1010000000 2
30 0011100111 6
41 1001100101 5
52 0010100001 3
63 0001111100 5
74 0000001100 2

06 1101100100 5
17 0110010110 5
20 1100101110 6
31 1100100000 3
42 0101110011 6
53 1101101000 5
64 0100111001 5
75 0111011110 7

07 1001010001 4
10 0000111000 3
21 0011101001 5 match 0
32 0000110110 4 match 1
43 1010111010 6
54 1000101101 5
65 0011101011 6
76 1011001010 5
[completion]
0 12 21
1 23 32
2 absent
3 absent
4 absent
5 absent
6 absent
7 absent

Left
12 23 34x
21 32 43x
Best: 12 23: 2

Right
none
Best: none
