[category]
matching
[prompt]
In Alice's Wonderland, secret processing rules are used on text.

x: not matched anywhere
y: matched but wrong position

0 0111111 6
1 1101010 4
2 1100010 3
3 0100100 2
4 0000000 a
5 0000000 a
6 0000000 a
7 0000000 a

01 10 0011111 5
12 21 0111111 6 match 0
23 32 1111111 a
34 43 1111111 a
45 54 1111111 a
56 65 1101010 4 match 1
67 76 1100110 4
70 07 0100111 4

02 20 0110111 5
13 31 1011111 6
24 42 0111111 6 match 0
35 53 1101111 6
46 64 1111111 a
57 75 1101110 5
60 06 1100011 4
71 17 0111110 5

03 30 1001111 5
14 41 0111111 6 match 0
25 52 1111111 a
36 63 1101111 6
47 74 0111111 6 match 0
50 05 1101011 5
61 16 1111110 6
72 27 0110111 5

04 40 0111111 6 match 0
15 51 1111110 6
26 62 1110111 6
37 73 1101101 5
[completion]
0 12 21 24 42 14 41 47 74 04 40
1 56 65
2 absent
3 absent
4 absent
5 absent
6 absent
7 absent

Left
12 23x
21 32x
24 35x
42 53x
14 25x
41 52x
47 50x
74 05x
04 15x
40 51x
Best: 12: 1

Right
none
Best: none
