[category]
matching
[prompt]
In Alice's Wonderland, secret processing rules are used on text.

x: not matched anywhere
y: matched but wrong position

0 10001000 2
1 00101101 4
2 01011000 3
3 01111110 6
4 00010000 1
5 00000000 a
6 00000000 a
7 10011010 4

01 10011010 4 match 7
12 00000100 1
23 00010011 3
34 10000000 1
45 00100101 3
56 00000000 a match 5 6
67 01101110 5
70 00000000 a match 5 6

02 10000000 1
13 00000100 1
24 00010010 2
35 10000000 1
46 00000001 1
57 01001000 2
60 01100100 3
71 00010000 1 match 4

03 00010010 2
14 00000000 a match 5 6
25 00000011 2
36 10000000 1
47 00101101 4 match 1
50 01000000 1
61 01111010 5
72 00000000 a match 5 6

04 10010010 3
15 00000100 1
26 00000001 1
37 10001000 2 match 0
40 00100101 3
51 01011000 3 match 2
62 01100100 3
73 00010000 1 match 4

05 10000010 2
16 00000000 a match 5 6
27 00001011 3
30 00000000 a match 5 6
41 00101001 3
52 01000000 1
63 01110110 5
74 00010000 1 match 4

06 10000000 1
17 00000100 1
20 00000001 1
31 10001000 2 match 0
42 00100100 2
53 01010000 2
64 01010010 3
75 00000000 a match 5 6

07 10001010 3
10 00000100 1
21 00011011 4
32 10000000 1
43 00100101 3
54 01010000 2
65 00100110 3
76 00000000 a match 5 6
[completion]
0 37 31
1 47
2 51
3 absent
4 71 73 74
5 56 70 14 72 16 30 75 76
6 56 70 14 72 16 30 75 76
7 01

Left
37 40x
31 42x
Best: 37: 1

Right
01 70 67x
Best: 01 70: 2
