[category]
matching
[prompt]
In Alice's Wonderland, secret processing rules are used on text.

x: not matched anywhere
y: matched but wrong position

0 0100000 1
1 0100000 1
2 1101000 3
3 0101010 3
4 0100110 3
5 0110101 4
6 0110000 2
7 0001000 1

01 1000011 3
12 1111000 4
23 0100110 3 match 4
34 1101010 4
45 0111000 3
56 1000010 2
67 1011100 4
70 1010001 3

02 1000100 2
13 0100001 2
24 0110011 4
35 0101101 4
46 0000101 2
57 1100001 3
60 1110010 4
71 1101101 5

03 0011101 4
14 0110100 3
25 1110100 4
36 0010000 1
47 0100110 3 match 4
50 1001111 5
61 1001110 4
72 1101010 4

04 0001000 1 match 7
15 1110011 5
26 1001001 3
37 0110011 4
40 0001000 1 match 7
51 1110011 5
62 1001001 3
73 0110011 4

05 1001111 5
16 1001110 4
27 1101010 4
30 0011101 4
41 0110100 3
52 1110100 4
63 0010000 1
74 0100110 3 match 4

06 1110010 4
17 1101101 5
20 1000100 2
31 0100001 2
42 0110011 4
53 0101101 4
64 0000101 2
75 1100001 3

07 1010001 3
10 1000011 3
21 1111000 4
32 0100110 3 match 4
43 1101010 4
54 0111000 3
65 1000010 2
76 1011100 4
[completion]
0 absent
1 absent
2 absent
3 absent
4 23 47 74 32
5 absent
6 absent
7 04 40

Left
none
Best: none

Right
04 73x
40 37x
Best: 04: 1
