[category]
matching
[prompt]
In Alice's Wonderland, secret processing rules are used on text.

x: not matched anywhere
y: matched but wrong position

0 0000010000 1
1 0010000010 2
2 1000110010 4
3 0101100011 5
4 1100110100 5
5 0000000000 a
6 0000000000 a
7 0000000000 a

01 0001001011 4
12 1100100000 3
23 0010000111 4
34 0001010000 2
45 0010000100 2
56 1000011000 3
67 0010000001 2
70 0000010100 2

02 1101101000 5
13 1100100100 4
24 0000010001 2
35 0001000000 1
46 1000000100 2
57 0000001000 1
60 0010000000 1
71 0001000010 2

03 1100101011 6
14 0100110000 3
25 0010000101 3
36 0000010000 1 match 0
47 0010000000 1
50 0000010000 1 match 0
61 0011000011 4
72 1101100000 4

04 0101101001 5
15 0100000100 2
26 0000010100 2
37 0000000000 a match 5 6 7
40 0010000100 2
51 0000001010 2
62 0101100000 3
73 1100100110 5

05 0101000001 3
16 1000010100 3
27 0010000001 2
30 0000010000 1 match 0
41 0010000010 2 match 1
52 1000101000 3
63 0110100011 5
74 0101110000 4

06 1000001000 2
17 0000000000 a match 5 6 7
20 0010010100 3
31 0001000000 1
42 1000000000 1
53 1000101010 4
64 0101100001 4
75 0101000100 3

07 0000001001 2
10 0000010100 2
21 0010000011 3
32 0001000000 1
43 1010000110 4
54 0000111000 3
65 0111000001 4
76 1000010100 3
[completion]
0 36 50 30
1 41
2 absent
3 absent
4 absent
5 37 17
6 37 17
7 37 17

Left
36 47x
50 61x
30 41 52x
Best: 30 41: 2

Right
37 26x
17 06x
Best: 37: 1
