[category]
matching
[prompt]
In Alice's Wonderland, secret processing rules are used on text.

x: not matched anywhere
y: matched but wrong position

0 0000000 a
1 0000000 a
2 0000000 a
3 0000000 a
4 0000000 a
5 0000111 3
6 0001100 2
7 0000010 1

01 0100001 2
12 1011000 3
23 0000011 2
34 0101100 3
45 0000000 a match 0 1 2 3 4
56 1000001 2
67 0000000 a match 0 1 2 3 4
70 0000000 a match 0 1 2 3 4

02 1111000 4
13 1010010 3
24 0000101 2
35 0000100 1
46 1000000 1
57 0000001 1
60 0000000 a match 0 1 2 3 4
71 0100000 1

03 1010011 4
14 0011100 3
25 0000100 1
36 0000000 a match 0 1 2 3 4
47 0000000 a match 0 1 2 3 4
50 0000000 a match 0 1 2 3 4
61 0100000 1
72 1111000 4

04 0111101 5
15 0000100 1
26 0000001 1
37 0000000 a match 0 1 2 3 4
40 0000000 a match 0 1 2 3 4
51 0100001 2
62 0111000 3
73 1010010 3

05 0000100 1
16 1000000 1
27 0000001 1
30 0000000 a match 0 1 2 3 4
41 0000000 a match 0 1 2 3 4
52 1111000 4
63 0010010 2
74 0111100 4

06 1000001 2
17 0000000 a match 0 1 2 3 4
20 0000000 a match 0 1 2 3 4
31 0100000 1
42 1000000 1
53 1010011 4
64 0111100 4
75 0000100 1

07 0000001 1
10 0000000 a match 0 1 2 3 4
21 0000001 1
32 0101000 2
43 1000010 2
54 0111001 4
65 0000100 1
76 1000000 1
[completion]
0 45 67 70 60 36 47 50 37 40 30 41 17 20 10
1 45 67 70 60 36 47 50 37 40 30 41 17 20 10
2 45 67 70 60 36 47 50 37 40 30 41 17 20 10
3 45 67 70 60 36 47 50 37 40 30 41 17 20 10
4 45 67 70 60 36 47 50 37 40 30 41 17 20 10
5 absent
6 absent
7 absent

Left
45 56x
67 70 01x
70 01x
60 71x
36 47 50 61x
47 50 61x
50 61x
37 40 51x
40 51x
30 41 52x
41 52x
17 20 31x
20 31x
10 21x
Best: 36 47 50: 3

Right
none
Best: none
