[category]
matching
[prompt]
In Alice's Wonderland, secret processing rules are used on text.

x: not matched anywhere
y: matched but wrong position

0 101101100 5
1 001001001 3
2 110011110 6
3 000110111 5
4 101111010 6
5 011111011 7
6 111111000 6
7 110101111 7

01 111111100 7
12 110000111 5
23 111111100 7
34 110111111 8
45 101111111 8
56 010111001 5
67 111101110 7
70 011111111 8

02 110010111 6
13 111000111 6
24 111111111 a
35 101111111 8
46 001111001 5
57 110101010 5
60 111101111 8
71 111111101 8

03 111010100 5
14 110000111 5
25 101111111 8
36 000111011 5
47 101111010 6 match 4
50 011101011 6
61 111111110 8
72 111011111 8

04 110010111 6
15 101010111 6
26 001111001 5
37 100111011 6
40 011111011 7 match 5
51 111111000 6 match 6
62 111001111 7
73 111011101 7

05 101010111 6
16 000110111 5 match 3
27 101111010 6 match 4
30 011111011 7 match 5
41 111111000 6 match 6
52 110101111 7 match 7
63 111001110 6
74 111011111 8

06 100110101 5
17 100100111 5
20 011111011 7 match 5
31 111111011 8
42 111111111 a
53 111101100 6
64 111001111 7
75 111011111 8

07 100110110 5
10 011101111 7
21 111111000 6 match 6
32 110111111 8
43 111111100 7
54 110101111 7 match 7
65 111011111 8
76 011111101 7
[completion]
0 absent
1 absent
2 absent
3 16
4 47 27
5 40 30 20
6 51 41 21
7 52 54

Left
none
Best: none

Right
52 41 30 27 16 05x
54 43x
Best: 52 41 30 27 16: 5
