[category]
matching
[prompt]
In Alice's Wonderland, secret processing rules are used on text.

x: not matched anywhere
y: matched but wrong position

0 1101100 4
1 0010001 2
2 0010111 4
3 0100101 3
4 0110111 5
5 1101000 3
6 1010011 4
7 1100000 2

01 0000000 a
12 1101100 4 match 0
23 0000000 a
34 0010010 2
45 0000000 a
56 0010111 4 match 2
67 0101000 2
70 0010011 3

02 1100000 2 match 7
13 1101000 3 match 5
24 0010000 1
35 0000000 a
46 0000101 2
57 0100100 2
60 0001000 1
71 0010011 3

03 1100000 2 match 7
14 1001000 2
25 0000000 a
36 0010111 4 match 2
47 0100100 2
50 0010111 4 match 2
61 0000000 a
72 1000010 2

04 1000000 1
15 1001000 2
26 0010001 2 match 1
37 0000100 1
40 0000101 2
51 0010011 3
62 1101000 3 match 5
73 1000000 1

05 1000000 1
16 0000100 1
27 0000000 a
30 0010111 4 match 2
41 0000001 1
52 0100110 3
63 1101000 3 match 5
74 1010010 3

06 0000000 a
17 0101100 3
20 0010001 2 match 1
31 0010011 3
42 0100100 2
53 0100000 1
64 1001000 2
75 1000000 1

07 0100000 1
10 0001100 2
21 0010001 2 match 1
32 0000110 2
43 0100000 1
54 0010010 2
65 1001000 2
76 0010011 3
[completion]
0 12
1 26 20 21
2 56 36 50 30
3 absent
4 absent
5 13 62 63
6 absent
7 02 03

Left
12 23x
Best: 12: 1

Right
02 71x
03 72x
Best: 02: 1
