[category]
matching
[prompt]
In Alice's Wonderland, secret processing rules are used on text.

x: not matched anywhere
y: matched but wrong position

0 01100001 3
1 10101111 6
2 00011111 5
3 11100101 5
4 11100110 5
5 01010010 3
6 01100001 3
7 10101111 6

01 10 01110001 4
12 21 01100001 3 match 0 6
23 32 00100001 2
34 43 00001111 4
45 54 00000101 2
56 65 00000001 1
67 76 00000001 1
70 07 00100001 2

02 20 01100001 3 match 0 6
13 31 00100011 3
24 42 00000001 1
35 53 10100101 4
46 64 00010011 3
57 75 00100001 2
60 06 00010001 2
71 17 00100001 2

03 30 10100101 4
14 41 00010011 3
25 52 01100001 3 match 0 6
36 63 00000011 2
47 74 00000001 1
50 05 11100101 5 match 3
61 16 00010011 3
72 27 00100001 2

04 40 00010101 3
15 51 01100001 3 match 0 6
26 62 00000001 1
37 73 00100001 2
[completion]
0 12 21 02 20 25 52 15 51
1 absent
2 absent
3 50 05
4 absent
5 absent
6 12 21 02 20 25 52 15 51
7 absent

Left
12 23x
21 32x
02 13x
20 31x
25 36x
52 63x
15 26x
51 62x
Best: 12: 1

Right
none
Best: none
