[category]
matching
[prompt]
In Alice's Wonderland, secret processing rules are used on text.

x: not matched anywhere
y: matched but wrong position

0 0000000 a
1 0000010 1
2 1001100 3
3 0001000 1
4 0100010 2
5 1001000 2
6 1000000 1
7 0001110 3

01 10 0000000 a match 0
12 21 1001001 3
23 32 0101001 3
34 43 0101000 2
45 54 1000000 1 match 6
56 65 1000010 2
67 76 0001110 3 match 7
70 07 0000010 1 match 1

02 20 0100000 1
13 31 0001101 3
24 42 1101000 3
35 53 0010010 2
46 64 1001000 2 match 5
57 75 0000010 1 match 1
60 06 0000010 1 match 1
71 17 0001100 2

03 30 0100010 2 match 4
14 41 1001000 2 match 5
25 52 1000000 1 match 6
36 63 0001110 3 match 7
47 74 0001000 1 match 3
50 05 0000010 1 match 1
61 16 1001100 3 match 2
72 27 0001000 1 match 3

04 40 0100000 1
15 51 1000000 1 match 6
26 62 1001000 2 match 5
37 73 0001110 3 match 7
[completion]
0 01 10
1 70 07 57 75 60 06 50 05
2 61 16
3 47 74 72 27
4 03 30
5 46 64 14 41 26 62
6 45 54 25 52 15 51
7 67 76 36 63 37 73

Left
01 12x
10 21x
Best: 01: 1

Right
67 56x
76 65x
36 25 14 03 72 61 50 47y
63 52 41 30 27 16 05 74y
37 26y
73 62y
Best: 36 25 14 03 72 61 50: 7
