[category]
matching
[prompt]
In Alice's Wonderland, secret processing rules are used on text.

x: not matched anywhere
y: matched but wrong position

0 1110111110 8
1 0000100101 3
2 1100001100 4
3 1001011100 5
4 1010110000 4
5 1110111110 8
6 1000111101 6
7 1001111111 8

01 10 1101111011 8
12 21 1101110111 8
23 32 1011110110 7
34 43 1110111110 8 match 0 5
45 54 1110111111 9
56 65 1001111111 8 match 7
67 76 1001111111 8 match 7
70 07 1000111010 5

02 20 1001111110 7
13 31 1111110011 8
24 42 1111111110 9
35 53 1010111101 7
46 64 1111111111 a
57 75 1000111111 7
60 06 1001111111 8 match 7
71 17 0101111011 7

03 30 1010111000 5
14 41 1111111111 a
25 52 1001111111 8 match 7
36 63 1011111111 9
47 74 1110111110 8 match 0 5
50 05 1000111101 6 match 6
61 16 1101111111 9
72 27 1001111110 7

04 40 1110111110 8 match 0 5
15 51 1101111111 9
26 62 1001111111 8 match 7
37 73 1010111010 6
[completion]
0 34 43 47 74 04 40
1 absent
2 absent
3 absent
4 absent
5 34 43 47 74 04 40
6 50 05
7 56 65 67 76 60 06 25 52 26 62

Left
34 45x
43 54x
47 50y
74 05y
04 15x
40 51x
Best: 34: 1

Right
56 45x
65 54x
67 56y
76 65y
60 57x
06 75x
25 14x
52 41x
26 15x
62 51x
Best: 56: 1
