[category]
matching
[prompt]
In Alice's Wonderland, secret processing rules are used on text.

x: not matched anywhere
y: matched but wrong position

0 1010101101 6
1 1101000100 4
2 1110010111 7
3 0000000000 a
4 0000000000 a
5 0000000000 a
6 0000000000 a
7 0100011110 5

01 0100010110 4
12 0000000000 a match 3 4 5 6
23 1010011101 6
34 0001100000 2
45 0100000010 2
56 0010101001 4
67 0001000000 1
70 1010000001 3

02 0100000010 2
13 0000001000 1
24 0000010101 3
35 0001000000 1
46 0010001010 3
57 0000101000 2
60 1001000000 2
71 1110010111 7 match 2

03 0100011110 5 match 7
14 0000000000 a match 3 4 5 6
25 0000010000 1
36 0000100000 1
47 0000001000 1
50 1010100001 4
61 1101000100 4 match 1
72 0100000010 2

04 0000010100 2
15 0000000000 a match 3 4 5 6
26 0010011001 4
37 0001100000 2
40 1010000000 2
51 1010100101 5
62 0101000000 2
73 1110010111 7 match 2

05 0100010010 3
16 0000001000 1
27 0000001000 1
30 0001100000 2
41 1110000010 4
52 0000100000 1
63 1100000100 3
74 0000010101 3

06 0000011010 3
17 0000001000 1
20 1010000001 3
31 0001100000 2
42 0100000010 2
53 1010001101 5
64 0001000100 2
75 0100010010 3

07 0000001000 1
10 0000000000 a match 3 4 5 6
21 1010010101 5
32 0001100000 2
43 1110001010 5
54 0000100101 3
65 0101000000 2
76 0010010011 4
[completion]
0 absent
1 61
2 71 73
3 12 14 15 10
4 12 14 15 10
5 12 14 15 10
6 12 14 15 10
7 03

Left
none
Best: none

Right
03 72x
Best: 03: 1
