[category]
matching
[prompt]
In Alice's Wonderland, secret processing rules are used on text.

x: not matched anywhere
y: matched but wrong position

0 111011110 7
1 001101111 6
2 111101101 7
3 111101110 7
4 111111111 a
5 111110011 7
6 101110111 7
7 000111011 5

01 000011100 3
12 111010111 7
23 111110110 7
34 001100000 2
45 110111010 6
56 111101011 7
67 010001011 4
70 010000111 4

02 000110100 3
13 111011110 7 match 0
24 001101001 4
35 000100101 3
46 110101110 6
57 010011111 6
60 111110011 7 match 5
71 101100100 4

03 000111101 5
14 001000001 2
25 000101100 3
36 000110001 3
47 011011010 5
50 111100111 7
61 000010000 1
72 101001100 4

04 110100010 4
15 000000100 1
26 000111000 3
37 101000101 4
40 110100010 4
51 000000100 1
62 000111000 3
73 101000101 4

05 111100111 7
16 000010000 1
27 101001100 4
30 000111101 5
41 001000001 2
52 000101100 3
63 000110001 3
74 011011010 5

06 111110011 7 match 5
17 101100100 4
20 000110100 3
31 111011110 7 match 0
42 001101001 4
53 000100101 3
64 110101110 6
75 010011111 6

07 010000111 4
10 000011100 3
21 111010111 7
32 111110110 7
43 001100000 2
54 110111010 6
65 111101011 7
76 010001011 4
[completion]
0 13 31
1 absent
2 absent
3 absent
4 absent
5 60 06
6 absent
7 absent

Left
13 24x
31 42x
Best: 13: 1

Right
none
Best: none
