[category]
matching
[prompt]
In Alice's Wonderland, secret processing rules are used on text.

x: not matched anywhere
y: matched but wrong position

0 11011110 6
1 00011110 4
2 11101011 6
3 10101100 4
4 10110111 6
5 10110111 6
6 11101101 6
7 11111110 7

01 11111010 6
12 10110111 6 match 4 5
23 01101001 4
34 11111111 a
45 00011110 4 match 1
56 11111011 7
67 11111110 7 match 7
70 11001101 5

02 10110111 6 match 4 5
13 10100101 4
24 11101001 5
35 11011110 6 match 0
46 01011111 6
57 11111011 7
60 11101101 6 match 6
71 11011111 7

03 10110011 5
14 11100101 5
25 01111100 5
36 11011111 7
47 01111110 6
50 11101111 7
61 11111110 7 match 7
72 10010111 5

04 11110011 6
15 10110101 5
26 01111011 6
37 11111110 7 match 7
40 01011111 6
51 11111011 7
62 10111111 7
73 10100101 4

05 10110110 5
16 11110111 7
27 01111010 5
30 11011111 7
41 01011110 5
52 11111111 a
63 10101101 5
74 11100101 5

06 11110011 6
17 11111111 a
20 01101101 5
31 11011110 6 match 0
42 10011111 6
53 11101011 6 match 2
64 11101101 6 match 6
75 10010101 4

07 11111010 6
10 11101101 6 match 6
21 01111010 5
32 11011111 7
43 00111111 6
54 11101011 6 match 2
65 10111100 5
76 11010111 6
[completion]
0 35 31
1 45
2 53 54
3 absent
4 12 02
5 12 02
6 60 64 10
7 67 61 37

Left
35 46x
31 42x
Best: 35: 1

Right
67 56x
61 50x
37 26x
Best: 67: 1
