[category]
matching
[prompt]
In Alice's Wonderland, secret processing rules are used on text.

x: not matched anywhere
y: matched but wrong position

0 0011101001 5
1 0000110110 4
2 1110111010 7
3 1011101111 8
4 0111111011 8
5 1011111010 7
6 1101111101 8
7 1110111111 9

01 0100111000 4
12 1011101111 8 match 3
23 0111110111 8
34 1010111010 6
45 1101111101 8 match 6
56 1011101111 8 match 3
67 1111111011 9
70 1011011111 8

02 1100101110 6
13 1111100111 8
24 0111110011 7
35 1101111000 6
46 1101111101 8 match 6
57 1111111111 a
60 1111111111 a
71 0110011110 6

03 0111100111 7
14 1011100111 7
25 0111110001 6
36 1001111100 6
47 1101111101 8 match 6
50 1011111111 9
61 0110111011 7
72 1010001110 5

04 0110100010 4
15 1111110111 9
26 1111110101 8
37 1101111001 7
40 1111111111 a
51 1110111111 9 match 7
62 1110111111 9 match 7
73 0111001111 7

05 0101110000 4
16 1011100111 7
27 1111110001 7
30 1011111111 9
41 1101111101 8 match 6
52 1010101111 7
63 0111111111 9
74 0010001110 4

06 1101100100 5
17 1111110111 9
20 1111111111 a
31 1100111000 5
42 1101111111 9
53 1111101111 9
64 0110111011 7
75 0111011110 7

07 1101110001 6
10 1011111111 9
21 0111111001 7
32 1000111110 6
43 1111111111 a
54 1010101111 7
65 0111111011 8 match 4
76 1011001110 6
[completion]
0 absent
1 absent
2 absent
3 12 56
4 65
5 absent
6 45 46 47 41
7 51 62

Left
none
Best: none

Right
51 40x
62 51y
Best: 51: 1
