[category]
matching
[prompt]
In Alice's Wonderland, secret processing rules are used on text.

x: not matched anywhere
y: matched but wrong position

0 10001011 4
1 01100000 2
2 00101001 3
3 11010011 5
4 00110111 5
5 01111001 5
6 10110111 6
7 10001011 4

01 01001000 2
12 00000110 2
23 01001000 2
34 00110100 3
45 10001011 4 match 0 7
56 01000000 1
67 00100000 1
70 10010001 3

02 00000010 1
13 00000000 a
24 01110000 3
35 10010111 5
46 10000010 2
57 01100000 2 match 1
60 00100001 2
71 10001000 2

03 01001000 2
14 00110100 3
25 00011001 3
36 10010110 4
47 00000010 1
50 00100000 1
61 00001000 1
72 10000000 1

04 01000000 1
15 00010111 4
26 01010000 2
37 00100110 3
40 10000001 2
51 01000000 1
62 00000000 a
73 00001000 1

05 00001010 2
16 00010110 3
27 01100000 2 match 1
30 10110101 5
41 10001000 2
52 00000000 a
63 00001000 1
74 00010000 1

06 01000010 2
17 00100110 3
20 00110001 3
31 10000000 1
42 10000010 2
53 01000000 1
64 00100000 1
75 10011001 4

07 01000010 2
10 00110101 4
21 01001000 2
32 10000110 3
43 00001000 1
54 01100000 2 match 1
65 00001001 2
76 10010000 2
[completion]
0 45
1 57 27 54
2 absent
3 absent
4 absent
5 absent
6 absent
7 45

Left
45 56x
Best: 45: 1

Right
45 34x
Best: 45: 1
