[category]
matching
[prompt]
In Alice's Wonderland, secret processing rules are used on text.

x: not matched anywhere
y: matched but wrong position

0 011000000 2
1 100000000 1
2 101000100 3
3 101101000 4
4 000000000 a
5 000000000 a
6 000000000 a
7 100000000 1

01 000000100 1
12 100111001 5
23 010000100 2
34 100111010 5
45 011000000 2 match 0
56 000000000 a match 4 5 6
67 010010100 3
70 000001010 2

02 100100000 2
13 000000001 1
24 000000110 2
35 001101010 4
46 000000000 a match 4 5 6
57 000010000 1
60 010011010 4
71 000000010 1

03 000000100 1
14 100111001 5
25 011000110 4
36 000100000 1
47 010000000 1
50 000010000 1
61 010000110 3
72 100101000 3

04 100100100 3
15 001101001 4
26 000000000 a match 4 5 6
37 000010000 1
40 010000000 1
51 000000000 a match 4 5 6
62 100011000 3
73 000000000 a match 4 5 6

05 001100100 3
16 000100001 2
27 010000100 2
30 000011010 3
41 010000000 1
52 100010000 2
63 010000100 2
74 100101010 4

06 000100000 1
17 000010001 2
20 010000010 2
31 000000010 1
42 000000000 a match 4 5 6
53 000000000 a match 4 5 6
64 100011110 5
75 001101010 4

07 000000100 1
10 000011001 3
21 010000110 3
32 100111000 4
43 010000000 1
54 100010000 2
65 011001110 5
76 000100000 1
[completion]
0 45
1 absent
2 absent
3 absent
4 56 46 26 51 73 42 53
5 56 46 26 51 73 42 53
6 56 46 26 51 73 42 53
7 absent

Left
45 56y
Best: 45: 1

Right
none
Best: none
