[category]
matching
[prompt]
In Alice's Wonderland, secret processing rules are used on text.

x: not matched anywhere
y: matched but wrong position

0 0100101 3
1 0001100 2
2 0100000 1
3 1011100 4
4 0110111 5
5 0000001 1
6 0100001 2
7 0001100 2

01 0001100 2 match 1 7
12 0100010 2
23 1010000 2
34 0100010 2
45 0001100 2 match 1 7
56 0100001 2 match 6
67 1001000 2
70 0110001 3

02 0001110 3
13 0010000 1
24 1010000 2
35 0001110 3
46 0000001 1 match 5
57 1000000 1
60 1010000 2
71 0000101 2

03 0000000 a
14 0110010 3
25 0010000 1
36 0100011 3
47 0001000 1
50 1100001 3
61 1001100 3
72 0100100 2

04 0000010 1
15 0010010 2
26 0000001 1 match 5
37 0001010 2
40 0000001 1 match 5
51 1000001 2
62 0001100 2 match 1 7
73 0010000 1

05 0001110 3
16 0100010 2
27 1000000 1
30 0100001 2 match 6
41 0001101 3
52 0100000 1 match 2
63 1010000 2
74 0110000 2

06 0000010 1
17 0000010 1
20 1010001 3
31 0001101 3
42 0001100 2 match 1 7
53 1000000 1
64 1010000 2
75 0010100 2

07 0001010 2
10 0110000 2
21 1000001 2
32 0101110 4
43 0000000 a
54 1100000 2
65 0011100 3
76 0100001 2 match 6
[completion]
0 absent
1 01 45 62 42
2 52
3 absent
4 absent
5 46 26 40
6 56 30 76
7 01 45 62 42

Left
none
Best: none

Right
01 70x
45 34x
62 51x
42 31x
Best: 01: 1
