[category]
matching
[prompt]
In Alice's Wonderland, secret processing rules are used on text.

x: not matched anywhere
y: matched but wrong position

0 11110101 6
1 01101110 5
2 10001000 2
3 10010101 4
4 10110111 6
5 10010110 4
6 01111000 4
7 11111101 7

01 11001010 4
12 00001101 3
23 01100111 5
34 10001011 4
45 00011001 3
56 11111100 6
67 01101101 5
70 10100011 4

02 00111000 3
13 10010101 4 match 3
24 00010011 3
35 01101101 5
46 00011010 3
57 01101110 5 match 1
60 00110001 3
71 10010110 4 match 5

03 10100000 2
14 11100001 4
25 11110101 6 match 0
36 01101110 5 match 1
47 10001000 2 match 2
50 00110010 3
61 00000100 1
72 01100100 3

04 11010100 4
15 00000111 3
26 11110110 6
37 11111100 6
40 11010100 4
51 00000111 3
62 11110110 6
73 11111100 6

05 00110010 3
16 00000100 1
27 01100100 3
30 10100000 2
41 11100001 4
52 11110101 6 match 0
63 01101110 5 match 1
74 10001000 2 match 2

06 00110001 3
17 10010110 4 match 5
20 00111000 3
31 10010101 4 match 3
42 00010011 3
53 01101101 5
64 00011010 3
75 01101110 5 match 1

07 10100011 4
10 11001010 4
21 00001101 3
32 01100111 5
43 10001011 4
54 00011001 3
65 11111100 6
76 01101101 5
[completion]
0 25 52
1 57 36 63 75
2 47 74
3 13 31
4 absent
5 71 17
6 absent
7 absent

Left
25 36 47 50x
52 63 74 05x
Best: 25 36 47: 3

Right
none
Best: none
