[category]
matching
[prompt]
In Alice's Wonderland, secret processing rules are used on text.

x: not matched anywhere
y: matched but wrong position

0 1100110 4
1 0110101 4
2 1111011 6
3 1011110 5
4 0101100 3
5 1100011 4
6 1110011 5
7 1011100 4

01 1000101 3
12 0101100 3 match 4
23 0110001 3
34 1011010 4
45 0001101 3
56 0110000 2
67 1101111 6
70 1010000 2

02 0010110 3
13 1100010 3
24 0010100 2
35 0101000 2
46 1000010 2
57 0100000 1
60 1000000 1
71 1101010 4

03 1011000 3
14 1000111 4
25 1100110 4 match 0
36 1100111 5
47 1010010 3
50 0001111 4
61 1111010 5
72 0111001 4

04 1111101 6
15 0110101 4 match 1
26 0101001 3
37 1110111 6
40 1111101 6
51 0110101 4 match 1
62 0101001 3
73 1110111 6

05 0001111 4
16 1111010 5
27 0111001 4
30 1011000 3
41 1000111 4
52 1100110 4 match 0
63 1100111 5
74 1010010 3

06 1000000 1
17 1101010 4
20 0010110 3
31 1100010 3
42 0010100 2
53 0101000 2
64 1000010 2
75 0100000 1

07 1010000 2
10 1000101 3
21 0101100 3 match 4
32 0110001 3
43 1011010 4
54 0001101 3
65 0110000 2
76 1101111 6
[completion]
0 25 52
1 15 51
2 absent
3 absent
4 12 21
5 absent
6 absent
7 absent

Left
25 36x
52 63x
Best: 25: 1

Right
none
Best: none
