[category]
matching
[prompt]
In Alice's Wonderland, secret processing rules are used on text.

x: not matched anywhere
y: matched but wrong position

0 0000110100 3
1 0110011100 5
2 0010000000 1
3 0000100001 2
4 0101101110 6
5 0011011100 5
6 1010110011 6
7 1111000010 5

01 0000110001 3
12 1001000010 3
23 0000000000 a
34 0000110101 4
45 0110001000 3
56 0000000001 1
67 0100100010 3
70 0001001100 3

02 1000000011 3
13 1000000010 2
24 0000110100 3 match 0
35 0110011100 5 match 1
46 0010000000 1 match 2
57 0000100001 2 match 3
60 0101001100 4
71 0000011100 3

03 1000000010 2
14 1000000010 2
25 0110011100 5 match 1
36 0010010001 3
47 0100000000 1
50 0001000000 1
61 0000101100 3
72 0001000000 1

04 1000110011 5
15 1110000010 4
26 0010010000 2
37 0100100001 3
40 0101001000 3
51 0000100001 2 match 3
62 0001000010 2
73 0000000000 a

05 1010010010 4
16 1010000000 2
27 0100100000 2
30 0101001100 4
41 0000001000 1
52 0001000001 2
63 0000000010 1
74 0000010100 2

06 1010010001 4
17 1100000010 3
20 0100001100 3
31 0000111101 5
42 0001000000 1
53 0000000000 a
64 0000100110 3
75 0010011100 4

07 1000100011 4
10 0101000000 2
21 0000111100 4
32 0001000001 2
43 0000000000 a
54 0000100001 2 match 3
65 0100001110 4
76 0010010000 2
[completion]
0 24
1 35 25
2 46
3 57 51 54
4 absent
5 absent
6 absent
7 absent

Left
24 35 46 57 60x
Best: 24 35 46 57: 4

Right
none
Best: none
