[category]
matching
[prompt]
In Alice's Wonderland, secret processing rules are used on text.

x: not matched anywhere
y: matched but wrong position

0 1110010 4
1 1010001 3
2 1011110 5
3 1010011 4
4 0010010 2
5 1011101 5
6 0000110 2
7 0100111 4

01 1110001 4
12 1111110 6
23 1111111 a
34 0110010 3
45 1111101 6
56 1011110 5 match 2
67 0101111 5
70 1111110 6

02 1111101 6
13 1111111 a
24 1110011 5
35 1111011 6
46 1011101 5 match 5
57 0001111 4
60 0101111 5
71 1110011 5

03 1111101 6
14 1111110 6
25 1111011 6
36 1011010 4
47 1011101 5 match 5
50 0101110 4
61 0100111 4 match 7
72 1111110 6

04 1110011 5
15 1111111 a
26 1011011 5
37 0011111 5
40 1111111 a
51 0100111 4 match 7
62 0101111 5
73 1111111 a

05 1111001 5
16 1011110 5 match 2
27 1011111 6
30 0111110 5
41 1111101 6
52 0101110 4
63 1101111 6
74 1110010 4 match 0

06 1011001 4
17 1011111 6
20 1111111 a
31 0110011 4
42 1111101 6
53 1101111 6
64 0100111 4 match 7
75 1111011 6

07 1011101 5 match 5
10 1111110 6
21 1110011 5
32 0111110 5
43 1111101 6
54 0100110 3
65 1111111 a
76 1111010 5
[completion]
0 74
1 absent
2 56 16
3 absent
4 absent
5 46 47 07
6 absent
7 61 51 64

Left
74 05x
Best: 74: 1

Right
61 50x
51 40x
64 53x
Best: 61: 1
