[category]
matching
[prompt]
In Alice's Wonderland, secret processing rules are used on text.

x: not matched anywhere
y: matched but wrong position

0 10010001 3
1 01100011 4
2 00000010 1
3 01100011 4
4 00110011 4
5 10111110 6
6 11111101 7
7 01111011 6

01 10111111 7
12 11101110 6
23 11111101 7 match 6
34 01111011 6 match 7
45 11101100 5
56 11110011 6
67 10011110 5
70 11111111 a

02 10111110 6 match 5
13 11111101 7 match 6
24 01111011 6 match 7
35 01101110 5
46 11100111 6
57 10010011 4
60 11111111 a
71 11111111 a

03 10111101 6
14 11111111 a
25 01111101 6
36 01100011 4 match 1 3
47 10000110 3
50 11110011 6
61 10111111 7
72 11111111 a

04 11111111 a
15 11101100 5
26 01110011 5
37 01000010 2
40 11100111 6
51 10110011 5
62 10111110 6 match 5
73 11111101 7 match 6

05 11111100 6
16 11101111 7
27 01010011 4
30 01100011 4 match 1 3
41 10110111 6
52 10111111 7
63 10111101 6
74 11111111 a

06 11111111 a
17 11001110 5
20 01110011 5
31 01110011 5
42 10101110 5
53 10111111 7
64 11111111 a
75 11111101 7 match 6

07 10011110 5
10 11101111 7
21 01110011 5
32 11101110 6
43 10111101 6
54 11111011 7
65 11111100 6
76 11111111 a
[completion]
0 absent
1 36 30
2 absent
3 36 30
4 absent
5 02 62
6 23 13 73 75
7 34 24

Left
none
Best: none

Right
34 23 12x
24 13 02 71x
Best: 24 13 02: 3
