[category]
matching
[prompt]
In Alice's Wonderland, secret processing rules are used on text.

x: not matched anywhere
y: matched but wrong position

0 101100001 4
1 000011101 4
2 011110110 6
3 111011101 7
4 100111001 5
5 010101010 4
6 111100011 6
7 111101111 8

01 110111001 6
12 101100111 6
23 011011101 6
34 101111110 7
45 110111011 7
56 111101111 8 match 7
67 111110011 7
70 111111111 a

02 110110111 7
13 011000111 5
24 011011100 5
35 100111010 5
46 110101111 7
57 111100111 7
60 111111111 a
71 110111101 7

03 111010101 6
14 001011110 5
25 011111000 5
36 100111110 6
47 111100011 6 match 6
50 111101111 8 match 7
61 111111001 7
72 110111111 8

04 111011100 6
15 001111110 6
26 011111110 7
37 101111011 7
40 111101111 8 match 7
51 111111111 a
62 111110111 8
73 111011101 7 match 3

05 110111000 5
16 001101110 5
27 011111011 7
30 101111111 8
41 110111011 7
52 111100111 7
63 111010101 6
74 111011100 6

06 110111110 7
17 001100111 5
20 011111111 8
31 110111011 7
42 110100111 6
53 111000111 6
64 111011101 7 match 3
75 110111100 6

07 111110011 7
10 001101111 6
21 111111001 7
32 100111111 7
43 111100111 7
54 111011111 8
65 111111001 7
76 110111110 7
[completion]
0 absent
1 absent
2 absent
3 73 64
4 absent
5 absent
6 47
7 56 50 40

Left
none
Best: none

Right
56 45x
50 47 36x
40 37x
Best: 50 47: 2
