[category]
matching
[prompt]
In Alice's Wonderland, secret processing rules are used on text.

x: not matched anywhere
y: matched but wrong position

0 1100000 2
1 0010000 1
2 0110000 2
3 0001111 4
4 0100010 2
5 0011111 5
6 1101110 5
7 0011011 4

01 0000000 a
12 0010001 2
23 1100100 3
34 0010000 1 match 1
45 1001101 4
56 0000000 a
67 0110000 2 match 2
70 1000110 3

02 0010000 1 match 1
13 0000100 1
24 0000000 a
35 0001001 2
46 1001101 4
57 0110000 2 match 2
60 0100010 2 match 4
71 1000000 1

03 0000000 a
14 0010000 1 match 1
25 1001100 3
36 0001001 2
47 0101001 3
50 0100010 2 match 4
61 0100000 1
72 0000000 a

04 0010000 1 match 1
15 0001101 3
26 1001100 3
37 0011001 3
40 1101111 6
51 0100000 1
62 0010000 1 match 1
73 1000100 2

05 0000000 a
16 0001101 3
27 0101000 2
30 0001011 3
41 1100000 2 match 0
52 0010000 1 match 1
63 0100000 1
74 0000000 a

06 0000000 a
17 0011001 3
20 1101110 5 match 6
31 0000000 a
42 0000001 1
53 0100000 1
64 0010000 1 match 1
75 1000100 2

07 0010000 1 match 1
10 0001111 4 match 3
21 1100000 2 match 0
32 0010001 2
43 1100100 3
54 0010000 1 match 1
65 0000000 a
76 1000100 2
[completion]
0 41 21
1 34 02 14 04 62 52 64 07 54
2 67 57
3 10
4 60 50
5 absent
6 20
7 absent

Left
41 52 63x
21 32x
Best: 41 52: 2

Right
none
Best: none
