[category]
matching
[prompt]
In Alice's Wonderland, secret processing rules are used on text.

x: not matched anywhere
y: matched but wrong position

0 0110101 4
1 1010011 4
2 1101111 6
3 0111110 5
4 0110111 5
5 0101101 4
6 0001011 3
7 1011001 4

01 1111111 a
12 1111011 6
23 0110101 4 match 0
34 1101111 6 match 2
45 1110110 5
56 0101111 5
67 1011101 5
70 1111011 6

02 1111111 a
13 0111001 4
24 0111101 5
35 1111110 6
46 1110110 5
57 0001111 4
60 1011011 5
71 1111111 a

03 0111101 5
14 0111001 4
25 1110101 5
36 1101110 5
47 1010110 4
50 1001011 4
61 1011111 6
72 1111011 6

04 0111101 5
15 1111101 6
26 0110111 5 match 4
37 1101110 5
40 1010110 4
51 1001111 5
62 1011011 5
73 1111011 6

05 1111101 6
16 0111111 6
27 0110101 4 match 0
30 1101110 5
41 1010110 4
52 1001011 4
63 1011001 4 match 7
74 1111011 6

06 0111111 6
17 0111101 5
20 1110111 6
31 1101110 5
42 1011110 5
53 0011011 4
64 1111001 5
75 1111111 a

07 0111101 5
10 1111011 6
21 1110111 6
32 1101110 5
43 1010111 5
54 0101011 4
65 1111101 6
76 1111111 a
[completion]
0 23 27
1 absent
2 34
3 absent
4 26
5 absent
6 absent
7 63

Left
23 34y
27 30x
Best: 23: 1

Right
63 52x
Best: 63: 1
