[category]
matching
[prompt]
In Alice's Wonderland, secret processing rules are used on text.

x: not matched anywhere
y: matched but wrong position

0 0001101010 4
1 0001001111 5
2 1011001100 5
3 1000001110 4
4 0000011000 2
5 1111110100 7
6 0111110101 7
7 1001101010 5

01 1111101010 7
12 0111111111 9
23 1001001111 6
34 1111111100 8
45 1010001111 6
56 0101111010 6
67 1110110101 7
70 1001111111 8

02 0111111111 9
13 1111011111 9
24 1101111100 7
35 1110111101 8
46 0111101011 7
57 0111110011 7
60 1010111111 8
71 1001111110 7

03 1111001111 8
14 1111111101 9
25 1010001101 5
36 0111111010 7
47 0110100011 5
50 1101111111 9
61 1011111111 9
72 1111111111 a

04 1111111100 8
15 1110011101 7
26 1101101010 6
37 0110110001 5
40 1010111111 8
51 1101111010 7
62 1111111111 a
73 1001011111 7

05 1111001101 7
16 0111111111 9
27 1110100001 5
30 1110111111 9
41 1011101011 7
52 0111111111 9
63 1011011111 8
74 1101111110 8

06 0111101010 6
17 0110110101 6
20 1000111111 7
31 1111111010 8
42 0111111111 9
53 1101111111 9
64 1111111101 9
75 1011011111 8

07 0111100001 5
10 1110111111 9
21 1001101010 5 match 7
32 0111111111 9
43 1011001111 7
54 1101111110 8
65 1010011101 6
76 1101111110 8
[completion]
0 absent
1 absent
2 absent
3 absent
4 absent
5 absent
6 absent
7 21

Left
none
Best: none

Right
21 10x
Best: 21: 1
