[category]
matching
[prompt]
In Alice's Wonderland, secret processing rules are used on text.

x: not matched anywhere
y: matched but wrong position

0 1110111 6
1 1110111 6
2 0110111 5
3 1110111 6
4 1100010 3
5 1000111 4
6 1101000 3
7 0101111 5

01 1010000 2
12 0111000 3
23 0010110 3
34 1001100 3
45 0101101 4
56 1001101 4
67 0001000 1
70 1011010 4

02 0010111 4
13 1010001 3
24 0100101 3
35 0011110 4
46 0011111 5
57 0111010 4
60 0101101 4
71 1110101 5

03 1111110 6
14 1100010 3 match 4
25 1110111 6 match 0 1 3
36 0101100 3
47 1101000 3 match 6
50 0011111 5
61 0000010 1
72 0110010 3

04 1001101 4
15 0110000 2
26 1000101 3
37 1011011 5
40 1001101 4
51 0110000 2
62 1000101 3
73 1011011 5

05 0011111 5
16 0000010 1
27 0110010 3
30 1111110 6
41 1100010 3 match 4
52 1110111 6 match 0 1 3
63 0101100 3
74 1101000 3 match 6

06 0101101 4
17 1110101 5
20 0010111 4
31 1010001 3
42 0100101 3
53 0011110 4
64 0011111 5
75 0111010 4

07 1011010 4
10 1010000 2
21 0111000 3
32 0010110 3
43 1001100 3
54 0101101 4
65 1001101 4
76 0001000 1
[completion]
0 25 52
1 25 52
2 absent
3 25 52
4 14 41
5 absent
6 47 74
7 absent

Left
25 36x
52 63x
Best: 25: 1

Right
none
Best: none
