[category]
matching
[prompt]
In Alice's Wonderland, secret processing rules are used on text.

x: not matched anywhere
y: matched but wrong position

0 00000000 a
1 11000100 3
2 00000110 2
3 01011000 3
4 10111110 6
5 10111111 7
6 01110011 5
7 11001101 5

01 11111101 7
12 10100111 5
23 01011001 4
34 11111110 7
45 10111111 7 match 5
56 01110011 5 match 6
67 11001111 6
70 11111111 a

02 11100111 6
13 01000111 4
24 01011000 3 match 3
35 10111110 6 match 4
46 10111111 7 match 5
57 01111011 6
60 11111111 a
71 11111101 7

03 11000101 4
14 01000110 3
25 11011100 5
36 10111110 6 match 4
47 10111111 7 match 5
50 01111011 6
61 11111101 7
72 11110111 7

04 11000100 3 match 1
15 10001110 4
26 01111010 5
37 10111111 7 match 5
40 10111111 7 match 5
51 11111011 7
62 11101111 7
73 11110101 6

05 11001100 4
16 00110110 4
27 01011011 5
30 10111111 7 match 5
41 11111111 a
52 11110111 7
63 11001101 5 match 7
74 11110100 5

06 11110110 6
17 00001111 4
20 01111011 6
31 11111111 a
42 10111111 7 match 5
53 01110011 5 match 6
64 11001101 5 match 7
75 11111100 6

07 11001111 6
10 00111111 6
21 11111001 6
32 10111111 7 match 5
43 11111111 a
54 01110011 5 match 6
65 11001101 5 match 7
76 11110110 6
[completion]
0 absent
1 04
2 absent
3 24
4 35 36
5 45 46 47 37 40 30 42 32
6 56 53 54
7 63 64 65

Left
none
Best: none

Right
63 52x
64 53 42 31x
65 54 43x
Best: 64 53 42: 3
