[category]
matching
[prompt]
In Alice's Wonderland, secret processing rules are used on text.

x: not matched anywhere
y: matched but wrong position

0 0000101 2
1 0110010 3
2 1100101 4
3 1110100 4
4 0011110 4
5 1100101 4
6 0110010 3
7 1100101 4

01 1000010 2
12 0111000 3
23 0000101 2 match 0
34 0010010 2
45 1100001 3
56 0000100 1
67 0000011 2
70 0000000 a

02 1110010 4
13 0001101 3
24 0000000 a
35 0110000 2
46 1000100 2
57 0000110 2
60 0000001 1
71 1000000 1

03 1000000 1
14 0011000 2
25 0000001 1
36 0010000 1
47 0000101 2 match 0
50 0000100 1
61 0000010 1
72 1100000 2

04 0010010 2
15 0111001 4
26 0000100 1
37 0010010 2
40 0000101 2 match 0
51 0000010 1
62 0100010 2
73 1000000 1

05 1110000 3
16 0011100 3
27 0000101 2 match 0
30 0000000 a
41 1000000 1
52 0000010 1
63 0000001 1
74 0000000 a

06 1010000 2
17 0011101 4
20 0000101 2 match 0
31 0000010 1
42 1100000 2
53 0000100 1
64 0000010 1
75 1100000 2

07 0010010 2
10 0001101 3
21 0000000 a
32 0110010 3 match 1 6
43 1000101 3
54 0000010 1
65 0100001 2
76 1000000 1
[completion]
0 23 47 40 27 20
1 32
2 absent
3 absent
4 absent
5 absent
6 32
7 absent

Left
23 34x
47 50x
40 51x
27 30x
20 31x
Best: 23: 1

Right
none
Best: none
