[category]
matching
[prompt]
In Alice's Wonderland, secret processing rules are used on text.

x: not matched anywhere
y: matched but wrong position

0 11010110 5
1 11101101 6
2 10010100 3
3 01111110 6
4 01111110 6
5 11111111 a
6 11111111 a
7 11111111 a

01 10011111 6
12 01111011 6
23 11111111 a match 5 6 7
34 11101100 5
45 10010111 5
56 01111111 7
67 11111111 a match 5 6 7
70 11100011 5

02 10011111 6
13 01111111 7
24 11101100 5
35 10111100 5
46 11111111 a match 5 6 7
57 01111111 7
60 11100011 5
71 10000111 4

03 11011111 7
14 01111100 5
25 11111100 6
36 11111110 7
47 11111111 a match 5 6 7
50 01101011 5
61 10000111 4
72 10010011 4

04 11111100 6
15 11111100 6
26 11111110 7
37 11111110 7
40 11110011 6
51 11101111 7
62 10010011 4
73 11010111 6

05 10011100 4
16 01111110 6 match 3 4
27 11111110 7
30 11101011 6
41 10010111 5
52 01111011 6
63 11010111 6
74 11101101 6 match 1

06 11111110 7
17 01111110 6 match 3 4
20 11101111 7
31 10101111 6
42 10010011 4
53 01111111 7
64 11101101 6 match 1
75 10010101 4

07 11111110 7
10 01111011 6
21 11101111 7
32 10111011 6
43 11010111 6
54 01101111 6
65 10010101 4
76 11111111 a match 5 6 7
[completion]
0 absent
1 74 64
2 absent
3 16 17
4 16 17
5 23 67 46 47 76
6 23 67 46 47 76
7 23 67 46 47 76

Left
none
Best: none

Right
23 12x
67 56x
46 35x
47 36x
76 65x
Best: 23: 1
