[category]
matching
[prompt]
In Alice's Wonderland, secret processing rules are used on text.

x: not matched anywhere
y: matched but wrong position

0 0001001011 4
1 1001001111 6
2 0111111111 9
3 0111111111 9
4 1111011011 8
5 1010100011 5
6 1111111110 9
7 1101100001 5

01 1101011111 8
12 1111101111 9
23 0011110100 5
34 1111011111 9
45 0110100001 4
56 1011111111 9
67 1111111000 7
70 1111110111 9

02 1101101111 8
13 0011101110 6
24 1111011110 8
35 1110011011 7
46 0010111111 7
57 1111111110 9 match 6
60 1111110000 6
71 1101110111 8

03 1001101111 7
14 1111111110 9 match 6
25 0111010101 6
36 1110011111 8
47 0110111001 6
50 1111111110 9 match 6
61 1101110001 6
72 1101101111 8

04 1101011111 8
15 0111101111 8
26 0011011111 7
37 1110011011 7
40 0110110001 5
51 1111111111 a
62 1101101011 7
73 1001100111 6

05 1101001111 7
16 0011111111 8
27 0111011100 6
30 1110111011 8
41 1110110001 6
52 1111111111 a
63 1101100100 5
74 1101111111 9

06 1011011111 8
17 0111111110 8
20 0111110100 6
31 1110011011 7
42 1110101011 7
53 1011111110 8
64 1101111110 8
75 1101100111 7

07 1111011111 9
10 0111111110 8
21 1111010101 7
32 1110111011 8
43 0011100101 5
54 1111111110 9 match 6
65 1101100001 5 match 7
76 1011111111 9
[completion]
0 absent
1 absent
2 absent
3 absent
4 absent
5 absent
6 57 14 50 54
7 65

Left
none
Best: none

Right
65 54 43x
Best: 65 54: 2
