[category]
matching
[prompt]
In Alice's Wonderland, secret processing rules are used on text.

x: not matched anywhere
y: matched but wrong position

0 0011110 4
1 0010010 2
2 1110111 6
3 1111001 5
4 1110011 5
5 1111010 5
6 0101100 3
7 0010010 2

01 1111101 6
12 1110111 6 match 2
23 1111011 6
34 1101101 5
45 1110011 5 match 4
56 1111111 a
67 0011010 3
70 1110111 6 match 2

02 1111101 6
13 1110011 5 match 4
24 1111111 a
35 1101101 5
46 1111111 a
57 0011110 4 match 0
60 0010110 3
71 1111111 a

03 1111011 6
14 1111111 a
25 1111011 6
36 1101101 5
47 0011010 3
50 0011110 4 match 0
61 0011110 4 match 0
72 1110111 6 match 2

04 1111101 6
15 1110011 5 match 4
26 1111111 a
37 0101100 3 match 6
40 0010110 3
51 0011110 4 match 0
62 0010111 4
73 1110111 6 match 2

05 1111001 5 match 3
16 1111111 a
27 1111010 5 match 5
30 0101110 4
41 0011110 4 match 0
52 0011111 5
63 1010011 4
74 1111111 a

06 1111101 6
17 1111011 6
20 1111110 6
31 0101100 3 match 6
42 0010111 4
53 1011111 6
64 1111111 a
75 1110111 6 match 2

07 1111001 5 match 3
10 1110111 6 match 2
21 1111110 6
32 0101101 4
43 1010011 4
54 1111111 a
65 1110011 5 match 4
76 1111111 a
[completion]
0 57 50 61 51 41
1 absent
2 12 70 72 73 75 10
3 05 07
4 45 13 15 65
5 27
6 37 31
7 absent

Left
57 60x
50 61y
61 72y
51 62x
41 52x
Best: 57: 1

Right
none
Best: none
