[category]
matching
[prompt]
In Alice's Wonderland, secret processing rules are used on text.

x: not matched anywhere
y: matched but wrong position

0 0000000 a
1 1100010 3
2 1010001 3
3 0011011 4
4 0011000 2
5 0000011 2
6 1000001 2
7 1011111 6

01 0111111 6
12 1100001 3
23 1111111 a
34 0011101 4
45 1101110 5
56 1111101 6
67 1111111 a
70 1111100 5

02 0100011 3
13 1100011 4
24 1011111 6 match 7
35 1011110 5
46 1101110 5
57 1111111 a
60 1111111 a
71 0111110 5

03 1100011 4
14 1010001 3 match 2
25 1011111 6 match 7
36 1011100 4
47 1111111 a
50 1111101 6
61 0111111 6
72 0100000 1

04 0010011 3
15 1000111 4
26 1011111 6 match 7
37 1111111 a
40 1111110 6
51 0111111 6
62 0111011 5
73 1100011 4

05 1000111 4
16 1000101 3
27 1111111 a
30 1111100 5
41 1111110 6
52 0111001 4
63 1111011 6
74 0010001 2

06 1000111 4
17 1111111 a
20 1111111 a
31 0111110 5
42 1101110 5
53 1111011 6
64 0111011 5
75 1000110 3

07 1111111 a
10 1111101 6
21 1111111 a
32 0111100 4
43 1101111 6
54 0111001 4
65 1111111 a
76 1000100 2
[completion]
0 absent
1 absent
2 14
3 absent
4 absent
5 absent
6 absent
7 24 25 26

Left
none
Best: none

Right
24 13x
25 14y
26 15x
Best: 24: 1
