[category]
matching
[prompt]
In Alice's Wonderland, secret processing rules are used on text.

x: not matched anywhere
y: matched but wrong position

0 11100001 4
1 10111000 4
2 10010011 4
3 10101001 4
4 01001101 4
5 10101111 6
6 00111111 6
7 11110010 5

01 11110010 5 match 7
12 10111100 5
23 10100010 3
34 11100101 5
45 10001001 3
56 11011111 7
67 01101101 5
70 00110010 3

02 10110001 4
13 11100001 4 match 0
24 10111000 4 match 1
35 10010011 4 match 2
46 10101001 4 match 3
57 01001101 4 match 4
60 10100000 2
71 00111111 6 match 6

03 11101100 5
14 11111011 7
25 11001110 5
36 10110011 5
47 00111011 5
50 10000000 1
61 10101101 5
72 01111100 5

04 11110110 6
15 10001101 4
26 11101110 6
37 00100001 2
40 11110110 6
51 10001101 4
62 11101110 6
73 00100001 2

05 10000000 1
16 10101101 5
27 01111100 5
30 11101100 5
41 11111011 7
52 11001110 5
63 10110011 5
74 00111011 5

06 10100000 2
17 00111111 6 match 6
20 10110001 4
31 11100001 4 match 0
42 10111000 4 match 1
53 10010011 4 match 2
64 10101001 4 match 3
75 01001101 4 match 4

07 00110010 3
10 11110010 5 match 7
21 10111100 5
32 10100010 3
43 11100101 5
54 10001001 3
65 11011111 7
76 01101101 5
[completion]
0 13 31
1 24 42
2 35 53
3 46 64
4 57 75
5 absent
6 71 17
7 01 10

Left
13 24 35 46 57 60x
31 42 53 64 75 06x
Best: 13 24 35 46 57: 5

Right
01 70x
10 07x
Best: 01: 1
