[category]
matching
[prompt]
In Alice's Wonderland, secret processing rules are used on text.

x: not matched anywhere
y: matched but wrong position

0 0000000 a
1 1000010 2
2 0001011 3
3 1000010 2
4 1001001 3
5 0010001 2
6 0110000 2
7 0111000 3

01 10 1101000 3
12 21 1010001 3
23 32 0100011 3
34 43 1011000 3
45 54 0100001 2
56 65 0001000 1
67 76 0111000 3 match 7
70 07 1010011 4

02 20 0111001 4
13 31 1110010 4
24 42 1111011 6
35 53 1111001 5
46 64 0101001 3
57 75 0110000 2 match 6
60 06 1101011 5
71 17 0111011 5

03 30 0011010 3
14 41 0101010 3
25 52 1011010 4
36 63 1110001 4
47 74 0010001 2 match 5
50 05 1100011 4
61 16 0000011 2
72 27 1101010 4

04 40 1000010 2 match 1 3
15 51 0001011 3 match 2
26 62 1010010 3
37 73 1001001 3 match 4
[completion]
0 absent
1 04 40
2 15 51
3 04 40
4 37 73
5 47 74
6 57 75
7 67 76

Left
none
Best: none

Right
67 56x
76 65x
Best: 67: 1
