[category]
matching
[prompt]
In Alice's Wonderland, secret processing rules are used on text.

x: not matched anywhere
y: matched but wrong position

0 0110000 2
1 0111110 5
2 1110111 6
3 0101101 4
4 0111111 6
5 0011101 4
6 1100001 3
7 0001111 4

01 1111111 a
12 0011111 5
23 1110001 4
34 0101111 5
45 1011111 6
56 1111001 5
67 1100111 5
70 1111110 6

02 0011111 5
13 1110001 4
24 1101111 6
35 1001111 5
46 1011001 4
57 1110011 5
60 1100110 4
71 1111110 6

03 1111001 5
14 0101111 5
25 1101111 6
36 1011111 6
47 1110011 5
50 1110111 6 match 2
61 1111110 6
72 0011110 4

04 0111111 6 match 4
15 1001111 5
26 1111001 5
37 1101111 6
40 1110111 6 match 2
51 1111111 a
62 0111110 5 match 1
73 1111100 5

05 1011111 6
16 1011001 4
27 1100011 4
30 1101111 6
41 1111111 a
52 0111111 6 match 4
63 1110110 5
74 0111110 5 match 1

06 1011001 4
17 1100011 4
20 1100111 5
31 1111111 a
42 1011111 6
53 1110001 4
64 0101110 4
75 1011110 5

07 1111011 6
10 1100111 5
21 1111111 a
32 0011111 5
43 1110001 4
54 0111111 6 match 4
65 1101110 5
76 1011101 5
[completion]
0 absent
1 62 74
2 50 40
3 absent
4 04 52 54
5 absent
6 absent
7 absent

Left
none
Best: none

Right
none
Best: none
