[category]
matching
[prompt]
In Alice's Wonderland, secret processing rules are used on text.

x: not matched anywhere
y: matched but wrong position

0 101100110 5
1 101011010 5
2 111111101 8
3 100111111 7
4 011100111 6
5 001111111 7
6 101100110 5
7 101111011 7

01 111100101 6
12 110111111 8
23 111010110 6
34 011111011 7
45 111100111 7
56 101111110 7
67 111011001 6
70 100111110 6

02 111111101 8 match 2
13 110111111 8
24 011011011 6
35 011101111 7
46 101100110 5 match 0 6
57 111011011 7
60 110011011 6
71 111100110 6

03 111110101 7
14 010111111 7
25 011100111 6 match 4
36 001101111 6
47 111111111 a
50 101011010 5 match 1
61 111011001 6
72 110111111 8

04 011111101 7
15 010111111 7
26 001100110 4
37 011111011 7
40 101111110 7
51 111011010 6
62 110111101 7
73 110110110 6

05 011100101 5
16 001111111 7 match 5
27 011011011 6
30 101111011 7 match 7
41 111100110 6
52 111111111 a
63 110011101 6
74 110111111 8

06 011100111 6 match 4
17 011111111 8
20 101011010 5 match 1
31 111101011 7
42 111111111 a
53 111011110 7
64 110011001 5
75 110100111 6

07 011111101 7
10 100111111 7 match 3
21 111000010 4
32 111111111 a
43 111110110 7
54 111011011 7
65 110111101 7
76 101100110 5 match 0 6
[completion]
0 46 76
1 50 20
2 02
3 10
4 25 06
5 16
6 46 76
7 30

Left
46 57x
76 07x
Best: 46: 1

Right
30 27x
Best: 30: 1
