[category]
matching
[prompt]
In Alice's Wonderland, secret processing rules are used on text.

x: not matched anywhere
y: matched but wrong position

0 00110010 3
1 11000001 3
2 10011001 4
3 10111010 5
4 11011110 6
5 00000010 1
6 00110010 3
7 01010101 4

01 10 11010100 4
12 21 11111010 6
23 32 11111110 7
34 43 11011110 6 match 4
45 54 00110010 3 match 0 6
56 65 01110111 6
67 76 11011101 6
70 07 11011101 6

02 20 10111110 6
13 31 11011110 6 match 4
24 42 10111010 5 match 3
35 53 11111110 7
46 64 01010111 5
57 75 11111011 7
60 06 11010101 5
71 17 11011001 5

03 30 11011110 6 match 4
14 41 01000010 2
25 52 10111010 5 match 3
36 63 11011111 7
47 74 11011011 6
50 05 10110110 5
61 16 01010101 4 match 7
72 27 11111011 7

04 40 10010110 4
15 51 01110010 4
26 62 11111111 a
37 73 11011111 7
[completion]
0 45 54
1 absent
2 absent
3 24 42 25 52
4 34 43 13 31 03 30
5 absent
6 45 54
7 61 16

Left
45 56x
54 65x
Best: 45: 1

Right
61 50x
16 05x
Best: 61: 1
