[category]
matching
[prompt]
In Alice's Wonderland, secret processing rules are used on text.

x: not matched anywhere
y: matched but wrong position

0 1101100011 6
1 1110111010 7
2 0000011111 5
3 1111111111 a
4 0001111111 7
5 1111111101 9
6 1001111011 7
7 1101110101 7

01 1111111010 8
12 1000111111 7
23 1111001101 7
34 0011111011 7
45 1111110101 8
56 1010111110 7
67 0111011101 7
70 1101100111 7

02 1110111010 7 match 1
13 1110011111 8
24 0111001111 7
35 0111111111 9
46 1110111111 9
57 1010111110 7
60 0101000101 4
71 1111100011 7

03 1110111110 8
14 0011011111 7
25 0111011101 7
36 1011111111 9
47 1110111101 8
50 1001101111 7
61 1111100001 6
72 1101110011 7

04 1111111010 8
15 0111011111 8
26 1111111111 a match 3
37 0011111111 8
40 1101110101 7 match 7
51 1111101010 7
62 1101110011 7
73 1111100111 8

05 1111111111 a match 3
16 1010111111 8
27 0111011101 7
30 0001111111 7 match 4
41 1111110101 8
52 1000111010 5
63 1111000101 6
74 1111101011 8

06 1110111110 8
17 0010011111 6
20 0111001101 6
31 1111111011 9
42 1100110111 7
53 1110101110 7
64 0111001011 6
75 1111110111 9

07 1110111110 8
10 0001011111 6
21 1111101101 8
32 1001111011 7 match 6
43 1110110101 7
54 1011101010 6
65 0111010101 6
76 1111111111 a match 3
[completion]
0 absent
1 02
2 absent
3 26 05 76
4 30
5 absent
6 32
7 40

Left
none
Best: none

Right
40 37x
Best: 40: 1
