[category]
matching
[prompt]
In Alice's Wonderland, secret processing rules are used on text.

x: not matched anywhere
y: matched but wrong position

0 0100100 2
1 1101100 4
2 1111111 a
3 1101001 4
4 1101110 5
5 1000011 3
6 0011010 3
7 1001111 5

01 10 1101111 6
12 21 1100111 5
23 32 1100111 5
34 43 1111111 a match 2
45 54 1111111 a match 2
56 65 1111111 a match 2
67 76 1111110 6
70 07 1111111 a match 2

02 20 1001111 5 match 7
13 31 1100111 5
24 42 0111110 5
35 53 1111101 6
46 64 1111110 6
57 75 1111111 a match 2
60 06 1111111 a match 2
71 17 1111111 a match 2

03 30 1101111 6
14 41 1111111 a match 2
25 52 1011011 5
36 63 1110111 6
47 74 0111110 5
50 05 1011111 6
61 16 1110111 6
72 27 0111110 5

04 40 1111111 a match 2
15 51 1111111 a match 2
26 62 1110110 5
37 73 1111111 a match 2
[completion]
0 absent
1 absent
2 34 43 45 54 56 65 70 07 57 75 60 06 71 17 14 41 04 40 15 51 37 73
3 absent
4 absent
5 absent
6 absent
7 02 20

Left
none
Best: none

Right
02 71y
20 17y
Best: 02: 1
