[category]
matching
[prompt]
In Alice's Wonderland, secret processing rules are used on text.

x: not matched anywhere
y: matched but wrong position

0 1111111 a
1 1101111 6
2 0100001 2
3 0010100 2
4 0010110 3
5 0000011 2
6 1110001 4
7 0110111 5

01 1111101 6
12 1111110 6
23 0001111 4
34 1111001 5
45 1110111 6
56 0011111 5
67 1111111 a match 0
70 1101011 5

02 1111100 5
13 0011110 4
24 1001011 4
35 1110001 4 match 6
46 0110111 5 match 7
57 1011111 6
60 1101111 6 match 1
71 1101001 4

03 0011110 4
14 1011110 5
25 1100011 4
36 1110001 4 match 6
47 1111111 a match 0
50 1111111 a match 0
61 1101111 6 match 1
72 1111101 6

04 1011100 4
15 1110110 5
26 0010011 3
37 1111111 a match 0
40 1111111 a match 0
51 1111111 a match 0
62 1111111 a match 0
73 0101111 5

05 1110100 4
16 0010110 3 match 4
27 1011111 6
30 1111011 6
41 1111111 a match 0
52 1111111 a match 0
63 1101111 6 match 1
74 1101001 4

06 0010100 2 match 3
17 1011110 5
20 1101011 5
31 1111001 5
42 1111111 a match 0
53 0011111 5
64 1101111 6 match 1
75 1100001 3

07 1011110 5
10 1111111 a match 0
21 1101011 5
32 1111101 6
43 0111111 6
54 1011111 6
65 1101111 6 match 1
76 0110001 3
[completion]
0 67 47 50 37 40 51 62 41 52 42 10
1 60 61 63 64 65
2 absent
3 06
4 16
5 absent
6 35 36
7 46

Left
67 70x
47 50y
50 61 72x
37 40y
40 51y
51 62y
62 73x
41 52y
52 63 74x
42 53x
10 21x
Best: 50 61: 2

Right
46 35 24x
Best: 46 35: 2
