[category]
matching
[prompt]
In Alice's Wonderland, secret processing rules are used on text.

x: not matched anywhere
y: matched but wrong position

0 011000001 3
1 110001000 3
2 010111101 6
3 011010101 5
4 110011110 6
5 000101111 5
6 111001011 6
7 010101001 4

01 10 010010101 4
12 21 010010100 3
23 32 000001110 3
34 43 000001011 3
45 54 010001001 3
56 65 010000001 2
67 76 010000001 2
70 07 010101001 4 match 7

02 20 010011100 4
13 31 000000101 2
24 42 110001010 4
35 53 000101001 3
46 64 011000011 4
57 75 010101001 4 match 7
60 06 010000001 2
71 17 010000001 2

03 30 000101101 4
14 41 011000001 3 match 0
25 52 010001000 2
36 63 000000011 2
47 74 110001001 4
50 05 010101001 4 match 7
61 16 011000001 3 match 0
72 27 110001000 3 match 1

04 40 010001001 3
15 51 010000001 2
26 62 010000010 2
37 73 000101001 3
[completion]
0 14 41 61 16
1 72 27
2 absent
3 absent
4 absent
5 absent
6 absent
7 70 07 57 75 50 05

Left
14 25x
41 52x
61 72 03x
16 27 30x
Best: 61 72: 2

Right
70 67x
07 76x
57 46x
75 64x
50 47x
05 74x
Best: 70: 1
