[category]
matching
[prompt]
In Alice's Wonderland, secret processing rules are used on text.

x: not matched anywhere
y: matched but wrong position

0 1110101 5
1 1011011 5
2 1100111 5
3 0000110 2
4 1110111 6
5 0100111 4
6 1111111 a
7 1111110 6

01 1011011 5 match 1
12 1111111 a match 6
23 0001110 3
34 1111111 a match 6
45 0100111 4 match 5
56 1111111 a match 6
67 1111110 6 match 7
70 1110101 5 match 0

02 1111011 6
13 1101111 6
24 1011110 5
35 1110111 6 match 4
46 0100111 4 match 5
57 1111111 a match 6
60 1111110 6 match 7
71 1111101 6

03 1011011 5 match 1
14 1111111 a match 6
25 0000110 2 match 3
36 1110111 6 match 4
47 0101111 5
50 1111111 a match 6
61 1111110 6 match 7
72 1111101 6

04 1011011 5 match 1
15 1100111 5 match 2
26 0000111 3
37 1111111 a match 6
40 0100111 4 match 5
51 1111111 a match 6
62 1111111 a match 6
73 1111101 6

05 1011011 5 match 1
16 1100111 5 match 2
27 0001110 3
30 1110111 6 match 4
41 0111111 6
52 1111111 a match 6
63 1111110 6 match 7
74 1111101 6

06 1011011 5 match 1
17 1101111 6
20 0100110 3
31 1111111 a match 6
42 1111111 a match 6
53 1111111 a match 6
64 1111110 6 match 7
75 1110101 5 match 0

07 1011011 5 match 1
10 1100111 5 match 2
21 0011110 4
32 1111111 a match 6
43 0101111 5
54 1111111 a match 6
65 1111110 6 match 7
76 1110101 5 match 0
[completion]
0 70 75 76
1 01 03 04 05 06 07
2 15 16 10
3 25
4 35 36 30
5 45 46 40
6 12 34 56 57 14 50 37 51 62 52 31 42 53 32 54
7 67 60 61 63 64 65

Left
70 01 12y
75 06 17x
76 07 10 21x
Best: 76 07 10: 3

Right
67 56 45 34y
60 57 46 35 24x
61 50 47x
63 52 41x
64 53 42y
65 54 43x
Best: 60 57 46 35: 4
