[category]
matching
[prompt]
In Alice's Wonderland, secret processing rules are used on text.

x: not matched anywhere
y: matched but wrong position

0 01001111 5
1 00101001 3
2 10010001 3
3 01111010 5
4 11100100 4
5 01001101 4
6 00010000 1
7 01111010 5

01 10 01011101 5
12 21 01111010 5 match 3 7
23 32 01111111 7
34 43 01101111 6
45 54 10101001 4
56 65 10011011 5
67 76 11111110 7
70 07 11101101 6

02 20 01111111 7
13 31 01011111 6
24 42 01111010 5 match 3 7
35 53 11001111 6
46 64 00111010 4
57 75 11101101 6
60 06 01011111 6
71 17 11110100 5

03 30 01001111 5 match 0
14 41 00110000 2
25 52 11111011 7
36 63 01011111 6
47 74 11100100 4 match 4
50 05 11001101 5
61 16 00011010 3
72 27 11111110 7

04 40 01101101 5
15 51 10011001 4
26 62 01111010 5 match 3 7
37 73 11101111 7
[completion]
0 03 30
1 absent
2 absent
3 12 21 24 42 26 62
4 47 74
5 absent
6 absent
7 12 21 24 42 26 62

Left
03 14x
30 41x
Best: 03: 1

Right
12 01x
21 10x
24 13x
42 31x
26 15x
62 51x
Best: 12: 1
