[category]
matching
[prompt]
In Alice's Wonderland, secret processing rules are used on text.

x: not matched anywhere
y: matched but wrong position

0 1110111 6
1 1010011 4
2 0111100 4
3 0110001 3
4 1100110 4
5 1100101 4
6 1011010 4
7 1101111 6

01 1100000 2
12 1001000 2
23 1100111 5
34 1110111 6 match 0
45 1010011 4 match 1
56 0111100 4 match 2
67 0110001 3 match 3
70 1100110 4 match 4

02 1010111 5
13 1010000 2
24 1101111 6 match 7
35 1011011 5
46 0010000 1
57 1110010 4
60 0101000 2
71 1111001 5

03 1001111 5
14 1011000 3
25 1000011 3
36 0011000 2
47 1011110 5
50 1101011 5
61 0110111 5
72 1001110 4

04 1000111 4
15 1110100 4
26 0000000 a
37 1010110 4
40 1000111 4
51 1110100 4
62 0000000 a
73 1010110 4

05 1101011 5
16 0110111 5
27 1001110 4
30 1001111 5
41 1011000 3
52 1000011 3
63 0011000 2
74 1011110 5

06 0101000 2
17 1111001 5
20 1010111 5
31 1010000 2
42 1101111 6 match 7
53 1011011 5
64 0010000 1
75 1110010 4

07 1100110 4 match 4
10 1100000 2
21 1001000 2
32 1100111 5
43 1110111 6 match 0
54 1010011 4 match 1
65 0111100 4 match 2
76 0110001 3 match 3
[completion]
0 34 43
1 45 54
2 56 65
3 67 76
4 70 07
5 absent
6 absent
7 24 42

Left
34 45 56 67 70 01x
43 54 65 76 07 10x
Best: 34 45 56 67 70: 5

Right
24 13x
42 31x
Best: 24: 1
