[category]
matching
[prompt]
In Alice's Wonderland, secret processing rules are used on text.

x: not matched anywhere
y: matched but wrong position

0 0000011 2
1 0100010 2
2 0001111 4
3 0000000 a
4 0001110 3
5 1100101 4
6 1111100 5
7 0110101 4

01 0011110 4
12 1100111 5
23 1111110 6
34 0110111 5
45 1111100 5 match 6
56 1011111 6
67 1110010 4
70 1111111 a

02 0001111 4 match 2
13 1101111 6
24 1111111 a
35 1111101 6
46 1011101 5
57 1110011 5
60 1110011 5
71 0011111 5

03 1001110 4
14 1100111 5
25 1111100 5 match 6
36 1111101 6
47 1111000 4
50 1110011 5
61 0111010 4
72 0001111 4 match 2

04 0101111 5
15 1111101 6
26 1111101 6
37 1110101 5
40 1111001 5
51 0011011 4
62 0100011 3
73 1001111 5

05 1111110 6
16 1111101 6
27 1111100 5 match 6
30 1110101 5
41 1011010 4
52 0000011 2 match 0
63 1101010 4
74 0101111 5

06 1011111 6
17 1110101 5
20 1111101 6
31 0111111 6
42 1011011 5
53 1001011 4
64 0100111 4
75 1111111 a

07 1111110 6
10 1110101 5
21 1111110 6
32 0110111 5
43 1011010 4
54 0100111 4
65 1111110 6
76 1011111 6
[completion]
0 52
1 absent
2 02 72
3 absent
4 absent
5 absent
6 45 25 27
7 absent

Left
52 63x
Best: 52: 1

Right
none
Best: none
