[category]
matching
[prompt]
In Alice's Wonderland, secret processing rules are used on text.

x: not matched anywhere
y: matched but wrong position

0 111110001 6
1 011010110 5
2 101111111 8
3 011100111 6
4 111110001 6
5 011010110 5
6 111111111 a
7 011101111 7

01 111101100 6
12 101110110 6
23 111011111 8
34 111000101 5
45 001110100 4
56 001100000 2
67 011111000 5
70 001101100 4

02 101100101 5
13 101010110 5
24 111100101 6
35 001001110 4
46 111101011 7
57 101100111 6
60 101101011 6
71 001111111 7

03 101000101 4
14 101101100 5
25 001101110 5
36 111010001 5
47 011101100 5
50 011110100 5
61 101111000 5
72 011110110 6

04 101111111 8 match 2
15 011100111 6 match 3
26 111110001 6 match 0 4
37 011010110 5 match 1 5
40 101111111 8 match 2
51 011100111 6 match 3
62 111110001 6 match 0 4
73 011010110 5 match 1 5

05 011110100 5
16 101111000 5
27 011110110 6
30 101000101 4
41 101101100 5
52 001101110 5
63 111010001 5
74 011101100 5

06 101101011 6
17 001111111 7
20 101100101 5
31 101010110 5
42 111100101 6
53 001001110 4
64 111101011 7
75 101100111 6

07 001101100 4
10 111101100 6
21 101110110 6
32 111011111 8
43 111000101 5
54 001110100 4
65 001100000 2
76 011111000 5
[completion]
0 26 62
1 37 73
2 04 40
3 15 51
4 26 62
5 37 73
6 absent
7 absent

Left
26 37 40 51 62 73 04y
62 73 04 15 26 37 40y
Best: 26 37 40 51 62 73: 6

Right
none
Best: none
