[category]
matching
[prompt]
In Alice's Wonderland, secret processing rules are used on text.

x: not matched anywhere
y: matched but wrong position

0 001001100 3
1 100001111 5
2 111001011 6
3 001101101 5
4 110111111 8
5 111110011 7
6 001111101 6
7 110111110 7

01 111100011 6
12 001111101 6 match 6
23 110111111 8 match 4
34 011110011 6
45 101001101 5
56 110111110 7 match 7
67 111110111 8
70 011011111 7

02 101101101 6
13 110111111 8 match 4
24 111110011 7 match 5
35 001000101 3
46 100101110 5
57 111111110 8
60 111011111 8
71 111001011 6 match 2

03 110111111 8 match 4
14 011111111 8
25 111010111 7
36 001101110 5
47 111111110 8
50 111111110 8
61 111010011 6
72 001101101 5 match 3

04 111110011 7 match 5
15 001111101 6 match 6
26 110111110 7 match 7
37 111110110 7
40 111011110 7
51 111111010 7
62 111111101 8
73 110111111 8 match 4

05 101100101 5
16 000111111 6
27 111110110 7
30 011011110 6
41 111001110 6
52 111111111 a
63 111111111 a
74 011111011 7

06 100101111 6
17 111111111 a
20 111011110 7
31 111000010 4
42 101101101 6
53 110111111 8 match 4
64 111110011 7 match 5
75 001001101 4

07 111110111 8
10 011111111 8
21 111010010 5
32 001101101 5 match 3
43 110111111 8 match 4
54 111111011 8
65 111010101 6
76 000101111 5
[completion]
0 absent
1 absent
2 71
3 72 32
4 23 13 03 73 53 43
5 24 04 64
6 12 15
7 56 26

Left
none
Best: none

Right
56 45x
26 15 04 73 62x
Best: 26 15 04 73: 4
