[category]
matching
[prompt]
In Alice's Wonderland, secret processing rules are used on text.

x: not matched anywhere
y: matched but wrong position

0 11111111 a
1 10001100 3
2 00000111 3
3 00101101 4
4 00111111 6
5 10111110 6
6 11111011 7
7 11111101 7

01 10 10001011 4
12 21 00101010 3
23 32 00010010 2
34 43 10000001 2
45 54 01000110 3
56 65 11000101 4
67 76 11100111 6
70 07 01010110 4

02 20 10100001 3
13 31 00111000 3
24 42 10010011 4
35 53 11000111 5
46 64 10000011 3
57 75 00100010 2
60 06 10110001 4
71 17 11011101 6

03 30 10110011 5
14 41 10111001 5
25 52 11010101 5
36 63 00000010 1
47 74 01100100 3
50 05 01110100 4
61 16 00111010 4
72 27 11110111 7

04 40 00110010 3
15 51 11111111 a match 0
26 62 00010000 1
37 73 11100101 5
[completion]
0 15 51
1 absent
2 absent
3 absent
4 absent
5 absent
6 absent
7 absent

Left
15 26x
51 62x
Best: 15: 1

Right
none
Best: none
