[category]
matching
[prompt]
In Alice's Wonderland, secret processing rules are used on text.

x: not matched anywhere
y: matched but wrong position

0 1100011001 5
1 0000110001 3
2 1001001001 4
3 1001010110 5
4 1001101101 6
5 1011110110 7
6 1011111111 9
7 0011101110 6

01 1111101001 7
12 1111010110 7
23 1101111101 8
34 0111100110 6
45 1111111111 a
56 0011101110 6 match 7
67 1111011111 9
70 0110110111 7

02 1111011011 8
13 1101011111 8
24 1101101101 7
35 1111110111 9
46 1011111111 9 match 6
57 1111101110 8
60 1110111111 9
71 0110111001 6

03 1101011001 6
14 1101010110 6
25 1101111111 9
36 0011100110 5
47 1111111111 a
50 0110111110 7
61 1110111001 7
72 0110110011 6

04 1101001001 5
15 1101010111 7
26 1011101111 8
37 1111101110 8
40 1110111111 9
51 0110101101 6
62 1110011011 7
73 1100111001 6

05 1101011011 7
16 1011110110 7 match 5
27 1111101111 9
30 0111110110 7
41 1110111111 9
52 0110111110 7
63 1100011001 5 match 0
74 0101110001 5

06 1011101111 8
17 1111011110 8
20 1111111111 a
31 0111101111 8
42 1110111111 9
53 1110111101 8
64 1101011001 6
75 1101110011 7

07 1111001111 8
10 1111110110 8
21 1111101101 8
32 0111110110 7
43 1110111111 9
54 0111101100 6
65 1101011011 7
76 0011110111 7
[completion]
0 63
1 absent
2 absent
3 absent
4 absent
5 16
6 46
7 56

Left
63 74x
Best: 63: 1

Right
56 45x
Best: 56: 1
