[category]
matching
[prompt]
In Alice's Wonderland, secret processing rules are used on text.

x: not matched anywhere
y: matched but wrong position

0 00001010 2
1 10110011 5
2 10000000 1
3 00000000 a
4 00000000 a
5 00000000 a
6 00000000 a
7 01110110 5

01 00100100 2
12 01000000 1
23 00100101 3
34 10011000 3
45 00100100 2
56 00001000 1
67 01110011 5
70 10000000 1 match 2

02 01000000 1
13 01000000 1
24 10011001 4
35 10010000 2
46 00000100 1
57 00001011 3
60 10000001 2
71 00000000 a match 3 4 5 6

03 01100100 3
14 11011000 4
25 10110100 4
36 00001000 1
47 00100110 3
50 00001001 2
61 00100001 2
72 00000000 a match 3 4 5 6

04 01010000 2
15 11010000 3
26 00001100 2
37 00011010 3
40 00000000 a match 3 4 5 6
51 00000001 1
62 01000000 1
73 00000000 a match 3 4 5 6

05 01110100 4
16 00001000 1
27 00111111 6
30 10001000 2
41 00100100 2
52 00000000 a match 3 4 5 6
63 01100001 3
74 10000000 1 match 2

06 00000100 1
17 01011010 4
20 10001001 3
31 00000000 a match 3 4 5 6
42 00000000 a match 3 4 5 6
53 00000001 1
64 11010001 4
75 10000000 1 match 2

07 01110110 5 match 7
10 10001000 2
21 00100101 3
32 00000000 a match 3 4 5 6
43 00100100 2
54 00001001 2
65 11110000 4
76 00000000 a match 3 4 5 6
[completion]
0 absent
1 absent
2 70 74 75
3 71 72 40 73 52 31 42 32 76
4 71 72 40 73 52 31 42 32 76
5 71 72 40 73 52 31 42 32 76
6 71 72 40 73 52 31 42 32 76
7 07

Left
none
Best: none

Right
07 76 65x
Best: 07 76: 2
