[category]
matching
[prompt]
In Alice's Wonderland, secret processing rules are used on text.

x: not matched anywhere
y: matched but wrong position

0 0000000 a
1 0000011 2
2 1101100 4
3 1000100 2
4 1010111 5
5 1010100 3
6 1110010 4
7 1101101 5

01 10 1010100 3 match 5
12 21 1010000 2
23 32 1100000 2
34 43 0000000 a match 0
45 54 0000000 a match 0
56 65 0000000 a match 0
67 76 1000100 2 match 3
70 07 1000100 2 match 3

02 20 1010010 3
13 31 1000100 2 match 3
24 42 0000000 a match 0
35 53 0000001 1
46 64 0000000 a match 0
57 75 0000000 a match 0
60 06 1000100 2 match 3
71 17 1000100 2 match 3

03 30 1000101 3
14 41 0000000 a match 0
25 52 0000010 1
36 63 1101100 4 match 2
47 74 0000000 a match 0
50 05 0000011 2 match 1
61 16 1000100 2 match 3
72 27 1000000 1

04 40 0000000 a match 0
15 51 0000000 a match 0
26 62 1100000 2
37 73 1000100 2 match 3
[completion]
0 34 43 45 54 56 65 24 42 46 64 57 75 14 41 47 74 04 40 15 51
1 50 05
2 36 63
3 67 76 70 07 13 31 60 06 71 17 61 16 37 73
4 absent
5 01 10
6 absent
7 absent

Left
34 45y
43 54y
45 56y
54 65y
56 67y
65 76y
24 35x
42 53x
46 57y
64 75y
57 60y
75 06y
14 25x
41 52x
47 50 61y
74 05 16y
04 15y
40 51y
15 26x
51 62x
Best: 47 50: 2

Right
none
Best: none
