[category]
matching
[prompt]
In Alice's Wonderland, secret processing rules are used on text.

x: not matched anywhere
y: matched but wrong position

0 110111000 5
1 110111111 8
2 111100100 5
3 000010101 3
4 000011101 4
5 101000010 3
6 100110000 3
7 110011111 7

01 10 100011110 5
12 21 010011010 4
23 32 001100000 2
34 43 011101111 7
45 54 010010010 3
56 65 100111111 7
67 76 010011101 5
70 07 000111011 5

02 20 110000100 3
13 31 011111010 6
24 42 010001111 5
35 53 001111101 6
46 64 110101101 6
57 75 110100010 4
60 06 010100110 4
71 17 100100101 4

03 30 111100100 5 match 2
14 41 000010101 3 match 3
25 52 000011101 4 match 4
36 63 101000010 3 match 5
47 74 100110000 3 match 6
50 05 110011001 5
61 16 110111000 5 match 0
72 27 110111111 8 match 1

04 40 100001011 4
15 51 010000111 4
26 62 100100010 3
37 73 111011111 8
[completion]
0 61 16
1 72 27
2 03 30
3 14 41
4 25 52
5 36 63
6 47 74
7 absent

Left
61 72 03 14 25 36 47 50x
16 27 30 41 52 63 74 05x
Best: 61 72 03 14 25 36 47: 7

Right
none
Best: none
