[category]
matching
[prompt]
In Alice's Wonderland, secret processing rules are used on text.

x: not matched anywhere
y: matched but wrong position

0 01110101 5
1 11100011 5
2 11101010 5
3 10001011 4
4 00111010 4
5 10011010 4
6 00011001 3
7 01011100 4

01 11011110 6
12 10110111 6
23 01101100 4
34 10111111 7
45 01111101 6
56 11100011 5 match 1
67 11111101 7
70 10101111 6

02 11010111 6
13 01100101 4
24 11101110 6
35 10111111 7
46 01110111 6
57 11110011 6
60 10111101 6
71 11111110 7

03 01010110 4
14 10101111 6
25 01111100 5
36 11111111 a
47 01110101 5 match 0
50 11101011 6
61 11111110 7
72 10111111 7

04 11011110 6
15 00111101 5
26 01101111 6
37 11111111 a
40 11111101 7
51 11111011 7
62 10111111 7
73 11101110 6

05 01011110 5
16 01100111 5
27 01111101 6
30 10111111 7
41 11111111 a
52 11110011 6
63 11111100 6
74 10101110 5

06 01010111 5
17 01110101 5 match 0
20 11101101 6
31 11111111 a
42 11110111 7
53 11100011 5 match 1
64 10111110 6
75 10111110 6

07 01010111 5
10 10101101 5
21 11111110 7
32 10111111 7
43 01110101 5 match 0
54 11101011 6
65 10111100 5
76 11101111 7
[completion]
0 47 17 43
1 56 53
2 absent
3 absent
4 absent
5 absent
6 absent
7 absent

Left
47 50x
17 20x
43 54x
Best: 47: 1

Right
none
Best: none
