[category]
matching
[prompt]
In Alice's Wonderland, secret processing rules are used on text.

x: not matched anywhere
y: matched but wrong position

0 0000000 a
1 0000000 a
2 0000000 a
3 0000000 a
4 1100001 3
5 0110000 2
6 0000100 1
7 1000000 1

01 1001100 3
12 0000001 1
23 0010100 2
34 1000001 2
45 0110000 2 match 5
56 0000001 1
67 1010100 3
70 0000010 1

02 1001001 3
13 0010000 1
24 0000000 a match 0 1 2 3
35 0100000 1
46 0100000 1
57 1000100 2
60 0000010 1
71 0001010 2

03 0011100 3
14 0000001 1
25 0110000 2 match 5
36 0100001 2
47 0110100 3
50 0000000 a match 0 1 2 3
61 1001110 4
72 0001011 3

04 1001001 3
15 0110000 2 match 5
26 0100000 1
37 1100000 2
40 0000000 a match 0 1 2 3
51 1001100 3
62 1001010 3
73 0001010 2

05 0110000 2 match 5
16 0100001 2
27 0110100 3
30 0000000 a match 0 1 2 3
41 0000100 1 match 6
52 1001001 3
63 0011110 4
74 0001011 3

06 0100001 2
17 0110000 2 match 5
20 0000000 a match 0 1 2 3
31 1000000 1 match 7
42 0000000 a match 0 1 2 3
53 0001100 2
64 1001010 3
75 0000010 1

07 1110100 4
10 0000000 a match 0 1 2 3
21 0000100 1 match 6
32 1000001 2
43 0010100 2
54 1001001 3
65 0010010 2
76 0000001 1
[completion]
0 24 50 40 30 20 42 10
1 24 50 40 30 20 42 10
2 24 50 40 30 20 42 10
3 24 50 40 30 20 42 10
4 absent
5 45 25 15 05 17
6 41 21
7 31

Left
24 35x
50 61x
40 51x
30 41y
20 31y
42 53x
10 21y
Best: 24: 1

Right
31 20y
Best: 31: 1
