[category]
matching
[prompt]
In Alice's Wonderland, secret processing rules are used on text.

x: not matched anywhere
y: matched but wrong position

0 000010010 2
1 010011011 5
2 001001001 3
3 111010110 6
4 001000100 2
5 110100101 5
6 010001010 3
7 111100111 7

01 110010010 4
12 001000000 1
23 100100101 4
34 000001000 1
45 111100101 6
56 000000000 a
67 010010010 3
70 000001001 2

02 001010010 3
13 001000100 2 match 4
24 000000000 a
35 010001000 2
46 101100100 4
57 000010010 2 match 0
60 000001001 2
71 000001001 2

03 101010100 4
14 000000000 a
25 110100101 5 match 5
36 000000000 a
47 110100110 5
50 000000000 a
61 010011011 5 match 1
72 001001000 2

04 000010000 1
15 001000100 2 match 4
26 100100100 3
37 010000010 2
40 000100001 2
51 000010010 2 match 0
62 000011010 3
73 001000001 2

05 111000100 4
16 001000100 2 match 4
27 110100100 4
30 000001000 1
41 110100011 5
52 000010010 2 match 0
63 000010001 2
74 000001000 1

06 101000100 3
17 000000100 1
20 000100001 2
31 010001010 3 match 6
42 001000010 2
53 000010000 1
64 000011000 2
75 001001001 3 match 2

07 110010110 5
10 000000000 a
21 110100001 4
32 000001010 2
43 101100101 5
54 000010000 1
65 010001001 3
76 001000000 1
[completion]
0 57 51 52
1 61
2 75
3 absent
4 13 15 16
5 25
6 31
7 absent

Left
57 60x
51 62x
52 63x
Best: 57: 1

Right
none
Best: none
