[category]
matching
[prompt]
In Alice's Wonderland, secret processing rules are used on text.

x: not matched anywhere
y: matched but wrong position

0 01001011 4
1 00110010 3
2 01111111 7
3 11011100 5
4 01001011 4
5 11111111 a
6 11111111 a
7 11111111 a

01 00111011 5
12 00100101 3
23 01000010 2
34 10010001 3
45 00100101 3
56 11101000 4
67 01101000 3
70 01101000 3

02 11100001 4
13 10011000 3
24 00101100 3
35 01001011 4 match 0 4
46 00110010 3 match 1
57 01111111 7 match 2
60 11111111 a match 5 6 7
71 10101100 4

03 01011100 4
14 11110110 6
25 11110110 6
36 01011100 4
47 10100101 4
50 11101000 4
61 00111011 5
72 01110110 5

04 00110010 3 match 1
15 00101100 3
26 11100001 4
37 11001011 5
40 00110010 3 match 1
51 00101100 3
62 11100001 4
73 11001011 5

05 11101000 4
16 00111011 5
27 01110110 5
30 01011100 4
41 11110110 6
52 11110110 6
63 01011100 4
74 10100101 4

06 11111111 a match 5 6 7
17 10101100 4
20 11100001 4
31 10011000 3
42 00101100 3
53 01001011 4 match 0 4
64 00110010 3 match 1
75 01111111 7 match 2

07 01101000 3
10 00111011 5
21 00100101 3
32 01000010 2
43 10010001 3
54 00100101 3
65 11101000 4
76 01101000 3
[completion]
0 35 53
1 46 04 40 64
2 57 75
3 absent
4 35 53
5 60 06
6 60 06
7 60 06

Left
35 46 57 60y
53 64 75 06y
Best: 35 46 57: 3

Right
60 57y
06 75y
Best: 60: 1
