[category]
matching
[prompt]
In Alice's Wonderland, secret processing rules are used on text.

x: not matched anywhere
y: matched but wrong position

0 110111011 7
1 101101100 5
2 011110001 5
3 101000110 4
4 101110010 5
5 000000000 a
6 000000000 a
7 010110001 4

01 111111111 a
12 110111101 7
23 001010110 4
34 110111011 7 match 0
45 101101110 6
56 011111001 6
67 111001111 7
70 101111110 7

02 110111101 7
13 011110100 5
24 011010011 5
35 110111111 8
46 111111101 8
57 011111101 7
60 101001110 5
71 101111111 8

03 011110101 6
14 010110011 5
25 101011110 6
36 110111011 7 match 0
47 111101101 7
50 111111111 a
61 101001111 6
72 111111111 a

04 010110011 5
15 110111110 7
26 011111011 7
37 110111111 8
40 101101110 6
51 111111111 a
62 111101111 8
73 101110110 6

05 110111111 8
16 010111001 5
27 011011111 7
30 111111111 a
41 101101111 7
52 111111101 8
63 101000110 4 match 3
74 111110011 7

06 010111001 5
17 010111101 6
20 101011110 6
31 111111111 a
42 111101101 7
53 011110101 6
64 111010111 7
75 101111110 7

07 010111101 6
10 111111110 8
21 101011111 7
32 110111111 8
43 101101100 5 match 1
54 011110011 6
65 101001110 5
76 111111011 8
[completion]
0 34 36
1 43
2 absent
3 63
4 absent
5 absent
6 absent
7 absent

Left
34 45x
36 47x
Best: 34: 1

Right
none
Best: none
