[category]
matching
[prompt]
In Alice's Wonderland, secret processing rules are used on text.

x: not matched anywhere
y: matched but wrong position

0 0000100 1
1 1100110 4
2 1011000 3
3 0100100 2
4 0101001 3
5 0111011 5
6 0010110 3
7 1111100 5

01 10 1111100 5 match 7
12 21 1100110 4 match 1
23 32 1111110 6
34 43 1111100 5 match 7
45 54 0101101 4
56 65 0111011 5 match 5
67 76 0111111 6
70 07 1111110 6

02 20 1111110 6
13 31 1011100 4
24 42 1100110 4 match 1
35 53 1111001 5
46 64 0111111 6
57 75 0111111 6
60 06 1111111 a
71 17 0010110 3 match 6

03 30 1111100 5 match 7
14 41 0100100 2 match 3
25 52 1101111 6
36 63 1111011 6
47 74 0110110 4
50 05 1111101 6
61 16 0111111 6
72 27 1110110 5

04 40 1111100 5 match 7
15 51 0101101 4
26 62 1111111 a
37 73 1011110 5
[completion]
0 absent
1 12 21 24 42
2 absent
3 14 41
4 absent
5 56 65
6 71 17
7 01 10 34 43 03 30 04 40

Left
none
Best: none

Right
01 70x
10 07x
34 23x
43 32x
03 72x
30 27x
04 73x
40 37x
Best: 01: 1
