[category]
matching
[prompt]
In Alice's Wonderland, secret processing rules are used on text.

x: not matched anywhere
y: matched but wrong position

0 001111101 6
1 001010100 3
2 010000001 2
3 100000001 2
4 111110010 6
5 000000000 a
6 000000000 a
7 000101000 2

01 000101100 3
12 000010010 2
23 100000000 1
34 000101001 3
45 001010100 3 match 1
56 010000000 1
67 000000001 1
70 111000000 3

02 000010110 3
13 000000010 1
24 100101001 4
35 001111100 5
46 001010100 3 match 1
57 000000001 1
60 100000001 2 match 3
71 111100000 4

03 000000010 1
14 000000011 2
25 100101000 3
36 001111100 5
47 000000100 1
50 010000001 2 match 2
61 100000000 1
72 011010010 4

04 000101010 3
15 000010010 2
26 000101000 2 match 7
37 000001101 3
40 001000000 1
51 010000000 1
62 000000000 a match 5 6
73 110000010 3

05 000111110 5
16 000010010 2
27 000001001 2
30 001000001 2
41 001000100 2
52 010000000 1
63 100000000 1
74 110100010 4

06 000111110 5
17 000000001 1
20 100000001 2 match 3
31 001101100 4
42 001010100 3 match 1
53 010000000 1
64 100000001 2 match 3
75 101110010 5

07 000001100 2
10 000000001 1
21 100101000 3
32 001010100 3 match 1
43 000000000 a match 5 6
54 010000001 2 match 2
65 100000000 1
76 011110010 5
[completion]
0 absent
1 45 46 42 32
2 50 54
3 60 20 64
4 absent
5 62 43
6 62 43
7 26

Left
none
Best: none

Right
26 15x
Best: 26: 1
