[category]
matching
[prompt]
In Alice's Wonderland, secret processing rules are used on text.

x: not matched anywhere
y: matched but wrong position

0 1010001 3
1 0111111 6
2 1111111 a
3 1011111 6
4 1110011 5
5 1101111 6
6 1111010 5
7 1011111 6

01 0000110 2
12 1001001 3
23 1110100 4
34 1001010 3
45 1100001 3
56 1001000 2
67 1000110 3
70 0011110 4

02 0110000 2
13 1000010 2
24 1000001 2
35 1010100 3
46 1010110 4
57 1110001 4
60 0100111 4
71 1100111 5

03 0111011 5
14 1110111 6
25 1011111 6 match 3 7
36 1100011 4
47 1101111 6 match 5
50 0010000 1
61 1011110 5
72 1010001 3 match 0

04 0001110 3
15 1101001 4
26 1101000 3
37 1011010 4
40 0001110 3
51 1101001 4
62 1101000 3
73 1011010 4

05 0010000 1
16 1011110 5
27 1010001 3 match 0
30 0111011 5
41 1110111 6
52 1011111 6 match 3 7
63 1100011 4
74 1101111 6 match 5

06 0100111 4
17 1100111 5
20 0110000 2
31 1000010 2
42 1000001 2
53 1010100 3
64 1010110 4
75 1110001 4

07 0011110 4
10 0000110 2
21 1001001 3
32 1110100 4
43 1001010 3
54 1100001 3
65 1001000 2
76 1000110 3
[completion]
0 72 27
1 absent
2 absent
3 25 52
4 absent
5 47 74
6 absent
7 25 52

Left
72 03x
27 30x
Best: 72: 1

Right
25 14x
52 41x
Best: 25: 1
