[category]
matching
[prompt]
In Alice's Wonderland, secret processing rules are used on text.

x: not matched anywhere
y: matched but wrong position

0 11111001 6
1 10001110 4
2 00000000 a
3 00000000 a
4 00000000 a
5 00000000 a
6 00001111 4
7 00111100 4

01 00000011 2
12 00111000 3
23 00000000 a match 2 3 4 5
34 00100000 1
45 00000001 1
56 00000110 2
67 01110001 4
70 10000000 1

02 00101011 4
13 00001000 1
24 00000000 a match 2 3 4 5
35 00000001 1
46 00000110 2
57 00110000 2
60 11010000 3
71 10000010 2

03 00001000 1
14 00100000 1
25 00000000 a match 2 3 4 5
36 00000110 2
47 00010001 2
50 10010000 2
61 11000001 3
72 10001010 3

04 00100000 1
15 00000000 a match 2 3 4 5
26 00000100 1
37 00110001 3
40 10010000 2
51 10000010 2
62 11111001 6 match 0
73 00001000 1

05 00000001 1
16 00000100 1
27 00000000 a match 2 3 4 5
30 10010000 2
41 10000011 3
52 10111010 5
63 01001000 2
74 00000000 a match 2 3 4 5

06 00000110 2
17 00110000 2
20 00000000 a match 2 3 4 5
31 10000011 3
42 10011011 5
53 00001000 1
64 01100000 2
75 00000000 a match 2 3 4 5

07 00100001 2
10 00010000 1
21 00000000 a match 2 3 4 5
32 10110011 5
43 00001000 1
54 00100000 1
65 01000001 2
76 00000110 2
[completion]
0 62
1 absent
2 23 24 25 15 27 74 20 75 21
3 23 24 25 15 27 74 20 75 21
4 23 24 25 15 27 74 20 75 21
5 23 24 25 15 27 74 20 75 21
6 absent
7 absent

Left
62 73x
Best: 62: 1

Right
none
Best: none
