[category]
matching
[prompt]
In Alice's Wonderland, secret processing rules are used on text.

x: not matched anywhere
y: matched but wrong position

0 11100010 4
1 11000111 5
2 00100101 3
3 11111010 6
4 10111111 7
5 01011111 6
6 11101111 7
7 00011000 2

01 10100101 4
12 01011110 5
23 11101111 7 match 6
34 10111111 7 match 4
45 01111101 6
56 11111010 6 match 3
67 10011111 6
70 01111011 6

02 10110100 4
13 11111111 a
24 11101111 7 match 6
35 00111101 5
46 11111010 6 match 3
57 11011111 7
60 01011111 6 match 5
71 11100001 4

03 11100111 6
14 11111111 a
25 11101111 7 match 6
36 11111010 6 match 3
47 11011111 7
50 11011011 6
61 10100101 4
72 01110000 3

04 10100111 5
15 01111111 7
26 11111111 a
37 10011111 6
40 01011011 5
51 11111011 7
62 00010101 3
73 11100111 6

05 10100101 4
16 11111110 7
27 11111111 a
30 01011011 5
41 11111001 6
52 11011010 5
63 11100111 6
74 11100111 6

06 11111110 7
17 11011111 7
20 11111111 a
31 10111001 5
42 01011000 3
53 11111111 a
64 10100111 5
75 01100101 4

07 10111111 7 match 4
10 01011111 6 match 5
21 11101111 7 match 6
32 00011000 2 match 7
43 11111111 a
54 11111111 a
65 00100101 3 match 2
76 11111010 6 match 3
[completion]
0 absent
1 absent
2 65
3 56 46 36 76
4 34 07
5 60 10
6 23 24 25 21
7 32

Left
none
Best: none

Right
32 21 10 07 76 65 54x
Best: 32 21 10 07 76 65: 6
