[category]
matching
[prompt]
In Alice's Wonderland, secret processing rules are used on text.

x: not matched anywhere
y: matched but wrong position

0 00000000 a
1 10001010 3
2 01100000 2
3 00010011 3
4 00001000 1
5 00000001 1
6 00001100 2
7 01100111 5

01 00001000 1 match 4
12 01100010 3
23 00000101 2
34 00000010 1
45 00101000 2
56 01010001 3
67 10001010 3 match 1
70 00000000 a match 0

02 00001000 1 match 4
13 01100101 4
24 00000101 2
35 00001000 1 match 4
46 01100000 2 match 2
57 11010010 4
60 10000010 2
71 00000000 a match 0

03 00000101 2
14 00000111 3
25 00000100 1
36 00000000 a match 0
47 11101000 4
50 11010010 4
61 10001000 2
72 00000000 a match 0

04 00000101 2
15 00100100 2
26 00000101 2
37 10001010 3 match 1
40 11100000 3
51 10010000 2
62 10001010 3 match 1
73 00000001 1 match 5

05 00001100 2 match 6
16 01100101 4
27 00000100 1
30 10000010 2
41 10001000 2
52 11010010 4
63 00000000 a match 0
74 00000001 1 match 5

06 00000101 2
17 01100110 4
20 00000000 a match 0
31 10001000 2
42 11101000 4
53 01010001 3
64 00000010 1
75 00000000 a match 0

07 00001100 2 match 6
10 01100010 3
21 00000000 a match 0
32 10001010 3 match 1
43 01100000 2 match 2
54 00010011 3 match 3
65 00001000 1 match 4
76 00000001 1 match 5
[completion]
0 70 71 36 72 63 20 75 21
1 67 37 62 32
2 46 43
3 54
4 01 02 35 65
5 73 74 76
6 05 07
7 absent

Left
70 01y
71 02y
36 47x
72 03x
63 74y
20 31x
75 06x
21 32 43 54 65 76 07 10x
Best: 21 32 43 54 65 76 07: 7

Right
none
Best: none
