[category]
matching
[prompt]
In Alice's Wonderland, secret processing rules are used on text.

x: not matched anywhere
y: matched but wrong position

0 0111000100 4
1 1110001011 6
2 1011111101 8
3 1111111101 9
4 1000101011 5
5 0011011111 7
6 0110001111 6
7 1100010011 5

01 1011111111 9
12 0111101111 8
23 1100111011 7
34 1111110111 9
45 1110001011 6 match 1
56 1011111111 9
67 1111111101 9 match 3
70 1100101011 6

02 0011111111 8
13 0110111111 8
24 1101110111 8
35 1111000111 7
46 1110001011 6 match 1
57 1111111101 9 match 3
60 1111111101 9 match 3
71 1001111011 7

03 0011111111 8
14 0111111111 9
25 1100010011 5 match 7
36 1111000111 7
47 1111011111 9
50 1111111101 9 match 3
61 1111111101 9 match 3
72 1011101111 8

04 0011111111 8
15 0110001111 6 match 6
26 1100010011 5 match 7
37 1111010111 8
40 1110101011 7
51 1011111101 8 match 2
62 1111111101 9 match 3
73 1000111011 6

05 0111011111 8
16 0110001111 6 match 6
27 1111010111 8
30 1111100111 8
41 1111111011 9
52 1011111101 8 match 2
63 1111111101 9 match 3
74 1001111111 8

06 0011011111 7 match 5
17 0111011111 8
20 1100110011 6
31 1111110111 9
42 1111101111 9
53 1011111101 8 match 2
64 1111111101 9 match 3
75 1100101011 6

07 0111011111 8
10 1110101111 8
21 1101110011 7
32 1111101111 9
43 1110111011 8
54 1011111101 8 match 2
65 1111111111 a
76 1000101011 5 match 4
[completion]
0 absent
1 45 46
2 51 52 53 54
3 67 57 60 50 61 62 63 64
4 76
5 06
6 15 16
7 25 26

Left
none
Best: none

Right
25 14x
26 15 04x
Best: 26 15: 2
