[category]
matching
[prompt]
In Alice's Wonderland, secret processing rules are used on text.

x: not matched anywhere
y: matched but wrong position

0 0110001000 3
1 0001111101 6
2 1111111011 9
3 1111011010 7
4 1111001000 5
5 1011111101 8
6 1001100111 6
7 1111111101 9

01 0100111101 6
12 0100100101 4
23 1011110010 6
34 1101110110 7
45 0010000110 3
56 1101110101 7
67 1100000111 5
70 0101101000 4

02 1111100111 8
13 0000101000 2
24 1001111011 7
35 0000001111 4
46 0000001100 2
57 1110001101 6
60 0110010000 3
71 1110101010 6

03 1011101010 6
14 0010100001 3
25 0100000010 2
36 0010000101 3
47 0011110100 5
50 0100011010 4
61 1101010010 5
72 0101110000 4

04 1001100011 5
15 1111011000 6
26 0110001000 3 match 0
37 0001111101 6 match 1
40 1001100011 5
51 1111011000 6
62 0110001000 3 match 0
73 0001111101 6 match 1

05 0100011010 4
16 1101010010 5
27 0101110000 4
30 1011101010 6
41 0010100001 3
52 0100000010 2
63 0010000101 3
74 0011110100 5

06 0110010000 3
17 1110101010 6
20 1111100111 8
31 0000101000 2
42 1001111011 7
53 0000001111 4
64 0000001100 2
75 1110001101 6

07 0101101000 4
10 0100111101 6
21 0100100101 4
32 1011110010 6
43 1101110110 7
54 0010000110 3
65 1101110101 7
76 1100000111 5
[completion]
0 26 62
1 37 73
2 absent
3 absent
4 absent
5 absent
6 absent
7 absent

Left
26 37 40x
62 73 04x
Best: 26 37: 2

Right
none
Best: none
