[category]
matching
[prompt]
In Alice's Wonderland, secret processing rules are used on text.

x: not matched anywhere
y: matched but wrong position

0 0000010101 3
1 0000000000 a
2 0000000000 a
3 0000000000 a
4 0000000000 a
5 0000000000 a
6 0000000000 a
7 0000000000 a

01 0000011000 2
12 0010000111 4
23 1100000000 2
34 0001000101 3
45 0010010000 2
56 1000000010 2
67 0001100000 2
70 0100000100 2

02 0010001011 4
13 1010000000 2
24 1100000000 2
35 0000010101 3 match 0
46 0000000010 1
57 1001100010 4
60 0001100100 3
71 0100011000 3

03 1010001000 3
14 1000000101 3
25 0100010000 2
36 0000000010 1
47 0000100010 2
50 0001100000 2
61 0001110000 3
72 0010001101 4

04 1000001001 3
15 0010000101 3
26 1100000000 2
37 0001100010 3
40 0000100000 1
51 0001100000 2
62 0011000101 4
73 0110001000 3

05 0010011001 4
16 1000000010 2
27 1000100000 2
30 0001100100 3
41 0000110000 2
52 0001000010 2
63 0010000000 1
74 0100001101 4

06 1000001010 3
17 1000000010 2
20 0100100000 2
31 0001110000 3
42 0010000010 2
53 1000000000 1
64 0001000101 3
75 0110011101 6

07 1000000010 2
10 0000000100 1
21 0100110000 3
32 0001000111 4
43 0010000000 1
54 1001000000 2
65 0010010101 4
76 0100001000 2
[completion]
0 35
1 absent
2 absent
3 absent
4 absent
5 absent
6 absent
7 absent

Left
35 46x
Best: 35: 1

Right
none
Best: none
