[category]
matching
[prompt]
In Alice's Wonderland, secret processing rules are used on text.

x: not matched anywhere
y: matched but wrong position

0 100100000 2
1 001100001 3
2 001100000 2
3 001100000 2
4 010000000 1
5 001100000 2
6 000000101 2
7 001110001 4

01 000000011 2
12 100001000 2
23 001100000 2 match 2 3 5
34 010000100 2
45 100000010 2
56 000000000 a
67 001010101 4
70 100000000 1

02 000000011 2
13 101101000 4
24 010000100 2
35 010000000 1 match 4
46 100000010 2
57 001010101 4
60 000010100 2
71 000000000 a

03 001100010 3
14 010001000 2
25 010000000 1 match 4
36 010000000 1 match 4
47 001010011 4
50 000010100 2
61 000010101 3
72 100000000 1

04 000000000 a
15 110001000 3
26 010000000 1 match 4
37 010000101 3
40 100010000 2
51 000010101 3
62 000010001 2
73 100100000 2 match 0

05 000000010 1
16 110001000 3
27 011000100 3
30 010000100 2
41 000010011 3
52 000010001 2
63 001110000 3
74 000000000 a

06 000000010 1
17 011001000 3
20 010000100 2
31 000000101 2 match 6
42 100010011 4
53 001110000 3
64 000000100 1
75 100000000 1

07 001000011 3
10 110001000 3
21 000000100 1
32 000000001 1
43 101110010 5
54 000000100 1
65 000000000 a
76 100000000 1
[completion]
0 73
1 absent
2 23
3 23
4 35 25 36 26
5 23
6 31
7 absent

Left
73 04x
Best: 73: 1

Right
none
Best: none
