[category]
matching
[prompt]
In Alice's Wonderland, secret processing rules are used on text.

x: not matched anywhere
y: matched but wrong position

0 0101110 4
1 0001110 3
2 1110111 6
3 0110110 4
4 1010111 5
5 0001010 2
6 1111111 a
7 0101011 4

01 1110111 6 match 2
12 0111110 5
23 1011111 6
34 0101010 3
45 1111111 a match 6
56 0001011 3
67 1111110 6
70 0101111 5

02 1110110 5
13 1011111 6
24 1001011 4
35 1111111 a match 6
46 1111111 a match 6
57 1011010 4
60 1111111 a match 6
71 1110111 6 match 2

03 1010111 5 match 4
14 0001010 2 match 5
25 1111111 a match 6
36 0101011 4 match 7
47 1111111 a match 6
50 0101011 4 match 7
61 1110111 6 match 2
72 0110111 5

04 1010110 4
15 1111111 a match 6
26 1001011 4
37 1111010 5
40 1111111 a match 6
51 1110111 6 match 2
62 1110110 5
73 1110111 6 match 2

05 1111111 a match 6
16 0001011 3
27 1011011 5
30 0101011 4 match 7
41 1111111 a match 6
52 0110110 4 match 3
63 1110111 6 match 2
74 0100111 4

06 1011111 6
17 1011010 4
20 1101011 5
31 1111111 a match 6
42 1111111 a match 6
53 1010111 5 match 4
64 1110110 5
75 1111111 a match 6

07 1011110 5
10 0101011 4 match 7
21 1111111 a match 6
32 0111110 5
43 1111111 a match 6
54 0000010 1
65 1111111 a match 6
76 0101111 5
[completion]
0 absent
1 absent
2 01 71 61 51 73 63
3 52
4 03 53
5 14
6 45 35 46 60 25 47 15 40 05 41 31 42 75 21 43 65
7 36 50 30 10

Left
none
Best: none

Right
36 25 14 03 72x
50 47 36y
30 27x
10 07x
Best: 36 25 14 03: 4
