[category]
matching
[prompt]
In Alice's Wonderland, secret processing rules are used on text.

x: not matched anywhere
y: matched but wrong position

0 110000000 2
1 101110111 7
2 100110010 4
3 110101000 4
4 000000000 a
5 000000000 a
6 000000000 a
7 001011000 3

01 001000000 1
12 010001100 3
23 001010011 4
34 000100000 1
45 010000000 1
56 001000101 3
67 000010010 2
70 110100000 3

02 000001000 1
13 000011111 5
24 001110011 5
35 010000000 1
46 010000000 1
57 001010111 5
60 100100010 3
71 100100000 2

03 001011000 3 match 7
14 000011111 5
25 000000000 a match 4 5 6
36 010000000 1
47 000000000 a match 4 5 6
50 100100111 5
61 100100000 2
72 110001000 3

04 001011000 3 match 7
15 010001000 2
26 001000001 2
37 000000000 a match 4 5 6
40 110000000 2 match 0
51 101100000 3
62 100000000 1
73 100001000 2

05 000001000 1
16 010001101 4
27 001010011 4
30 010100000 2
41 100000000 1
52 100000100 2
63 100010010 3
74 000101000 2

06 001001000 2
17 000010111 4
20 000100011 3
31 000100000 1
42 110000000 2 match 0
53 101010111 6
64 000110010 3
75 010001000 2

07 001010000 2
10 010000111 4
21 001100000 2
32 010000000 1
43 100000000 1
54 001110111 6
65 000000000 a match 4 5 6
76 010001000 2
[completion]
0 40 42
1 absent
2 absent
3 absent
4 25 47 37 65
5 25 47 37 65
6 25 47 37 65
7 03 04

Left
40 51x
42 53x
Best: 40: 1

Right
03 72x
04 73x
Best: 03: 1
