[category]
matching
[prompt]
In Alice's Wonderland, secret processing rules are used on text.

x: not matched anywhere
y: matched but wrong position

0 0000000 a
1 0000000 a
2 0000000 a
3 0000000 a
4 0000000 a
5 0000000 a
6 1101010 4
7 1111011 6

01 0000000 a match 0 1 2 3 4 5
12 0011001 3
23 0000010 1
34 1000000 1
45 0100101 3
56 0001000 1
67 0000000 a match 0 1 2 3 4 5
70 0010000 1

02 0001000 1
13 0011011 4
24 1000010 2
35 1100000 2
46 0001101 3
57 0001000 1
60 0010000 1
71 0000000 a match 0 1 2 3 4 5

03 0001010 2
14 1010010 3
25 1100000 2
36 0000000 a match 0 1 2 3 4 5
47 0001101 3
50 0010000 1
61 0000000 a match 0 1 2 3 4 5
72 0010000 1

04 1000010 2
15 1100001 3
26 0000000 a match 0 1 2 3 4 5
37 0000000 a match 0 1 2 3 4 5
40 0000101 2
51 0000000 a match 0 1 2 3 4 5
62 0010000 1
73 0010010 2

05 1100000 2
16 0001001 2
27 0000000 a match 0 1 2 3 4 5
30 0000000 a match 0 1 2 3 4 5
41 0000100 1
52 0011000 2
63 0010010 2
74 1010010 3

06 0001000 1
17 0001001 2
20 0000000 a match 0 1 2 3 4 5
31 0000000 a match 0 1 2 3 4 5
42 0001101 3
53 0011010 3
64 1010010 3
75 1100000 2

07 0001000 1
10 0010001 2
21 0000000 a match 0 1 2 3 4 5
32 0000000 a match 0 1 2 3 4 5
43 0001101 3
54 0010010 2
65 1100000 2
76 0000000 a match 0 1 2 3 4 5
[completion]
0 01 67 71 36 61 26 37 51 27 30 20 31 21 32 76
1 01 67 71 36 61 26 37 51 27 30 20 31 21 32 76
2 01 67 71 36 61 26 37 51 27 30 20 31 21 32 76
3 01 67 71 36 61 26 37 51 27 30 20 31 21 32 76
4 01 67 71 36 61 26 37 51 27 30 20 31 21 32 76
5 01 67 71 36 61 26 37 51 27 30 20 31 21 32 76
6 absent
7 absent

Left
01 12x
67 70x
71 02x
36 47x
61 72x
26 37 40x
37 40x
51 62x
27 30 41x
30 41x
20 31 42x
31 42x
21 32 43x
32 43x
76 07x
Best: 26 37: 2

Right
none
Best: none
