[category]
matching
[prompt]
In Alice's Wonderland, secret processing rules are used on text.

x: not matched anywhere
y: matched but wrong position

0 0000101 2
1 0010011 3
2 1101011 5
3 1111111 a
4 0101100 3
5 0111111 6
6 1111100 5
7 1011111 6

01 1111001 5
12 1011111 6 match 7
23 1111110 6
34 0111011 5
45 1101111 6
56 1111111 a match 3
67 0101100 3 match 4
70 1010111 5

02 1111011 6
13 1011111 6 match 7
24 0111111 6 match 5
35 0101011 4
46 1111111 a match 3
57 1111100 5 match 6
60 0010110 3
71 1110011 5

03 1111111 a match 3
14 0011111 5
25 0101111 5
36 1111111 a match 3
47 1101100 4
50 1011110 5
61 1110000 3
72 1010011 4

04 1111011 6
15 0101111 5
26 1111111 a match 3
37 0101101 4
40 1111110 6
51 1111100 5 match 6
62 1010011 4
73 1010111 5

05 1101011 5 match 2
16 1111111 a match 3
27 0101100 3 match 4
30 0111111 6 match 5
41 1111100 5 match 6
52 1011111 6 match 7
63 1010110 4
74 1010011 4

06 1111111 a match 3
17 0101111 5
20 0111110 5
31 1111001 5
42 1111111 a match 3
53 1011110 5
64 0010011 3 match 1
75 1110011 5

07 1101101 5
10 0011111 5
21 1111100 5 match 6
32 1111011 6
43 1111110 6
54 1011111 6 match 7
65 0100011 3
76 1111111 a match 3
[completion]
0 absent
1 64
2 05
3 56 46 03 36 26 16 06 42 76
4 67 27
5 24 30
6 57 51 41 21
7 12 13 52 54

Left
none
Best: none

Right
12 01x
13 02x
52 41 30 27 16 05 74x
54 43x
Best: 52 41 30 27 16 05: 6
