[category]
matching
[prompt]
In Alice's Wonderland, secret processing rules are used on text.

x: not matched anywhere
y: matched but wrong position

0 0000001 1
1 0000000 a
2 1001010 3
3 1111000 4
4 0000000 a
5 1111100 5
6 1100110 4
7 1110101 5

01 1111101 6
12 1101110 5
23 1111111 a
34 1111111 a
45 0010101 3
56 1101111 6
67 1111100 5 match 5
70 0101011 4

02 1111110 6
13 1111110 6
24 1111111 a
35 0110101 4
46 0000111 3
57 1111111 a
60 1111011 6
71 0111011 5

03 1111110 6
14 1111110 6
25 1110101 5 match 7
36 0100111 4
47 1010101 4
50 1101111 6
61 1111001 5
72 0101011 4

04 1111110 6
15 1110110 5
26 1110111 6
37 1110101 5 match 7
40 0000111 3
51 1111111 a
62 1111010 5
73 1111011 6

05 1111100 5 match 5
16 1100111 5
27 1110101 5 match 7
30 0100111 4
41 0011101 4
52 1101111 6
63 1111010 5
74 1111011 6

06 1111111 a
17 1110110 5
20 1110111 6
31 0111101 5
42 0001111 4
53 1111111 a
64 1111010 5
75 0111011 5

07 1111100 5 match 5
10 1100111 5
21 1111101 6
32 0101111 5
43 1011111 6
54 1111111 a
65 1111000 4 match 3
76 0101111 5
[completion]
0 absent
1 absent
2 absent
3 65
4 absent
5 67 05 07
6 absent
7 25 37 27

Left
none
Best: none

Right
25 14x
37 26x
27 16x
Best: 25: 1
