[category]
matching
[prompt]
In Alice's Wonderland, secret processing rules are used on text.

x: not matched anywhere
y: matched but wrong position

0 011100111 6
1 110101110 6
2 011111110 7
3 111110011 7
4 111101110 7
5 001111111 7
6 110110011 6
7 011011110 6

01 110100111 6
12 111011101 7
23 000111111 6
34 111110111 8
45 011001110 5
56 100110011 5
67 111011110 7
70 111111001 7

02 111110111 8
13 011111101 7
24 110111111 8
35 111001110 6
46 101101111 7
57 101110111 7
60 111011111 8
71 110111011 7

03 010111111 7
14 111111101 8
25 011101110 6
36 111100111 7
47 101001110 5
50 101111011 7
61 111111111 a
72 111111001 7

04 110110111 7
15 011011100 5
26 100101111 6
37 111000110 5
40 101011111 7
51 100110011 5
62 111011111 8
73 010111001 5

05 011101110 6
16 111111101 8
27 101101110 6
30 111011111 8
41 101101111 7
52 111110011 7 match 3
63 011111111 8
74 110111001 6

06 110100111 6
17 111011110 7
20 101111111 8
31 111100111 7
42 111011111 8
53 100111011 6
64 111111111 a
75 011111101 7

07 111100110 6
10 111011101 7
21 100101111 6
32 111010111 7
43 001111111 7 match 5
54 110110011 6 match 6
65 011011110 6 match 7
76 110111001 6
[completion]
0 absent
1 absent
2 absent
3 52
4 absent
5 43
6 54
7 65

Left
none
Best: none

Right
65 54 43 32x
Best: 65 54 43: 3
