[category]
matching
[prompt]
In Alice's Wonderland, secret processing rules are used on text.

x: not matched anywhere
y: matched but wrong position

0 0011110 4
1 1111110 6
2 0010000 1
3 0001000 1
4 1101000 3
5 1010101 4
6 0111000 3
7 0011110 4

01 10 1111011 6
12 21 0111110 5
23 32 1111110 6 match 1
34 43 1111110 6 match 1
45 54 0011000 2
56 65 1101000 3 match 4
67 76 1101110 5
70 07 1111111 a

02 20 1111111 a
13 31 1111110 6 match 1
24 42 0011110 4 match 0 7
35 53 1111110 6 match 1
46 64 1111000 4
57 75 0101110 4
60 06 1111011 6
71 17 0111110 5

03 30 1111111 a
14 41 0111000 3 match 6
25 52 0011110 4 match 0 7
36 63 1111110 6 match 1
47 74 0111110 5
50 05 1111011 6
61 16 1111000 4
72 27 0111110 5

04 40 1111011 6
15 51 0111000 3 match 6
26 62 1111110 6 match 1
37 73 1111110 6 match 1
[completion]
0 24 42 25 52
1 23 32 34 43 13 31 35 53 36 63 26 62 37 73
2 absent
3 absent
4 56 65
5 absent
6 14 41 15 51
7 24 42 25 52

Left
24 35 46x
42 53 64x
25 36 47x
52 63 74x
Best: 24 35: 2

Right
24 13y
42 31y
25 14 03x
52 41 30x
Best: 25 14: 2
