[category]
matching
[prompt]
In Alice's Wonderland, secret processing rules are used on text.

x: not matched anywhere
y: matched but wrong position

0 00000100 1
1 01100010 3
2 00101000 2
3 11111011 7
4 10011000 3
5 00001011 3
6 11111011 7
7 00000000 a

01 00011110 4
12 01011100 4
23 00000100 1 match 0
34 11110000 4
45 10010010 3
56 10111000 4
67 00000001 1
70 10011101 5

02 10111101 6
13 10100111 5
24 00001011 3 match 5
35 10011101 5
46 11010101 5
57 01000110 3
60 01100011 4
71 01111100 5

03 01000110 3
14 10101000 3
25 01100110 4
36 11011010 5
47 00101011 4
50 00100100 2
61 10000010 2
72 11011111 7

04 01001001 3
15 11000101 4
26 00100001 2
37 00100100 2
40 01001001 3
51 11000101 4
62 00100001 2
73 00100100 2

05 00100100 2
16 10000010 2
27 11011111 7
30 01000110 3
41 10101000 3
52 01100110 4
63 11011010 5
74 00101011 4

06 01100011 4
17 01111100 5
20 10111101 6
31 10100111 5
42 00001011 3 match 5
53 10011101 5
64 11010101 5
75 01000110 3

07 10011101 5
10 00011110 4
21 01011100 4
32 00000100 1 match 0
43 11110000 4
54 10010010 3
65 10111000 4
76 00000001 1
[completion]
0 23 32
1 absent
2 absent
3 absent
4 absent
5 24 42
6 absent
7 absent

Left
23 34x
32 43x
Best: 23: 1

Right
none
Best: none
