[category]
matching
[prompt]
In Alice's Wonderland, secret processing rules are used on text.

x: not matched anywhere
y: matched but wrong position

0 11010110 5
1 11101101 6
2 10010100 3
3 01111110 6
4 01111110 6
5 11111111 a
6 11111111 a
7 11111111 a

01 00011011 4
12 01101011 5
23 10111011 6
34 11000100 3
45 00000111 3
56 00010101 3
67 11111111 a match 5 6 7
70 11100010 4

02 10001111 5
13 00101111 5
24 10000000 1
35 00111100 4
46 11101101 6 match 1
57 00010101 3
60 11100010 4
71 00000110 2

03 11001011 5
14 00010100 2
25 01111000 4
36 11010110 5 match 0
47 11101101 6 match 1
50 00001000 1
61 00000110 2
72 10010010 3

04 11110000 4
15 11101100 5
26 10010010 3
37 11010110 5 match 0
40 11110000 4
51 11101100 5
62 10010010 3
73 11010110 5 match 0

05 00001000 1
16 00000110 2
27 10010010 3
30 11001011 5
41 00010100 2
52 01111000 4
63 11010110 5 match 0
74 11101101 6 match 1

06 11100010 4
17 00000110 2
20 10001111 5
31 00101111 5
42 10000000 1
53 00111100 4
64 11101101 6 match 1
75 00010101 3

07 11100010 4
10 00011011 4
21 01101011 5
32 10111011 6
43 11000100 3
54 00000111 3
65 00010101 3
76 11111111 a match 5 6 7
[completion]
0 36 37 73 63
1 46 47 74 64
2 absent
3 absent
4 absent
5 67 76
6 67 76
7 67 76

Left
36 47 50x
37 40x
73 04x
63 74 05x
Best: 36 47: 2

Right
67 56x
76 65x
Best: 67: 1
