[category]
matching
[prompt]
In Alice's Wonderland, secret processing rules are used on text.

x: not matched anywhere
y: matched but wrong position

0 100000010 2
1 001011101 5
2 001110101 5
3 110101111 7
4 001011101 5
5 000110101 4
6 101100101 5
7 101010100 4

01 001110101 5 match 2
12 110101111 7 match 3
23 111011111 8
34 010111111 7
45 111101111 8
56 111110101 7
67 111101010 6
70 111011111 8

02 111110111 8
13 111101111 8
24 011011111 7
35 010111111 7
46 111110101 7
57 111110110 7
60 111001010 5
71 001011101 5 match 1 4

03 111111111 a
14 110111111 8
25 011111111 8
36 010110101 5
47 111100111 7
50 111011110 7
61 101011010 5
72 111111111 a

04 011111111 8
15 110101111 7 match 3
26 011111101 7
37 110110111 7
40 111101111 8
51 101010100 4 match 7
62 111101010 6
73 111011111 8

05 011111111 8
16 110111111 8
27 111111111 a
30 110111111 8
41 101110101 6
52 111110110 7
63 111001010 5
74 011011111 7

06 011110101 6
17 110101111 7 match 3
20 111011111 8
31 001110101 5 match 2
42 111100111 7
53 111011110 7
64 111011010 6
75 011111111 8

07 111110111 8
10 110101111 7 match 3
21 001011101 5 match 1 4
32 110110111 7
43 111101111 8
54 111011110 7
65 111101011 7
76 011111101 7
[completion]
0 absent
1 71 21
2 01 31
3 12 15 17 10
4 71 21
5 absent
6 absent
7 51

Left
none
Best: none

Right
51 40x
Best: 51: 1
