[category]
matching
[prompt]
In Alice's Wonderland, secret processing rules are used on text.

x: not matched anywhere
y: matched but wrong position

0 1100111 5
1 1001000 2
2 1000000 1
3 1000101 3
4 0100110 3
5 1111111 a
6 0000010 1
7 1001000 2

01 10 0100010 2
12 21 1000000 1 match 2
23 32 1000000 1 match 2
34 43 1000000 1 match 2
45 54 0000100 1
56 65 0000100 1
67 76 1000101 3 match 3
70 07 0100000 1

02 20 0000000 a
13 31 1000000 1 match 2
24 42 1000000 1 match 2
35 53 0000000 a
46 64 1000101 3 match 3
57 75 0100100 2
60 06 0000000 a
71 17 1100101 4

03 30 0000000 a
14 41 1000101 3 match 3
25 52 0000000 a
36 63 1000000 1 match 2
47 74 1000101 3 match 3
50 05 0100010 2
61 16 1000101 3 match 3
72 27 1000000 1 match 2

04 40 0000000 a
15 51 0100110 3 match 4
26 62 1001000 2 match 1 7
37 73 1000000 1 match 2
[completion]
0 absent
1 26 62
2 12 21 23 32 34 43 13 31 24 42 36 63 72 27 37 73
3 67 76 46 64 14 41 47 74 61 16
4 15 51
5 absent
6 absent
7 26 62

Left
none
Best: none

Right
26 15y
62 51y
Best: 26: 1
