[category]
matching
[prompt]
In Alice's Wonderland, secret processing rules are used on text.

x: not matched anywhere
y: matched but wrong position

0 1101111 6
1 0000110 2
2 1101001 4
3 1110100 4
4 1010010 3
5 1001101 4
6 0011010 3
7 0110110 4

01 1111101 6
12 1110010 4
23 1101101 5
34 1011011 5
45 0111111 6
56 1111111 a
67 0010110 3
70 1101011 5

02 1110110 5
13 1110111 6
24 1001101 4 match 5
35 0011011 4
46 1111111 a
57 1110110 5
60 0001111 4
71 1101101 5

03 1110101 5
14 1011011 5
25 1011101 5
36 1111011 6
47 0110110 4 match 7
50 1101111 6 match 0
61 0101111 5
72 1111011 6

04 1111101 6
15 1011011 5
26 1111101 6
37 0011110 4
40 0111111 6
51 1101111 6 match 0
62 0110110 4 match 7
73 1101101 5

05 1111101 6
16 1111011 6
27 1011111 6
30 0011011 4
41 0111111 6
52 1110110 5
63 1100111 5
74 1101001 4 match 2

06 1111101 6
17 1010110 4
20 1001111 5
31 0111111 6
42 0110110 4 match 7
53 1100111 5
64 1001111 5
75 1111001 5

07 1110110 5
10 1011011 5
21 1101101 5
32 0111010 4
43 1110111 6
54 1101111 6 match 0
65 0011111 5
76 1111001 5
[completion]
0 50 51 54
1 absent
2 74
3 absent
4 absent
5 24
6 absent
7 47 62 42

Left
50 61x
51 62y
54 65x
Best: 50: 1

Right
47 36x
62 51y
42 31x
Best: 47: 1
