[category]
matching
[prompt]
In Alice's Wonderland, secret processing rules are used on text.

x: not matched anywhere
y: matched but wrong position

0 0010001111 5
1 0000001111 4
2 1011100111 7
3 0111111111 9
4 1001110010 5
5 1111011011 8
6 1111111111 a
7 1111111111 a

01 0001001011 4
12 0100000101 3
23 0011110010 5
34 0010111110 6
45 0011000011 4
56 0001110010 4
67 1001010110 5
70 1111100101 7

02 1010110001 5
13 1000001000 2
24 1110110011 7
35 1110000010 4
46 1101001110 6
57 0111011011 7
60 1001001100 4
71 0001010001 3

03 0110111100 6
14 0101001001 4
25 0010001111 5 match 0
36 0000001111 4 match 1
47 1011100111 7 match 2
50 0111000001 4
61 0111111000 6
72 1010101011 6

04 1011111101 8
15 1001110101 6
26 1100000010 3
37 0110100110 5
40 1011111101 8
51 1001110101 6
62 1100000010 3
73 0110100110 5

05 0111000001 4
16 0111111000 6
27 1010101011 6
30 0110111100 6
41 0101001001 4
52 0010001111 5 match 0
63 0000001111 4 match 1
74 1011100111 7 match 2

06 1001001100 4
17 0001010001 3
20 1010110001 5
31 1000001000 2
42 1110110011 7
53 1110000010 4
64 1101001110 6
75 0111011011 7

07 1111100101 7
10 0001001011 4
21 0100000101 3
32 0011110010 5
43 0010111110 6
54 0011000011 4
65 0001110010 4
76 1001010110 5
[completion]
0 25 52
1 36 63
2 47 74
3 absent
4 absent
5 absent
6 absent
7 absent

Left
25 36 47 50x
52 63 74 05x
Best: 25 36 47: 3

Right
none
Best: none
