[category]
matching
[prompt]
In Alice's Wonderland, secret processing rules are used on text.

x: not matched anywhere
y: matched but wrong position

0 0000000 a
1 0000000 a
2 1101010 4
3 0010000 1
4 1011110 5
5 0011001 3
6 0110111 5
7 1111101 6

01 1101111 6
12 0110001 3
23 1111110 6
34 1011001 4
45 0110111 5 match 6
56 1111111 a
67 1110111 6
70 1111101 6 match 7

02 1101011 5
13 1110110 5
24 1011110 5 match 4
35 0011011 4
46 0111111 6
57 1111111 a
60 1110101 5
71 1101111 6

03 1101110 5
14 1011000 3
25 1011110 5 match 4
36 0011111 5
47 0110111 5 match 6
50 1111101 6 match 7
61 1101111 6
72 1101001 4

04 1101010 4 match 2
15 0010010 2
26 1011111 6
37 0011111 5
40 0110111 5 match 6
51 1111111 a
62 1100001 3
73 1101110 5

05 1101010 4 match 2
16 0011111 5
27 1011111 6
30 0011101 4
41 1111111 a
52 1111101 6 match 7
63 1100110 4
74 1101000 3

06 1111111 a
17 0010111 4
20 1011111 6
31 1111111 a
42 0110111 5 match 6
53 1111111 a
64 1101000 3
75 1101010 4 match 2

07 1111111 a
10 0010101 3
21 1111111 a
32 0111001 4
43 1110111 6
54 1111101 6 match 7
65 1100010 3
76 1111111 a
[completion]
0 absent
1 absent
2 04 05 75
3 absent
4 24 25
5 absent
6 45 47 40 42
7 70 50 52 54

Left
none
Best: none

Right
70 67x
50 47 36x
52 41x
54 43x
Best: 50 47: 2
