[category]
matching
[prompt]
In Alice's Wonderland, secret processing rules are used on text.

x: not matched anywhere
y: matched but wrong position

0 000000100 1
1 011110000 4
2 111101000 5
3 111110010 6
4 100111101 6
5 111111111 a
6 010101010 4
7 111110111 8

01 100101001 4
12 110110110 6
23 010101010 4 match 6
34 101100001 4
45 001000110 3
56 011100111 6
67 010100101 4
70 101010000 3

02 101100000 3
13 011100011 5
24 000110100 3
35 011011000 4
46 101011110 6
57 110111101 7
60 000001010 2
71 110000110 4

03 000110101 4
14 001111101 6
25 110001101 5
36 111000000 3
47 000000100 1 match 0
50 100010010 3
61 011011100 5
72 111001111 7

04 010101011 5
15 111000100 4
26 010010101 4
37 010011010 4
40 010101011 5
51 111000100 4
62 010010101 4
73 010011010 4

05 100010010 3
16 011011100 5
27 111001111 7
30 000110101 4
41 001111101 6
52 110001101 5
63 111000000 3
74 000000100 1 match 0

06 000001010 2
17 110000110 4
20 101100000 3
31 011100011 5
42 000110100 3
53 011011000 4
64 101011110 6
75 110111101 7

07 101010000 3
10 100101001 4
21 110110110 6
32 010101010 4 match 6
43 101100001 4
54 001000110 3
65 011100111 6
76 010100101 4
[completion]
0 47 74
1 absent
2 absent
3 absent
4 absent
5 absent
6 23 32
7 absent

Left
47 50x
74 05x
Best: 47: 1

Right
none
Best: none
