[category]
matching
[prompt]
In Alice's Wonderland, secret processing rules are used on text.

x: not matched anywhere
y: matched but wrong position

0 0100010 2
1 0100000 1
2 1110000 3
3 0010000 1
4 0110001 3
5 0100001 2
6 0000000 a
7 1110000 3

01 1010100 3
12 0001001 2
23 0000010 1
34 0001000 1
45 1000010 2
56 0001000 1
67 1100000 2
70 0000000 a match 6

02 1010101 4
13 0000011 2
24 0000000 a match 6
35 1000000 1
46 0000010 1
57 0101000 2
60 0000000 a match 6
71 0010100 2

03 0000101 2
14 0001001 2
25 0000010 1
36 0001000 1
47 1100010 3
50 0001000 1
61 1010100 3
72 0010101 3

04 0000101 2
15 0000010 1
26 0000010 1
37 1101000 3
40 0000010 1
51 0010000 1 match 3
62 1010101 4
73 0000101 2

05 1000100 2
16 0001010 2
27 0100010 2 match 0
30 0001000 1
41 1010000 2
52 0011001 3
63 0000101 2
74 0000101 2

06 0000000 a match 6
17 0101010 3
20 0000010 1
31 1010000 2
42 1010000 2
53 0000001 1
64 0000101 2
75 0000100 1

07 1100000 2
10 0001010 2
21 0000000 a match 6
32 1011000 3
43 0000010 1
54 0001001 2
65 1000100 2
76 0000000 a match 6
[completion]
0 27
1 absent
2 absent
3 51
4 absent
5 absent
6 70 24 60 06 21 76
7 absent

Left
27 30x
Best: 27: 1

Right
none
Best: none
