[category]
matching
[prompt]
In Alice's Wonderland, secret processing rules are used on text.

x: not matched anywhere
y: matched but wrong position

0 1001001111 6
1 0100111101 6
2 1100001111 6
3 1110110000 5
4 0111110100 6
5 1011001111 7
6 1111111111 a
7 1111110111 9

01 1111110000 6
12 0111001111 7
23 1011111011 8
34 0110110111 7
45 1111111011 9
56 0010011101 5
67 1101111111 9
70 1111001111 8

02 0111110100 6 match 4
13 1011001111 7 match 5
24 1111111111 a match 6
35 1111110111 9 match 7
46 1011011111 8
57 0100111101 6 match 1
60 1101111111 9
71 1111110010 7

03 1011111000 6
14 0111101111 8
25 1111111011 9
36 0110111111 8
47 1101111111 9
50 1100011111 7
61 1111110010 7
72 1111000110 6

04 0111110100 6 match 4
15 1111101111 9
26 1011111111 9
37 0100111111 7
40 1101011111 8
51 1110111100 7
62 1111110110 8
73 1011001010 5

05 1111110011 8
16 0011001111 6
27 1101111111 9
30 1100111111 8
41 1111111011 9
52 0110011100 5
63 1111111010 8
74 1111100110 7

06 0011111101 7
17 0101111111 8
20 1101111111 9
31 1110110111 8
42 1111011111 9
53 1011011100 6
64 1111110110 8
75 1111100011 7

07 0111111101 8
10 1101001111 7
21 1111111011 9
32 0110110111 7
43 1011011011 7
54 0110111100 6
65 1111110011 8
76 1011001111 7 match 5
[completion]
0 absent
1 57
2 absent
3 absent
4 02 04
5 13 76
6 24
7 35

Left
none
Best: none

Right
35 24 13 02 71x
Best: 35 24 13 02: 4
