[category]
matching
[prompt]
In Alice's Wonderland, secret processing rules are used on text.

x: not matched anywhere
y: matched but wrong position

0 1000011 3
1 1100100 3
2 1011010 4
3 1111111 a
4 0111101 5
5 0110011 4
6 1111101 6
7 1110111 6

01 1101111 6
12 1111100 5
23 0110011 4 match 5
34 1111101 6 match 6
45 1110111 6 match 7
56 1001111 5
67 1110110 5
70 1011011 5

02 1101101 5
13 0111011 5
24 0111111 6
35 1111111 a match 3
46 1001111 5
57 1101110 5
60 1110010 4
71 1111111 a match 3

03 1111111 a match 3
14 0111101 5 match 4
25 0110111 5
36 1001111 5
47 1100110 4
50 1011010 4 match 2
61 1110111 6 match 7
72 1111101 6 match 6

04 1111101 6 match 6
15 0111111 6
26 0011111 5
37 1101110 5
40 1010010 3
51 1101111 6
62 1111100 5
73 1111011 6

05 1111111 a match 3
16 0011111 5
27 0110111 5
30 1011110 5
41 1100111 5
52 1101100 4
63 1110011 5
74 1111101 6 match 6

06 1101111 6
17 0111110 5
20 0010011 3
31 1101111 6
42 1101110 5
53 1111011 6
64 1111101 6 match 6
75 1111111 a match 3

07 1101111 6
10 0011010 3
21 1110111 6 match 7
32 1101100 4
43 1110011 5
54 1111101 6 match 6
65 1110111 6 match 7
76 1011111 6
[completion]
0 absent
1 absent
2 50
3 35 71 03 05 75
4 14
5 23
6 34 72 04 74 64 54
7 45 61 21 65

Left
none
Best: none

Right
45 34 23 12x
61 50y
21 10x
65 54 43x
Best: 45 34 23: 3
