[category]
matching
[prompt]
In Alice's Wonderland, secret processing rules are used on text.

x: not matched anywhere
y: matched but wrong position

0 011110011 6
1 111001100 5
2 010100111 5
3 001000110 3
4 011001110 5
5 110111010 6
6 011010110 5
7 011111110 7

01 111101110 7
12 101011100 5
23 000010101 3
34 100001111 5
45 111010100 5
56 101100001 4
67 001100011 4
70 101111110 7

02 101001101 5
13 010110110 5
24 011100101 5
35 100100100 3
46 101001010 4
57 011111101 7
60 011100010 4
71 101101111 7

03 010100111 5 match 2
14 001000110 3 match 3
25 011001110 5 match 4
36 110111010 6 match 5
47 011010110 5 match 6
50 001111100 5
61 011110011 6 match 0
72 111001100 5 match 1

04 001010111 5
15 001101101 5
26 001010000 2
37 000100110 3
40 001010111 5
51 001101101 5
62 001010000 2
73 000100110 3

05 001111100 5
16 011110011 6 match 0
27 111001100 5 match 1
30 010100111 5 match 2
41 001000110 3 match 3
52 011001110 5 match 4
63 110111010 6 match 5
74 011010110 5 match 6

06 011100010 4
17 101101111 7
20 101001101 5
31 010110110 5
42 011100101 5
53 100100100 3
64 101001010 4
75 011111101 7

07 101111110 7
10 111101110 7
21 101011100 5
32 000010101 3
43 100001111 5
54 111010100 5
65 101100001 4
76 001100011 4
[completion]
0 61 16
1 72 27
2 03 30
3 14 41
4 25 52
5 36 63
6 47 74
7 absent

Left
61 72 03 14 25 36 47 50x
16 27 30 41 52 63 74 05x
Best: 61 72 03 14 25 36 47: 7

Right
none
Best: none
