[category]
matching
[prompt]
In Alice's Wonderland, secret processing rules are used on text.

x: not matched anywhere
y: matched but wrong position

0 1110100 4
1 0100110 3
2 1000000 1
3 1111101 6
4 1110111 6
5 0100111 4
6 0111110 5
7 1111011 6

01 0111000 3
12 1011111 6
23 1100110 4
34 0111110 5 match 6
45 0000001 1
56 1010010 3
67 0110100 3
70 1011000 3

02 0011000 2
13 1000110 3
24 0100111 4 match 5
35 1000000 1 match 2
46 0101100 3
57 0011001 3
60 0010011 3
71 0011111 5

03 0000001 1
14 0000111 3
25 1011001 4
36 1101101 5
47 1100111 5
50 0111110 5 match 6
61 1010100 3
72 0111111 6

04 1000000 1 match 2
15 1111001 5
26 1110100 4 match 0
37 0100110 3 match 1
40 1000000 1 match 2
51 1111001 5
62 1110100 4 match 0
73 0100110 3 match 1

05 0111110 5 match 6
16 1010100 3
27 0111111 6
30 0000001 1
41 0000111 3
52 1011001 4
63 1101101 5
74 1100111 5

06 0010011 3
17 0011111 5
20 0011000 2
31 1000110 3
42 0100111 4 match 5
53 1000000 1 match 2
64 0101100 3
75 0011001 3

07 1011000 3
10 0111000 3
21 1011111 6
32 1100110 4
43 0111110 5 match 6
54 0000001 1
65 1010010 3
76 0110100 3
[completion]
0 26 62
1 37 73
2 35 04 40 53
3 absent
4 absent
5 24 42
6 34 50 05 43
7 absent

Left
26 37 40 51x
62 73 04 15x
Best: 26 37 40: 3

Right
none
Best: none
