[category]
matching
[prompt]
In Alice's Wonderland, secret processing rules are used on text.

x: not matched anywhere
y: matched but wrong position

0 1111111 a
1 1111111 a
2 1111111 a
3 1111111 a
4 1111111 a
5 0111111 6
6 0101011 4
7 1011110 5

01 1111011 6
12 1100101 4
23 1111111 a match 0 1 2 3 4
34 1100110 4
45 1111111 a match 0 1 2 3 4
56 0110111 5
67 1011011 5
70 1111110 6

02 1100001 3
13 1111101 6
24 1111111 a match 0 1 2 3 4
35 1101111 6
46 0111111 6 match 5
57 0011111 5
60 1011110 5 match 7
71 1111110 6

03 1111001 5
14 1100111 5
25 1111111 a match 0 1 2 3 4
36 1100111 5
47 0011111 5
50 0011110 4
61 1111010 5
72 1110100 4

04 1100011 4
15 1101111 6
26 1111111 a match 0 1 2 3 4
37 1001111 5
40 0011111 5
51 0111110 5
62 1111000 4
73 1111101 6

05 1101011 5
16 1100111 5
27 1011111 6
30 1011110 5 match 7
41 0111111 6 match 5
52 0110100 3
63 1111001 5
74 1110110 5

06 1100111 5
17 1001111 5
20 1011111 6
31 1111110 6
42 0111101 5
53 0111101 5
64 1111010 5
75 1111111 a match 0 1 2 3 4

07 1101011 5
10 1011111 6
21 1111111 a match 0 1 2 3 4
32 1100110 4
43 0111101 5
54 1110110 5
65 1111011 6
76 1110111 6
[completion]
0 23 45 24 25 26 75 21
1 23 45 24 25 26 75 21
2 23 45 24 25 26 75 21
3 23 45 24 25 26 75 21
4 23 45 24 25 26 75 21
5 46 41
6 absent
7 60 30

Left
23 34x
45 56x
24 35x
25 36x
26 37x
75 06x
21 32x
Best: 23: 1

Right
60 57x
30 27x
Best: 60: 1
