[category]
matching
[prompt]
In Alice's Wonderland, secret processing rules are used on text.

x: not matched anywhere
y: matched but wrong position

0 1101110 5
1 0001010 2
2 1110111 6
3 0010000 1
4 0100001 2
5 1110111 6
6 0000101 2
7 1101110 5

01 0011100 3
12 0000000 a
23 1110010 4
34 0000001 1
45 1100100 3
56 0001000 1
67 1110011 5
70 0000000 a

02 0001000 1
13 0100000 1
24 0010001 2
35 0000101 2 match 6
46 0001000 1
57 0000010 1
60 1100011 4
71 0001100 2

03 0011000 2
14 0000001 1
25 1110101 5
36 0000000 a
47 1100010 3
50 0000010 1
61 1010110 4
72 0001000 1

04 0010000 1 match 3
15 0100001 2 match 4
26 0000000 a
37 0000001 1
40 1100010 3
51 0001010 2 match 1
62 0000000 a
73 0001000 1

05 0010100 2
16 0000000 a
27 1110011 5
30 0000001 1
41 1001110 4
52 0001000 1
63 1110010 4
74 0000000 a

06 0001000 1
17 0100001 2 match 4
20 1100011 4
31 0000100 1
42 0001000 1
53 0001010 2 match 1
64 0010001 2
75 0000100 1

07 0010000 1 match 3
10 0100001 2 match 4
21 1010110 4
32 0000000 a
43 1101010 4
54 0000000 a
65 1110101 5
76 0001000 1
[completion]
0 absent
1 51 53
2 absent
3 04 07
4 15 17 10
5 absent
6 35
7 absent

Left
none
Best: none

Right
none
Best: none
