[category]
matching
[prompt]
In Alice's Wonderland, secret processing rules are used on text.

x: not matched anywhere
y: matched but wrong position

0 0000000 a
1 0000000 a
2 0010101 3
3 0010101 3
4 1000100 2
5 1000000 1
6 1000000 1
7 1110010 4

01 0101000 2
12 0000000 a match 0 1
23 0010011 3
34 0100100 2
45 0001001 2
56 0000000 a match 0 1
67 0001001 2
70 1000010 2

02 0101000 2
13 0010001 2
24 0010110 3
35 0000100 1
46 0000000 a match 0 1
57 0000000 a match 0 1
60 1000010 2
71 1100010 3

03 0011001 3
14 0010100 2
25 0000101 2
36 0000100 1
47 0001001 2
50 1000010 2
61 1101010 4
72 0100000 1

04 0110100 3
15 0000101 2
26 0000100 1
37 0000000 a match 0 1
40 1000000 1 match 5 6
51 1100010 3
62 0101000 2
73 0010010 2

05 0001101 3
16 0000100 1
27 0000001 1
30 1000000 1 match 5 6
41 1001000 2
52 0100000 1
63 0011011 4
74 0110110 4

06 0000100 1
17 0000001 1
20 1000010 2
31 1100000 2
42 0001000 1
53 0010010 2
64 0110010 3
75 0000100 1

07 0001001 2
10 0000000 a match 0 1
21 1000010 2
32 0100000 1
43 0001001 2
54 0110010 3
65 0001001 2
76 0000100 1
[completion]
0 12 56 46 57 37 10
1 12 56 46 57 37 10
2 absent
3 absent
4 absent
5 40 30
6 40 30
7 absent

Left
12 23x
56 67x
46 57 60x
57 60x
37 40y
10 21x
Best: 46 57: 2

Right
none
Best: none
