[category]
matching
[prompt]
In Alice's Wonderland, secret processing rules are used on text.

x: not matched anywhere
y: matched but wrong position

0 1101001 4
1 0101100 3
2 0011011 4
3 1011000 3
4 0111111 6
5 1101011 5
6 0110000 2
7 1001111 5

01 0010000 1
12 1000010 2
23 1101001 4 match 0
34 0101100 3 match 1
45 0011011 4 match 2
56 1011000 3 match 3
67 0111111 6 match 4
70 1101011 5 match 5

02 0101101 4
13 1010100 3
24 0111010 4
35 1001000 2
46 0111100 4
57 0011000 2
60 0101011 4
71 0000100 1

03 0111011 5
14 0000111 3
25 1011110 5
36 1101111 6
47 1111100 5
50 0001100 2
61 1000100 2
72 0111001 4

04 1101000 3
15 1100011 4
26 1111001 5
37 0101111 5
40 1101000 3
51 1100011 4
62 1111001 5
73 0101111 5

05 0001100 2
16 1000100 2
27 0111001 4
30 0111011 5
41 0000111 3
52 1011110 5
63 1101111 6
74 1111100 5

06 0101011 4
17 0000100 1
20 0101101 4
31 1010100 3
42 0111010 4
53 1001000 2
64 0111100 4
75 0011000 2

07 1101011 5 match 5
10 0010000 1
21 1000010 2
32 1101001 4 match 0
43 0101100 3 match 1
54 0011011 4 match 2
65 1011000 3 match 3
76 0111111 6 match 4
[completion]
0 23 32
1 34 43
2 45 54
3 56 65
4 67 76
5 70 07
6 absent
7 absent

Left
23 34 45 56 67 70 01x
32 43 54 65 76 07 10x
Best: 23 34 45 56 67 70: 6

Right
none
Best: none
