[category]
matching
[prompt]
In Alice's Wonderland, secret processing rules are used on text.

x: not matched anywhere
y: matched but wrong position

0 01010010 3
1 01011111 6
2 10110101 5
3 11000001 3
4 10110101 5
5 11100011 5
6 00000000 a
7 10101111 6

01 10101111 6 match 7
12 11111111 a
23 11110010 5
34 01011111 6 match 1
45 10111111 7
56 11001011 5
67 10111101 6
70 11110011 6

02 10101111 6 match 7
13 11111011 7
24 01011010 4
35 01111111 7
46 11111111 a
57 11011101 6
60 11110101 6
71 11100111 6

03 10101111 6 match 7
14 01111011 6
25 01111110 6
36 01011111 6 match 1
47 10111101 6
50 11010001 4
61 10110101 5 match 2 4
72 11101111 7

04 11101111 7
15 01111111 7
26 01011010 4
37 01011111 6 match 1
40 11110101 6
51 11000101 4
62 10111101 6
73 11100011 5 match 5

05 10111111 7
16 01111011 6
27 01011110 5
30 01011111 6 match 1
41 10110101 5 match 2 4
52 11101101 6
63 10110101 5 match 2 4
74 11101011 6

06 11101111 7
17 01111111 7
20 01010010 3 match 0
31 11011111 7
42 10111101 6
53 11100001 4
64 11111111 a
75 11111111 a

07 10111111 7
10 01111011 6
21 11010110 5
32 11111111 a
43 10110101 5 match 2 4
54 11001011 5
65 10111111 7
76 11101011 6
[completion]
0 20
1 34 36 37 30
2 61 41 63 43
3 absent
4 61 41 63 43
5 73
6 absent
7 01 02 03

Left
20 31x
Best: 20: 1

Right
01 70x
02 71x
03 72x
Best: 01: 1
