[category]
matching
[prompt]
In Alice's Wonderland, secret processing rules are used on text.

x: not matched anywhere
y: matched but wrong position

0 1010111 5
1 0100001 2
2 0001100 2
3 1101011 5
4 0000001 1
5 1100000 2
6 1000110 3
7 0100001 2

01 1111110 6
12 0101011 4
23 1011111 6
34 1110011 5
45 0011100 3
56 1111111 a
67 0011111 5
70 1110001 4

02 1101110 5
13 1111111 a
24 1110111 6
35 0110101 4
46 1111110 6
57 1111111 a
60 0010001 2
71 1110100 4

03 1111110 6
14 1111011 6
25 1010111 5 match 0
36 1111111 a
47 0011111 5
50 1111011 6
61 1010101 4
72 1101000 3

04 1111111 a
15 0111111 6
26 1111111 a
37 0111111 6
40 0011101 4
51 1111111 a
62 0101001 3
73 1111110 6

05 1111110 6
16 1111111 a
27 1011111 6
30 0110001 3
41 1011100 4
52 1101011 5 match 3
63 1011111 6
74 1110011 5

06 1111110 6
17 0111111 6
20 1010111 5 match 0
31 1110101 5
42 0101100 3
53 1111111 a
64 1110011 5
75 1110100 4

07 1111111 a
10 0111011 5
21 1010111 5 match 0
32 0101001 3
43 1011110 5
54 1111011 6
65 0010101 3
76 1111110 6
[completion]
0 25 20 21
1 absent
2 absent
3 52
4 absent
5 absent
6 absent
7 absent

Left
25 36x
20 31x
21 32x
Best: 25: 1

Right
none
Best: none
