[category]
matching
[prompt]
In Alice's Wonderland, secret processing rules are used on text.

x: not matched anywhere
y: matched but wrong position

0 0000000 a
1 0000000 a
2 0000000 a
3 0000000 a
4 1101001 4
5 1111101 6
6 1111101 6
7 0100100 2

01 0000000 a match 0 1 2 3
12 0000000 a match 0 1 2 3
23 1011001 4
34 0100100 2 match 7
45 0000000 a match 0 1 2 3
56 0101000 2
67 0000011 2
70 0010100 2

02 0000000 a match 0 1 2 3
13 1011001 4
24 1111100 5
35 0000100 1
46 0000000 a match 0 1 2 3
57 0100001 2
60 0010110 3
71 0000000 a match 0 1 2 3

03 1001001 3
14 1111100 5
25 1000100 2
36 0100000 1
47 0000001 1
50 0010000 1
61 0000010 1
72 0000000 a match 0 1 2 3

04 1101000 3
15 1000100 2
26 1101000 3
37 0100000 1
40 0000000 a match 0 1 2 3
51 0000000 a match 0 1 2 3
62 0000010 1
73 1011000 3

05 1000000 1
16 1101000 3
27 0100001 2
30 0000100 1
41 0000000 a match 0 1 2 3
52 0000000 a match 0 1 2 3
63 0010011 3
74 1011100 4

06 1101000 3
17 0100001 2
20 0010100 2
31 0000000 a match 0 1 2 3
42 0000000 a match 0 1 2 3
53 0011001 3
64 0010110 3
75 1000100 2

07 0100001 2
10 0010100 2
21 0000000 a match 0 1 2 3
32 0000000 a match 0 1 2 3
43 0000001 1
54 0111000 3
65 0000110 2
76 1001000 2
[completion]
0 01 12 45 02 46 71 72 40 51 41 52 31 42 21 32
1 01 12 45 02 46 71 72 40 51 41 52 31 42 21 32
2 01 12 45 02 46 71 72 40 51 41 52 31 42 21 32
3 01 12 45 02 46 71 72 40 51 41 52 31 42 21 32
4 absent
5 absent
6 absent
7 34

Left
01 12 23x
12 23x
45 56x
02 13x
46 57x
71 02 13x
72 03x
40 51 62x
51 62x
41 52 63x
52 63x
31 42 53x
42 53x
21 32 43x
32 43x
Best: 01 12: 2

Right
34 23x
Best: 34: 1
