[category]
matching
[prompt]
In Alice's Wonderland, secret processing rules are used on text.

x: not matched anywhere
y: matched but wrong position

0 0110001 3
1 0100100 2
2 1000100 2
3 0010000 1
4 0110000 2
5 0100000 1
6 0000000 a
7 0000000 a

01 0000100 1
12 1001010 3
23 0010001 2
34 0101000 2
45 1000111 4
56 0001000 1
67 0010100 2
70 0000011 2

02 0001000 1
13 0010011 3
24 0100000 1 match 5
35 1000100 2 match 2
46 1000011 3
57 0011000 2
60 0000000 a match 6 7
71 0000000 a match 6 7

03 0010000 1 match 3
14 0101000 2
25 0000101 2
36 1001000 2
47 1010100 3
50 0000000 a match 6 7
61 0000100 1
72 0000010 1

04 0101000 2
15 1000011 3
26 0000001 1
37 1001100 3
40 1000011 3
51 0000000 a match 6 7
62 0000000 a match 6 7
73 0000011 2

05 0000100 1
16 1001011 4
27 0010100 2
30 1000000 1
41 0000100 1
52 0001000 1
63 0010000 1 match 3
74 0100000 1 match 5

06 0001000 1
17 1011000 3
20 0000001 1
31 0000100 1
42 1000010 2
53 0010000 1 match 3
64 0100000 1 match 5
75 0000011 2

07 0011100 3
10 1000011 3
21 0000100 1
32 1001000 2
43 0010011 3
54 0101000 2
65 0000100 1
76 0000011 2
[completion]
0 absent
1 absent
2 35
3 03 63 53
4 absent
5 24 74 64
6 60 71 50 51 62
7 60 71 50 51 62

Left
none
Best: none

Right
60 57x
71 60 57x
50 47x
51 40x
62 51 40x
Best: 71 60: 2
