[category]
matching
[prompt]
In Alice's Wonderland, secret processing rules are used on text.

x: not matched anywhere
y: matched but wrong position

0 1010001110 5
1 0101100110 5
2 0000010100 2
3 0110010110 5
4 0101010001 4
5 1010101111 7
6 1111111110 9
7 1110100111 7

01 1000100111 5
12 0110101110 6
23 1010100001 4
34 0111101100 6
45 1010001110 5 match 0
56 0101100110 5 match 1
67 0000010100 2 match 2
70 1100111000 5

02 0001110110 5
13 0011110000 4
24 0010110010 4
35 0010011101 5
46 0000010111 4
57 1010001101 5
60 0011010011 5
71 1011100000 4

03 0100101000 3
14 1011100011 6
25 0111000011 5
36 1000000100 2
47 1111111100 8
50 1001001010 4
61 0100001011 4
72 0010110001 4

04 1100111011 7
15 1110010010 5
26 1101011010 6
37 0111101111 8
40 1100111011 7
51 1110010010 5
62 1101011010 6
73 0111101111 8

05 1001001010 4
16 0100001011 4
27 0010110001 4
30 0100101000 3
41 1011100011 6
52 0111000011 5
63 1000000100 2
74 1111111100 8

06 0011010011 5
17 1011100000 4
20 0001110110 5
31 0011110000 4
42 0010110010 4
53 0010011101 5
64 0000010111 4
75 1010001101 5

07 1100111000 5
10 1000100111 5
21 0110101110 6
32 1010100001 4
43 0111101100 6
54 1010001110 5 match 0
65 0101100110 5 match 1
76 0000010100 2 match 2
[completion]
0 45 54
1 56 65
2 67 76
3 absent
4 absent
5 absent
6 absent
7 absent

Left
45 56 67 70x
54 65 76 07x
Best: 45 56 67: 3

Right
none
Best: none
