[category]
matching
[prompt]
In Alice's Wonderland, secret processing rules are used on text.

x: not matched anywhere
y: matched but wrong position

0 1101000001 4
1 0010000111 4
2 0111001110 6
3 0110011110 6
4 0110010111 6
5 0000001011 3
6 1001111101 7
7 1101100101 6

01 1011010110 6
12 1101000001 4 match 0
23 0010000111 4 match 1
34 0111001110 6 match 2
45 0100011110 5
56 0000110100 3
67 0100000110 3
70 0011110010 5

02 1001101000 4
13 0000111001 4
24 1010110110 6
35 1100101111 7
46 1011010101 6
57 1011001101 6
60 1000001011 4
71 0111011011 7

03 0100010000 2
14 1000001000 2
25 0001010111 5
36 0011100100 4
47 0000101100 3
50 0111000000 3
61 1100100010 4
72 0101100101 5

04 1100100001 4
15 0011101001 5
26 1110011100 6
37 1000011101 5
40 1100100001 4
51 0011101001 5
62 1110011100 6
73 1000011101 5

05 0111000000 3
16 1100100010 4
27 0101100101 5
30 0100010000 2
41 1000001000 2
52 0001010111 5
63 0011100100 4
74 0000101100 3

06 1000001011 4
17 0111011011 7
20 1001101000 4
31 0000111001 4
42 1010110110 6
53 1100101111 7
64 1011010101 6
75 1011001101 6

07 0011110010 5
10 1011010110 6
21 1101000001 4 match 0
32 0010000111 4 match 1
43 0111001110 6 match 2
54 0100011110 5
65 0000110100 3
76 0100000110 3
[completion]
0 12 21
1 23 32
2 34 43
3 absent
4 absent
5 absent
6 absent
7 absent

Left
12 23 34 45x
21 32 43 54x
Best: 12 23 34: 3

Right
none
Best: none
