[category]
matching
[prompt]
In Alice's Wonderland, secret processing rules are used on text.

x: not matched anywhere
y: matched but wrong position

0 1000000 1
1 0000000 a
2 0101000 2
3 0100000 1
4 0100000 1
5 0100010 2
6 1001000 2
7 1000000 1

01 10 0101000 2 match 2
12 21 0100000 1 match 3 4
23 32 0100000 1 match 3 4
34 43 0100010 2 match 5
45 54 1001000 2 match 6
56 65 1000000 1 match 0 7
67 76 0000000 a match 1
70 07 0000000 a match 1

02 20 0100000 1 match 3 4
13 31 0100000 1 match 3 4
24 42 0100000 1 match 3 4
35 53 0000000 a match 1
46 64 1000000 1 match 0 7
57 75 0000000 a match 1
60 06 0000000 a match 1
71 17 0000000 a match 1

03 30 0100010 2 match 5
14 41 0101000 2 match 2
25 52 0000000 a match 1
36 63 0000000 a match 1
47 74 0000000 a match 1
50 05 0011000 2
61 16 0000000 a match 1
72 27 0000000 a match 1

04 40 0101011 4
15 51 0001000 1
26 62 0000000 a match 1
37 73 0000000 a match 1
[completion]
0 56 65 46 64
1 67 76 70 07 35 53 57 75 60 06 71 17 25 52 36 63 47 74 61 16 72 27 26 62 37 73
2 01 10 14 41
3 12 21 23 32 02 20 13 31 24 42
4 12 21 23 32 02 20 13 31 24 42
5 34 43 03 30
6 45 54
7 56 65 46 64

Left
56 67 70y
65 76 07y
46 57 60y
64 75 06y
Best: 56 67: 2

Right
56 45 34 23 12 01 70 67y
65 54 43 32 21 10 07 76y
46 35y
64 53y
Best: 56 45 34 23 12 01 70: 7
