[category]
matching
[prompt]
In Alice's Wonderland, secret processing rules are used on text.

x: not matched anywhere
y: matched but wrong position

0 00000001 1
1 10000101 3
2 10110101 5
3 10000111 4
4 10101000 3
5 11001000 3
6 00001000 1
7 00001001 2

01 00011111 5
12 10111110 6
23 00011011 4
34 11100101 5
45 10011111 6
56 11010101 5
67 10001101 4
70 10011000 3

02 01011110 5
13 01011010 4
24 00000001 1 match 0
35 10000101 3 match 1
46 10110101 5 match 2
57 10100111 5
60 11101010 5
71 01111000 4

03 10111010 5
14 01000000 1
25 01100001 3
36 10101111 6
47 11000111 5
50 11000000 2
61 00001010 2
72 00111001 4

04 10100000 2
15 00100000 1
26 01001011 4
37 11011101 6
40 10100000 2
51 00100000 1
62 01001011 4
73 11011101 6

05 11000000 2
16 00001010 2
27 00111001 4
30 10111010 5
41 01000000 1
52 01100001 3
63 10101111 6
74 11000111 5

06 11101010 5
17 01111000 4
20 01011110 5
31 01011010 4
42 00000001 1 match 0
53 10000101 3 match 1
64 10110101 5 match 2
75 10100111 5

07 10011000 3
10 00011111 5
21 10111110 6
32 00011011 4
43 11100101 5
54 10011111 6
65 11010101 5
76 10001101 4
[completion]
0 24 42
1 35 53
2 46 64
3 absent
4 absent
5 absent
6 absent
7 absent

Left
24 35 46 57x
42 53 64 75x
Best: 24 35 46: 3

Right
none
Best: none
