[category]
matching
[prompt]
In Alice's Wonderland, secret processing rules are used on text.

x: not matched anywhere
y: matched but wrong position

0 100101010 4
1 010000100 2
2 000000000 a
3 000000000 a
4 000000000 a
5 110101000 4
6 100010001 3
7 010001000 2

01 100111101 6
12 001001010 3
23 100101001 4
34 101111000 5
45 110111101 7
56 010001000 2 match 7
67 111000000 3
70 111010011 6

02 010001000 2 match 7
13 010011100 4
24 110101110 6
35 100111010 5
46 011001010 4
57 010110111 6
60 111101100 6
71 100010001 3 match 6

03 001011110 5
14 000011011 4
25 111101100 6
36 001001101 4
47 011110101 6
50 010011011 5
61 100101110 5
72 010100100 3

04 011011001 5
15 001011001 4
26 010011011 5
37 001110010 4
40 011011001 5
51 001011001 4
62 010011011 5
73 001110010 4

05 010011011 5
16 100101110 5
27 010100100 3
30 001011110 5
41 000011011 4
52 111101100 6
63 001001101 4
74 011110101 6

06 111101100 6
17 100010001 3 match 6
20 010001000 2 match 7
31 010011100 4
42 110101110 6
53 100111010 5
64 011001010 4
75 010110111 6

07 111010011 6
10 100111101 6
21 001001010 3
32 100101001 4
43 101111000 5
54 110111101 7
65 010001000 2 match 7
76 111000000 3
[completion]
0 absent
1 absent
2 absent
3 absent
4 absent
5 absent
6 71 17
7 56 02 20 65

Left
none
Best: none

Right
56 45x
02 71 60x
20 17 06x
65 54x
Best: 02 71: 2
