[category]
matching
[prompt]
In Alice's Wonderland, secret processing rules are used on text.

x: not matched anywhere
y: matched but wrong position

0 0010000000 1
1 0000010000 1
2 0000010100 2
3 1101000001 4
4 0011101100 5
5 1100101110 6
6 1111101111 9
7 1001001011 5

01 0011000000 2
12 0000000000 a
23 0110100100 4
34 1001000001 3
45 0000001010 2
56 0011100000 3
67 0000010100 2 match 2
70 1100000001 3

02 0000000000 a
13 0100100100 3
24 1101100101 6
35 1000001011 4
46 0010001010 3
57 0000110000 2
60 1000010001 3
71 0011000001 3

03 0010100100 3
14 1100100100 4
25 1100001111 6
36 0001001010 3
47 0000000010 1
50 0000010000 1 match 1
61 0000010001 2
72 0000000000 a

04 0001100100 3
15 1100001110 5
26 0111101010 6
37 0000000010 1
40 0000000010 1
51 0011010000 3
62 0000010000 1 match 1
73 0110000000 2

05 0000001100 2
16 0100101010 4
27 0000100110 3
30 1000000011 3
41 0010000000 1 match 0
52 0000010000 1 match 1
63 0000010100 2 match 2
74 1101000001 4 match 3

06 0011101000 4
17 0000100110 3
20 1100000011 4
31 0001000001 2
42 0000000000 a
53 0010110000 3
64 1000010101 4
75 1100001001 4

07 0000100100 2
10 1100000010 3
21 0011000001 3
32 0000000000 a
43 0010000000 1 match 0
54 0001110000 3
65 1000000101 3
76 0111001000 4
[completion]
0 41 43
1 50 62 52
2 67 63
3 74
4 absent
5 absent
6 absent
7 absent

Left
41 52 63 74 05x
43 54x
Best: 41 52 63 74: 4

Right
none
Best: none
