[category]
matching
[prompt]
In Alice's Wonderland, secret processing rules are used on text.

x: not matched anywhere
y: matched but wrong position

0 00000000 a
1 00000000 a
2 01001000 2
3 00100100 2
4 01000010 2
5 10110100 4
6 00010001 2
7 10010001 3

01 01001000 2 match 2
12 10100100 3
23 00000010 1
34 01100000 2
45 00000100 1
56 00000011 2
67 10010000 2
70 00100100 2 match 3

02 00001000 1
13 00000010 1
24 01000010 2 match 4
35 01100100 3
46 00000101 2
57 10010011 4
60 10110000 3
71 01001000 2 match 2

03 00001010 2
14 00100010 2
25 01000000 1
36 00000101 2
47 10010001 3 match 7
50 10010001 3 match 7
61 01001000 2 match 2
72 00101100 3

04 01001010 3
15 00100100 2 match 3
26 00000011 2
37 10010001 3 match 7
40 10010101 4
51 00001001 2
62 10101000 3
73 00001000 1

05 01000000 1
16 00000110 2
27 00010011 3
30 10110101 5
41 00000001 1
52 10001000 2
63 00001000 1
74 01101000 3

06 00000010 1
17 10010010 3
20 00010001 2 match 6
31 01000001 2
42 10000100 2
53 00001010 2
64 01101000 3
75 01100100 3

07 00000010 1
10 10110100 4 match 5
21 01000001 2
32 10100100 3
43 00000000 a match 0 1
54 00001010 2
65 01100000 2
76 00000100 1
[completion]
0 43
1 43
2 01 71 61
3 70 15
4 24
5 10
6 20
7 47 50 37

Left
43 54x
Best: 43: 1

Right
47 36x
50 47y
37 26x
Best: 47: 1
