[category]
matching
[prompt]
In Alice's Wonderland, secret processing rules are used on text.

x: not matched anywhere
y: matched but wrong position

0 111111111 a
1 100111111 7
2 101111111 8
3 110011111 7
4 111111101 8
5 111111111 a
6 011110011 6
7 111011110 7

01 111001101 6
12 011111011 7
23 111011111 8
34 111110101 7
45 101111111 8 match 2
56 110111011 7
67 011110111 7
70 111111110 8

02 011101001 5
13 011111011 7
24 111010111 7
35 101111101 7
46 100111111 7 match 1
57 010110011 5
60 111111110 8
71 111001110 6

03 011001011 5
14 011110011 6 match 6
25 101011111 7
36 100111101 6
47 100111111 7 match 1
50 110111111 8
61 111011110 7 match 7
72 111101110 7

04 011000001 3
15 101111111 8 match 2
26 100111111 7 match 1
37 100110101 5
40 100111111 7 match 1
51 110111111 8
62 011111110 7
73 111001110 6

05 111001101 6
16 101111011 7
27 100110111 6
30 100111111 7 match 1
41 110111111 8
52 011111011 7
63 011011110 6
74 111001110 6

06 111101001 6
17 001110011 5
20 100111111 7 match 1
31 110111101 7
42 111111111 a match 0 5
53 011111011 7
64 011010110 5
75 111001110 6

07 011110001 5
10 101111111 8 match 2
21 110011111 7 match 3
32 111111101 8 match 4
43 111111111 a match 0 5
54 011110011 6 match 6
65 111011110 7 match 7
76 111101111 8
[completion]
0 42 43
1 46 47 26 40 30 20
2 45 15 10
3 21
4 32
5 42 43
6 14 54
7 61 65

Left
42 53x
43 54y
Best: 42: 1

Right
61 50x
65 54 43 32 21 10 07x
Best: 65 54 43 32 21 10: 6
