[category]
matching
[prompt]
In Alice's Wonderland, secret processing rules are used on text.

x: not matched anywhere
y: matched but wrong position

0 01111110 6
1 10000010 2
2 11110111 7
3 11010101 5
4 01100111 5
5 01111001 5
6 00101011 4
7 00100110 3

01 11111101 7
12 11111011 7
23 10100111 5
34 01111111 7
45 10001010 3
56 11111111 a
67 11011101 6
70 11100111 6

02 11111001 6
13 10101011 5
24 01111111 7
35 01111110 6 match 0
46 10101010 4
57 11111111 a
60 11010111 6
71 11110111 7 match 2

03 11111001 6
14 01111111 7
25 00101110 4
36 01111110 6 match 0
47 10011010 4
50 11110111 7 match 2
61 11010101 5 match 3
72 11111111 a

04 01111101 6
15 00101011 4 match 6
26 00101110 4
37 11111110 7
40 10000110 3
51 11110111 7 match 2
62 11011101 6
73 11100111 6

05 01111001 5 match 5
16 00101011 4 match 6
27 10111110 6
30 11111110 7
41 11010110 5
52 11111111 a
63 11010101 5 match 3
74 01111111 7

06 01111011 6
17 10111011 6
20 10100110 4
31 11111110 7
42 11011011 6
53 11110111 7 match 2
64 11111101 7
75 01101111 6

07 11111001 6
10 10101111 6
21 11110110 6
32 11111111 a
43 10000011 3
54 11111111 a
65 11011101 6
76 01101111 6
[completion]
0 35 36
1 absent
2 71 50 51 53
3 61 63
4 absent
5 05
6 15 16
7 absent

Left
35 46x
36 47x
Best: 35: 1

Right
none
Best: none
