[category]
matching
[prompt]
In Alice's Wonderland, secret processing rules are used on text.

x: not matched anywhere
y: matched but wrong position

0 11000010 3
1 10100110 4
2 01101100 4
3 10001101 4
4 01010010 3
5 01000100 2
6 11000010 3
7 01110001 4

01 11010111 6
12 00100000 1
23 10001101 4 match 3
34 00010010 2
45 00000100 1
56 10000010 2
67 00110001 3
70 00001000 1

02 01010010 3 match 4
13 00100000 1
24 10001001 3
35 00010000 1
46 00000100 1
57 10000010 2
60 00100000 1
71 01001100 3

03 10000101 3
14 00100000 1
25 00001101 3
36 00000010 1
47 00000000 a
50 00000000 a
61 01010001 3
72 01000000 1

04 10010011 4
15 00100000 1
26 10001100 3
37 00010010 2
40 00000000 a
51 11000010 3 match 0 6
62 01110000 3
73 00001100 2

05 00010101 3
16 00000000 a
27 10000001 2
30 00000000 a
41 01000100 2 match 5
52 01000010 2
63 00100001 2
74 00001000 1

06 10000110 3
17 00100000 1
20 00001000 1
31 01010010 3 match 4
42 01000000 1
53 10000000 1
64 00110001 3
75 00001100 2

07 10010011 4
10 00100000 1
21 10001101 4 match 3
32 01010010 3 match 4
43 00000100 1
54 10000010 2
65 00110001 3
76 00001100 2
[completion]
0 51
1 absent
2 absent
3 23 21
4 02 31 32
5 41
6 51
7 absent

Left
51 62x
Best: 51: 1

Right
none
Best: none
