[category]
matching
[prompt]
In Alice's Wonderland, secret processing rules are used on text.

x: not matched anywhere
y: matched but wrong position

0 0010111011 6
1 1001111100 6
2 1100010110 5
3 1100110010 5
4 1111101010 7
5 1111000111 7
6 1111101100 7
7 0010111011 6

01 0010010101 4
12 1111111010 8
23 1111010111 8
34 1111101100 7 match 6
45 0110111011 7
56 1011111101 8
67 1101011110 7
70 1111111111 a

02 0010111101 6
13 1111111011 9
24 1111000111 7 match 5
35 1111101111 9
46 0011111011 7
57 1001111100 6 match 1
60 1101111110 8
71 1110110111 8

03 0010010111 5
14 1111101110 8
25 1111000111 7 match 5
36 1111101101 8
47 0011111011 7
50 1101111110 8
61 1100010111 6
72 1110111111 9

04 1111000101 6
15 1111101011 8
26 1111101111 9
37 1111101100 7 match 6
40 1111111011 9
51 1001111101 7
62 1100111110 7
73 1110110111 8

05 0110000111 5
16 1111101011 8
27 1111001111 8
30 1111111110 9
41 0010111111 7
52 1001111100 6 match 1
63 1100010111 6
74 1111110111 9

06 0011101101 6
17 1111101010 7 match 4
20 1111111111 a
31 1111111101 9
42 0010111011 6 match 0 7
53 1001111111 8
64 1101010110 6
75 1110110111 8

07 0011001101 5
10 1111111010 8
21 1111010111 8
32 1111111100 8
43 0010111011 6 match 0 7
54 1101111100 7
65 1110010111 7
76 1111111111 a
[completion]
0 42 43
1 57 52
2 absent
3 absent
4 17
5 24 25
6 34 37
7 42 43

Left
42 53x
43 54x
Best: 42: 1

Right
42 31x
43 32x
Best: 42: 1
