[category]
matching
[prompt]
In Alice's Wonderland, secret processing rules are used on text.

x: not matched anywhere
y: matched but wrong position

0 11001000 3
1 11001101 5
2 11111000 5
3 10000110 3
4 11011001 5
5 11111111 a
6 11111111 a
7 11111111 a

01 11001111 6
12 11111111 a match 5 6 7
23 11110111 7
34 11101111 7
45 11111100 6
56 10000111 4
67 11111001 6
70 00110110 4

02 11011111 7
13 11111111 a match 5 6 7
24 11101111 7
35 11111110 7
46 10010110 4
57 11011111 7
60 01111001 5
71 00100110 3

03 11111111 a match 5 6 7
14 11111111 a match 5 6 7
25 11111110 7
36 11001110 5
47 11011101 6
50 00110111 5
61 01111001 5
72 10111111 7

04 11101111 7
15 11111111 a match 5 6 7
26 11100110 5
37 11011111 7
40 00110100 3
51 00000111 3
62 11111001 6
73 10110111 6

05 11111111 a match 5 6 7
16 11111111 a match 5 6 7
27 11111111 a match 5 6 7
30 01111110 6
41 00010100 2
52 10011111 6
63 11111001 6
74 11101111 7

06 11001111 6
17 11111111 a match 5 6 7
20 01110110 5
31 01001110 4
42 10011101 5
53 10110111 6
64 11111011 7
75 11111110 7

07 11011111 7
10 11111111 a match 5 6 7
21 01100110 4
32 11011111 7
43 10110101 5
54 11101111 7
65 11111001 6
76 10100110 4
[completion]
0 absent
1 absent
2 absent
3 absent
4 absent
5 12 13 03 14 15 05 16 27 17 10
6 12 13 03 14 15 05 16 27 17 10
7 12 13 03 14 15 05 16 27 17 10

Left
none
Best: none

Right
12 01x
13 02x
03 72x
14 03 72x
15 04x
05 74x
16 05 74x
27 16 05 74x
17 06x
10 07x
Best: 27 16 05: 3
