[category]
matching
[prompt]
In Alice's Wonderland, secret processing rules are used on text.

x: not matched anywhere
y: matched but wrong position

0 0101010 3
1 0101010 3
2 0001101 3
3 0010011 3
4 0111110 5
5 1011011 5
6 1111011 6
7 1101111 6

01 10 1111011 6 match 6
12 21 1101111 6 match 7
23 32 1101111 6 match 7
34 43 0101010 3 match 0 1
45 54 0101111 5
56 65 0011111 5
67 76 0111111 6
70 07 1111111 a

02 20 1111111 a
13 31 1101010 4
24 42 1101111 6 match 7
35 53 0101111 5
46 64 0111011 5
57 75 0111111 6
60 06 1011011 5 match 5
71 17 1111110 6

03 30 1111011 6 match 6
14 41 1101010 4
25 52 1101111 6 match 7
36 63 0111011 5
47 74 0111110 5 match 4
50 05 1011111 6
61 16 1110011 5
72 27 1111111 a

04 40 1111011 6 match 6
15 51 1101111 6 match 7
26 62 1111111 a
37 73 0111110 5 match 4
[completion]
0 34 43
1 34 43
2 absent
3 absent
4 47 74 37 73
5 60 06
6 01 10 03 30 04 40
7 12 21 23 32 24 42 25 52 15 51

Left
34 45x
43 54x
Best: 34: 1

Right
12 01 70x
21 10 07x
23 12y
32 21y
24 13x
42 31x
25 14x
52 41x
15 04 73y
51 40 37y
Best: 12 01: 2
