[category]
matching
[prompt]
In Alice's Wonderland, secret processing rules are used on text.

x: not matched anywhere
y: matched but wrong position

0 0000000 a
1 0000000 a
2 0000000 a
3 0001000 1
4 1000010 2
5 0000011 2
6 0000000 a
7 0001000 1

01 1100001 3
12 0001111 4
23 0000111 3
34 0010110 3
45 1101001 4
56 1010001 3
67 0010110 3
70 1010001 3

02 0010001 2
13 1110111 6
24 1101110 5
35 0000000 a match 0 1 2 6
46 1000111 4
57 0111000 3
60 0111000 3
71 1001111 5

03 1101001 4
14 0011110 4
25 1111000 4
36 0101110 4
47 0101110 4
50 0010110 3
61 0100110 3
72 0111111 6

04 0000000 a match 0 1 2 6
15 0001000 1 match 3 7
26 1010110 4
37 1000111 4
40 0000000 a match 0 1 2 6
51 0001000 1 match 3 7
62 1010110 4
73 1000111 4

05 0010110 3
16 0100110 3
27 0111111 6
30 1101001 4
41 0011110 4
52 1111000 4
63 0101110 4
74 0101110 4

06 0111000 3
17 1001111 5
20 0010001 2
31 1110111 6
42 1101110 5
53 0000000 a match 0 1 2 6
64 1000111 4
75 0111000 3

07 1010001 3
10 1100001 3
21 0001111 4
32 0000111 3
43 0010110 3
54 1101001 4
65 1010001 3
76 0010110 3
[completion]
0 35 04 40 53
1 35 04 40 53
2 35 04 40 53
3 15 51
4 absent
5 absent
6 35 04 40 53
7 15 51

Left
35 46x
04 15y
40 51y
53 64x
Best: 35: 1

Right
15 04 73x
51 40 37x
Best: 15 04: 2
