[category]
matching
[prompt]
In Alice's Wonderland, secret processing rules are used on text.

x: not matched anywhere
y: matched but wrong position

0 1011111 6
1 1100000 2
2 1000011 3
3 1001110 4
4 0011101 4
5 0110000 2
6 1001111 5
7 0000001 1

01 0000001 1 match 7
12 0011000 2
23 0100000 1
34 0000001 1 match 7
45 1000010 2
56 0001101 3
67 0110000 2 match 5
70 1001110 4 match 3

02 0000001 1 match 7
13 0011000 2
24 0100000 1
35 1000010 2
46 1001110 4 match 3
57 0010000 1
60 0110000 2 match 5
71 1000111 4

03 0000000 a
14 0010000 1
25 1100000 2 match 1
36 1000011 3 match 2
47 0000000 a
50 0011100 3
61 0100000 1
72 0001111 4

04 0000001 1 match 7
15 0000000 a
26 1000000 1
37 0000000 a
40 1001110 4 match 3
51 0000101 2
62 0010000 1
73 0001100 2

05 0000000 a
16 0001000 1
27 0100000 1
30 1000010 2
41 1000110 3
52 0011101 4 match 4
63 0110000 2 match 5
74 0000001 1 match 7

06 0000001 1 match 7
17 0010000 1
20 1100000 2 match 1
31 1000011 3 match 2
42 0001110 3
53 0011100 3
64 0110000 2 match 5
75 1000010 2

07 0000000 a
10 0011000 2
21 1100000 2 match 1
32 0000011 2
43 0001100 2
54 0010001 2
65 0100000 1
76 1001111 5 match 6
[completion]
0 absent
1 25 20 21
2 36 31
3 70 46 40
4 52
5 67 60 63 64
6 76
7 01 34 02 04 74 06

Left
none
Best: none

Right
01 70y
34 23x
02 71x
04 73x
74 63y
06 75x
Best: 01: 1
