[category]
matching
[prompt]
In Alice's Wonderland, secret processing rules are used on text.

x: not matched anywhere
y: matched but wrong position

0 0000000 a
1 1000010 2
2 0001011 3
3 1000010 2
4 1001001 3
5 0010001 2
6 0110000 2
7 0111000 3

01 10 1111011 6
12 21 1111011 6
23 32 1101011 5
34 43 1011001 4
45 54 0110001 3
56 65 0111000 3 match 7
67 76 0111000 3 match 7
70 07 1010011 4

02 20 1111011 6
13 31 1111011 6
24 42 1111011 6
35 53 1111001 5
46 64 0111001 4
57 75 0110000 2 match 6
60 06 1111011 6
71 17 0111011 5

03 30 1011011 5
14 41 0111011 5
25 52 1111010 5
36 63 1111001 5
47 74 0010001 2 match 5
50 05 1110011 5
61 16 0111011 5
72 27 1101010 4

04 40 1010011 4
15 51 0111011 5
26 62 1111010 5
37 73 1001001 3 match 4
[completion]
0 absent
1 absent
2 absent
3 absent
4 37 73
5 47 74
6 57 75
7 56 65 67 76

Left
none
Best: none

Right
56 45x
65 54x
67 56y
76 65y
Best: 56: 1
