[category]
matching
[prompt]
In Alice's Wonderland, secret processing rules are used on text.

x: not matched anywhere
y: matched but wrong position

0 1010000 2
1 1000000 1
2 1101100 4
3 0100100 2
4 1100000 2
5 1001000 2
6 1000100 2
7 0100100 2

01 0011000 2
12 0000111 3
23 0100000 1
34 0011000 2
45 1000000 1 match 1
56 0001100 2
67 0000000 a
70 0000000 a

02 0001101 3
13 0100111 4
24 0110000 2
35 1010000 2 match 0
46 1000100 2 match 6
57 0000000 a
60 0000000 a
71 0001000 1

03 0100101 3
14 0100011 3
25 1010000 2 match 0
36 1011000 3
47 0000000 a
50 0000000 a
61 0000000 a
72 0001100 2

04 0111001 4
15 1000011 3
26 1010000 2 match 0
37 0010000 1
40 0000000 a
51 0001000 1
62 0000000 a
73 0100100 2 match 3 7

05 1010001 3
16 1000111 4
27 0010000 1
30 0000000 a
41 0000000 a
52 0001100 2
63 0100000 1
74 0101000 2

06 1011101 5
17 0000011 2
20 0000000 a
31 0011000 2
42 0000100 1
53 0100100 2 match 3 7
64 0100000 1
75 1000000 1 match 1

07 0010001 2
10 0000010 1
21 0010000 1
32 0001000 1
43 0000100 1
54 0101000 2
65 0000000 a
76 1001100 3
[completion]
0 35 25 26
1 45 75
2 absent
3 73 53
4 absent
5 absent
6 46
7 73 53

Left
35 46y
25 36x
26 37x
Best: 35: 1

Right
73 62x
53 42x
Best: 73: 1
