[category]
matching
[prompt]
In Alice's Wonderland, secret processing rules are used on text.

x: not matched anywhere
y: matched but wrong position

0 001011110 5
1 010110111 6
2 010001111 5
3 101010101 5
4 111111100 7
5 011111101 7
6 101010101 5
7 100110010 4

01 101010111 6
12 111111110 8
23 011111111 8
34 111011101 7
45 110110011 6
56 101011110 6
67 111110111 8
70 010101111 6

02 101010111 6
13 111111110 8
24 011111101 7 match 5
35 111110101 7
46 101111010 6
57 101111110 7
60 010111111 7
71 010001111 5 match 2

03 111111111 a
14 111111101 8
25 111111101 8
36 101011101 6
47 101110010 5
50 011111110 7
61 010110111 6 match 1
72 110001111 6

04 111011101 7
15 111111101 8
26 111111101 8
37 101110101 6
40 110111010 6
51 001011111 6
62 110110111 7
73 010101111 6

05 111110101 7
16 111111100 7 match 4
27 111111101 8
30 111111111 a
41 100110011 5
52 101011110 6
63 010111111 7
74 011001111 6

06 101011101 6
17 111111100 7 match 4
20 011111111 8
31 101010111 6
42 100110010 4 match 7
53 011111110 7
64 011111111 8
75 110101111 7

07 101110101 6
10 111111110 8
21 011111111 8
32 101010111 6
43 110111010 6
54 011011111 7
65 110110111 7
76 111001111 7
[completion]
0 absent
1 61
2 71
3 absent
4 16 17
5 24
6 absent
7 42

Left
none
Best: none

Right
42 31x
Best: 42: 1
