[category]
matching
[prompt]
In Alice's Wonderland, secret processing rules are used on text.

x: not matched anywhere
y: matched but wrong position

0 0000011 2
1 0110000 2
2 0010111 4
3 1110110 5
4 0001110 3
5 0100000 1
6 0100011 3
7 0000011 2

01 1010000 2
12 0000000 a
23 1101100 4
34 0000011 2 match 0 7
45 0100000 1 match 5
56 0000001 1
67 1110000 3
70 0001110 3 match 4

02 0010000 1
13 0100000 1 match 5
24 1001111 5
35 0000000 a
46 0000000 a
57 0010001 2
60 0000110 2
71 0001100 2

03 1110000 3
14 0000011 2 match 0 7
25 1101000 3
36 0000001 1
47 0110000 2 match 1
50 0000111 3
61 1010100 3
72 0000000 a

04 1000000 1
15 0100000 1 match 5
26 0001001 2
37 0000001 1
40 0000000 a
51 0010100 2
62 0010000 1
73 0001100 2

05 1100000 2
16 0000001 1
27 1100001 3
30 0000011 2 match 0 7
41 0010000 1
52 0010000 1
63 1110100 4
74 0001110 3 match 4

06 0000000 a
17 0100001 2
20 0001111 4
31 0000000 a
42 0010000 1
53 0010100 2
64 1000110 3
75 0001000 1

07 1110000 3
10 0000011 2 match 0 7
21 1001100 3
32 0000000 a
43 0110000 2 match 1
54 0000111 3
65 1100000 2
76 0001000 1
[completion]
0 34 14 30 10
1 47 43
2 absent
3 absent
4 70 74
5 45 13 15
6 absent
7 34 14 30 10

Left
34 45y
14 25x
30 41x
10 21x
Best: 34: 1

Right
34 23x
14 03x
30 27x
10 07x
Best: 34: 1
