[category]
matching
[prompt]
In Alice's Wonderland, secret processing rules are used on text.

x: not matched anywhere
y: matched but wrong position

0 0000000 a
1 0000000 a
2 0000000 a
3 0000000 a
4 0000000 a
5 0000000 a
6 0011101 4
7 0000010 1

01 10 0010000 1
12 21 0110010 3
23 32 0000111 3
34 43 0000110 2
45 54 0000100 1
56 65 0100000 1
67 76 0000000 a match 0 1 2 3 4 5
70 07 0000000 a match 0 1 2 3 4 5

02 20 0011101 4 match 6
13 31 0000010 1 match 7
24 42 0000110 2
35 53 0000100 1
46 64 0000000 a match 0 1 2 3 4 5
57 75 0000000 a match 0 1 2 3 4 5
60 06 0011000 2
71 17 0000010 1 match 7

03 30 0000101 2
14 41 0000010 1 match 7
25 52 0100100 2
36 63 0000000 a match 0 1 2 3 4 5
47 74 0000010 1 match 7
50 05 0000100 1
61 16 0110000 2
72 27 0000010 1 match 7

04 40 0000100 1
15 51 0100000 1
26 62 0111000 3
37 73 0000010 1 match 7
[completion]
0 67 76 70 07 46 64 57 75 36 63
1 67 76 70 07 46 64 57 75 36 63
2 67 76 70 07 46 64 57 75 36 63
3 67 76 70 07 46 64 57 75 36 63
4 67 76 70 07 46 64 57 75 36 63
5 67 76 70 07 46 64 57 75 36 63
6 02 20
7 13 31 71 17 14 41 47 74 72 27 37 73

Left
67 70 01x
76 07 10x
70 01x
07 10x
46 57 60x
64 75 06x
57 60x
75 06x
36 47y
63 74y
Best: 67 70: 2

Right
13 02 71y
31 20 17y
71 60x
17 06x
14 03x
41 30x
47 36y
74 63y
72 61x
27 16x
37 26x
73 62x
Best: 13 02: 2
