[category]
matching
[prompt]
In Alice's Wonderland, secret processing rules are used on text.

x: not matched anywhere
y: matched but wrong position

0 01001111 5
1 00010100 2
2 10010101 4
3 11110000 4
4 00011100 3
5 11100110 5
6 00001000 1
7 01000100 2

01 11110010 5
12 11011111 7
23 10110100 4
34 01011111 6
45 11110111 7
56 10111011 6
67 11101100 5
70 01011111 6

02 11111011 7
13 10111101 6
24 10111101 6
35 11111111 a
46 11111111 a
57 10101100 4
60 01001101 4
71 01110011 5

03 11110010 5
14 10011101 5
25 11110111 7
36 11111111 a
47 11101110 6
50 00001101 3
61 01100110 4
72 01011011 5

04 11111011 7
15 11111111 a
26 10111111 7
37 11101111 7
40 11101111 7
51 01101010 4
62 01001111 5 match 0
73 11110011 6

05 11110111 7
16 10111111 7
27 10111100 5
30 01001111 5 match 0
41 11100110 5 match 5
52 01001011 4
63 11110100 5
74 01011011 5

06 11111011 7
17 10111101 6
20 10111101 6
31 01101111 6
42 11101111 7
53 10111000 4
64 01011101 5
75 11110111 7

07 11111110 7
10 10011101 5
21 11110110 6
32 01001111 5 match 0
43 11110110 6
54 00011001 3
65 11110111 7
76 11111011 7
[completion]
0 62 30 32
1 absent
2 absent
3 absent
4 absent
5 41
6 absent
7 absent

Left
62 73x
30 41y
32 43x
Best: 62: 1

Right
none
Best: none
