[category]
matching
[prompt]
In Alice's Wonderland, secret processing rules are used on text.

x: not matched anywhere
y: matched but wrong position

0 01100001 3
1 11001010 4
2 11010111 6
3 01001110 4
4 00000000 a
5 11011110 6
6 10111111 7
7 01001111 5

01 11011110 6 match 5
12 10111111 7 match 6
23 01001111 5 match 7
34 10111110 6
45 01110101 5
56 11101010 5
67 11110111 7
70 01101111 6

02 11111110 7
13 11111111 a
24 11011111 7
35 10111111 7 match 6
46 01101001 4
57 11111011 7
60 11110111 7
71 01001110 4 match 3

03 11011111 7
14 10111111 7 match 6
25 01111111 7
36 10111010 5
47 11110001 5
50 11101011 6
61 11010111 6 match 2
72 11111110 7

04 11011110 6 match 5
15 10111111 7 match 6
26 01101111 6
37 10111011 6
40 01100001 3 match 0
51 11001010 4 match 1
62 11110111 7
73 01001111 5 match 7

05 11111111 a
16 10111111 7 match 6
27 11111111 a
30 10111011 6
41 01100001 3 match 0
52 11111010 6
63 11010111 6 match 2
74 11011110 6 match 5

06 11111110 7
17 10111111 7 match 6
20 01101111 6
31 11111010 6
42 11110001 5
53 11001111 6
64 11011111 7
75 01111111 7

07 11111111 a
10 10111111 7 match 6
21 01001111 5 match 7
32 10111010 5
43 01100101 4
54 11011110 6 match 5
65 11110111 7
76 01101110 5
[completion]
0 40 41
1 51
2 61 63
3 71
4 absent
5 01 04 74 54
6 12 35 14 15 16 17 10
7 23 73 21

Left
40 51 62x
41 52x
Best: 40 51: 2

Right
23 12 01 70x
73 62x
21 10 07x
Best: 23 12 01: 3
