[category]
matching
[prompt]
In Alice's Wonderland, secret processing rules are used on text.

x: not matched anywhere
y: matched but wrong position

0 000000101 2
1 010100100 3
2 111110010 6
3 000110000 2
4 110010000 3
5 001110001 4
6 010011000 3
7 101000001 3

01 000100000 1
12 110000000 2
23 001100001 3
34 010011000 3 match 6
45 001000000 1
56 100000001 2
67 000000100 1
70 111000010 4

02 000000000 a
13 100000000 1
24 000110000 2 match 3
35 000011000 2
46 101000001 3 match 7
57 000000101 2 match 0
60 010000100 2
71 001100010 3

03 000100000 1
14 010010000 2
25 001110000 3
36 000011000 2
47 000000001 1
50 110000101 4
61 000100100 2
72 110000010 3

04 000110000 2 match 3
15 000010000 1
26 001010001 3
37 000001000 1
40 101000001 3 match 7
51 000000101 2 match 0
62 010000100 2
73 101100010 4

05 000110000 2 match 3
16 100010000 2
27 000000001 1
30 010001000 2
41 001000001 2
52 110000100 3
63 000100100 2
74 010110010 4

06 000010000 1
17 000000000 a
20 001000001 2
31 000001000 1
42 100000000 1
53 100000101 3
64 010100100 3 match 1
75 001110010 4

07 000000000 a
10 110000000 2
21 001100001 3
32 010001000 2
43 101000001 3 match 7
54 010000100 2
65 000100000 1
76 101010010 4
[completion]
0 57 51
1 64
2 absent
3 24 04 05
4 absent
5 absent
6 34
7 46 40 43

Left
57 60x
51 62x
Best: 57: 1

Right
46 35x
40 37x
43 32x
Best: 46: 1
