[category]
matching
[prompt]
In Alice's Wonderland, secret processing rules are used on text.

x: not matched anywhere
y: matched but wrong position

0 001110110 5
1 110110001 5
2 101011111 7
3 111011100 6
4 111111001 7
5 001111110 6
6 111110001 6
7 111011001 6

01 10 011011110 6
12 21 111011000 5
23 32 111111110 8
34 43 111110111 8
45 54 110110001 5 match 1
56 65 100011101 5
67 76 101111101 7
70 07 101111111 8

02 20 111011110 7
13 31 011110110 6
24 42 111111001 7 match 4
35 53 101110111 7
46 64 110111101 7
57 75 101111001 6
60 06 101011110 6
71 17 111101001 6

03 30 001111110 6 match 5
14 41 111110001 6 match 6
25 52 111011001 6 match 7
36 63 101111110 7
47 74 111111001 7 match 4
50 05 101011111 7 match 2
61 16 111011100 6 match 3
72 27 111111001 7 match 4

04 40 111111111 a
15 51 111010001 5
26 62 111011100 6 match 3
37 73 101111111 8
[completion]
0 absent
1 45 54
2 50 05
3 61 16 26 62
4 24 42 47 74 72 27
5 03 30
6 14 41
7 25 52

Left
none
Best: none

Right
25 14 03 72 61 50 47y
52 41 30 27 16 05 74y
Best: 25 14 03 72 61 50: 6
