[category]
matching
[prompt]
In Alice's Wonderland, secret processing rules are used on text.

x: not matched anywhere
y: matched but wrong position

0 1101010100 5
1 1110011100 6
2 0100010010 3
3 0110111101 7
4 0110100000 3
5 0000111100 4
6 1111100000 5
7 0000000000 a

01 10 0000110100 3
12 21 1110010100 5
23 32 1100011100 5
34 43 1101011101 7
45 54 0110110000 4
56 65 0110110010 5
67 76 0110100000 3 match 4
70 07 0000100000 1

02 20 0000011100 3
13 31 1101010100 5 match 0
24 42 1110011100 6 match 1
35 53 0100010010 3 match 2
46 64 0110111101 7 match 3
57 75 0110100000 3 match 4
60 06 0000111100 4 match 5
71 17 1111100000 5 match 6

03 30 0000011100 3
14 41 1111110100 7
25 52 0110010000 3
36 63 0100011111 6
47 74 1111100000 5 match 6
50 05 0000110000 2
61 16 0110110100 5
72 27 1110000000 3

04 40 0000111100 4 match 5
15 51 0110110000 4
26 62 0110011100 5
37 73 1101000000 3
[completion]
0 13 31
1 24 42
2 35 53
3 46 64
4 67 76 57 75
5 60 06 04 40
6 71 17 47 74
7 absent

Left
13 24 35 46 57 60 71 02x
31 42 53 64 75 06 17 20x
Best: 13 24 35 46 57 60 71: 7

Right
none
Best: none
