[category]
matching
[prompt]
In Alice's Wonderland, secret processing rules are used on text.

x: not matched anywhere
y: matched but wrong position

0 1111110 6
1 1111000 4
2 1100110 4
3 0101111 5
4 1010101 4
5 1100100 3
6 0110111 5
7 1111101 6

01 1011111 6
12 1111111 a
23 0110111 5 match 6
34 1111101 6 match 7
45 1111010 5
56 0110101 4
67 1101111 6
70 1111011 6

02 1111111 a
13 1110111 6
24 0111101 5
35 1111010 5
46 1110010 4
57 0100101 3
60 1101111 6
71 1011011 5

03 1110111 6
14 1111101 6 match 7
25 1111110 6 match 0
36 1111000 4 match 1
47 1100110 4 match 2
50 0101111 5 match 3
61 1011111 6
72 1111011 6

04 1111101 6 match 7
15 1111110 6 match 0
26 0110100 3
37 1101100 4
40 1101010 4
51 0011111 5
62 1111111 a
73 1111111 a

05 1111111 a
16 1110100 4
27 0100100 2
30 1101010 4
41 1011011 5
52 1111111 a
63 1111111 a
74 1111111 a

06 1110101 5
17 1100100 3 match 5
20 0101110 4
31 1011011 5
42 1111011 6
53 0110111 5 match 6
64 1111111 a
75 1111011 6

07 1110101 5
10 1101110 5
21 0011111 5
32 1111011 6
43 1110111 6
54 0111101 5
65 1111111 a
76 1111011 6
[completion]
0 25 15
1 36
2 47
3 50
4 absent
5 17
6 23 53
7 34 14 04

Left
25 36 47 50 61x
15 26x
Best: 25 36 47 50: 4

Right
34 23 12x
14 03x
04 73x
Best: 34 23: 2
