[category]
matching
[prompt]
In Alice's Wonderland, secret processing rules are used on text.

x: not matched anywhere
y: matched but wrong position

0 0010101 3
1 0100100 2
2 0111111 6
3 0000101 2
4 1110111 6
5 1000101 3
6 1010101 4
7 1000000 1

01 1100100 3
12 1000101 3 match 5
23 0011101 4
34 1010001 3
45 1100011 4
56 1011100 4
67 0010001 2
70 1000011 3

02 1011110 5
13 0100111 4
24 0110011 4
35 1001101 4
46 1000000 1 match 7
57 0110010 3
60 0101101 4
71 1011000 3

03 0111100 4
14 0001001 2
25 0101111 5
36 1101110 5
47 0101110 4
50 0001110 3
61 0110110 4
72 1100010 3

04 0010010 2
15 0010101 3 match 0
26 0001100 2
37 0000000 a
40 0010010 2
51 0010101 3 match 0
62 0001100 2
73 0000000 a

05 0001110 3
16 0110110 4
27 1100010 3
30 0111100 4
41 0001001 2
52 0101111 5
63 1101110 5
74 0101110 4

06 0101101 4
17 1011000 3
20 1011110 5
31 0100111 4
42 0110011 4
53 1001101 4
64 1000000 1 match 7
75 0110010 3

07 1000011 3
10 1100100 3
21 1000101 3 match 5
32 0011101 4
43 1010001 3
54 1100011 4
65 1011100 4
76 0010001 2
[completion]
0 15 51
1 absent
2 absent
3 absent
4 absent
5 12 21
6 absent
7 46 64

Left
15 26x
51 62x
Best: 15: 1

Right
46 35x
64 53x
Best: 46: 1
