[category]
matching
[prompt]
In Alice's Wonderland, secret processing rules are used on text.

x: not matched anywhere
y: matched but wrong position

0 1110111 6
1 1010110 4
2 1011011 5
3 1010000 2
4 1111101 6
5 1011000 3
6 0000000 a
7 0100111 4

01 0001011 3
12 0000000 a match 6
23 0100101 3
34 1011000 3 match 5
45 0000000 a match 6
56 0100011 3
67 0000100 1
70 1000000 1

02 0000010 1
13 0000000 a match 6
24 1111101 6 match 4
35 1011000 3 match 5
46 0000000 a match 6
57 0100101 3
60 1000100 2
71 0000010 1

03 0000011 2
14 1010000 2 match 3
25 1011000 3 match 5
36 0001000 1
47 0000000 a match 6
50 0100100 2
61 0000100 1
72 0000010 1

04 0011011 4
15 1010000 2 match 3
26 0101001 3
37 0001000 1
40 0000000 a match 6
51 0100111 4 match 7
62 0000000 a match 6
73 0000010 1

05 0011000 2
16 0000000 a match 6
27 0101101 4
30 1000000 1
41 0000000 a match 6
52 0000010 1
63 0000100 1
74 1010010 3

06 0001011 3
17 0000000 a match 6
20 1100100 3
31 0001000 1
42 0000000 a match 6
53 0100111 4 match 7
64 1010100 3
75 1010000 2 match 3

07 0001001 2
10 1000000 1
21 0101101 4
32 0000000 a match 6
43 0000000 a match 6
54 0100111 4 match 7
65 1010000 2 match 3
76 0000010 1
[completion]
0 absent
1 absent
2 absent
3 14 15 75 65
4 24
5 34 35 25
6 12 45 13 46 47 40 62 16 41 17 42 32 43
7 51 53 54

Left
none
Best: none

Right
51 40 37x
53 42 31x
54 43 32y
Best: 51 40: 2
