[category]
matching
[prompt]
In Alice's Wonderland, secret processing rules are used on text.

x: not matched anywhere
y: matched but wrong position

0 1010111 5
1 0010011 3
2 0011011 4
3 0110010 3
4 0110001 3
5 0111001 4
6 1101110 5
7 1011111 6

01 1101101 5
12 1011011 5
23 1101111 6
34 1110101 5
45 1111111 a
56 1101011 5
67 1011100 4
70 0111111 6

02 1011101 5
13 1011111 6 match 7
24 1100111 5
35 1110101 5
46 1111011 6
57 1001010 3
60 0111111 6
71 0111111 6

03 1001111 5
14 1010111 5 match 0
25 1110111 6
36 1111011 6
47 1111010 5
50 0111011 5
61 0111101 5
72 0111111 6

04 1000101 3
15 1110111 6
26 1101111 6
37 1111000 4
40 1111011 6
51 0101111 5
62 0011101 4
73 0111111 6

05 1110101 5
16 1111011 6
27 1101110 5 match 6
30 1111011 6
41 1111111 a
52 0011011 4 match 2
63 0011111 5
74 0110111 5

06 1101111 6
17 1011010 4
20 1111111 a
31 1111101 6
42 1111011 6
53 0001111 4
64 0010101 3
75 1110111 6

07 1001100 3
10 1111011 6
21 1101111 6
32 1111001 5
43 1111111 a
54 0001111 4
65 1110101 5
76 1111111 a
[completion]
0 14
1 absent
2 52
3 absent
4 absent
5 absent
6 27
7 13

Left
14 25x
Best: 14: 1

Right
13 02x
Best: 13: 1
