[category]
matching
[prompt]
In Alice's Wonderland, secret processing rules are used on text.

x: not matched anywhere
y: matched but wrong position

0 1010001 3
1 0000101 2
2 1101011 5
3 0100111 4
4 0100011 3
5 1100001 3
6 1010001 3
7 1011000 3

01 0110110 4
12 1001100 3
23 1111011 6
34 0111101 5
45 1001111 5
56 1110110 5
67 1011000 3 match 7
70 1011101 5

02 0000101 2 match 1
13 1001000 2
24 0111001 4
35 0001101 3
46 1000110 3
57 1010001 3 match 0 6
60 1111010 5
71 0010100 2

03 0000001 1
14 0001010 2
25 0001001 2
36 0000100 1
47 1100001 3 match 5
50 1110011 5
61 0110011 4
72 0100111 4 match 3

04 1000011 3
15 0111010 4
26 0000000 a
37 0100011 3 match 4
40 1000011 3
51 0111010 4
62 0000000 a
73 0100011 3 match 4

05 1110011 5
16 0110011 4
27 0100111 4 match 3
30 0000001 1
41 0001010 2
52 0001001 2
63 0000100 1
74 1100001 3 match 5

06 1111010 5
17 0010100 2
20 0000101 2 match 1
31 1001000 2
42 0111001 4
53 0001101 3
64 1000110 3
75 1010001 3 match 0 6

07 1011101 5
10 0110110 4
21 1001100 3
32 1111011 6
43 0111101 5
54 1001111 5
65 1110110 5
76 1011000 3 match 7
[completion]
0 57 75
1 02 20
2 absent
3 72 27
4 37 73
5 47 74
6 57 75
7 67 76

Left
57 60x
75 06x
Best: 57: 1

Right
67 56x
76 65x
Best: 67: 1
