[category]
matching
[prompt]
In Alice's Wonderland, secret processing rules are used on text.

x: not matched anywhere
y: matched but wrong position

0 111100111 7
1 101111110 7
2 010111000 4
3 011100111 6
4 111001111 7
5 110111111 8
6 111111111 a
7 111011011 7

01 111011111 8
12 110111011 7
23 111111101 8
34 011011111 7
45 110110100 5
56 101101111 7
67 110111001 6
70 111110111 8

02 111011011 7 match 7
13 110111001 6
24 011111111 8
35 011110110 6
46 101101110 6
57 111101111 8
60 110110111 7
71 111011111 8

03 111111001 7
14 011111011 7
25 011110100 5
36 001101110 5
47 110101100 5
50 111101111 8
61 111011111 8
72 111011111 8

04 111011011 7 match 7
15 010110000 3
26 001101110 5
37 011101110 6
40 110100111 6
51 111001111 7 match 4
62 110011011 6
73 111111111 a match 6

05 111111000 6
16 001111110 6
27 011101100 5
30 011100111 6 match 3
41 111101111 8
52 111011111 8
63 110111001 6
74 111011111 8

06 101111110 7 match 1
17 010111000 4 match 2
20 011100111 6 match 3
31 111001111 7 match 4
42 110111111 8 match 5
53 111111111 a match 6
64 111011011 7 match 7
75 111110111 8

07 111111000 6
10 010110111 6
21 111101111 8
32 111011111 8
43 110111101 7
54 111011111 8
65 110110001 5
76 101111111 8
[completion]
0 absent
1 06
2 17
3 30 20
4 51 31
5 42
6 73 53
7 02 04 64

Left
none
Best: none

Right
02 71x
04 73 62x
64 53 42 31 20 17 06 75x
Best: 64 53 42 31 20 17 06: 7
