[category]
matching
[prompt]
In Alice's Wonderland, secret processing rules are used on text.

x: not matched anywhere
y: matched but wrong position

0 0000100 1
1 1100000 2
2 1010000 2
3 0100000 1
4 1111001 5
5 0100011 3
6 0110001 3
7 1111110 6

01 1001010 3
12 0010100 2
23 0100000 1 match 3
34 1010000 2 match 2
45 0000000 a
56 1011000 3
67 0000010 1
70 0000001 1

02 0011110 4
13 0100100 2
24 1000000 1
35 0000000 a
46 0000000 a
57 1001000 2
60 0000001 1
71 0000001 1

03 0101110 4
14 0010100 2
25 0000000 a
36 1010000 2 match 2
47 0000000 a
50 0000001 1
61 0000011 2
72 0010001 2

04 1011110 5
15 0000100 1 match 0
26 1000000 1
37 1000000 1
40 0000000 a
51 1001001 3
62 0000011 2
73 0100001 2

05 0000110 2
16 0010100 2
27 1000000 1
30 0000000 a
41 0000000 a
52 0011001 3
63 0100011 3 match 5
74 0010001 2

06 1011100 4
17 0000100 1 match 0
20 0000000 a
31 1000000 1
42 0000000 a
53 0101001 3
64 0000011 2
75 0000000 a

07 1001110 4
10 0000000 a
21 1000000 1
32 0010000 1
43 0100000 1 match 3
54 1011001 4
65 0000010 1
76 0010000 1
[completion]
0 15 17
1 absent
2 34 36
3 23 43
4 absent
5 63
6 absent
7 absent

Left
15 26x
17 20x
Best: 15: 1

Right
none
Best: none
