[category]
matching
[prompt]
In Alice's Wonderland, secret processing rules are used on text.

x: not matched anywhere
y: matched but wrong position

0 1010001 3
1 0100110 3
2 1001001 3
3 0000100 1
4 1100111 5
5 1001011 4
6 0100011 3
7 0000110 2

01 10 0100101 3
12 21 1110001 4
23 32 1010001 3 match 0
34 43 1101111 6
45 54 1001100 3
56 65 1101000 3
67 76 0100110 3 match 1
70 07 1101000 3

02 20 1010100 3
13 31 0100000 1
24 42 0111110 5
35 53 0100011 3 match 6
46 64 0100100 2
57 75 1001110 4
60 06 1001110 4
71 17 1001101 4

03 30 0000101 2
14 41 1001111 5
25 52 1110010 4
36 63 1001011 4 match 5
47 74 0000010 1
50 05 0100110 3 match 1
61 16 1101011 5
72 27 0111100 4

04 40 1101010 4
15 51 0000011 2
26 62 0011010 3
37 73 1101101 5
[completion]
0 23 32
1 67 76 50 05
2 absent
3 absent
4 absent
5 36 63
6 35 53
7 absent

Left
23 34x
32 43x
Best: 23: 1

Right
none
Best: none
