[category]
matching
[prompt]
In Alice's Wonderland, secret processing rules are used on text.

x: not matched anywhere
y: matched but wrong position

0 0100111001 5
1 0000011000 2
2 0101101111 7
3 1110110000 5
4 1111110011 8
5 1111111111 a
6 1111111111 a
7 1111111111 a

01 0010110010 4
12 0100101110 5
23 1010100111 6
34 0111111101 8
45 1111100101 7
56 1100100001 4
67 0011011100 5
70 1011011110 7

02 1001100011 5
13 0001110110 5
24 0010100101 4
35 0111100111 7
46 1100111011 7
57 0000000010 1
60 0111111101 8
71 0110010011 5

03 1100111011 7
14 1001110100 5
25 0010111111 7
36 0100111001 5 match 0
47 0000011000 2 match 1
50 0100100011 4
61 1010110000 4
72 1101000010 4

04 0100111001 5 match 0
15 1001101110 6
26 0001100001 3
37 1000011010 4
40 0100111001 5 match 0
51 1001101110 6
62 0001100001 3
73 1000011010 4

05 0100100011 4
16 1010110000 4
27 1101000010 4
30 1100111011 7
41 1001110100 5
52 0010111111 7
63 0100111001 5 match 0
74 0000011000 2 match 1

06 0111111101 8
17 0110010011 5
20 1001100011 5
31 0001110110 5
42 0010100101 4
53 0111100111 7
64 1100111011 7
75 0000000010 1

07 1011011110 7
10 0010110010 4
21 0100101110 5
32 1010100111 6
43 0111111101 8
54 1111100101 7
65 1100100001 4
76 0011011100 5
[completion]
0 36 04 40 63
1 47 74
2 absent
3 absent
4 absent
5 absent
6 absent
7 absent

Left
36 47 50x
04 15x
40 51x
63 74 05x
Best: 36 47: 2

Right
none
Best: none
