[category]
matching
[prompt]
In Alice's Wonderland, secret processing rules are used on text.

x: not matched anywhere
y: matched but wrong position

0 011100111 6
1 111100100 5
2 111001011 6
3 001001110 4
4 111110010 6
5 101010100 4
6 001000111 4
7 001111010 5

01 001111010 5 match 7
12 001000011 3
23 101011001 5
34 011101100 5
45 111000010 4
56 101100010 4
67 011111100 6
70 111010000 4

02 111000110 5
13 011100101 5
24 001001010 3
35 011010001 4
46 101011111 7
57 001100001 3
60 011010011 5
71 001010101 4

03 101100000 3
14 111110110 7
25 001110111 6
36 001001100 3
47 001011100 4
50 001001110 4 match 3
61 101010110 5
72 111101001 6

04 001110011 5
15 111001011 6 match 2
26 011101010 5
37 101001111 6
40 001110011 5
51 111001011 6 match 2
62 011101010 5
73 101001111 6

05 001001110 4 match 3
16 101010110 5
27 111101001 6
30 101100000 3
41 111110110 7
52 001110111 6
63 001001100 3
74 001011100 4

06 011010011 5
17 001010101 4
20 111000110 5
31 011100101 5
42 001001010 3
53 011010001 4
64 101011111 7
75 001100001 3

07 111010000 4
10 001111010 5 match 7
21 001000011 3
32 101011001 5
43 011101100 5
54 111000010 4
65 101100010 4
76 011111100 6
[completion]
0 absent
1 absent
2 15 51
3 50 05
4 absent
5 absent
6 absent
7 01 10

Left
none
Best: none

Right
01 70x
10 07x
Best: 01: 1
