[category]
matching
[prompt]
In Alice's Wonderland, secret processing rules are used on text.

x: not matched anywhere
y: matched but wrong position

0 00000010 1
1 00100100 2
2 00110001 3
3 11111001 6
4 11011011 6
5 00111111 6
6 10110001 4
7 10010101 4

01 01111111 7
12 11111011 7
23 11011101 6
34 10110011 5
45 11101111 7
56 00110111 5
67 11111101 7
70 11011011 6 match 4

02 01111111 7
13 11111101 7
24 10010101 4 match 7
35 11111111 a
46 01101111 6
57 00110101 4
60 11111001 6 match 3
71 11011111 7

03 01111111 7
14 10110001 4 match 6
25 11011111 7
36 10110111 6
47 01101111 6
50 11110001 5
61 11111111 a
72 11111011 7

04 10111111 7
15 11111111 a
26 10010111 5
37 10110111 6
40 11101111 7
51 01111111 7
62 11111011 7
73 11011111 7

05 11111111 a
16 10110111 6
27 10110101 5
30 11110011 6
41 01101111 6
52 01111011 6
63 11111101 7
74 11011011 6 match 4

06 00111111 6 match 5
17 10110101 5
20 11010101 5
31 11111111 a
42 01101111 6
53 01111101 6
64 11111001 6 match 3
75 11011111 7

07 00111111 6 match 5
10 11110001 5
21 11011111 7
32 11111011 7
43 01101111 6
54 10110001 4 match 6
65 11111111 a
76 11011111 7
[completion]
0 absent
1 absent
2 absent
3 60 64
4 70 74
5 06 07
6 14 54
7 24

Left
none
Best: none

Right
24 13x
Best: 24: 1
