[category]
matching
[prompt]
In Alice's Wonderland, secret processing rules are used on text.

x: not matched anywhere
y: matched but wrong position

0 01010111 5
1 10110001 4
2 00000000 a
3 00000000 a
4 00000000 a
5 00000000 a
6 00000000 a
7 11100010 4

01 11111110 7
12 11101111 7
23 01010011 4
34 11101100 5
45 01111111 7
56 10101001 4
67 01011111 6
70 10111101 6

02 11101111 7
13 11110011 6
24 11111010 6
35 11111110 7
46 10111111 7
57 11001111 6
60 01011111 6
71 10111101 6

03 11110011 6
14 11101011 6
25 01111110 6
36 10101100 4
47 01011111 6
50 10011101 5
61 01011111 6
72 11111101 7

04 11101010 5
15 11111111 a
26 10111010 5
37 11101110 6
40 00011111 5
51 10011101 5
62 11111111 a
73 11110011 6

05 11111110 7
16 11101011 6
27 01011110 5
30 10111101 6
41 00011111 5
52 11101101 6
63 01010111 5 match 0
74 11111001 6

06 11101010 5
17 11101111 7
20 00011111 5
31 10111100 5
42 11111111 a
53 11010011 5
64 11111111 a
75 11111111 a

07 11101110 6
10 11111111 a
21 00011110 4
32 11101101 6
43 01010111 5 match 0
54 11101001 5
65 01111111 7
76 10111001 5
[completion]
0 63 43
1 absent
2 absent
3 absent
4 absent
5 absent
6 absent
7 absent

Left
63 74x
43 54x
Best: 63: 1

Right
none
Best: none
