[category]
matching
[prompt]
In Alice's Wonderland, secret processing rules are used on text.

x: not matched anywhere
y: matched but wrong position

0 01001100 3
1 00001000 1
2 01110101 5
3 01000000 1
4 11111111 a
5 00000111 3
6 00000100 1
7 11001100 4

01 11111111 a match 4
12 01000000 1 match 3
23 11111111 a match 4
34 11111111 a match 4
45 00110111 5
56 11111110 7
67 11101101 6
70 10011010 4

02 01110101 5 match 2
13 11111000 5
24 11111111 a match 4
35 00110111 5
46 10110110 5
57 11101101 6
60 11001111 6
71 10111111 7

03 11111101 7
14 11111011 7
25 11111111 a match 4
36 10110111 6
47 11100101 5
50 11001110 5
61 11111111 a match 4
72 00011010 3

04 11111111 a match 4
15 01110011 5
26 11111111 a match 4
37 11100111 6
40 10001110 4
51 11111111 a match 4
62 01001101 4
73 11111010 6

05 01110111 6
16 11110010 5
27 11111111 a match 4
30 10001111 5
41 10111111 7
52 11001100 4 match 7
63 11111101 7
74 11111011 7

06 11110111 7
17 11100101 5
20 11111111 a match 4
31 10111111 7
42 00000100 1 match 6
53 11111100 6
64 11111111 a match 4
75 00111011 5

07 11110101 6
10 11001010 4
21 11111111 a match 4
32 00000111 3 match 5
43 11111100 6
54 11111111 a match 4
65 01111111 7
76 10111010 5
[completion]
0 absent
1 absent
2 02
3 12
4 01 23 34 24 25 61 04 26 51 27 20 64 21 54
5 32
6 42
7 52

Left
none
Best: none

Right
52 41x
Best: 52: 1
