[category]
matching
[prompt]
In Alice's Wonderland, secret processing rules are used on text.

x: not matched anywhere
y: matched but wrong position

0 0101100 3
1 0101010 3
2 1000010 2
3 0110000 2
4 1011111 6
5 0101001 3
6 1000110 3
7 0000111 3

01 0111001 4
12 1111110 6
23 1010111 5
34 1111101 6
45 0111111 6
56 1001111 5
67 0110000 2 match 3
70 1011111 6 match 4

02 1111001 5
13 1010111 5
24 1010111 5
35 0111101 5
46 1101111 6
57 1100010 3
60 1110110 5
71 1111111 a

03 1111011 6
14 1010111 5
25 0111111 6
36 1101111 6
47 0101010 3 match 1
50 1010110 4
61 0111001 4
72 1111111 a

04 1111101 6
15 1111111 a
26 1001111 5
37 0101100 3 match 0
40 1111110 6
51 1111011 6
62 1111000 4
73 1011111 6 match 4

05 0111101 5
16 1001111 5
27 0100111 4
30 1111110 6
41 0111011 5
52 1111010 5
63 1110011 5
74 1011111 6 match 4

06 1101111 6
17 1100110 4
20 1010111 5
31 0111101 5
42 1111010 5
53 1010011 4
64 1110101 5
75 1111111 a

07 0101001 3 match 5
10 1010110 4
21 0111111 6
32 1111100 5
43 1111011 6
54 1010111 5
65 0111101 5
76 1011111 6 match 4
[completion]
0 37
1 47
2 absent
3 67
4 70 73 74 76
5 07
6 absent
7 absent

Left
37 40x
Best: 37: 1

Right
none
Best: none
