[category]
matching
[prompt]
In Alice's Wonderland, secret processing rules are used on text.

x: not matched anywhere
y: matched but wrong position

0 00000001 1
1 01101010 4
2 00010001 2
3 10110010 4
4 10111001 5
5 01110010 4
6 01100010 3
7 00010001 2

01 10 11011011 6
12 21 01101011 5
23 32 01111011 6
34 43 10110011 5
45 54 11110010 5
56 65 01110011 5
67 76 01111011 6
70 07 11011011 6

02 20 11111011 7
13 31 00010001 2 match 2 7
24 42 11111010 6
35 53 01110011 5
46 64 11110011 6
57 75 01101010 4 match 1
60 06 11111011 7
71 17 00001001 2

03 30 11011011 6
14 41 10110011 5
25 52 01101010 4 match 1
36 63 01110011 5
47 74 10111010 5
50 05 11111011 7
61 16 01110011 5
72 27 01101010 4 match 1

04 40 11111011 7
15 51 01100011 4
26 62 01111011 6
37 73 00011001 3
[completion]
0 absent
1 57 75 25 52 72 27
2 13 31
3 absent
4 absent
5 absent
6 absent
7 13 31

Left
none
Best: none

Right
13 02x
31 20x
Best: 13: 1
