[category]
matching
[prompt]
In Alice's Wonderland, secret processing rules are used on text.

x: not matched anywhere
y: matched but wrong position

0 0000010 1
1 0000000 a
2 0000000 a
3 0000000 a
4 0000000 a
5 1000000 1
6 1110111 6
7 1001100 3

01 10 1000000 1 match 5
12 21 1000100 2
23 32 0000000 a match 1 2 3 4
34 43 0000010 1 match 0
45 54 0001001 2
56 65 0000000 a match 1 2 3 4
67 76 0000010 1 match 0
70 07 0000000 a match 1 2 3 4

02 20 1000000 1 match 5
13 31 0100010 2
24 42 0001100 2
35 53 0100000 1
46 64 0010110 3
57 75 0000000 a match 1 2 3 4
60 06 0000000 a match 1 2 3 4
71 17 0000010 1 match 0

03 30 0000000 a match 1 2 3 4
14 41 0010111 4
25 52 1001000 2
36 63 0000010 1 match 0
47 74 0000010 1 match 0
50 05 1000000 1 match 5
61 16 0010110 3
72 27 0000000 a match 1 2 3 4

04 40 0000000 a match 1 2 3 4
15 51 1100001 3
26 62 0000100 1
37 73 0000010 1 match 0
[completion]
0 34 43 67 76 71 17 36 63 47 74 37 73
1 23 32 56 65 70 07 57 75 60 06 03 30 72 27 04 40
2 23 32 56 65 70 07 57 75 60 06 03 30 72 27 04 40
3 23 32 56 65 70 07 57 75 60 06 03 30 72 27 04 40
4 23 32 56 65 70 07 57 75 60 06 03 30 72 27 04 40
5 01 10 02 20 50 05
6 absent
7 absent

Left
34 45x
43 54x
67 70 01y
76 07 10y
71 02y
17 20y
36 47y
63 74y
47 50y
74 05y
37 40 51x
73 04 15x
Best: 67 70: 2

Right
none
Best: none
