[category]
matching
[prompt]
In Alice's Wonderland, secret processing rules are used on text.

x: not matched anywhere
y: matched but wrong position

0 0000001000 1
1 0011010101 5
2 1000000010 2
3 0000001000 1
4 0010001101 4
5 1100101011 6
6 0001101110 5
7 1100110110 6

01 0001000010 2
12 0010000100 2
23 1100000001 3
34 0001001000 2
45 1000110110 5
56 0000000000 a
67 0010001000 2
70 1100010101 5

02 0001000000 1
13 0010000001 2
24 0000001001 2
35 0001100110 4
46 1000100010 3
57 0000001000 1 match 0 3
60 0110010101 5
71 1101010010 5

03 0000000000 a
14 0010001001 3
25 1000100011 4
36 0000100010 2
47 0000100000 1
50 0100000000 1
61 0101010000 3
72 0001010100 3

04 0001001000 2
15 0010000101 3
26 1000100010 3
37 0000101000 2
40 1100110100 5
51 0100000000 1
62 0011010100 4
73 1100010001 4

05 0001000010 2
16 0000000000 a
27 0000101000 2
30 0000100100 2
41 1100110010 5
52 0000000000 a
63 0110010001 4
74 0001000001 2

06 0000000010 1
17 0010001000 2
20 1100100001 4
31 0001100010 3
42 0000010100 2
53 0100000000 1
64 0011001001 4
75 1001010111 6

07 0000001000 1 match 0 3
10 0010000101 3
21 1100100010 4
32 0001000100 2
43 1100010000 3
54 0000001000 1 match 0 3
65 0011010101 5 match 1
76 1000000010 2 match 2
[completion]
0 57 07 54
1 65
2 76
3 57 07 54
4 absent
5 absent
6 absent
7 absent

Left
57 60x
07 10x
54 65 76 07 10x
Best: 54 65 76 07: 4

Right
none
Best: none
