We need to deduce the transformation by matching the example outputs.
I will put my final answer inside \boxed{}.

Output 0: 10111101
0 1
1 0
2 1
3 1
4 1
5 1
6 0
7 1

Output 1: 10000100
0 1
1 0
2 0
3 0
4 0
5 1
6 0
7 0

Output 2: 11001101
0 1
1 1
2 0
3 0
4 1
5 1
6 0
7 1

Output 3: 11011111
0 1
1 1
2 0
3 1
4 1
5 1
6 1
7 1

Output 4: 01010001
0 0
1 1
2 0
3 1
4 0
5 0
6 0
7 1

Output 5: 00110111
0 0
1 0
2 1
3 1
4 0
5 1
6 1
7 1

Output 6: 11001111
0 1
1 1
2 0
3 0
4 1
5 1
6 1
7 1

Output 7: 11000111
0 1
1 1
2 0
3 0
4 0
5 1
6 1
7 1

Output 8: 01011111
0 0
1 1
2 0
3 1
4 1
5 1
6 1
7 1

Output 9: 00001010
0 0
1 0
2 0
3 0
4 1
5 0
6 1
7 0

Output bit columns (with bitsum as hash)
0 1111001100 6
1 0011101110 6
2 1000010000 2
3 1001110010 5
4 1011001011 6
5 1111011110 8
6 0001011111 6
7 1011111110 8

Input 0: 01111011
0 0
1 1
2 1
3 1
4 1
5 0
6 1
7 1

Input 1: 00001001
0 0
1 0
2 0
3 0
4 1
5 0
6 0
7 1

Input 2: 10011011
0 1
1 0
2 0
3 1
4 1
5 0
6 1
7 1

Input 3: 10111101
0 1
1 0
2 1
3 1
4 1
5 1
6 0
7 1

Input 4: 10100010
0 1
1 0
2 1
3 0
4 0
5 0
6 1
7 0

Input 5: 01101110
0 0
1 1
2 1
3 0
4 1
5 1
6 1
7 0

Input 6: 10011101
0 1
1 0
2 0
3 1
4 1
5 1
6 0
7 1

Input 7: 10001101
0 1
1 0
2 0
3 0
4 1
5 1
6 0
7 1

Input 8: 10111110
0 1
1 0
2 1
3 1
4 1
5 1
6 1
7 0

Input 9: 00010100
0 0
1 0
2 0
3 1
4 0
5 1
6 0
7 0

When matching output
x: not in operator
y: wrong position

Identity
0 0011101110 6 match 1
1 1000010000 2 match 2
2 1001110010 5 match 3
3 1011001011 6 match 4
4 1111011110 8 match 5
5 0001011111 6 match 6
6 1010110010 5
7 1111001100 6 match 0

Matching output
0 7
1 0
2 1
3 2
4 3
5 4
6 5
7 absent

Left
7 0 1 2 3 4 5 6x
Best: I7 0 1 2 3 4 5: 7

Right
none
Best: none

NOT
0 1100010001 4
1 0111101111 8
2 0110001101 5
3 0100110100 4
4 0000100001 2
5 1110100000 4
6 0101001101 5
7 0000110011 4

Matching output
0 absent
1 absent
2 absent
3 absent
4 absent
5 absent
6 absent
7 absent

Left
none
Best: none

Right
none
Best: none

Constant
0 0000000000 a
1 1111111111 a

Matching output
0 absent
1 absent
2 absent
3 absent
4 absent
5 absent
6 absent
7 absent

Left
none
Best: none

Right
none
Best: none

AND
01 10 0000000000 a
12 21 1000010000 2 match 2
23 32 1001000010 3
34 43 1011001010 5
45 54 0001011110 5
56 65 0000010010 2
67 76 1010000000 2
70 07 0011001100 4

02 20 0001100010 3
13 31 1000000000 1
24 42 1001010010 4
35 53 0001001011 4
46 64 1010010010 4
57 75 0001001100 3
60 06 0010100010 3
71 17 1000000000 1

03 30 0011001010 4
14 41 1000010000 2 match 2
25 52 0001010010 3
36 63 1010000010 3
47 74 1111001100 6 match 0
50 05 0001001110 4
61 16 1000010000 2 match 2
72 27 1001000000 2

04 40 0011001110 5
15 51 0000010000 1
26 62 1000110010 4
37 73 1011001000 4

Matching output
0 47 74
1 absent
2 12 21 14 41 61 16
3 absent
4 absent
5 absent
6 absent
7 absent

Left
47 50x
74 05x
Best: AND47: 1

Right
none
Best: none

OR
01 10 1011111110 8 match 7
12 21 1001110010 5 match 3
23 32 1011111011 8
34 43 1111011111 9
45 54 1111011111 9
56 65 1011111111 9
67 76 1111111110 9
70 07 1111101110 8

02 20 1011111110 8 match 7
13 31 1011011011 7
24 42 1111111110 9
35 53 1011011111 8
46 64 1111111110 9
57 75 1111011111 9
60 06 1011111110 8 match 7
71 17 1111011100 7

03 30 1011101111 8
14 41 1111011110 8 match 5
25 52 1001111111 8
36 63 1011111011 8
47 74 1111011110 8 match 5
50 05 0011111111 8
61 16 1010110010 5
72 27 1111111110 9

04 40 1111111110 9
15 51 1001011111 7
26 62 1011110010 6
37 73 1111001111 8

Matching output
0 absent
1 absent
2 absent
3 12 21
4 absent
5 14 41 47 74
6 absent
7 01 10 02 20 60 06

Left
none
Best: none

Right
01 70x
10 07x
02 71x
20 17x
60 57x
06 75x
Best: OR01: 1

XOR
01 10 1011111110 8 match 7
12 21 0001100010 3
23 32 0010111001 5
34 43 0100010101 4
45 54 1110000001 4
56 65 1011101101 7
67 76 0101111110 7
70 07 1100100010 4

02 20 1010011100 5
13 31 0011011011 6
24 42 0110101100 5
35 53 1010010100 4
46 64 0101101100 5
57 75 1110010011 6
60 06 1001011100 5
71 17 0111011100 6

03 30 1000100101 4
14 41 0111001110 6
25 52 1000101101 5
36 63 0001111001 5
47 74 0000010010 2
50 05 0010110001 4
61 16 0010100010 3
72 27 0110111110 7

04 40 1100110000 4
15 51 1001001111 6
26 62 0011000000 2
37 73 0100000111 4

Matching output
0 absent
1 absent
2 absent
3 absent
4 absent
5 absent
6 absent
7 01 10

Left
none
Best: none

Right
01 70x
10 07x
Best: XOR01: 1

AND-NOT
01 0011101110 6 match 1
12 0000000000 a
23 0000110000 2
34 0000000001 1
45 1110000000 3
56 0001001101 4
67 0000110010 3
70 1100000000 2

02 0010001100 3
13 0000010000 1
24 0000100000 1
35 1010000000 2
46 0101001100 4
57 0000010011 3
60 1000010000 2 match 2
71 0111001100 5

03 0000100100 2
14 0000000000 a
25 1000100000 2
36 0001001001 3
47 0000010010 2
50 0000010001 2
61 0010100010 3
72 0110001100 4

04 0000100000 1
15 1000000000 1
26 0001000000 1
37 0000000011 2
40 1100010000 3
51 0001001111 5
62 0010000000 1
73 0100000100 2

05 0010100000 2
16 0000000000 a
27 0000110010 3
30 1000000001 2
41 0111001110 6
52 0000001101 3
63 0000110000 2
74 0000000000 a

06 0001001100 3
17 0000010000 1
20 1000010000 2 match 2
31 0011001011 5
42 0110001100 4
53 0000010100 2
64 0000100000 1
75 1110000000 3

07 0000100010 2
10 1000010000 2 match 2
21 0001100010 3
32 0010001001 3
43 0100010100 3
54 0000000001 1
65 1010100000 3
76 0101001100 4

Matching output
0 absent
1 01
2 60 20 10
3 absent
4 absent
5 absent
6 absent
7 absent

Left
none
Best: none

Right
none
Best: none

OR-NOT
01 0111101111 8
12 1110011101 7
23 1101110110 7
34 1011101011 7
45 1111111110 9
56 0101011111 7
67 1010110011 6
70 1111011101 8

02 0111101111 8
13 1100110100 5
24 1001110011 6
35 1111101011 8
46 1111011111 9
57 0001111111 7
60 1110110011 7
71 1111101111 9

03 0111111110 8
14 1000110001 4
25 1111110010 7
36 1111001111 8
47 1111111111 a
50 1101011111 8
61 1111111111 a
72 1111001101 7

04 0011101111 7
15 1110110000 5
26 1101111111 9
37 1011111011 8
40 1111011111 9
51 0111111111 9
62 1110111111 9
73 1111111100 8

05 1111101110 8
16 1101011101 7
27 1001110011 6
30 1111011011 8
41 1111111111 a
52 0111011111 8
63 1110110110 7
74 1111101101 8

06 0111101111 8
17 1000110011 5
20 1101110011 7
31 1111101111 9
42 1111011111 9
53 0101111111 8
64 1010110011 6
75 1111101100 7

07 0011111111 8
10 1100010001 4
21 1111111111 a
32 1111001111 8
43 1111111110 9
54 0001111111 7
65 1110110010 6
76 1111001101 7

Matching output
0 absent
1 absent
2 absent
3 absent
4 absent
5 absent
6 absent
7 absent

Left
none
Best: none

Right
none
Best: none

XOR-NOT
01 0100000001 2
12 1110011101 7
23 1101000110 5
34 1011101010 6
45 0001111110 6
56 0100010010 3
67 1010000001 3
70 0011011101 6

02 0101100011 5
13 1100100100 4
24 1001010011 5
35 0101101011 6
46 1010010011 5
57 0001101100 4
60 0110100011 5
71 1000100011 4

03 0111011010 6
14 1000110001 4
25 0111010010 5
36 1110000110 5
47 1111101101 8
50 1101001110 6
61 1101011101 7
72 1001000001 3

04 0011001111 6
15 0110110000 4
26 1100111111 8
37 1011111000 6
40 0011001111 6
51 0110110000 4
62 1100111111 8
73 1011111000 6

05 1101001110 6
16 1101011101 7
27 1001000001 3
30 0111011010 6
41 1000110001 4
52 0111010010 5
63 1110000110 5
74 1111101101 8

06 0110100011 5
17 1000100011 4
20 0101100011 5
31 1100100100 4
42 1001010011 5
53 0101101011 6
64 1010010011 5
75 0001101100 4

07 0011011101 6
10 0100000001 2
21 1110011101 7
32 1101000110 5
43 1011101010 6
54 0001111110 6
65 0100010010 3
76 1010000001 3

Matching output
0 absent
1 absent
2 absent
3 absent
4 absent
5 absent
6 absent
7 absent

Left
none
Best: none

Right
none
Best: none

Selecting

Lefts
Identity I7 0 1 2 3 4 5: 7
NOT none
Constant none
AND AND47: 1
OR none
XOR none
AND-NOT none
OR-NOT none
XOR-NOT none

Rights
Identity none
NOT none
Constant none
AND none
OR OR01: 1
XOR XOR01: 1
AND-NOT none
OR-NOT none
XOR-NOT none

Left longest: 7
Right longest: 1

Left winner: Identity yes, NOT no, Constant no, AND no, OR no, XOR no, AND-NOT no, OR-NOT no, XOR-NOT no
Right winner: Identity no, NOT no, Constant no, AND no, OR yes, XOR no, AND-NOT no, OR-NOT no, XOR-NOT no

Best left: I7 0 1 2 3 4 5: 7
Best right: OR01: 1

Truncated left: I7 0 1 2 3 4 5: 7
Truncated right: OR01: 1

Tentative from right
7 OR01
6 pending
5 pending
4 pending
3 pending
2 pending
1 pending
0 pending

Tentative
0 I7
1 I0
2 I1
3 I2
4 I3
5 I4
6 I5
7 OR01

Preferred from left
0 I7
1 I0
2 I1
3 I2
4 I3
5 I4
6 I5
7 OR01

Preferred from right
7 OR01
6 I5
5 I4
4 I3
3 I2
2 I1
1 I0
0 I7

Preferred
0 I7
1 I0
2 I1
3 I2
4 I3
5 I4
6 I5
7 OR01

Matching
0 I7
1 I0
2 I1
3 I2
4 I3
5 I4
6 I5
7 OR01

Perfect match
Identity no
NOT no
Constant no
AND no
OR no
XOR no
AND-NOT no
OR-NOT no
XOR-NOT no

Matched
0 I7
1 I0
2 I1
3 I2
4 I3
5 I4
6 I5
7 OR01

Selected
0 I7
1 I0
2 I1
3 I2
4 I3
5 I4
6 I5
7 OR01

Applying to 01001110
Input
0 0
1 1
2 0
3 0
4 1
5 1
6 1
7 0
Output
0 I7 = 0
1 I0 = 0
2 I1 = 1
3 I2 = 0
4 I3 = 0
5 I4 = 1
6 I5 = 1
7 OR01 = OR(0,1) = 1

I will now return the answer in \boxed{}
The answer in \boxed{–} is \boxed{00100111}