We need to deduce the transformation by matching the example outputs.
I will put my final answer inside \boxed{}.

Output 0: 11000010
0 1
1 1
2 0
3 0
4 0
5 0
6 1
7 0

Output 1: 01110000
0 0
1 1
2 1
3 1
4 0
5 0
6 0
7 0

Output 2: 10000011
0 1
1 0
2 0
3 0
4 0
5 0
6 1
7 1

Output 3: 00001010
0 0
1 0
2 0
3 0
4 1
5 0
6 1
7 0

Output 4: 01010110
0 0
1 1
2 0
3 1
4 0
5 1
6 1
7 0

Output 5: 10101101
0 1
1 0
2 1
3 0
4 1
5 1
6 0
7 1

Output 6: 00111101
0 0
1 0
2 1
3 1
4 1
5 1
6 0
7 1

Output 7: 00000101
0 0
1 0
2 0
3 0
4 0
5 1
6 0
7 1

Output 8: 00011111
0 0
1 0
2 0
3 1
4 1
5 1
6 1
7 1

Output 9: 00101010
0 0
1 0
2 1
3 0
4 1
5 0
6 1
7 0

Output bit columns (with bitsum as hash)
0 1010010000 3
1 1100100000 3
2 0100011001 4
3 0100101010 4
4 0001011011 5
5 0000111110 5
6 1011100011 6
7 0010011110 5

Input 0: 00001101
0 0
1 0
2 0
3 0
4 1
5 1
6 0
7 1

Input 1: 10000111
0 1
1 0
2 0
3 0
4 0
5 1
6 1
7 1

Input 2: 00011001
0 0
1 0
2 0
3 1
4 1
5 0
6 0
7 1

Input 3: 10100000
0 1
1 0
2 1
3 0
4 0
5 0
6 0
7 0

Input 4: 11001101
0 1
1 1
2 0
3 0
4 1
5 1
6 0
7 1

Input 5: 10011010
0 1
1 0
2 0
3 1
4 1
5 0
6 1
7 0

Input 6: 11110111
0 1
1 1
2 1
3 1
4 0
5 1
6 1
7 1

Input 7: 00010010
0 0
1 0
2 0
3 1
4 0
5 0
6 1
7 0

Input 8: 01111111
0 0
1 1
2 1
3 1
4 1
5 1
6 1
7 1

Input 9: 01100110
0 0
1 1
2 1
3 0
4 0
5 1
6 1
7 0

When matching output
x: not in operator
y: wrong position

Identity
0 0101111000 5
1 0000101011 4
2 0001001011 4
3 0010011110 5 match 7
4 1010110010 5
5 1100101011 6
6 0100011111 6
7 1110101010 6

Matching output
0 absent
1 absent
2 absent
3 absent
4 absent
5 absent
6 absent
7 3

Left
none
Best: none

Right
3 2x
Best: I3: 1

NOT
0 1010000111 5
1 1111010100 6
2 1110110100 6
3 1101100001 5
4 0101001101 5
5 0011010100 4
6 1011100000 4
7 0001010101 4

Matching output
0 absent
1 absent
2 absent
3 absent
4 absent
5 absent
6 absent
7 absent

Left
none
Best: none

Right
none
Best: none

Constant
0 0000000000 a
1 1111111111 a

Matching output
0 absent
1 absent
2 absent
3 absent
4 absent
5 absent
6 absent
7 absent

Left
none
Best: none

Right
none
Best: none

AND
01 10 0000101000 2
12 21 0000001011 3
23 32 0000001010 2
34 43 0010010010 3
45 54 1000100010 3
56 65 0100001011 4
67 76 0100001010 3
70 07 0100101000 3

02 20 0001001000 2
13 31 0000001010 2
24 42 0000000010 1
35 53 0000001010 2
46 64 0000010010 2
57 75 1100101010 5
60 06 0100011000 3
71 17 0000101010 3

03 30 0000011000 2
14 41 0000100010 2
25 52 0000001011 3
36 63 0000011110 4
47 74 1010100010 4
50 05 0100101000 3
61 16 0000001011 3
72 27 0000001010 2

04 40 0000110000 2
15 51 0000101011 4
26 62 0000001011 3
37 73 0010001010 3

Matching output
0 absent
1 absent
2 absent
3 absent
4 absent
5 absent
6 absent
7 absent

Left
none
Best: none

Right
none
Best: none

OR
01 10 0101111011 7
12 21 0001101011 5
23 32 0011011111 7
34 43 1010111110 7
45 54 1110111011 8
56 65 1100111111 8
67 76 1110111111 9
70 07 1111111010 8

02 20 0101111011 7
13 31 0010111111 7
24 42 1011111011 8
35 53 1110111111 9
46 64 1110111111 9
57 75 1110101011 7
60 06 0101111111 8
71 17 1110101011 7

03 30 0111111110 8
14 41 1010111011 7
25 52 1101101011 7
36 63 0110011111 7
47 74 1110111010 7
50 05 1101111011 8
61 16 0100111111 7
72 27 1111101011 8

04 40 1111111010 8
15 51 1100101011 6
26 62 0101011111 7
37 73 1110111110 8

Matching output
0 absent
1 absent
2 absent
3 absent
4 absent
5 absent
6 absent
7 absent

Left
none
Best: none

Right
none
Best: none

XOR
01 10 0101010011 5
12 21 0001100000 2
23 32 0011010101 5
34 43 1000101100 4
45 54 0110011001 5
56 65 1000110100 4
67 76 1010110101 6
70 07 1011010010 5

02 20 0100110011 5
13 31 0010110101 5
24 42 1011111001 7
35 53 1110110101 7
46 64 1110101101 7
57 75 0010000001 2
60 06 0001100111 5
71 17 1110000001 4

03 30 0111100110 6
14 41 1010011001 5
25 52 1101100000 4
36 63 0110000001 3
47 74 0100011000 3
50 05 1001010011 5
61 16 0100110100 4
72 27 1111100001 6

04 40 1111001010 6
15 51 1100000000 2
26 62 0101010100 4
37 73 1100110100 5

Matching output
0 absent
1 absent
2 absent
3 absent
4 absent
5 absent
6 absent
7 absent

Left
none
Best: none

Right
none
Best: none

AND-NOT
01 0101010000 3
12 0000100000 1
23 0001000001 2
34 0000001100 2
45 0010010000 2
56 1000100000 2
67 0000010101 3
70 1010000010 3

02 0100110000 3
13 0000100001 2
24 0001001001 3
35 0010010100 3
46 1010100000 3
57 0000000001 1
60 0000000111 3
71 1110000000 3

03 0101100000 3
14 0000001001 2
25 0001000000 1
36 0010000000 1
47 0000010000 1
50 1000000011 3
61 0100010100 3
72 1110100000 4

04 0101001000 3
15 0000000000 a
26 0001000000 1
37 0000010100 2
40 1010000010 3
51 1100000000 2
62 0100010100 3
73 1100100000 3 match 1

05 0001010000 2
16 0000100000 1
27 0001000001 2
30 0010000110 3
41 1010010000 3 match 0
52 1100100000 3 match 1
63 0100000001 2
74 0100001000 2

06 0001100000 2
17 0000000001 1
20 0000000011 2
31 0010010100 3
42 1010110000 4
53 1100100001 4
64 0100001101 4
75 0010000000 1

07 0001010000 2
10 0000000011 2
21 0001000000 1
32 0010010100 3
43 1000100000 2
54 0100001001 3
65 0000010100 2
76 1010100000 3

Matching output
0 41
1 73 52
2 absent
3 absent
4 absent
5 absent
6 absent
7 absent

Left
41 52 63x
Best: AND-NOT41 52: 2

Right
none
Best: none

OR-NOT
01 1111111100 8
12 1110111111 9
23 1101101011 7
34 0111011111 8
45 1011110110 7
56 1111101011 8
67 0101011111 7
70 1110101111 8

02 1111111100 8
13 1101101011 7
24 0101001111 6
35 0011011110 6
46 1011110010 6
57 1101111111 9
60 1110011111 8
71 1111111110 9

03 1101111001 7
14 0101101111 7
25 0011011111 7
36 1011111110 8
47 1011110111 8
50 1110101111 8
61 1111011111 9
72 1110111110 8

04 0101111101 7
15 0011111111 8
26 1011101011 7
37 0011011111 7
40 1010110111 7
51 1111111111 a
62 1110111111 9
73 1111101011 8

05 0111111100 7
16 1011101011 7
27 0001011111 6
30 1010011111 7
41 1111110110 8
52 1110111111 9
63 1101111111 9
74 1111101111 9

06 1111111000 7
17 0001111111 7
20 1011001111 7
31 1111011110 8
42 1110110110 7
53 1101101011 7
64 0101011111 7
75 1111111110 9

07 0101111101 7
10 1010101111 7
21 1111011111 9
32 1110111110 8
43 1111110011 8
54 1101101111 8
65 0111011111 8
76 1111101010 7

Matching output
0 absent
1 absent
2 absent
3 absent
4 absent
5 absent
6 absent
7 absent

Left
none
Best: none

Right
none
Best: none

XOR-NOT
01 1010101100 5
12 1110011111 8
23 1100101010 5
34 0111010011 6
45 1001100110 5
56 0111001011 6
67 0101001010 4
70 0100101101 5

02 1011001100 5
13 1101001010 5
24 0100000110 3
35 0001001010 3
46 0001010010 3
57 1101111110 8
60 1110011000 5
71 0001111110 6

03 1000011001 4
14 0101100110 5
25 0010011111 6
36 1001111110 7
47 1011100111 7
50 0110101100 5
61 1011001011 6
72 0000011110 4

04 0000110101 4
15 0011111111 8
26 1010101011 6
37 0011001011 5
40 0000110101 4
51 0011111111 8
62 1010101011 6
73 0011001011 5

05 0110101100 5
16 1011001011 6
27 0000011110 4
30 1000011001 4
41 0101100110 5
52 0010011111 6
63 1001111110 7
74 1011100111 7

06 1110011000 5
17 0001111110 6
20 1011001100 5
31 1101001010 5
42 0100000110 3
53 0001001010 3
64 0001010010 3
75 1101111110 8

07 0100101101 5
10 1010101100 5
21 1110011111 8
32 1100101010 5
43 0111010011 6
54 1001100110 5
65 0111001011 6
76 0101001010 4

Matching output
0 absent
1 absent
2 absent
3 absent
4 absent
5 absent
6 absent
7 absent

Left
none
Best: none

Right
none
Best: none

Selecting

Lefts
Identity none
NOT none
Constant none
AND none
OR none
XOR none
AND-NOT AND-NOT41 52: 2
OR-NOT none
XOR-NOT none

Rights
Identity I3: 1
NOT none
Constant none
AND none
OR none
XOR none
AND-NOT none
OR-NOT none
XOR-NOT none

Left longest: 2
Right longest: 1

Left winner: Identity no, NOT no, Constant no, AND no, OR no, XOR no, AND-NOT yes, OR-NOT no, XOR-NOT no
Right winner: Identity yes, NOT no, Constant no, AND no, OR no, XOR no, AND-NOT no, OR-NOT no, XOR-NOT no

Best left: AND-NOT41 52: 2
Best right: I3: 1

Truncated left: AND-NOT41 52: 2
Truncated right: I3: 1

Tentative from right
7 I3
6 pending
5 pending
4 pending
3 pending
2 pending
1 pending
0 pending

Tentative
0 AND-NOT41
1 AND-NOT52
2 pending
3 pending
4 pending
5 pending
6 pending
7 I3

Preferred from left
0 AND-NOT41
1 AND-NOT52
2 ?63
3 ?74
4 ?05
5 ?16
6 ?27
7 I3

Preferred from right
7 I3
6 ?27
5 ?16
4 ?05
3 ?74
2 ?63
1 AND-NOT52
0 AND-NOT41

Preferred
0 AND-NOT41
1 AND-NOT52
2 ?63 ?36
3 ?74 ?47
4 ?05 ?50
5 ?16 ?61
6 ?27 ?72
7 I3

Matching
0 AND-NOT41
1 AND-NOT52
2 ?63 ?36 - Identity absent, NOT absent, Constant absent, AND absent, OR absent, XOR absent, AND-NOT absent, OR-NOT absent, XOR-NOT absent
3 ?74 ?47 - Identity absent, NOT absent, Constant absent, AND absent, OR absent, XOR absent, AND-NOT absent, OR-NOT absent, XOR-NOT absent
4 ?05 ?50 - Identity absent, NOT absent, Constant absent, AND absent, OR absent, XOR absent, AND-NOT absent, OR-NOT absent, XOR-NOT absent
5 ?16 ?61 - Identity absent, NOT absent, Constant absent, AND absent, OR absent, XOR absent, AND-NOT absent, OR-NOT absent, XOR-NOT absent
6 ?27 ?72 - Identity absent, NOT absent, Constant absent, AND absent, OR absent, XOR absent, AND-NOT absent, OR-NOT absent, XOR-NOT absent
7 I3

Perfect match
Identity no
NOT no
Constant no
AND no
OR no
XOR no
AND-NOT no
OR-NOT no
XOR-NOT no

Matched
0 AND-NOT41
1 AND-NOT52
2 none
3 none
4 none
5 none
6 none
7 I3

Selected
0 AND-NOT41
1 AND-NOT52
2 default 1
3 default 1
4 default 1
5 default 1
6 default 1
7 I3

Applying to 11011001
Input
0 1
1 1
2 0
3 1
4 1
5 0
6 0
7 1
Output
0 AND-NOT41 = AND(1,NOT(1)) = 0
1 AND-NOT52 = AND(0,NOT(0)) = 0
2 default 1 = 1
3 default 1 = 1
4 default 1 = 1
5 default 1 = 1
6 default 1 = 1
7 I3 = 1

I will now return the answer in \boxed{}
The answer in \boxed{–} is \boxed{00111111}