We need to deduce the transformation by matching the example outputs.
I will put my final answer inside \boxed{}.

Output 0: 10011111
0 1
1 0
2 0
3 1
4 1
5 1
6 1
7 1

Output 1: 10101011
0 1
1 0
2 1
3 0
4 1
5 0
6 1
7 1

Output 2: 10010011
0 1
1 0
2 0
3 1
4 0
5 0
6 1
7 1

Output 3: 11110101
0 1
1 1
2 1
3 1
4 0
5 1
6 0
7 1

Output 4: 11011101
0 1
1 1
2 0
3 1
4 1
5 1
6 0
7 1

Output 5: 11000111
0 1
1 1
2 0
3 0
4 0
5 1
6 1
7 1

Output 6: 11001101
0 1
1 1
2 0
3 0
4 1
5 1
6 0
7 1

Output 7: 01001010
0 0
1 1
2 0
3 0
4 1
5 0
6 1
7 0

Output 8: 00001111
0 0
1 0
2 0
3 0
4 1
5 1
6 1
7 1

Output bit columns (with bitsum as hash)
0 111111100 7
1 000111110 5
2 010100000 2
3 101110000 4
4 110010111 6
5 100111101 6
6 111001011 6
7 111111101 8

Input 0: 00001100
0 0
1 0
2 0
3 0
4 1
5 1
6 0
7 0

Input 1: 11101010
0 1
1 1
2 1
3 0
4 1
5 0
6 1
7 0

Input 2: 10011101
0 1
1 0
2 0
3 1
4 1
5 1
6 0
7 1

Input 3: 01110001
0 0
1 1
2 1
3 1
4 0
5 0
6 0
7 1

Input 4: 01000100
0 0
1 1
2 0
3 0
4 0
5 1
6 0
7 0

Input 5: 00010111
0 0
1 0
2 0
3 1
4 0
5 1
6 1
7 1

Input 6: 01100110
0 0
1 1
2 1
3 0
4 0
5 1
6 1
7 0

Input 7: 10110110
0 1
1 0
2 1
3 1
4 0
5 1
6 1
7 0

Input 8: 00011110
0 0
1 0
2 0
3 1
4 1
5 1
6 1
7 0

When matching output
x: not in operator
y: wrong position

Identity
0 011000010 3
1 010110100 4
2 010100110 4
3 001101011 5
4 111000001 4
5 101011111 7
6 010001111 5
7 001101000 3

Matching output
0 absent
1 absent
2 absent
3 absent
4 absent
5 absent
6 absent
7 absent

Left
none
Best: none

Right
none
Best: none

NOT
0 100111101 6 match 5
1 101001011 5
2 101011001 5
3 110010100 4
4 000111110 5 match 1
5 010100000 2 match 2
6 101110000 4 match 3
7 110010111 6 match 4

Matching output
0 absent
1 4
2 5
3 6
4 7
5 0
6 absent
7 absent

Left
none
Best: none

Right
none
Best: none

Constant
0 000000000 a
1 111111111 a

Matching output
0 absent
1 absent
2 absent
3 absent
4 absent
5 absent
6 absent
7 absent

Left
none
Best: none

Right
none
Best: none

AND
01 10 010000000 1
12 21 010100100 3
23 32 000100010 2
34 43 001000001 2
45 54 101000001 3
56 65 000001111 4
67 76 000001000 1
70 07 001000000 1

02 20 010000010 2
13 31 000100000 1
24 42 010000000 1
35 53 001001011 4
46 64 010000001 2
57 75 001001000 2
60 06 010000010 2
71 17 000100000 1

03 30 001000010 2
14 41 010000000 1
25 52 000000110 2
36 63 000001011 3
47 74 001000000 1
50 05 001000010 2
61 16 010000100 2
72 27 000100000 1

04 40 011000000 2
15 51 000010100 2
26 62 010000110 3
37 73 001101000 3

Matching output
0 absent
1 absent
2 absent
3 absent
4 absent
5 absent
6 absent
7 absent

Left
none
Best: none

Right
none
Best: none

OR
01 10 011110110 6
12 21 010110110 5
23 32 011101111 7
34 43 111101011 7
45 54 111011111 8
56 65 111011111 8
67 76 011101111 7
70 07 011101010 5

02 20 011100110 5
13 31 011111111 8
24 42 111100111 7
35 53 101111111 8
46 64 111001111 7
57 75 101111111 8
60 06 011001111 6
71 17 011111100 6

03 30 011101011 6
14 41 111110101 7
25 52 111111111 a
36 63 011101111 7
47 74 111101001 6
50 05 111011111 8
61 16 010111111 7
72 27 011101110 6

04 40 111000011 5
15 51 111111111 a
26 62 010101111 6
37 73 001101011 5

Matching output
0 absent
1 absent
2 absent
3 absent
4 absent
5 absent
6 absent
7 absent

Left
none
Best: none

Right
none
Best: none

XOR
01 10 001110110 5
12 21 000010010 2
23 32 011001101 5
34 43 110101010 5
45 54 010011110 5
56 65 111010000 4
67 76 011100111 6
70 07 010101010 4

02 20 001100100 3
13 31 011011111 7
24 42 101100111 6
35 53 100110100 4
46 64 101001110 5
57 75 100110111 6
60 06 001001101 4
71 17 011011100 5

03 30 010101001 4
14 41 101110101 6
25 52 111111001 7
36 63 011100100 4
47 74 110101001 5
50 05 110011101 6
61 16 000111011 5
72 27 011001110 5

04 40 100000011 3
15 51 111101011 7
26 62 000101001 3
37 73 000000011 2

Matching output
0 absent
1 absent
2 absent
3 absent
4 absent
5 absent
6 absent
7 absent

Left
none
Best: none

Right
none
Best: none

AND-NOT
01 001000010 2
12 000010000 1
23 010000100 2
34 000101010 3
45 010000000 1
56 101010000 3
67 010000111 4
70 000101000 2

02 001000000 1
13 010010100 3
24 000100110 3
35 000100000 1
46 101000000 2
57 100010111 5
60 000001101 3
71 001001000 2

03 010000000 1
14 000110100 3
25 010100000 2 match 2
36 001100000 2
47 110000001 3
50 100011101 5
61 000001011 3
72 001001000 2

04 000000010 1
15 010100000 2 match 2
26 000100000 1
37 000000011 2
40 100000001 2
51 101001011 5
62 000001001 2
73 000000000 a

05 010000000 1
16 000110000 2
27 010000110 3
30 000101001 3
41 101000001 3
52 101011001 5
63 010000100 2
74 000101000 2

06 001000000 1
17 010010100 3
20 000100100 2
31 001001011 4
42 101000001 3
53 100010100 3
64 000001110 3
75 000100000 1

07 010000010 2
10 000110100 3
21 000000010 1
32 001001001 3
43 110000000 2
54 000011110 4
65 010000000 1
76 001100000 2

Matching output
0 absent
1 absent
2 25 15
3 absent
4 absent
5 absent
6 absent
7 absent

Left
none
Best: none

Right
none
Best: none

OR-NOT
01 111001011 6 match 6
12 111111101 8 match 7
23 110110110 6
34 001111111 7
45 111100001 5
56 101111111 8
67 110011111 7
70 101111101 7

02 111011011 7
13 110110100 5
24 010111110 6
35 011101011 6
46 111110001 6
57 111011111 8
60 110111111 8
71 101101011 6

03 111010110 6
14 010111110 6
25 010100110 4
36 101111011 7
47 111010111 7
50 101111111 8
61 111001111 7
72 101111001 6

04 011111110 7
15 010110100 4
26 111110110 7
37 111111111 a
40 111111101 8 match 7
51 101011111 7
62 111011111 8
73 111111100 7 match 0

05 011100010 4
16 111110100 6
27 110110111 7
30 101111111 8
41 111001011 6 match 6
52 101011111 7
63 110011111 7
74 001111110 6

06 111110010 6
17 110110111 7
20 110111111 8
31 101101011 6
42 111011001 6
53 111011111 8
64 010111111 7
75 011101000 4

07 111010111 7
10 110111101 7
21 111101111 8
32 101111011 7
43 111010101 6
54 101111111 8
65 010101111 6
76 101111000 5

Matching output
0 73
1 absent
2 absent
3 absent
4 absent
5 absent
6 01 41
7 12 40

Left
73 04x
Best: OR-NOT73: 1

Right
12 01 70x
40 37x
Best: OR-NOT12 01: 2

XOR-NOT
01 110001001 4
12 111101101 7
23 100110010 4
34 001010101 4
45 101100001 4
56 000101111 5
67 100011000 3
70 101010101 5

02 110011011 6
13 100100000 2
24 010011000 3
35 011001011 5
46 010110001 4
57 011001000 3
60 110110010 5
71 100100011 4

03 101010110 5
14 010001010 3
25 000000110 2
36 100011011 5
47 001010110 4
50 001100010 3
61 111000100 4
72 100110001 4

04 011111100 6
15 000010100 2
26 111010110 6
37 111111100 7 match 0
40 011111100 6
51 000010100 2
62 111010110 6
73 111111100 7 match 0

05 001100010 3
16 111000100 4
27 100110001 4
30 101010110 5
41 010001010 3
52 000000110 2
63 100011011 5
74 001010110 4

06 110110010 5
17 100100011 4
20 110011011 6
31 100100000 2
42 010011000 3
53 011001011 5
64 010110001 4
75 011001000 3

07 101010101 5
10 110001001 4
21 111101101 7
32 100110010 4
43 001010101 4
54 101100001 4
65 000101111 5
76 100011000 3

Matching output
0 37 73
1 absent
2 absent
3 absent
4 absent
5 absent
6 absent
7 absent

Left
37 40x
73 04x
Best: XOR-NOT37: 1

Right
none
Best: none

Selecting

Lefts
Identity none
NOT none
Constant none
AND none
OR none
XOR none
AND-NOT none
OR-NOT OR-NOT73: 1
XOR-NOT XOR-NOT37: 1

Rights
Identity none
NOT none
Constant none
AND none
OR none
XOR none
AND-NOT none
OR-NOT OR-NOT12 01: 2
XOR-NOT none

Left longest: 1
Right longest: 2

Right winner: Identity no, NOT no, Constant no, AND no, OR no, XOR no, AND-NOT no, OR-NOT yes, XOR-NOT no
Left winner: Identity no, NOT no, Constant no, AND no, OR no, XOR no, AND-NOT no, OR-NOT yes, XOR-NOT no

Best right: OR-NOT12 01: 2
Best left: OR-NOT73: 1

Truncated right: OR-NOT12 01: 2
Truncated left: OR-NOT73: 1

Tentative from right
7 OR-NOT12
6 OR-NOT01
5 pending
4 pending
3 pending
2 pending
1 pending
0 pending

Tentative
0 OR-NOT73
1 pending
2 pending
3 pending
4 pending
5 pending
6 OR-NOT01
7 OR-NOT12

Preferred from right
7 OR-NOT12
6 OR-NOT01
5 ?70
4 ?67
3 ?56
2 ?45
1 ?34
0 OR-NOT73

Preferred from left
0 OR-NOT73
1 ?34
2 ?45
3 ?56
4 ?67
5 ?70
6 OR-NOT01
7 OR-NOT12

Preferred
0 OR-NOT73
1 ?34 ?43
2 ?45 ?54
3 ?56 ?65
4 ?67 ?76
5 ?70 ?07
6 OR-NOT01
7 OR-NOT12

Matching
0 OR-NOT73
1 ?34 ?43 - Identity absent, NOT NOT4, Constant absent, AND absent, OR absent, XOR absent, AND-NOT absent, OR-NOT absent, XOR-NOT absent
2 ?45 ?54 - Identity absent, NOT NOT5, Constant absent, AND absent, OR absent, XOR absent, AND-NOT absent, OR-NOT absent, XOR-NOT absent
3 ?56 ?65 - Identity absent, NOT NOT6, Constant absent, AND absent, OR absent, XOR absent, AND-NOT absent, OR-NOT absent, XOR-NOT absent
4 ?67 ?76 - Identity absent, NOT NOT7, Constant absent, AND absent, OR absent, XOR absent, AND-NOT absent, OR-NOT absent, XOR-NOT absent
5 ?70 ?07 - Identity absent, NOT NOT0, Constant absent, AND absent, OR absent, XOR absent, AND-NOT absent, OR-NOT absent, XOR-NOT absent
6 OR-NOT01
7 OR-NOT12

Perfect match
Identity no
NOT yes
Constant no
AND no
OR no
XOR no
AND-NOT no
OR-NOT no
XOR-NOT no

Matched
0 OR-NOT73
1 NOT4
2 NOT5
3 NOT6
4 NOT7
5 NOT0
6 OR-NOT01
7 OR-NOT12

Selected
0 OR-NOT73
1 NOT4
2 NOT5
3 NOT6
4 NOT7
5 NOT0
6 OR-NOT01
7 OR-NOT12

Applying to 00011100
Input
0 0
1 0
2 0
3 1
4 1
5 1
6 0
7 0
Output
0 OR-NOT73 = OR(0,NOT(1)) = 0
1 NOT4 = NOT(1) = 0
2 NOT5 = NOT(1) = 0
3 NOT6 = NOT(0) = 1
4 NOT7 = NOT(0) = 1
5 NOT0 = NOT(0) = 1
6 OR-NOT01 = OR(0,NOT(0)) = 1
7 OR-NOT12 = OR(0,NOT(0)) = 1

I will now return the answer in \boxed{}
The answer in \boxed{–} is \boxed{00011111}