We need to deduce the transformation by matching the example outputs.
I will put my final answer inside \boxed{}.

Output 0: 11010101
0 1
1 1
2 0
3 1
4 0
5 1
6 0
7 1

Output 1: 01111001
0 0
1 1
2 1
3 1
4 1
5 0
6 0
7 1

Output 2: 10010100
0 1
1 0
2 0
3 1
4 0
5 1
6 0
7 0

Output 3: 11111011
0 1
1 1
2 1
3 1
4 1
5 0
6 1
7 1

Output 4: 00110010
0 0
1 0
2 1
3 1
4 0
5 0
6 1
7 0

Output 5: 11001001
0 1
1 1
2 0
3 0
4 1
5 0
6 0
7 1

Output 6: 10000000
0 1
1 0
2 0
3 0
4 0
5 0
6 0
7 0

Output 7: 01001001
0 0
1 1
2 0
3 0
4 1
5 0
6 0
7 1

Output 8: 10100100
0 1
1 0
2 1
3 0
4 0
5 1
6 0
7 0

Output bit columns (with bitsum as hash)
0 101101101 6
1 110101010 5
2 010110001 4
3 111110000 5
4 010101010 4
5 101000001 3
6 000110000 2
7 110101010 5

Input 0: 01101011
0 0
1 1
2 1
3 0
4 1
5 0
6 1
7 1

Input 1: 00111100
0 0
1 0
2 1
3 1
4 1
5 1
6 0
7 0

Input 2: 11001001
0 1
1 1
2 0
3 0
4 1
5 0
6 0
7 1

Input 3: 11111110
0 1
1 1
2 1
3 1
4 1
5 1
6 1
7 0

Input 4: 00011001
0 0
1 0
2 0
3 1
4 1
5 0
6 0
7 1

Input 5: 01100101
0 0
1 1
2 1
3 0
4 0
5 1
6 0
7 1

Input 6: 01000001
0 0
1 1
2 0
3 0
4 0
5 0
6 0
7 1

Input 7: 10100110
0 1
1 0
2 1
3 0
4 0
5 1
6 1
7 0

Input 8: 11010001
0 1
1 1
2 0
3 1
4 0
5 0
6 0
7 1

When matching output
x: not in operator
y: wrong position

Identity
0 001100011 4
1 101101101 6 match 0
2 110101010 5 match 1 7
3 010110001 4 match 2
4 111110000 5 match 3
5 010101010 4 match 4
6 100100010 3
7 101011101 6

Matching output
0 1
1 2
2 3
3 4
4 5
5 absent
6 absent
7 2

Left
1 2 3 4 5 6x
Best: I1 2 3 4 5: 5

Right
2 1y
Best: I2: 1

NOT
0 110011100 5
1 010010010 3
2 001010101 4
3 101001110 5
4 000001111 4
5 101010101 5
6 011011101 6
7 010100010 3

Matching output
0 absent
1 absent
2 absent
3 absent
4 absent
5 absent
6 absent
7 absent

Left
none
Best: none

Right
none
Best: none

Constant
0 000000000 a
1 111111111 a

Matching output
0 absent
1 absent
2 absent
3 absent
4 absent
5 absent
6 absent
7 absent

Left
none
Best: none

Right
none
Best: none

AND
01 10 001100001 3
12 21 100101000 3
23 32 010100000 2
34 43 010110000 3
45 54 010100000 2
56 65 000100010 2
67 76 100000000 1
70 07 001000001 2

02 20 000100010 2
13 31 000100001 2
24 42 110100000 3
35 53 010100000 2
46 64 100100000 2
57 75 000001000 1
60 06 000100010 2
71 17 101001101 5

03 30 000100001 2
14 41 101100000 3
25 52 010101010 4 match 4
36 63 000100000 1
47 74 101010000 3
50 05 000100010 2
61 16 100100000 2
72 27 100001000 2

04 40 001100000 2
15 51 000101000 2
26 62 100100010 3
37 73 000010001 2

Matching output
0 absent
1 absent
2 absent
3 absent
4 25 52
5 absent
6 absent
7 absent

Left
none
Best: none

Right
none
Best: none

OR
01 10 101101111 7
12 21 111101111 8
23 32 110111011 7
34 43 111110001 6
45 54 111111010 7
56 65 110101010 5 match 1 7
67 76 101111111 8
70 07 101111111 8

02 20 111101011 7
13 31 111111101 8
24 42 111111010 7
35 53 010111011 6
46 64 111110010 6
57 75 111111111 a
60 06 101100011 5
71 17 101111101 7

03 30 011110011 6
14 41 111111101 8
25 52 110101010 5 match 1 7
36 63 110110011 6
47 74 111111101 8
50 05 011101011 6
61 16 101101111 7
72 27 111111111 a

04 40 111110011 7
15 51 111101111 8
26 62 110101010 5 match 1 7
37 73 111111101 8

Matching output
0 absent
1 56 65 25 52 26 62
2 absent
3 absent
4 absent
5 absent
6 absent
7 56 65 25 52 26 62

Left
none
Best: none

Right
56 45x
65 54x
25 14x
52 41x
26 15x
62 51x
Best: OR56: 1

XOR
01 10 100001110 4
12 21 011000111 5
23 32 100011011 5
34 43 101000001 3 match 5
45 54 101011010 5
56 65 110001000 3
67 76 001111111 7
70 07 100111110 6

02 20 111001001 5
13 31 111011100 6
24 42 001011010 4
35 53 000011011 4
46 64 011010010 4
57 75 111110111 8
60 06 101000001 3 match 5
71 17 000110000 2 match 6

03 30 011010010 4
14 41 010011101 5
25 52 100000000 1
36 63 110010011 5
47 74 010101101 5
50 05 011001001 4
61 16 001001111 5
72 27 011110111 7

04 40 110010011 5
15 51 111000111 6
26 62 010001000 2
37 73 111101100 6

Matching output
0 absent
1 absent
2 absent
3 absent
4 absent
5 34 43 60 06
6 71 17
7 absent

Left
none
Best: none

Right
none
Best: none

AND-NOT
01 000000010 1
12 001000101 3
23 100001010 3
34 000000001 1
45 101010000 3
56 010001000 2
67 000100010 2
70 100011100 4

02 001000001 2
13 101001100 4
24 000001010 2
35 000010001 2
46 011010000 3
57 010100010 3
60 100000000 1
71 000010000 1

03 001000010 2
14 000001101 3
25 100000000 1
36 010010001 3
47 010100000 2
50 010001000 2
61 000000010 1
72 001010101 4

04 000000011 2
15 101000101 4
26 010001000 2
37 010100000 2
40 110010000 3
51 010000010 2
62 000000000 a
73 101001100 4

05 001000001 2
16 001001101 4
27 010100010 3
30 010010000 2
41 010010000 2
52 000000000 a
63 100000010 2
74 000001101 3

06 001000001 2
17 000100000 1
20 110001000 3
31 010010000 2
42 001010000 2
53 000001010 2
64 000000010 1
75 101010101 5

07 000100010 2
10 100001100 3
21 010000010 2
32 000010001 2
43 101000000 2
54 000001010 2
65 100000000 1
76 001011101 5

Matching output
0 absent
1 absent
2 absent
3 absent
4 absent
5 absent
6 absent
7 absent

Left
none
Best: none

Right
none
Best: none

OR-NOT
01 011110011 6
12 101111101 7
23 111101110 7
34 010111111 7
45 111110101 7
56 011111111 8
67 110100010 4
70 111011101 7

02 001110111 6
13 101101111 7
24 110101111 7
35 111110101 7
46 111111101 8
57 010101010 4 match 4
60 110111110 7
71 111011111 8

03 101101111 7
14 101101111 7
25 111111111 a
36 011111101 7
47 111110010 6
50 110111110 7
61 110110010 5
72 101011101 6

04 001101111 6
15 101111101 7
26 111111111 a
37 010110011 5
40 111111100 7
51 010111010 5
62 101110111 7
73 101011111 7

05 101110111 7
16 111111101 8
27 110101010 5 match 1 7
30 110111101 7
41 111110010 6
52 011111111 8
63 101101110 6
74 101011111 7

06 011111111 8
17 111101111 8
20 110111110 7
31 010110011 5
42 111110101 7
53 111101110 7
64 100101111 6
75 101011101 6

07 011100011 5
10 111111101 8
21 110111010 6
32 011110101 6
43 111111110 8
54 010101111 6
65 101110111 7
76 111011101 7

Matching output
0 absent
1 27
2 absent
3 absent
4 57
5 absent
6 absent
7 27

Left
none
Best: none

Right
27 16x
Best: OR-NOT27: 1

XOR-NOT
01 011110001 5
12 100111000 4
23 011100100 4
34 010111110 6
45 010100101 4
56 001110111 6
67 110000000 2
70 011000001 3

02 000110110 4
13 000100011 3
24 110100101 5
35 111100100 5
46 100101101 5
57 000001000 1
60 010111110 6
71 111001111 7

03 100101101 5
14 101100010 4
25 011111111 8
36 001101100 4
47 101010010 4
50 100110110 5
61 110110000 4
72 100001000 2

04 001101100 4
15 000111000 3
26 101110111 7
37 000010011 3
40 001101100 4
51 000111000 3
62 101110111 7
73 000010011 3

05 100110110 5
16 110110000 4
27 100001000 2
30 100101101 5
41 101100010 4
52 011111111 8
63 001101100 4
74 101010010 4

06 010111110 6
17 111001111 7
20 000110110 4
31 000100011 3
42 110100101 5
53 111100100 5
64 100101101 5
75 000001000 1

07 011000001 3
10 011110001 5
21 100111000 4
32 011100100 4
43 010111110 6
54 010100101 4
65 001110111 6
76 110000000 2

Matching output
0 absent
1 absent
2 absent
3 absent
4 absent
5 absent
6 absent
7 absent

Left
none
Best: none

Right
none
Best: none

Selecting

Lefts
Identity I1 2 3 4 5: 5
NOT none
Constant none
AND none
OR none
XOR none
AND-NOT none
OR-NOT none
XOR-NOT none

Rights
Identity I2: 1
NOT none
Constant none
AND none
OR OR56: 1
XOR none
AND-NOT none
OR-NOT OR-NOT27: 1
XOR-NOT none

Left longest: 5
Right longest: 1

Left winner: Identity yes, NOT no, Constant no, AND no, OR no, XOR no, AND-NOT no, OR-NOT no, XOR-NOT no
Right winner: Identity yes, NOT no, Constant no, AND no, OR no, XOR no, AND-NOT no, OR-NOT no, XOR-NOT no

Best left: I1 2 3 4 5: 5
Best right: I2: 1

Truncated left: I1 2 3 4 5: 5
Truncated right: I2: 1

Tentative from right
7 I2
6 pending
5 pending
4 pending
3 pending
2 pending
1 pending
0 pending

Tentative
0 I1
1 I2
2 I3
3 I4
4 I5
5 pending
6 pending
7 I2

Preferred from left
0 I1
1 I2
2 I3
3 I4
4 I5
5 ?6?
6 ?7?
7 I2

Preferred from right
7 I2
6 ?71
5 ?60
4 I5
3 I4
2 I3
1 I2
0 I1

Preferred
0 I1
1 I2
2 I3
3 I4
4 I5
5 ?60 ?06
6 ?71 ?17
7 I2

Matching
0 I1
1 I2
2 I3
3 I4
4 I5
5 ?60 ?06 - Identity absent, NOT absent, Constant absent, AND absent, OR absent, XOR60, AND-NOT absent, OR-NOT absent, XOR-NOT absent
6 ?71 ?17 - Identity absent, NOT absent, Constant absent, AND absent, OR absent, XOR71, AND-NOT absent, OR-NOT absent, XOR-NOT absent
7 I2

Perfect match
Identity no
NOT no
Constant no
AND no
OR no
XOR yes
AND-NOT no
OR-NOT no
XOR-NOT no

Matched
0 I1
1 I2
2 I3
3 I4
4 I5
5 XOR60
6 XOR71
7 I2

Selected
0 I1
1 I2
2 I3
3 I4
4 I5
5 XOR60
6 XOR71
7 I2

Applying to 01111110
Input
0 0
1 1
2 1
3 1
4 1
5 1
6 1
7 0
Output
0 I1 = 1
1 I2 = 1
2 I3 = 1
3 I4 = 1
4 I5 = 1
5 XOR60 = XOR(1,0) = 1
6 XOR71 = XOR(0,1) = 1
7 I2 = 1

I will now return the answer in \boxed{}
The answer in \boxed{–} is \boxed{11111111}