We need to deduce the transformation by matching the example outputs.
I will put my final answer inside \boxed{}.

Output 0: 10000101
0 1
1 0
2 0
3 0
4 0
5 1
6 0
7 1

Output 1: 10000110
0 1
1 0
2 0
3 0
4 0
5 1
6 1
7 0

Output 2: 10000101
0 1
1 0
2 0
3 0
4 0
5 1
6 0
7 1

Output 3: 10000001
0 1
1 0
2 0
3 0
4 0
5 0
6 0
7 1

Output 4: 00000101
0 0
1 0
2 0
3 0
4 0
5 1
6 0
7 1

Output 5: 00000000
0 0
1 0
2 0
3 0
4 0
5 0
6 0
7 0

Output 6: 10000110
0 1
1 0
2 0
3 0
4 0
5 1
6 1
7 0

Output bit columns (with bitsum as hash)
0 1111001 5
1 0000000 a
2 0000000 a
3 0000000 a
4 0000000 a
5 1110101 5
6 0100001 2
7 1011100 4

Input 0: 10110001
0 1
1 0
2 1
3 1
4 0
5 0
6 0
7 1

Input 1: 11011011
0 1
1 1
2 0
3 1
4 1
5 0
6 1
7 1

Input 2: 10111101
0 1
1 0
2 1
3 1
4 1
5 1
6 0
7 1

Input 3: 00100011
0 0
1 0
2 1
3 0
4 0
5 0
6 1
7 1

Input 4: 10101110
0 1
1 0
2 1
3 0
4 1
5 1
6 1
7 0

Input 5: 00000110
0 0
1 0
2 0
3 0
4 0
5 1
6 1
7 0

Input 6: 11010111
0 1
1 1
2 0
3 1
4 0
5 1
6 1
7 1

When matching output
x: not in operator
y: wrong position

Identity
0 1110101 5 match 5
1 0100001 2 match 6
2 1011100 4 match 7
3 1110001 4
4 0110100 3
5 0010111 4
6 0101111 5
7 1111001 5 match 0

Matching output
0 7
1 absent
2 absent
3 absent
4 absent
5 0
6 1
7 2

Left
7 0y
Best: I7: 1

Right
2 1 0 7y
Best: I2 1 0: 3

NOT
0 0001010 2
1 1011110 5
2 0100011 3
3 0001110 3
4 1001011 4
5 1101000 3
6 1010000 2
7 0000110 2

Matching output
0 absent
1 absent
2 absent
3 absent
4 absent
5 absent
6 absent
7 absent

Left
none
Best: none

Right
none
Best: none

Constant
0 0000000 a match 1 2 3 4
1 1111111 a

Matching output
0 absent
1 C0
2 C0
3 C0
4 C0
5 absent
6 absent
7 absent

Left
none
Best: none

Right
none
Best: none

AND
01 10 0100001 2 match 6
12 21 0000000 a match 1 2 3 4
23 32 1010000 2
34 43 0110000 2
45 54 0010100 2
56 65 0000111 3
67 76 0101001 3
70 07 1110001 4

02 20 1010100 3
13 31 0100001 2 match 6
24 42 0010100 2
35 53 0010001 2
46 64 0100100 2
57 75 0010001 2
60 06 0100101 3
71 17 0100001 2 match 6

03 30 1110001 4
14 41 0100000 1
25 52 0010100 2
36 63 0100001 2 match 6
47 74 0110000 2
50 05 0010101 3
61 16 0100001 2 match 6
72 27 1011000 3

04 40 0110100 3
15 51 0000001 1
26 62 0001100 2
37 73 1110001 4

Matching output
0 absent
1 12 21
2 12 21
3 12 21
4 12 21
5 absent
6 01 10 13 31 71 17 36 63 61 16
7 absent

Left
none
Best: none

Right
none
Best: none

OR
01 10 1110101 5 match 5
12 21 1111101 6
23 32 1111101 6
34 43 1110101 5 match 5
45 54 0110111 5
56 65 0111111 6
67 76 1111111 a
70 07 1111101 6

02 20 1111101 6
13 31 1110001 4
24 42 1111100 5
35 53 1110111 6
46 64 0111111 6
57 75 1111111 a
60 06 1111111 a
71 17 1111001 5 match 0

03 30 1110101 5 match 5
14 41 0110101 4
25 52 1011111 6
36 63 1111111 a
47 74 1111101 6
50 05 1110111 6
61 16 0101111 5
72 27 1111101 6

04 40 1110101 5 match 5
15 51 0110111 5
26 62 1111111 a
37 73 1111001 5 match 0

Matching output
0 71 17 37 73
1 absent
2 absent
3 absent
4 absent
5 01 10 34 43 03 30 04 40
6 absent
7 absent

Left
71 02x
17 20x
37 40y
73 04y
Best: OR71: 1

Right
none
Best: none

XOR
01 10 1010100 3
12 21 1111101 6
23 32 0101101 4
34 43 1000101 3
45 54 0100011 3
56 65 0111000 3
67 76 1010110 4
70 07 0001100 2

02 20 0101001 3
13 31 1010000 2
24 42 1101000 3
35 53 1100110 4
46 64 0011011 4
57 75 1101110 5
60 06 1011010 4
71 17 1011000 3

03 30 0000100 1
14 41 0010101 3
25 52 1001011 4
36 63 1011110 5
47 74 1001101 4
50 05 1100010 3
61 16 0001110 3
72 27 0100101 3

04 40 1000001 2
15 51 0110110 4
26 62 1110011 5
37 73 0001000 1

Matching output
0 absent
1 absent
2 absent
3 absent
4 absent
5 absent
6 absent
7 absent

Left
none
Best: none

Right
none
Best: none

AND-NOT
01 1010100 3
12 0100001 2 match 6
23 0001100 2
34 1000001 2
45 0100000 1
56 0010000 1
67 0000110 2
70 0001000 1

02 0100001 2 match 6
13 0000000 a match 1 2 3 4
24 1001000 2
35 1100000 2
46 0010000 1
57 0000110 2
60 0001010 2
71 1011000 3

03 0000100 1
14 0000001 1
25 1001000 2
36 1010000 2
47 0000100 1
50 0000010 1
61 0001110 3
72 0100001 2 match 6

04 1000001 2
15 0100000 1
26 1010000 2
37 0000000 a match 1 2 3 4
40 0000000 a match 1 2 3 4
51 0010110 3
62 0100011 3
73 0001000 1

05 1100000 2
16 0000000 a match 1 2 3 4
27 0000100 1
30 0000000 a match 1 2 3 4
41 0010100 2
52 0000011 2
63 0001110 3
74 1001001 3

06 1010000 2
17 0000000 a match 1 2 3 4
20 0001000 1
31 1010000 2
42 0100000 1
53 0000110 2
64 0001011 3
75 1101000 3

07 0000100 1
10 0000000 a match 1 2 3 4
21 1011100 4 match 7
32 0100001 2 match 6
43 0000100 1
54 0000011 2
65 0101000 2
76 1010000 2

Matching output
0 absent
1 13 37 40 16 30 17 10
2 13 37 40 16 30 17 10
3 13 37 40 16 30 17 10
4 13 37 40 16 30 17 10
5 absent
6 12 02 72 32
7 21

Left
none
Best: none

Right
21 10y
Best: AND-NOT21: 1

OR-NOT
01 1111111 a
12 0100011 3
23 1011110 5
34 1111011 6
45 1111100 5
56 1010111 5
67 0101111 5
70 1111011 6

02 1110111 6
13 0101111 5
24 1011111 6
35 1111001 5 match 0
46 1110100 4
57 0010111 4
60 0101111 5
71 1111111 a

03 1111111 a
14 1101011 5
25 1111100 5
36 1110001 4
47 0110110 4
50 0011111 5
61 1111111 a
72 1111011 6

04 1111111 a
15 1101001 4
26 1011100 4 match 7
37 1110111 6
40 0111110 5
51 1011111 6
62 0101111 5
73 1111111 a

05 1111101 6
16 1110001 4
27 1011110 5
30 1111011 6
41 1111110 6
52 0110111 5
63 0101111 5
74 1111011 6

06 1110101 5 match 5
17 0100111 4
20 1011110 5
31 1111111 a
42 0110111 5
53 0011111 5
64 1101111 6
75 1111001 5 match 0

07 1110111 6
10 0101011 4
21 1011110 5
32 1110011 5
43 0111110 5
54 1011111 6
65 1101111 6
76 1111001 5 match 0

Matching output
0 35 75 76
1 absent
2 absent
3 absent
4 absent
5 06
6 absent
7 26

Left
35 46x
75 06y
76 07x
Best: OR-NOT35: 1

Right
26 15x
Best: OR-NOT26: 1

XOR-NOT
01 0101011 4
12 0000010 1
23 1010010 3
34 0111010 4
45 1011100 4 match 7
56 1000111 4
67 0101001 3
70 1110011 5

02 1010110 4
13 0101111 5
24 0010111 4
35 0011001 3
46 1100100 3
57 0010001 2
60 0100101 3
71 0100111 4

03 1111011 6
14 1101010 4
25 0110100 3
36 0100001 2 match 6
47 0110010 3
50 0011101 4
61 1110001 4
72 1011010 4

04 0111110 5
15 1001001 3
26 0001100 2
37 1110111 6
40 0111110 5
51 1001001 3
62 0001100 2
73 1110111 6

05 0011101 4
16 1110001 4
27 1011010 4
30 1111011 6
41 1101010 4
52 0110100 3
63 0100001 2 match 6
74 0110010 3

06 0100101 3
17 0100111 4
20 1010110 4
31 0101111 5
42 0010111 4
53 0011001 3
64 1100100 3
75 0010001 2

07 1110011 5
10 0101011 4
21 0000010 1
32 1010010 3
43 0111010 4
54 1011100 4 match 7
65 1000111 4
76 0101001 3

Matching output
0 absent
1 absent
2 absent
3 absent
4 absent
5 absent
6 36 63
7 45 54

Left
none
Best: none

Right
45 34x
54 43x
Best: XOR-NOT45: 1

Selecting

Lefts
Identity I7: 1
NOT none
Constant none
AND none
OR OR71: 1
XOR none
AND-NOT none
OR-NOT OR-NOT35: 1
XOR-NOT none

Rights
Identity I2 1 0: 3
NOT none
Constant none
AND none
OR none
XOR none
AND-NOT AND-NOT21: 1
OR-NOT OR-NOT26: 1
XOR-NOT XOR-NOT45: 1

Left longest: 1
Right longest: 3

Right winner: Identity yes, NOT no, Constant no, AND no, OR no, XOR no, AND-NOT no, OR-NOT no, XOR-NOT no
Left winner: Identity yes, NOT no, Constant no, AND no, OR no, XOR no, AND-NOT no, OR-NOT no, XOR-NOT no

Best right: I2 1 0: 3
Best left: I7: 1

Truncated right: I2 1 0: 3
Truncated left: I7: 1

Tentative from right
7 I2
6 I1
5 I0
4 pending
3 pending
2 pending
1 pending
0 pending

Tentative
0 I7
1 pending
2 pending
3 pending
4 pending
5 I0
6 I1
7 I2

Preferred from right
7 I2
6 I1
5 I0
4 ??7
3 ??6
2 ??5
1 ??4
0 I7

Preferred from left
0 I7
1 ?04
2 ?15
3 ?26
4 ?37
5 I0
6 I1
7 I2

Preferred
0 I7
1 ?04 ?40
2 ?15 ?51
3 ?26 ?62
4 ?37 ?73
5 I0
6 I1
7 I2

Matching
0 I7
1 ?04 ?40 - Identity absent, NOT absent, Constant C0, AND absent, OR absent, XOR absent, AND-NOT40, OR-NOT absent, XOR-NOT absent
2 ?15 ?51 - Identity absent, NOT absent, Constant C0, AND absent, OR absent, XOR absent, AND-NOT absent, OR-NOT absent, XOR-NOT absent
3 ?26 ?62 - Identity absent, NOT absent, Constant C0, AND absent, OR absent, XOR absent, AND-NOT absent, OR-NOT absent, XOR-NOT absent
4 ?37 ?73 - Identity absent, NOT absent, Constant C0, AND absent, OR absent, XOR absent, AND-NOT37, OR-NOT absent, XOR-NOT absent
5 I0
6 I1
7 I2

Perfect match
Identity no
NOT no
Constant yes
AND no
OR no
XOR no
AND-NOT no
OR-NOT no
XOR-NOT no

Matched
0 I7
1 C0
2 C0
3 C0
4 C0
5 I0
6 I1
7 I2

Selected
0 I7
1 C0
2 C0
3 C0
4 C0
5 I0
6 I1
7 I2

Applying to 11111010
Input
0 1
1 1
2 1
3 1
4 1
5 0
6 1
7 0
Output
0 I7 = 0
1 C0 = 0
2 C0 = 0
3 C0 = 0
4 C0 = 0
5 I0 = 1
6 I1 = 1
7 I2 = 1

I will now return the answer in \boxed{}
The answer in \boxed{–} is \boxed{00000111}