We need to deduce the transformation by matching the example outputs.
I will put my final answer inside \boxed{}.

Output 0: 00010010
0 0
1 0
2 0
3 1
4 0
5 0
6 1
7 0

Output 1: 00010011
0 0
1 0
2 0
3 1
4 0
5 0
6 1
7 1

Output 2: 00000000
0 0
1 0
2 0
3 0
4 0
5 0
6 0
7 0

Output 3: 00010000
0 0
1 0
2 0
3 1
4 0
5 0
6 0
7 0

Output 4: 00000011
0 0
1 0
2 0
3 0
4 0
5 0
6 1
7 1

Output 5: 00000000
0 0
1 0
2 0
3 0
4 0
5 0
6 0
7 0

Output 6: 00000100
0 0
1 0
2 0
3 0
4 0
5 1
6 0
7 0

Output 7: 00000010
0 0
1 0
2 0
3 0
4 0
5 0
6 1
7 0

Output bit columns (with bitsum as hash)
0 00000000 a
1 00000000 a
2 00000000 a
3 11010000 3
4 00000000 a
5 00000010 1
6 11001001 4
7 01001000 2

Input 0: 10010110
0 1
1 0
2 0
3 1
4 0
5 1
6 1
7 0

Input 1: 11111100
0 1
1 1
2 1
3 1
4 1
5 1
6 0
7 0

Input 2: 01100100
0 0
1 1
2 1
3 0
4 0
5 1
6 0
7 0

Input 3: 10100110
0 1
1 0
2 1
3 0
4 0
5 1
6 1
7 0

Input 4: 11011001
0 1
1 1
2 0
3 1
4 1
5 0
6 0
7 1

Input 5: 01000000
0 0
1 1
2 0
3 0
4 0
5 0
6 0
7 0

Input 6: 10101011
0 1
1 0
2 1
3 0
4 1
5 0
6 1
7 1

Input 7: 10110000
0 1
1 0
2 1
3 1
4 0
5 0
6 0
7 0

When matching output
x: not in operator
y: wrong position

Identity
0 11011011 6
1 01101100 4
2 01110011 5
3 11001001 4 match 6
4 01001010 3
5 11110000 4
6 10010010 3
7 00001010 2

Matching output
0 absent
1 absent
2 absent
3 absent
4 absent
5 absent
6 3
7 absent

Left
none
Best: none

Right
none
Best: none

NOT
0 00100100 2
1 10010011 4
2 10001100 3
3 00110110 4
4 10110101 5
5 00001111 4
6 01101101 5
7 11110101 6

Matching output
0 absent
1 absent
2 absent
3 absent
4 absent
5 absent
6 absent
7 absent

Left
none
Best: none

Right
none
Best: none

Constant
0 00000000 a match 0 1 2 4
1 11111111 a

Matching output
0 C0
1 C0
2 C0
3 absent
4 C0
5 absent
6 absent
7 absent

Left
0 0 0
Best: C0 0 0: 3

Right
none
Best: none

AND
01 10 01001000 2 match 7
12 21 01100000 2
23 32 01000001 2
34 43 01001000 2 match 7
45 54 01000000 1
56 65 10010000 2
67 76 00000010 1 match 5
70 07 00001010 2

02 20 01010011 4
13 31 01001000 2 match 7
24 42 01000010 2
35 53 11000000 2
46 64 00000010 1 match 5
57 75 00000000 a match 0 1 2 4
60 06 10010010 3
71 17 00001000 1

03 30 11001001 4 match 6
14 41 01001000 2 match 7
25 52 01110000 3
36 63 10000000 1
47 74 00001010 2
50 05 11010000 3 match 3
61 16 00000000 a match 0 1 2 4
72 27 00000010 1 match 5

04 40 01001010 3
15 51 01100000 2
26 62 00010010 2
37 73 00001000 1

Matching output
0 57 75 61 16
1 57 75 61 16
2 57 75 61 16
3 50 05
4 57 75 61 16
5 67 76 46 64 72 27
6 03 30
7 01 10 34 43 13 31 14 41

Left
57 60x
75 06x
61 72y
16 27y
Best: AND57: 1

Right
01 70x
10 07x
34 23x
43 32x
13 02x
31 20x
14 03 72 61 50 47x
41 30 27 16 05 74x
Best: AND14 03 72 61 50: 5

OR
01 10 11111111 a
12 21 01111111 7
23 32 11111011 7
34 43 11001011 5
45 54 11111010 6
56 65 11110010 5
67 76 10011010 4
70 07 11011011 6

02 20 11111011 7
13 31 11101101 6
24 42 01111011 6
35 53 11111001 6
46 64 11011010 5
57 75 11111010 6
60 06 11011011 6
71 17 01101110 5

03 30 11011011 6
14 41 01101110 5
25 52 11110011 6
36 63 11011011 6
47 74 01001010 3
50 05 11111011 7
61 16 11111110 7
72 27 01111011 6

04 40 11011011 6
15 51 11111100 6
26 62 11110011 6
37 73 11001011 5

Matching output
0 absent
1 absent
2 absent
3 absent
4 absent
5 absent
6 absent
7 absent

Left
none
Best: none

Right
none
Best: none

XOR
01 10 10110111 6
12 21 00011111 5
23 32 10111010 5
34 43 10000011 3
45 54 10111010 5
56 65 01100010 3
67 76 10011000 3
70 07 11010001 4

02 20 10101000 3
13 31 10100101 4
24 42 00111001 4
35 53 00111001 4
46 64 11011000 4
57 75 11111010 6
60 06 01001001 3
71 17 01100110 4

03 30 00010010 2
14 41 00100110 3
25 52 10000011 3
36 63 01011011 5
47 74 01000000 1
50 05 00101011 4
61 16 11111110 7
72 27 01111001 5

04 40 10010001 3
15 51 10011100 4
26 62 11100001 4
37 73 11000011 4

Matching output
0 absent
1 absent
2 absent
3 absent
4 absent
5 absent
6 absent
7 absent

Left
none
Best: none

Right
none
Best: none

AND-NOT
01 10010011 4
12 00001100 2
23 00110010 3
34 10000001 2
45 00001010 2
56 01100000 2
67 10010000 2
70 00000000 a match 0 1 2 4

02 10001000 2
13 00100100 2
24 00110001 3
35 00001001 2
46 01001000 2 match 7
57 11110000 4
60 00000000 a match 0 1 2 4
71 00000010 1 match 5

03 00010010 2
14 00100100 2
25 00000011 2
36 01001001 3
47 01000000 1
50 00100000 1
61 10010010 3
72 00001000 1

04 10010001 3
15 00001100 2
26 01100001 3
37 11000001 3
40 00000000 a match 0 1 2 4
51 10010000 2
62 10000000 1
73 00000010 1 match 5

05 00001011 3
16 01101100 4
27 01110001 4
30 00000000 a match 0 1 2 4
41 00000010 1 match 5
52 10000000 1
63 00010010 2
74 00000000 a match 0 1 2 4

06 01001001 3
17 01100100 3
20 00100000 1
31 10000001 2
42 00001000 1
53 00110000 2
64 10010000 2
75 00001010 2

07 11010001 4
10 00100100 2
21 00010011 3
32 10001000 2
43 00000010 1 match 5
54 10110000 3
65 00000010 1 match 5
76 00001000 1

Matching output
0 70 60 40 30 74
1 70 60 40 30 74
2 70 60 40 30 74
3 absent
4 70 60 40 30 74
5 71 73 41 43 65
6 absent
7 46

Left
70 01x
60 71y
40 51x
30 41y
74 05x
Best: AND-NOT70: 1

Right
46 35x
Best: AND-NOT46: 1

OR-NOT
01 11011011 6
12 11101100 5
23 01110111 6
34 11111101 7
45 01001111 5
56 11111101 7
67 11110111 7
70 00101110 4

02 11011111 7
13 01111110 6
24 11110111 7
35 11001111 6
46 01101111 6
57 11110101 6
60 10110110 5
71 10011011 5

03 11111111 a
14 11111101 7
25 01111111 7
36 11101101 6
47 11111111 a
50 11110100 5
61 10010011 4
72 10001110 4

04 11111111 a
15 01101111 6
26 01111111 7
37 11111101 7
40 01101110 5
51 11110011 6
62 10011110 5
73 00111110 5

05 11011111 7
16 01101101 5
27 11110111 7
30 11101101 6
41 11011011 6
52 11111100 6
63 10110110 5
74 10111111 7

06 11111111 a
17 11111101 7
20 01110111 6
31 11011011 6
42 11001110 5
53 11110110 6
64 10110111 6
75 00001111 4

07 11111111 a
10 01101100 4
21 11110011 6
32 11001101 5
43 01111110 6
54 11110101 6
65 10011111 6
76 01101111 6

Matching output
0 absent
1 absent
2 absent
3 absent
4 absent
5 absent
6 absent
7 absent

Left
none
Best: none

Right
none
Best: none

XOR-NOT
01 01001000 2 match 7
12 11100000 3
23 01000101 3
34 01111100 5
45 01000101 3
56 10011101 5
67 01100111 5
70 00101110 4

02 01010111 5
13 01011010 4
24 11000110 4
35 11000110 4
46 00100111 4
57 00000101 2
60 10110110 5
71 10011001 4

03 11101101 6
14 11011001 5
25 01111100 5
36 10100100 3
47 10111111 7
50 11010100 4
61 00000001 1
72 10000110 3

04 01101110 5
15 01100011 4
26 00011110 4
37 00111100 4
40 01101110 5
51 01100011 4
62 00011110 4
73 00111100 4

05 11010100 4
16 00000001 1
27 10000110 3
30 11101101 6
41 11011001 5
52 01111100 5
63 10100100 3
74 10111111 7

06 10110110 5
17 10011001 4
20 01010111 5
31 01011010 4
42 11000110 4
53 11000110 4
64 00100111 4
75 00000101 2

07 00101110 4
10 01001000 2 match 7
21 11100000 3
32 01000101 3
43 01111100 5
54 01000101 3
65 10011101 5
76 01100111 5

Matching output
0 absent
1 absent
2 absent
3 absent
4 absent
5 absent
6 absent
7 01 10

Left
none
Best: none

Right
01 70x
10 07x
Best: XOR-NOT01: 1

Selecting

Lefts
Identity none
NOT none
Constant C0 0 0: 3
AND AND57: 1
OR none
XOR none
AND-NOT AND-NOT70: 1
OR-NOT none
XOR-NOT none

Rights
Identity none
NOT none
Constant none
AND AND14 03 72 61 50: 5
OR none
XOR none
AND-NOT AND-NOT46: 1
OR-NOT none
XOR-NOT XOR-NOT01: 1

Left longest: 3
Right longest: 5

Right winner: Identity no, NOT no, Constant no, AND yes, OR no, XOR no, AND-NOT no, OR-NOT no, XOR-NOT no
Left winner: Identity no, NOT no, Constant yes, AND no, OR no, XOR no, AND-NOT no, OR-NOT no, XOR-NOT no

Best right: AND14 03 72 61 50: 5
Best left: C0 0 0: 3

Truncated right: AND14 03 72 61 50: 5
Truncated left: C0 0 0: 3

Tentative from right
7 AND14
6 AND03
5 AND72
4 AND61
3 AND50
2 pending
1 pending
0 pending

Tentative
0 C0
1 C0
2 C0
3 AND50
4 AND61
5 AND72
6 AND03
7 AND14

Preferred from right
7 AND14
6 AND03
5 AND72
4 AND61
3 AND50
2 C0
1 C0
0 C0

Preferred from left
0 C0
1 C0
2 C0
3 AND50
4 AND61
5 AND72
6 AND03
7 AND14

Preferred
0 C0
1 C0
2 C0
3 AND50
4 AND61
5 AND72
6 AND03
7 AND14

Matching
0 C0
1 C0
2 C0
3 AND50
4 AND61
5 AND72
6 AND03
7 AND14

Perfect match
Identity no
NOT no
Constant no
AND no
OR no
XOR no
AND-NOT no
OR-NOT no
XOR-NOT no

Matched
0 C0
1 C0
2 C0
3 AND50
4 AND61
5 AND72
6 AND03
7 AND14

Selected
0 C0
1 C0
2 C0
3 AND50
4 AND61
5 AND72
6 AND03
7 AND14

Applying to 00110000
Input
0 0
1 0
2 1
3 1
4 0
5 0
6 0
7 0
Output
0 C0 = 0
1 C0 = 0
2 C0 = 0
3 AND50 = AND(0,0) = 0
4 AND61 = AND(0,0) = 0
5 AND72 = AND(0,1) = 0
6 AND03 = AND(0,1) = 0
7 AND14 = AND(0,0) = 0

I will now return the answer in \boxed{}
The answer in \boxed{–} is \boxed{00000000}