We need to deduce the transformation by matching the example outputs.
I will put my final answer inside \boxed{}.

Output 0: 01100111
0 0
1 1
2 1
3 0
4 0
5 1
6 1
7 1

Output 1: 01111101
0 0
1 1
2 1
3 1
4 1
5 1
6 0
7 1

Output 2: 10101111
0 1
1 0
2 1
3 0
4 1
5 1
6 1
7 1

Output 3: 10010110
0 1
1 0
2 0
3 1
4 0
5 1
6 1
7 0

Output 4: 10110111
0 1
1 0
2 1
3 1
4 0
5 1
6 1
7 1

Output 5: 10010011
0 1
1 0
2 0
3 1
4 0
5 0
6 1
7 1

Output 6: 10101111
0 1
1 0
2 1
3 0
4 1
5 1
6 1
7 1

Output bit columns (with bitsum as hash)
0 0011111 5
1 1100000 2
2 1110101 5
3 0101110 4
4 0110001 3
5 1111101 6
6 1011111 6
7 1110111 6

Input 0: 01001011
0 0
1 1
2 0
3 0
4 1
5 0
6 1
7 1

Input 1: 00100000
0 0
1 0
2 1
3 0
4 0
5 0
6 0
7 0

Input 2: 11111011
0 1
1 1
2 1
3 1
4 1
5 0
6 1
7 1

Input 3: 00010010
0 0
1 0
2 0
3 1
4 0
5 0
6 1
7 0

Input 4: 11000101
0 1
1 1
2 0
3 0
4 0
5 1
6 0
7 1

Input 5: 10101101
0 1
1 0
2 1
3 0
4 1
5 1
6 0
7 1

Input 6: 00000100
0 0
1 0
2 0
3 0
4 0
5 1
6 0
7 0

When matching output
x: not in operator
y: wrong position

Identity
0 0010110 3
1 1010100 3
2 0110010 3
3 0011000 2
4 1010010 3
5 0000111 3
6 1011000 3
7 1010110 4

Matching output
0 absent
1 absent
2 absent
3 absent
4 absent
5 absent
6 absent
7 absent

Left
none
Best: none

Right
none
Best: none

NOT
0 1101001 4
1 0101011 4
2 1001101 4
3 1100111 5
4 0101101 4
5 1111000 4
6 0100111 4
7 0101001 3

Matching output
0 absent
1 absent
2 absent
3 absent
4 absent
5 absent
6 absent
7 absent

Left
none
Best: none

Right
none
Best: none

Constant
0 0000000 a
1 1111111 a

Matching output
0 absent
1 absent
2 absent
3 absent
4 absent
5 absent
6 absent
7 absent

Left
none
Best: none

Right
none
Best: none

AND
01 10 0010100 2
12 21 0010000 1
23 32 0010000 1
34 43 0010000 1
45 54 0000010 1
56 65 0000000 a
67 76 1010000 2
70 07 0010110 3

02 20 0010010 2
13 31 0010000 1
24 42 0010010 2
35 53 0000000 a
46 64 1010000 2
57 75 0000110 2
60 06 0010000 1
71 17 1010100 3

03 30 0010000 1
14 41 1010000 2
25 52 0000010 1
36 63 0011000 2
47 74 1010010 3
50 05 0000110 2
61 16 1010000 2
72 27 0010010 2

04 40 0010010 2
15 51 0000100 1
26 62 0010000 1
37 73 0010000 1

Matching output
0 absent
1 absent
2 absent
3 absent
4 absent
5 absent
6 absent
7 absent

Left
none
Best: none

Right
none
Best: none

OR
01 10 1010110 4
12 21 1110110 5
23 32 0111010 4
34 43 1011010 4
45 54 1010111 5
56 65 1011111 6 match 6
67 76 1011110 5
70 07 1010110 4

02 20 0110110 4
13 31 1011100 4
24 42 1110010 4
35 53 0011111 5 match 0
46 64 1011010 4
57 75 1010111 5
60 06 1011110 5
71 17 1010110 4

03 30 0011110 4
14 41 1010110 4
25 52 0110111 5
36 63 1011000 3
47 74 1010110 4
50 05 0010111 4
61 16 1011100 4
72 27 1110110 5

04 40 1010110 4
15 51 1010111 5
26 62 1111010 5
37 73 1011110 5

Matching output
0 35 53
1 absent
2 absent
3 absent
4 absent
5 absent
6 56 65
7 absent

Left
35 46x
53 64x
Best: OR35: 1

Right
none
Best: none

XOR
01 10 1000010 2
12 21 1100110 4
23 32 0101010 3
34 43 1001010 3
45 54 1010101 4
56 65 1011111 6 match 6
67 76 0001110 3
70 07 1000000 1

02 20 0100100 2
13 31 1001100 3
24 42 1100000 2 match 1
35 53 0011111 5 match 0
46 64 0001010 2
57 75 1010001 3
60 06 1001110 4
71 17 0000010 1

03 30 0001110 3
14 41 0000110 2
25 52 0110101 4
36 63 1000000 1
47 74 0000100 1
50 05 0010001 2
61 16 0001100 2
72 27 1100100 3

04 40 1000100 2
15 51 1010011 4
26 62 1101010 4
37 73 1001110 4

Matching output
0 35 53
1 24 42
2 absent
3 absent
4 absent
5 absent
6 56 65
7 absent

Left
35 46x
53 64x
Best: XOR35: 1

Right
none
Best: none

AND-NOT
01 0000010 1
12 1000100 2
23 0100010 2
34 0001000 1
45 1010000 2
56 0000111 3
67 0001000 1
70 1000000 1

02 0000100 1
13 1000100 2
24 0100000 1
35 0011000 2
46 0000010 1
57 0000001 1
60 1001000 2
71 0000010 1

03 0000110 2
14 0000100 1
25 0110000 2
36 0000000 a
47 0000000 a
50 0000001 1
61 0001000 1
72 1000100 2

04 0000100 1
15 1010000 2
26 0100010 2
37 0001000 1
40 1000000 1
51 0000011 2
62 1001000 2
73 1000110 3

05 0010000 1
16 0000100 1
27 0100000 1
30 0001000 1
41 0000010 1
52 0000101 2
63 1000000 1
74 0000100 1

06 0000110 2
17 0000000 a
20 0100000 1
31 0001000 1
42 1000000 1
53 0000111 3
64 0001000 1
75 1010000 2

07 0000000 a
10 1000000 1
21 0100010 2
32 0001000 1
43 1000010 2
54 0000101 2
65 1011000 3
76 0000110 2

Matching output
0 absent
1 absent
2 absent
3 absent
4 absent
5 absent
6 absent
7 absent

Left
none
Best: none

Right
none
Best: none

OR-NOT
01 0111111 6
12 1011101 5
23 1110111 6 match 7
34 0111101 5
45 1111010 5
56 0100111 4
67 1111001 5
70 1111111 a

02 1011111 6 match 6
13 1110111 6 match 7
24 0111111 6
35 1111000 4
46 1110111 6 match 7
57 0101111 5
60 1111001 5
71 1111111 a

03 1110111 6 match 7
14 1111101 6 match 5
25 1111010 5
36 0111111 6
47 1111011 6
50 1101111 6
61 1111011 6
72 1011111 6 match 6

04 0111111 6
15 1111100 5
26 0110111 5
37 0111001 4
40 1111011 6
51 0101111 5
62 1011101 5
73 1110111 6 match 7

05 1111110 6
16 1110111 6 match 7
27 0111011 5
30 1111001 5
41 1111011 6
52 1001111 5
63 1111111 a
74 1111111 a

06 0110111 5
17 1111101 6 match 5
20 1111011 6
31 0111011 5
42 1011111 6 match 6
53 1100111 5
64 1111101 6 match 5
75 1111110 6

07 0111111 6
10 1111101 6 match 5
21 0111011 5
32 1011101 5
43 1110111 6 match 7
54 0101111 5
65 1111000 4
76 1110111 6 match 7

Matching output
0 absent
1 absent
2 absent
3 absent
4 absent
5 14 17 64 10
6 02 72 42
7 23 13 46 03 73 16 43 76

Left
none
Best: none

Right
23 12x
13 02 71x
46 35x
03 72 61x
73 62x
16 05x
43 32x
76 65x
Best: OR-NOT13 02: 2

XOR-NOT
01 0111101 5
12 0011001 3
23 1010101 4
34 0110101 4
45 0101010 3
56 0100000 1
67 1110001 4
70 0111111 6

02 1011011 5
13 0110011 4
24 0011111 5 match 0
35 1100000 2 match 1
46 1110101 5 match 2
57 0101110 4 match 3
60 0110001 3 match 4
71 1111101 6 match 5

03 1110001 4
14 1111001 5
25 1001010 3
36 0111111 6
47 1111011 6
50 1101110 5
61 1110011 5
72 0011011 4

04 0111011 5
15 0101100 3
26 0010101 3
37 0110001 3 match 4
40 0111011 5
51 0101100 3
62 0010101 3
73 0110001 3 match 4

05 1101110 5
16 1110011 5
27 0011011 4
30 1110001 4
41 1111001 5
52 1001010 3
63 0111111 6
74 1111011 6

06 0110001 3 match 4
17 1111101 6 match 5
20 1011011 5
31 0110011 4
42 0011111 5 match 0
53 1100000 2 match 1
64 1110101 5 match 2
75 0101110 4 match 3

07 0111111 6
10 0111101 5
21 0011001 3
32 1010101 4
43 0110101 4
54 0101010 3
65 0100000 1
76 1110001 4

Matching output
0 24 42
1 35 53
2 46 64
3 57 75
4 60 37 73 06
5 71 17
6 absent
7 absent

Left
24 35 46 57 60 71 02x
42 53 64 75 06 17 20x
Best: XOR-NOT24 35 46 57 60 71: 6

Right
none
Best: none

Selecting

Lefts
Identity none
NOT none
Constant none
AND none
OR OR35: 1
XOR XOR35: 1
AND-NOT none
OR-NOT none
XOR-NOT XOR-NOT24 35 46 57 60 71: 6

Rights
Identity none
NOT none
Constant none
AND none
OR none
XOR none
AND-NOT none
OR-NOT OR-NOT13 02: 2
XOR-NOT none

Left longest: 6
Right longest: 2

Left winner: Identity no, NOT no, Constant no, AND no, OR no, XOR no, AND-NOT no, OR-NOT no, XOR-NOT yes
Right winner: Identity no, NOT no, Constant no, AND no, OR no, XOR no, AND-NOT no, OR-NOT yes, XOR-NOT no

Best left: XOR-NOT24 35 46 57 60 71: 6
Best right: OR-NOT13 02: 2

Truncated left: XOR-NOT24 35 46 57 60 71: 6
Truncated right: OR-NOT13 02: 2

Tentative from right
7 OR-NOT13
6 OR-NOT02
5 pending
4 pending
3 pending
2 pending
1 pending
0 pending

Tentative
0 XOR-NOT24
1 XOR-NOT35
2 XOR-NOT46
3 XOR-NOT57
4 XOR-NOT60
5 XOR-NOT71
6 OR-NOT02
7 OR-NOT13

Preferred from left
0 XOR-NOT24
1 XOR-NOT35
2 XOR-NOT46
3 XOR-NOT57
4 XOR-NOT60
5 XOR-NOT71
6 OR-NOT02
7 OR-NOT13

Preferred from right
7 OR-NOT13
6 OR-NOT02
5 XOR-NOT71
4 XOR-NOT60
3 XOR-NOT57
2 XOR-NOT46
1 XOR-NOT35
0 XOR-NOT24

Preferred
0 XOR-NOT24
1 XOR-NOT35
2 XOR-NOT46
3 XOR-NOT57
4 XOR-NOT60
5 XOR-NOT71
6 OR-NOT02
7 OR-NOT13

Matching
0 XOR-NOT24
1 XOR-NOT35
2 XOR-NOT46
3 XOR-NOT57
4 XOR-NOT60
5 XOR-NOT71
6 OR-NOT02
7 OR-NOT13

Perfect match
Identity no
NOT no
Constant no
AND no
OR no
XOR no
AND-NOT no
OR-NOT no
XOR-NOT no

Matched
0 XOR-NOT24
1 XOR-NOT35
2 XOR-NOT46
3 XOR-NOT57
4 XOR-NOT60
5 XOR-NOT71
6 OR-NOT02
7 OR-NOT13

Selected
0 XOR-NOT24
1 XOR-NOT35
2 XOR-NOT46
3 XOR-NOT57
4 XOR-NOT60
5 XOR-NOT71
6 OR-NOT02
7 OR-NOT13

Applying to 11011001
Input
0 1
1 1
2 0
3 1
4 1
5 0
6 0
7 1
Output
0 XOR-NOT24 = XOR(0,NOT(1)) = 0
1 XOR-NOT35 = XOR(1,NOT(0)) = 0
2 XOR-NOT46 = XOR(1,NOT(0)) = 0
3 XOR-NOT57 = XOR(0,NOT(1)) = 0
4 XOR-NOT60 = XOR(0,NOT(1)) = 0
5 XOR-NOT71 = XOR(1,NOT(1)) = 1
6 OR-NOT02 = OR(1,NOT(0)) = 1
7 OR-NOT13 = OR(1,NOT(1)) = 1

I will now return the answer in \boxed{}
The answer in \boxed{–} is \boxed{00000111}