We need to deduce the transformation by matching the example outputs.
I will put my final answer inside \boxed{}.

Output 0: 01001111
0 0
1 1
2 0
3 0
4 1
5 1
6 1
7 1

Output 1: 00001001
0 0
1 0
2 0
3 0
4 1
5 0
6 0
7 1

Output 2: 10000101
0 1
1 0
2 0
3 0
4 0
5 1
6 0
7 1

Output 3: 00001111
0 0
1 0
2 0
3 0
4 1
5 1
6 1
7 1

Output 4: 11000001
0 1
1 1
2 0
3 0
4 0
5 0
6 0
7 1

Output 5: 00000110
0 0
1 0
2 0
3 0
4 0
5 1
6 1
7 0

Output 6: 00001011
0 0
1 0
2 0
3 0
4 1
5 0
6 1
7 1

Output 7: 01000001
0 0
1 1
2 0
3 0
4 0
5 0
6 0
7 1

Output bit columns (with bitsum as hash)
0 00101000 2
1 10001001 3
2 00000000 a
3 00000000 a
4 11010010 4
5 10110100 4
6 10010110 4
7 11111011 7

Input 0: 11110101
0 1
1 1
2 1
3 1
4 0
5 1
6 0
7 1

Input 1: 10010100
0 1
1 0
2 0
3 1
4 0
5 1
6 0
7 0

Input 2: 01010110
0 0
1 1
2 0
3 1
4 0
5 1
6 1
7 0

Input 3: 11110100
0 1
1 1
2 1
3 1
4 0
5 1
6 0
7 0

Input 4: 00011011
0 0
1 0
2 0
3 1
4 1
5 0
6 1
7 1

Input 5: 01101100
0 0
1 1
2 1
3 0
4 1
5 1
6 0
7 0

Input 6: 10111000
0 1
1 0
2 1
3 1
4 1
5 0
6 0
7 0

Input 7: 00010001
0 0
1 0
2 0
3 1
4 0
5 0
6 0
7 1

When matching output
x: not in operator
y: wrong position

Identity
0 11010010 4 match 4
1 10110100 4 match 5
2 10010110 4 match 6
3 11111011 7 match 7
4 00001110 3
5 11110100 5
6 00101000 2 match 0
7 10001001 3 match 1

Matching output
0 6
1 7
2 absent
3 absent
4 0
5 1
6 2
7 3

Left
6 7 0y
Best: I6 7: 2

Right
3 2 1 0 7y
Best: I3 2 1 0: 4

NOT
0 00101101 4
1 01001011 4
2 01101001 4
3 00000100 1
4 11110001 5
5 00001011 3
6 11010111 6
7 01110110 5

Matching output
0 absent
1 absent
2 absent
3 absent
4 absent
5 absent
6 absent
7 absent

Left
none
Best: none

Right
none
Best: none

Constant
0 00000000 a match 2 3
1 11111111 a

Matching output
0 absent
1 absent
2 C0
3 C0
4 absent
5 absent
6 absent
7 absent

Left
none
Best: none

Right
none
Best: none

AND
01 10 10010000 2
12 21 10010100 3
23 32 10010010 3
34 43 00001010 2
45 54 00000100 1
56 65 00100000 1
67 76 00001000 1
70 07 10000000 1

02 20 10010010 3
13 31 10110000 3
24 42 00000110 2
35 53 11110000 4
46 64 00001000 1
57 75 10000000 1
60 06 00000000 a match 2 3
71 17 10000000 1

03 30 11010010 4 match 4
14 41 00000100 1
25 52 10010100 3
36 63 00101000 2 match 0
47 74 00001000 1
50 05 11010000 3
61 16 00100000 1
72 27 10000000 1

04 40 00000010 1
15 51 10110100 4 match 5
26 62 00000000 a match 2 3
37 73 10001001 3 match 1

Matching output
0 36 63
1 37 73
2 60 06 26 62
3 60 06 26 62
4 03 30
5 15 51
6 absent
7 absent

Left
36 47x
63 74x
Best: AND36: 1

Right
none
Best: none

OR
01 10 11110110 6
12 21 10110110 5
23 32 11111111 a
34 43 11111111 a
45 54 11111110 7
56 65 11111100 6
67 76 10101001 4
70 07 11011011 6

02 20 11010110 5
13 31 11111111 a
24 42 10011110 5
35 53 11111111 a
46 64 00101110 4
57 75 11111101 7
60 06 11111010 6
71 17 10111101 6

03 30 11111011 7 match 7
14 41 10111110 6
25 52 11110110 6
36 63 11111011 7 match 7
47 74 10001111 5
50 05 11110110 6
61 16 10111100 5
72 27 10011111 6

04 40 11011110 6
15 51 11110100 5
26 62 10111110 6
37 73 11111011 7 match 7

Matching output
0 absent
1 absent
2 absent
3 absent
4 absent
5 absent
6 absent
7 03 30 36 63 37 73

Left
none
Best: none

Right
03 72x
30 27x
36 25x
63 52x
37 26x
73 62x
Best: OR03: 1

XOR
01 10 01100110 4
12 21 00100010 2
23 32 01101101 5
34 43 11110101 6
45 54 11111010 6
56 65 11011100 5
67 76 10100001 3
70 07 01011011 5

02 20 01000100 2
13 31 01001111 5
24 42 10011000 3
35 53 00001111 4
46 64 00100110 3
57 75 01111101 6
60 06 11111010 6
71 17 00111101 5

03 30 00101001 3
14 41 10111010 5
25 52 01100010 3
36 63 11010011 5
47 74 10000111 4
50 05 00100110 3
61 16 10011100 4
72 27 00011111 5

04 40 11011100 5
15 51 01000000 1
26 62 10111110 6
37 73 01110010 4

Matching output
0 absent
1 absent
2 absent
3 absent
4 absent
5 absent
6 absent
7 absent

Left
none
Best: none

Right
none
Best: none

AND-NOT
01 01000010 2
12 00100000 1
23 00000100 1
34 11110001 5
45 00001010 2
56 11010100 4
67 00100000 1
70 00001001 2

02 01000000 1
13 00000100 1
24 10010000 2
35 00001011 3
46 00000110 2
57 01110100 4
60 00101000 2 match 0
71 00001001 2

03 00000000 a match 2 3
14 10110000 3
25 00000010 1
36 11010011 5
47 00000110 2
50 00100100 2
61 00001000 1
72 00001001 2

04 11010000 3
15 00000000 a match 2 3
26 10010110 4 match 6
37 01110010 4
40 00001100 2
51 01000000 1
62 00101000 2 match 0
73 00000000 a match 2 3

05 00000010 1
16 10010100 3
27 00010110 3
30 00101001 3
41 00001010 2
52 01100000 2
63 00000000 a match 2 3
74 10000001 2

06 11010010 4 match 4
17 00110100 3
20 00000100 1
31 01001011 4
42 00001000 1
53 00000100 1
64 00100000 1
75 00001001 2

07 01010010 3
10 00100100 2
21 00000010 1
32 01101001 4
43 00000100 1
54 11110000 4
65 00001000 1
76 10000001 2

Matching output
0 60 62
1 absent
2 03 15 73 63
3 03 15 73 63
4 06
5 absent
6 26
7 absent

Left
60 71x
62 73y
Best: AND-NOT60: 1

Right
none
Best: none

OR-NOT
01 11011011 6
12 11111101 7
23 10010110 4 match 6
34 11111011 7 match 7
45 00001111 4
56 11110111 7
67 01111110 6
70 10101101 5

02 11111011 7 match 7
13 10110100 4 match 5
24 11110111 7
35 11111011 7 match 7
46 11011111 7
57 11110110 6
60 00101101 4
71 11001011 5

03 11010110 5
14 11110101 6
25 10011111 6
36 11111111 a
47 01111110 6
50 11111101 7
61 01101011 5
72 11101001 5

04 11110011 6
15 10111111 7
26 11010111 6
37 11111111 a
40 00101111 5
51 11111111 a
62 01101001 4
73 10001101 4

05 11011011 6
16 11110111 7
27 11110110 6
30 11111111 a
41 01001111 5
52 11111101 7
63 00101100 3
74 11111001 6

06 11010111 6
17 11110110 6
20 10111111 7
31 11111011 7 match 7
42 01101111 6
53 11110100 5
64 11111001 6
75 10001011 4

07 11110110 6
10 10111101 6
21 11011111 7
32 11111011 7 match 7
43 00001110 3
54 11110101 6
65 00101011 4
76 11011111 7

Matching output
0 absent
1 absent
2 absent
3 absent
4 absent
5 13
6 23
7 34 02 35 31 32

Left
none
Best: none

Right
34 23 12x
02 71x
35 24x
31 20x
32 21x
Best: OR-NOT34 23: 2

XOR-NOT
01 10011001 4
12 11011101 6
23 10010010 3
34 00001010 2
45 00000101 2
56 00100011 3
67 01011110 5
70 10100100 3

02 10111011 6
13 10110000 3
24 01100111 5
35 11110000 4
46 11011001 5
57 10000010 2
60 00000101 2
71 11000010 3

03 11010110 5
14 01000101 3
25 10011101 5
36 00101100 3
47 01111000 4
50 11011001 5
61 01100011 4
72 11100000 3

04 00100011 3
15 10111111 7
26 01000001 2
37 10001101 4
40 00100011 3
51 10111111 7
62 01000001 2
73 10001101 4

05 11011001 5
16 01100011 4
27 11100000 3
30 11010110 5
41 01000101 3
52 10011101 5
63 00101100 3
74 01111000 4

06 00000101 2
17 11000010 3
20 10111011 6
31 10110000 3
42 01100111 5
53 11110000 4
64 11011001 5
75 10000010 2

07 10100100 3
10 10011001 4
21 11011101 6
32 10010010 3
43 00001010 2
54 00000101 2
65 00100011 3
76 01011110 5

Matching output
0 absent
1 absent
2 absent
3 absent
4 absent
5 absent
6 absent
7 absent

Left
none
Best: none

Right
none
Best: none

Selecting

Lefts
Identity I6 7: 2
NOT none
Constant none
AND AND36: 1
OR none
XOR none
AND-NOT AND-NOT60: 1
OR-NOT none
XOR-NOT none

Rights
Identity I3 2 1 0: 4
NOT none
Constant none
AND none
OR OR03: 1
XOR none
AND-NOT none
OR-NOT OR-NOT34 23: 2
XOR-NOT none

Left longest: 2
Right longest: 4

Right winner: Identity yes, NOT no, Constant no, AND no, OR no, XOR no, AND-NOT no, OR-NOT no, XOR-NOT no
Left winner: Identity yes, NOT no, Constant no, AND no, OR no, XOR no, AND-NOT no, OR-NOT no, XOR-NOT no

Best right: I3 2 1 0: 4
Best left: I6 7: 2

Truncated right: I3 2 1 0: 4
Truncated left: I6 7: 2

Tentative from right
7 I3
6 I2
5 I1
4 I0
3 pending
2 pending
1 pending
0 pending

Tentative
0 I6
1 I7
2 pending
3 pending
4 I0
5 I1
6 I2
7 I3

Preferred from right
7 I3
6 I2
5 I1
4 I0
3 ??7
2 ??6
1 I7
0 I6

Preferred from left
0 I6
1 I7
2 ?06
3 ?17
4 I0
5 I1
6 I2
7 I3

Preferred
0 I6
1 I7
2 ?06 ?60
3 ?17 ?71
4 I0
5 I1
6 I2
7 I3

Matching
0 I6
1 I7
2 ?06 ?60 - Identity absent, NOT absent, Constant C0, AND06, OR absent, XOR absent, AND-NOT absent, OR-NOT absent, XOR-NOT absent
3 ?17 ?71 - Identity absent, NOT absent, Constant C0, AND absent, OR absent, XOR absent, AND-NOT absent, OR-NOT absent, XOR-NOT absent
4 I0
5 I1
6 I2
7 I3

Perfect match
Identity no
NOT no
Constant yes
AND no
OR no
XOR no
AND-NOT no
OR-NOT no
XOR-NOT no

Matched
0 I6
1 I7
2 C0
3 C0
4 I0
5 I1
6 I2
7 I3

Selected
0 I6
1 I7
2 C0
3 C0
4 I0
5 I1
6 I2
7 I3

Applying to 00111011
Input
0 0
1 0
2 1
3 1
4 1
5 0
6 1
7 1
Output
0 I6 = 1
1 I7 = 1
2 C0 = 0
3 C0 = 0
4 I0 = 0
5 I1 = 0
6 I2 = 1
7 I3 = 1

I will now return the answer in \boxed{}
The answer in \boxed{–} is \boxed{11000011}