We need to deduce the transformation by matching the example outputs.
I will put my final answer inside \boxed{}.

Output 0: 10010100
0 1
1 0
2 0
3 1
4 0
5 1
6 0
7 0

Output 1: 01101000
0 0
1 1
2 1
3 0
4 1
5 0
6 0
7 0

Output 2: 00000010
0 0
1 0
2 0
3 0
4 0
5 0
6 1
7 0

Output 3: 10001100
0 1
1 0
2 0
3 0
4 1
5 1
6 0
7 0

Output 4: 10111001
0 1
1 0
2 1
3 1
4 1
5 0
6 0
7 1

Output 5: 00010010
0 0
1 0
2 0
3 1
4 0
5 0
6 1
7 0

Output 6: 00110111
0 0
1 0
2 1
3 1
4 0
5 1
6 1
7 1

Output 7: 11001110
0 1
1 1
2 0
3 0
4 1
5 1
6 1
7 0

Output 8: 11111010
0 1
1 1
2 1
3 1
4 1
5 0
6 1
7 0

Output bit columns (with bitsum as hash)
0 100110011 5
1 010000011 3
2 010010101 4
3 100011101 5
4 010110011 5
5 100100110 4
6 001001111 5
7 000010100 2

Input 0: 00100001
0 0
1 0
2 1
3 0
4 0
5 0
6 0
7 1

Input 1: 11101010
0 1
1 1
2 1
3 0
4 1
5 0
6 1
7 0

Input 2: 00000100
0 0
1 0
2 0
3 0
4 0
5 1
6 0
7 0

Input 3: 00011111
0 0
1 0
2 0
3 1
4 1
5 1
6 1
7 1

Input 4: 01101001
0 0
1 1
2 1
3 0
4 1
5 0
6 0
7 1

Input 5: 00101110
0 0
1 0
2 1
3 0
4 1
5 1
6 1
7 0

Input 6: 01110010
0 0
1 1
2 1
3 1
4 0
5 0
6 1
7 0

Input 7: 10110001
0 1
1 0
2 1
3 1
4 0
5 0
6 0
7 1

Input 8: 11000101
0 1
1 1
2 0
3 0
4 0
5 1
6 0
7 1

When matching output
x: not in operator
y: wrong position

Identity
0 010000011 3 match 1
1 010010101 4 match 2
2 110011110 6
3 000100110 3
4 010111000 4
5 001101001 4
6 010101100 4
7 100110011 5 match 0

Matching output
0 7
1 0
2 1
3 absent
4 absent
5 absent
6 absent
7 absent

Left
7 0 1 2x
Best: I7 0 1: 3

Right
none
Best: none

NOT
0 101111100 6
1 101101010 5
2 001100001 3
3 111011001 6
4 101000111 5
5 110010110 5
6 101010011 5
7 011001100 4

Matching output
0 absent
1 absent
2 absent
3 absent
4 absent
5 absent
6 absent
7 absent

Left
none
Best: none

Right
none
Best: none

Constant
0 000000000 a
1 111111111 a

Matching output
0 absent
1 absent
2 absent
3 absent
4 absent
5 absent
6 absent
7 absent

Left
none
Best: none

Right
none
Best: none

AND
01 10 010000001 2
12 21 010010100 3
23 32 000000110 2
34 43 000100000 1
45 54 000101000 2
56 65 000101000 2
67 76 000100000 1
70 07 000000011 2

02 20 010000010 2
13 31 000000100 1
24 42 010011000 3
35 53 000100000 1
46 64 010101000 3
57 75 000100001 2
60 06 010000000 1
71 17 000010001 2

03 30 000000010 1
14 41 010010000 2
25 52 000001000 1
36 63 000100100 2
47 74 000110000 2
50 05 000000001 1
61 16 010000100 2
72 27 100010010 3

04 40 010000000 1
15 51 000000001 1
26 62 010001100 3
37 73 000100010 2

Matching output
0 absent
1 absent
2 absent
3 absent
4 absent
5 absent
6 absent
7 absent

Left
none
Best: none

Right
none
Best: none

OR
01 10 010010111 5
12 21 110011111 7
23 32 110111110 7
34 43 010111110 6
45 54 011111001 6
56 65 011101101 6
67 76 110111111 8
70 07 110110011 6

02 20 110011111 7
13 31 010110111 6
24 42 110111110 7
35 53 001101111 6
46 64 010111100 5
57 75 101111011 7
60 06 010101111 6
71 17 110110111 7

03 30 010100111 5
14 41 010111101 6
25 52 111111111 a
36 63 010101110 5
47 74 110111011 7
50 05 011101011 6
61 16 010111101 6
72 27 110111111 8

04 40 010111011 6
15 51 011111101 7
26 62 110111110 7
37 73 100110111 6

Matching output
0 absent
1 absent
2 absent
3 absent
4 absent
5 absent
6 absent
7 absent

Left
none
Best: none

Right
none
Best: none

XOR
01 10 000010110 3
12 21 100001011 4
23 32 110111000 5
34 43 010011110 5
45 54 011010001 4
56 65 011000101 4
67 76 110011111 7
70 07 110110000 4

02 20 100011101 5 match 3
13 31 010110011 5 match 4
24 42 100100110 4 match 5
35 53 001001111 5 match 6
46 64 000010100 2 match 7
57 75 101011010 5
60 06 000101111 5
71 17 110100110 5

03 30 010100101 4
14 41 000101101 4
25 52 111110111 8
36 63 010001010 3
47 74 110001011 5
50 05 011101010 5
61 16 000111001 4
72 27 010101101 5

04 40 000111011 5
15 51 011111100 6
26 62 100110010 4
37 73 100010101 4

Matching output
0 absent
1 absent
2 absent
3 02 20
4 13 31
5 24 42
6 35 53
7 46 64

Left
none
Best: none

Right
46 35 24 13 02 71x
64 53 42 31 20 17x
Best: XOR46 35 24 13 02: 5

AND-NOT
01 000000010 1
12 000000001 1
23 110011000 4
34 000000110 2
45 010010000 2
56 001000001 2
67 010001100 3
70 100110000 3

02 000000001 1
13 010010001 3
24 100000110 3
35 000000110 2
46 000010000 1
57 001001000 2
60 000101100 3
71 100100010 3

03 010000001 2
14 000000101 2
25 110010110 5
36 000000010 1
47 010001000 2
50 001101000 3
61 000101000 2
72 000100001 2

04 000000011 2
15 010010100 3
26 100010010 3
37 000000100 1
40 000111000 3
51 001101000 3
62 000100000 1
73 100010001 3

05 010000010 2
16 000010001 2
27 010001100 3
30 000100100 2
41 000101000 2
52 001100001 3
63 010001000 2
74 100000011 3

06 000000011 2
17 010000100 2
20 100011100 4
31 000100010 2
42 000100000 1
53 001001001 3
64 000000100 1
75 100010010 3

07 010000000 1
10 000010100 2 match 7
21 100001010 3
32 000100000 1
43 010011000 3
54 001000001 2
65 010000100 2
76 100010011 4

Matching output
0 absent
1 absent
2 absent
3 absent
4 absent
5 absent
6 absent
7 10

Left
none
Best: none

Right
10 07x
Best: AND-NOT10: 1

OR-NOT
01 111101011 7
12 011110101 6
23 111011111 8
34 101100111 6
45 110111110 7
56 101111011 7
67 011101100 5
70 101111111 8

02 011100011 5
13 111011101 7
24 111011111 8
35 110110110 6
46 111111011 8
57 011101101 6
60 111111100 7
71 101111011 7

03 111011011 7
14 111010111 7
25 110011110 6
36 101110111 7
47 011111100 6
50 101111101 7
61 111101110 7
72 101110011 6

04 111000111 6
15 110010111 6
26 111011111 8
37 011101110 6
40 111111100 7
51 101101011 6
62 011101101 6
73 111111011 8

05 110010111 6
16 111010111 7
27 111011110 7
30 101111110 7
41 111111010 7
52 001101001 4
63 111111101 8
74 101110111 7

06 111010011 6
17 011011101 6
20 111111110 8
31 101101110 6
42 011111001 6
53 111111001 7
64 111101111 8
75 110110111 7

07 011001111 6
10 111111101 8
21 111111110 8
32 001100111 5
43 111111001 7
54 101101111 7
65 110111110 7
76 101110011 6

Matching output
0 absent
1 absent
2 absent
3 absent
4 absent
5 absent
6 absent
7 absent

Left
none
Best: none

Right
none
Best: none

XOR-NOT
01 111101001 6
12 011110100 5
23 001000111 4
34 101100001 4
45 100101110 5
56 100111010 5
67 001100000 2
70 001001111 5 match 6

02 011100010 4
13 101001100 4
24 011011001 5
35 110110000 4
46 111101011 7
57 010100101 4
60 111010000 4
71 001011001 4

03 101011010 5
14 111010010 5
25 000001000 1
36 101110101 6
47 001110100 4
50 100010101 4
61 111000110 5
72 101010010 4

04 111000100 4
15 100000011 3
26 011001101 5
37 011101010 5
40 111000100 4
51 100000011 3
62 011001101 5
73 011101010 5

05 100010101 4
16 111000110 5
27 101010010 4
30 101011010 5
41 111010010 5
52 000001000 1
63 101110101 6
74 001110100 4

06 111010000 4
17 001011001 4
20 011100010 4
31 101001100 4
42 011011001 5
53 110110000 4
64 111101011 7
75 010100101 4

07 001001111 5 match 6
10 111101001 6
21 011110100 5
32 001000111 4
43 101100001 4
54 100101110 5
65 100111010 5
76 001100000 2

Matching output
0 absent
1 absent
2 absent
3 absent
4 absent
5 absent
6 70 07
7 absent

Left
none
Best: none

Right
none
Best: none

Selecting

Lefts
Identity I7 0 1: 3
NOT none
Constant none
AND none
OR none
XOR none
AND-NOT none
OR-NOT none
XOR-NOT none

Rights
Identity none
NOT none
Constant none
AND none
OR none
XOR XOR46 35 24 13 02: 5
AND-NOT AND-NOT10: 1
OR-NOT none
XOR-NOT none

Left longest: 3
Right longest: 5

Right winner: Identity no, NOT no, Constant no, AND no, OR no, XOR yes, AND-NOT no, OR-NOT no, XOR-NOT no
Left winner: Identity yes, NOT no, Constant no, AND no, OR no, XOR no, AND-NOT no, OR-NOT no, XOR-NOT no

Best right: XOR46 35 24 13 02: 5
Best left: I7 0 1: 3

Truncated right: XOR46 35 24 13 02: 5
Truncated left: I7 0 1: 3

Tentative from right
7 XOR46
6 XOR35
5 XOR24
4 XOR13
3 XOR02
2 pending
1 pending
0 pending

Tentative
0 I7
1 I0
2 I1
3 XOR02
4 XOR13
5 XOR24
6 XOR35
7 XOR46

Preferred from right
7 XOR46
6 XOR35
5 XOR24
4 XOR13
3 XOR02
2 I1
1 I0
0 I7

Preferred from left
0 I7
1 I0
2 I1
3 XOR02
4 XOR13
5 XOR24
6 XOR35
7 XOR46

Preferred
0 I7
1 I0
2 I1
3 XOR02
4 XOR13
5 XOR24
6 XOR35
7 XOR46

Matching
0 I7
1 I0
2 I1
3 XOR02
4 XOR13
5 XOR24
6 XOR35
7 XOR46

Perfect match
Identity no
NOT no
Constant no
AND no
OR no
XOR no
AND-NOT no
OR-NOT no
XOR-NOT no

Matched
0 I7
1 I0
2 I1
3 XOR02
4 XOR13
5 XOR24
6 XOR35
7 XOR46

Selected
0 I7
1 I0
2 I1
3 XOR02
4 XOR13
5 XOR24
6 XOR35
7 XOR46

Applying to 10000011
Input
0 1
1 0
2 0
3 0
4 0
5 0
6 1
7 1
Output
0 I7 = 1
1 I0 = 1
2 I1 = 0
3 XOR02 = XOR(1,0) = 1
4 XOR13 = XOR(0,0) = 0
5 XOR24 = XOR(0,0) = 0
6 XOR35 = XOR(0,0) = 0
7 XOR46 = XOR(0,1) = 1

I will now return the answer in \boxed{}
The answer in \boxed{–} is \boxed{11010001}