We need to deduce the transformation by matching the example outputs.
I will put my final answer inside \boxed{}.

Output 0: 01100000
0 0
1 1
2 1
3 0
4 0
5 0
6 0
7 0

Output 1: 00000000
0 0
1 0
2 0
3 0
4 0
5 0
6 0
7 0

Output 2: 01000010
0 0
1 1
2 0
3 0
4 0
5 0
6 1
7 0

Output 3: 11000000
0 1
1 1
2 0
3 0
4 0
5 0
6 0
7 0

Output 4: 11000000
0 1
1 1
2 0
3 0
4 0
5 0
6 0
7 0

Output 5: 10100011
0 1
1 0
2 1
3 0
4 0
5 0
6 1
7 1

Output 6: 11000011
0 1
1 1
2 0
3 0
4 0
5 0
6 1
7 1

Output 7: 11100011
0 1
1 1
2 1
3 0
4 0
5 0
6 1
7 1

Output 8: 01100001
0 0
1 1
2 1
3 0
4 0
5 0
6 0
7 1

Output 9: 11000000
0 1
1 1
2 0
3 0
4 0
5 0
6 0
7 0

Output bit columns (with bitsum as hash)
0 0001111101 6
1 1011101111 8
2 1000010110 4
3 0000000000 a
4 0000000000 a
5 0000000000 a
6 0010011100 4
7 0000011110 4

Input 0: 00000011
0 0
1 0
2 0
3 0
4 0
5 0
6 1
7 1

Input 1: 00110000
0 0
1 0
2 1
3 1
4 0
5 0
6 0
7 0

Input 2: 10111010
0 1
1 0
2 1
3 1
4 1
5 0
6 1
7 0

Input 3: 00010110
0 0
1 0
2 0
3 1
4 0
5 1
6 1
7 0

Input 4: 00110110
0 0
1 0
2 1
3 1
4 0
5 1
6 1
7 0

Input 5: 11011101
0 1
1 1
2 0
3 1
4 1
5 1
6 0
7 1

Input 6: 11111110
0 1
1 1
2 1
3 1
4 1
5 1
6 1
7 0

Input 7: 11110111
0 1
1 1
2 1
3 1
4 0
5 1
6 1
7 1

Input 8: 01000011
0 0
1 1
2 0
3 0
4 0
5 0
6 1
7 1

Input 9: 00001110
0 0
1 0
2 0
3 0
4 1
5 1
6 1
7 0

When matching output
x: not in operator
y: wrong position

Identity
0 0010011100 4 match 6
1 0000011110 4 match 7
2 0110101100 5
3 0111111100 7
4 0010011001 4
5 0001111101 6 match 0
6 1011101111 8 match 1
7 1000010110 4 match 2

Matching output
0 5
1 6
2 7
3 absent
4 absent
5 absent
6 0
7 1

Left
5 6 7 0y
Best: I5 6 7: 3

Right
1 0 7y
Best: I1 0: 2

NOT
0 1101100011 6
1 1111100001 6
2 1001010011 5
3 1000000011 3
4 1101100110 6
5 1110000010 4
6 0100010000 2
7 0111101001 6

Matching output
0 absent
1 absent
2 absent
3 absent
4 absent
5 absent
6 absent
7 absent

Left
none
Best: none

Right
none
Best: none

Constant
0 0000000000 a match 3 4 5
1 1111111111 a

Matching output
0 absent
1 absent
2 absent
3 C0
4 C0
5 C0
6 absent
7 absent

Left
none
Best: none

Right
none
Best: none

AND
01 10 0000011100 3
12 21 0000001100 2
23 32 0110101100 5
34 43 0010011000 3
45 54 0000011001 3
56 65 0001101101 5
67 76 1000000110 3
70 07 0000010100 2

02 20 0010001100 3
13 31 0000011100 3
24 42 0010001000 2
35 53 0001111100 5
46 64 0010001001 3
57 75 0000010100 2
60 06 0010001100 3
71 17 0000010110 3

03 30 0010011100 4 match 6
14 41 0000011000 2
25 52 0000101100 3
36 63 0011101100 5
47 74 0000010000 1
50 05 0000011100 3
61 16 0000001110 3
72 27 0000000100 1

04 40 0010011000 3
15 51 0000011100 3
26 62 0010101100 4
37 73 0000010100 2

Matching output
0 absent
1 absent
2 absent
3 absent
4 absent
5 absent
6 03 30
7 absent

Left
none
Best: none

Right
none
Best: none

OR
01 10 0010011110 5
12 21 0110111110 7
23 32 0111111100 7
34 43 0111111101 8
45 54 0011111101 7
56 65 1011111111 9
67 76 1011111111 9
70 07 1010011110 6

02 20 0110111100 6
13 31 0111111110 8
24 42 0110111101 7
35 53 0111111101 8
46 64 1011111111 9
57 75 1001111111 8
60 06 1011111111 9
71 17 1000011110 5

03 30 0111111100 7
14 41 0010011111 6
25 52 0111111101 8
36 63 1111111111 a
47 74 1010011111 7
50 05 0011111101 7
61 16 1011111111 9
72 27 1110111110 8

04 40 0010011101 5
15 51 0001111111 7
26 62 1111101111 9
37 73 1111111110 9

Matching output
0 absent
1 absent
2 absent
3 absent
4 absent
5 absent
6 absent
7 absent

Left
none
Best: none

Right
none
Best: none

XOR
01 10 0010000010 2
12 21 0110110010 5
23 32 0001010000 2
34 43 0101100101 5
45 54 0011100100 4
56 65 1010010010 4
67 76 0011111001 6
70 07 1010001010 4

02 20 0100110000 3
13 31 0111100010 5
24 42 0100110101 5
35 53 0110000001 3
46 64 1001110110 6
57 75 1001101011 6
60 06 1001110011 6
71 17 1000001000 2

03 30 0101100000 3
14 41 0010000111 4
25 52 0111010001 5
36 63 1100010011 5
47 74 1010001111 6
50 05 0011100001 4
61 16 1011110001 6
72 27 1110111010 7

04 40 0000000101 2
15 51 0001100011 4
26 62 1101000011 5
37 73 1111101010 7

Matching output
0 absent
1 absent
2 absent
3 absent
4 absent
5 absent
6 absent
7 absent

Left
none
Best: none

Right
none
Best: none

AND-NOT
01 0010000000 1
12 0000010010 2
23 0000000000 a match 3 4 5
34 0101100100 4
45 0010000000 1
56 0000010000 1
67 0011101001 5
70 1000000010 2

02 0000010000 1
13 0000000010 1
24 0100100100 3
35 0110000000 2
46 0000010000 1
57 0001101001 4
60 1001100011 5
71 1000000000 1

03 0000000000 a match 3 4 5
14 0000000110 2
25 0110000000 2
36 0100010000 2
47 0010001001 3
50 0001100001 3
61 1011100001 5
72 1000010010 3

04 0000000100 1
15 0000000010 1
26 0100000000 1
37 0111101000 5
40 0000000001 1
51 0001100001 3
62 1001000011 4
73 1000000010 2

05 0010000000 1
16 0000010000 1
27 0110101000 4
30 0101100000 3
41 0010000001 2
52 0001010001 3
63 1000000011 3
74 1000000110 3

06 0000010000 1
17 0000001000 1
20 0100100000 2
31 0111100000 4
42 0000010001 2
53 0000000001 1
64 1001100110 5
75 1000000010 2

07 0010001000 2
10 0000000010 1
21 0110100000 3
32 0001010000 2
43 0000000001 1
54 0001100100 3
65 1010000010 3
76 0000010000 1

Matching output
0 absent
1 absent
2 absent
3 23 03
4 23 03
5 23 03
6 absent
7 absent

Left
none
Best: none

Right
none
Best: none

OR-NOT
01 1111111101 9
12 1001011111 7
23 1110101111 8
34 1111111110 9
45 1110011011 7
56 0101111101 7
67 1111101111 9
70 1101110111 8

02 1011011111 8
13 1000011111 6
24 1111101110 8
35 1111111110 9
46 0110011001 5
57 0111111101 8
60 1111101111 9
71 1111110111 9

03 1010011111 7
14 1101111110 8
25 1110101110 7
36 0111111100 7
47 0111111001 7
50 1101111111 9
61 1111101111 9
72 1001010111 6

04 1111111110 9
15 1110011110 7
26 0110111100 6
37 0111111101 8
40 1111111011 9
51 1111111101 9
62 1011111111 9
73 1000010111 5

05 1110011110 7
16 0100011110 5
27 0111101101 7
30 1111111111 a
41 1111111001 8
52 1001111111 8
63 1011101111 8 match 1
74 1101110110 7

06 0110011100 5
17 0111111111 9
20 1111101111 9
31 1111111101 9
42 1011011011 7
53 1001111111 8
64 1111101111 9
75 1110010110 6

07 0111111101 8
10 1101111111 9
21 1111101101 8
32 1111111111 a
43 1010011011 6
54 1101111111 9
65 1111101111 9
76 1100010110 5

Matching output
0 absent
1 63
2 absent
3 absent
4 absent
5 absent
6 absent
7 absent

Left
none
Best: none

Right
none
Best: none

XOR-NOT
01 1101111101 8
12 1001001101 5
23 1110101111 8
34 1010011010 5
45 1100011011 6
56 0101101101 6
67 1100000110 4
70 0101110101 6

02 1011001111 7
13 1000011101 5
24 1011001010 5
35 1001111110 7
46 0110001001 4
57 0110010100 4
60 0110001100 4
71 0111110111 8

03 1010011111 7
14 1101111000 6
25 1000101110 5
36 0011101100 5
47 0101110000 4
50 1100011110 6
61 0100001110 4
72 0001000101 3

04 1111111010 8
15 1110011100 6
26 0010111100 5
37 0000010101 3
40 1111111010 8
51 1110011100 6
62 0010111100 5
73 0000010101 3

05 1100011110 6
16 0100001110 4
27 0001000101 3
30 1010011111 7
41 1101111000 6
52 1000101110 5
63 0011101100 5
74 0101110000 4

06 0110001100 4
17 0111110111 8
20 1011001111 7
31 1000011101 5
42 1011001010 5
53 1001111110 7
64 0110001001 4
75 0110010100 4

07 0101110101 6
10 1101111101 8
21 1001001101 5
32 1110101111 8
43 1010011010 5
54 1100011011 6
65 0101101101 6
76 1100000110 4

Matching output
0 absent
1 absent
2 absent
3 absent
4 absent
5 absent
6 absent
7 absent

Left
none
Best: none

Right
none
Best: none

Selecting

Lefts
Identity I5 6 7: 3
NOT none
Constant none
AND none
OR none
XOR none
AND-NOT none
OR-NOT none
XOR-NOT none

Rights
Identity I1 0: 2
NOT none
Constant none
AND none
OR none
XOR none
AND-NOT none
OR-NOT none
XOR-NOT none

Left longest: 3
Right longest: 2

Left winner: Identity yes, NOT no, Constant no, AND no, OR no, XOR no, AND-NOT no, OR-NOT no, XOR-NOT no
Right winner: Identity yes, NOT no, Constant no, AND no, OR no, XOR no, AND-NOT no, OR-NOT no, XOR-NOT no

Best left: I5 6 7: 3
Best right: I1 0: 2

Truncated left: I5 6 7: 3
Truncated right: I1 0: 2

Tentative from right
7 I1
6 I0
5 pending
4 pending
3 pending
2 pending
1 pending
0 pending

Tentative
0 I5
1 I6
2 I7
3 pending
4 pending
5 pending
6 I0
7 I1

Preferred from left
0 I5
1 I6
2 I7
3 ?0?
4 ?1?
5 ?2?
6 I0
7 I1

Preferred from right
7 I1
6 I0
5 ?27
4 ?16
3 ?05
2 I7
1 I6
0 I5

Preferred
0 I5
1 I6
2 I7
3 ?05 ?50
4 ?16 ?61
5 ?27 ?72
6 I0
7 I1

Matching
0 I5
1 I6
2 I7
3 ?05 ?50 - Identity absent, NOT absent, Constant C0, AND absent, OR absent, XOR absent, AND-NOT absent, OR-NOT absent, XOR-NOT absent
4 ?16 ?61 - Identity absent, NOT absent, Constant C0, AND absent, OR absent, XOR absent, AND-NOT absent, OR-NOT absent, XOR-NOT absent
5 ?27 ?72 - Identity absent, NOT absent, Constant C0, AND absent, OR absent, XOR absent, AND-NOT absent, OR-NOT absent, XOR-NOT absent
6 I0
7 I1

Perfect match
Identity no
NOT no
Constant yes
AND no
OR no
XOR no
AND-NOT no
OR-NOT no
XOR-NOT no

Matched
0 I5
1 I6
2 I7
3 C0
4 C0
5 C0
6 I0
7 I1

Selected
0 I5
1 I6
2 I7
3 C0
4 C0
5 C0
6 I0
7 I1

Applying to 01000010
Input
0 0
1 1
2 0
3 0
4 0
5 0
6 1
7 0
Output
0 I5 = 0
1 I6 = 1
2 I7 = 0
3 C0 = 0
4 C0 = 0
5 C0 = 0
6 I0 = 0
7 I1 = 1

I will now return the answer in \boxed{}
The answer in \boxed{–} is \boxed{01000001}