We need to deduce the transformation by matching the example outputs.
I will put my final answer inside \boxed{}.

Output 0: 10000111
0 1
1 0
2 0
3 0
4 0
5 1
6 1
7 1

Output 1: 00000111
0 0
1 0
2 0
3 0
4 0
5 1
6 1
7 1

Output 2: 00001111
0 0
1 0
2 0
3 0
4 1
5 1
6 1
7 1

Output 3: 01000001
0 0
1 1
2 0
3 0
4 0
5 0
6 0
7 1

Output 4: 01001011
0 0
1 1
2 0
3 0
4 1
5 0
6 1
7 1

Output 5: 10000000
0 1
1 0
2 0
3 0
4 0
5 0
6 0
7 0

Output 6: 11000100
0 1
1 1
2 0
3 0
4 0
5 1
6 0
7 0

Output 7: 01001000
0 0
1 1
2 0
3 0
4 1
5 0
6 0
7 0

Output 8: 01001110
0 0
1 1
2 0
3 0
4 1
5 1
6 1
7 0

Output 9: 10001000
0 1
1 0
2 0
3 0
4 1
5 0
6 0
7 0

Output bit columns (with bitsum as hash)
0 1000011001 4
1 0001101110 5
2 0000000000 a
3 0000000000 a
4 0010100111 5
5 1110001010 5
6 1110100010 5
7 1111100000 5

Input 0: 01111110
0 0
1 1
2 1
3 1
4 1
5 1
6 1
7 0

Input 1: 01111100
0 0
1 1
2 1
3 1
4 1
5 1
6 0
7 0

Input 2: 11110100
0 1
1 1
2 1
3 1
4 0
5 1
6 0
7 0

Input 3: 00010001
0 0
1 0
2 0
3 1
4 0
5 0
6 0
7 1

Input 4: 10111001
0 1
1 0
2 1
3 1
4 1
5 0
6 0
7 1

Input 5: 00001110
0 0
1 0
2 0
3 0
4 1
5 1
6 1
7 0

Input 6: 01001011
0 0
1 1
2 0
3 0
4 1
5 0
6 1
7 1

Input 7: 10000101
0 1
1 0
2 0
3 0
4 0
5 1
6 0
7 1

Input 8: 11101001
0 1
1 1
2 1
3 0
4 1
5 0
6 0
7 1

Input 9: 10000010
0 1
1 0
2 0
3 0
4 0
5 0
6 1
7 0

When matching output
x: not in operator
y: wrong position

Identity
0 0010100111 5 match 4
1 1110001010 5 match 5
2 1110100010 5 match 6
3 1111100000 5 match 7
4 1100111010 6
5 1110010100 5
6 1000011001 4 match 0
7 0001101110 5 match 1

Matching output
0 6
1 7
2 absent
3 absent
4 0
5 1
6 2
7 3

Left
6 7 0y
Best: I6 7: 2

Right
3 2 1 0 7y
Best: I3 2 1 0: 4

NOT
0 1101011000 5
1 0001110101 5
2 0001011101 5
3 0000011111 5
4 0011000101 4
5 0001101011 5
6 0111100110 6
7 1110010001 5

Matching output
0 absent
1 absent
2 absent
3 absent
4 absent
5 absent
6 absent
7 absent

Left
none
Best: none

Right
none
Best: none

Constant
0 0000000000 a match 2 3
1 1111111111 a

Matching output
0 absent
1 absent
2 C0
3 C0
4 absent
5 absent
6 absent
7 absent

Left
none
Best: none

Right
none
Best: none

AND
01 10 0010000010 2
12 21 1110000010 4
23 32 1110100000 4
34 43 1100100000 3
45 54 1100010000 3
56 65 1000010000 2
67 76 0000001000 1
70 07 0000100110 3

02 20 0010100010 3
13 31 1110000000 3
24 42 1100100010 4
35 53 1110000000 3
46 64 1000011000 3
57 75 0000000100 1
60 06 0000000001 1
71 17 0000001010 2

03 30 0010100000 2
14 41 1100001010 4
25 52 1110000000 3
36 63 1000000000 1
47 74 0000101010 3
50 05 0010000100 2
61 16 1000001000 2
72 27 0000100010 2

04 40 0000100010 2
15 51 1110000000 3
26 62 1000000000 1
37 73 0001100000 2

Matching output
0 absent
1 absent
2 absent
3 absent
4 absent
5 absent
6 absent
7 absent

Left
none
Best: none

Right
none
Best: none

OR
01 10 1110101111 8
12 21 1110101010 6
23 32 1111100010 6
34 43 1111111010 8
45 54 1110111110 8
56 65 1110011101 7
67 76 1001111111 8
70 07 0011101111 7

02 20 1110100111 7
13 31 1111101010 7
24 42 1110111010 7
35 53 1111110100 7
46 64 1100111011 7
57 75 1111111110 9
60 06 1010111111 8
71 17 1111101110 8

03 30 1111100111 8
14 41 1110111010 7
25 52 1110110110 7
36 63 1111111001 8
47 74 1101111110 8
50 05 1110110111 8
61 16 1110011011 7
72 27 1111101110 8

04 40 1110111111 9
15 51 1110011110 7
26 62 1110111011 8
37 73 1111101110 8

Matching output
0 absent
1 absent
2 absent
3 absent
4 absent
5 absent
6 absent
7 absent

Left
none
Best: none

Right
none
Best: none

XOR
01 10 1100101101 6
12 21 0000101000 2
23 32 0001000010 2
34 43 0011011010 5
45 54 0010101110 5
56 65 0110001101 5
67 76 1001110111 7
70 07 0011001001 4

02 20 1100000101 4
13 31 0001101010 4
24 42 0010011000 3
35 53 0001110100 4
46 64 0100100011 4
57 75 1111111010 8
60 06 1010111110 7
71 17 1111100100 6

03 30 1101000111 6
14 41 0010110000 3
25 52 0000110110 4
36 63 0111111001 7
47 74 1101010100 5
50 05 1100110011 6
61 16 0110010011 5
72 27 1111001100 6

04 40 1110011101 7
15 51 0000011110 4
26 62 0110111011 7
37 73 1110001110 6

Matching output
0 absent
1 absent
2 absent
3 absent
4 absent
5 absent
6 absent
7 absent

Left
none
Best: none

Right
none
Best: none

AND-NOT
01 0000100101 3
12 0000001000 1
23 0000000010 1
34 0011000000 2
45 0000101010 3
56 0110000100 3
67 1000010001 3
70 0001001000 2

02 0000000101 2
13 0000001010 2
24 0010000000 1
35 0001100000 2
46 0100100010 3
57 1110010000 4
60 1000011000 3
71 0001100100 3

03 0000000111 3
14 0010000000 1
25 0000100010 2
36 0111100000 4
47 1100010000 3
50 1100010000 3
61 0000010001 2
72 0001001100 3

04 0010000101 3
15 0000001010 2
26 0110100010 4
37 1110000000 3
40 1100011000 4
51 0000010100 2
62 0000011001 3
73 0000001110 3

05 0000100011 3
16 0110000010 3
27 1110000000 3
30 1101000000 3
41 0000110000 2
52 0000010100 2
63 0000011001 3
74 0001000100 2

06 0010100110 4
17 1110000000 3
20 1100000000 2
31 0001100000 2
42 0000011000 2
53 0000010100 2
64 0000000001 1
75 0001101010 4

07 0010000001 2
10 1100001000 3
21 0000100000 1
32 0001000000 1
43 0000011010 3
54 0010000100 2
65 0000001001 2
76 0001100110 4

Matching output
0 absent
1 absent
2 absent
3 absent
4 absent
5 absent
6 absent
7 absent

Left
none
Best: none

Right
none
Best: none

OR-NOT
01 0011110111 7
12 1111011111 9
23 1110111111 9
34 1111100101 7
45 1101111011 8
56 1111110110 8
67 1110011001 6
70 1101111110 8

02 0011111111 8
13 1110011111 8
24 1111100111 8
35 1111101011 8
46 1111111110 9
57 1110010101 6
60 1101011001 6
71 0001111111 7

03 0010111111 7
14 1111001111 8
25 1111101011 8
36 1111100110 7
47 1110111011 8
50 1111011100 7
61 1001111101 7
72 0001111111 7

04 0011100111 6
15 1111101011 8
26 1111100110 7
37 1111110001 7
40 1101111010 7
51 1111110101 8
62 1001011101 6
73 0001111111 7

05 0011101111 7
16 1111101110 8
27 1110110011 7
30 1111111000 7
41 1101111111 9
52 1111011101 8
63 1000011111 6
74 0011101111 7

06 0111100111 7
17 1110011011 7
20 1111111010 8
31 1111110101 8
42 1101111111 9
53 1110011111 8
64 1011011101 7
75 0001101111 6

07 1110110111 8
10 1111011010 7
21 1111110111 9
32 1111111101 9
43 1100111111 8
54 1111010101 7
65 1001111011 7
76 0111101110 7

Matching output
0 absent
1 absent
2 absent
3 absent
4 absent
5 absent
6 absent
7 absent

Left
none
Best: none

Right
none
Best: none

XOR-NOT
01 0011010010 4
12 1111010111 8
23 1110111101 8
34 1100100101 5
45 1101010001 5
56 1001110010 5
67 0110001000 3
70 1100110110 6

02 0011111010 6
13 1110010101 6
24 1101100111 7
35 1110001011 6
46 1011011100 6
57 0000000101 2
60 0101000001 3
71 0000011011 4

03 0010111000 4
14 1101001111 7
25 1111001001 6
36 1000000110 3
47 0010101011 5
50 0011001100 4
61 1001101100 5
72 0000110011 4

04 0001100010 3
15 1111100001 6
26 1001000100 3
37 0001110001 4
40 0001100010 3
51 1111100001 6
62 1001000100 3
73 0001110001 4

05 0011001100 4
16 1001101100 5
27 0000110011 4
30 0010111000 4
41 1101001111 7
52 1111001001 6
63 1000000110 3
74 0010101011 5

06 0101000001 3
17 0000011011 4
20 0011111010 6
31 1110010101 6
42 1101100111 7
53 1110001011 6
64 1011011100 6
75 0000000101 2

07 1100110110 6
10 0011010010 4
21 1111010111 8
32 1110111101 8
43 1100100101 5
54 1101010001 5
65 1001110010 5
76 0110001000 3

Matching output
0 absent
1 absent
2 absent
3 absent
4 absent
5 absent
6 absent
7 absent

Left
none
Best: none

Right
none
Best: none

Selecting

Lefts
Identity I6 7: 2
NOT none
Constant none
AND none
OR none
XOR none
AND-NOT none
OR-NOT none
XOR-NOT none

Rights
Identity I3 2 1 0: 4
NOT none
Constant none
AND none
OR none
XOR none
AND-NOT none
OR-NOT none
XOR-NOT none

Left longest: 2
Right longest: 4

Right winner: Identity yes, NOT no, Constant no, AND no, OR no, XOR no, AND-NOT no, OR-NOT no, XOR-NOT no
Left winner: Identity yes, NOT no, Constant no, AND no, OR no, XOR no, AND-NOT no, OR-NOT no, XOR-NOT no

Best right: I3 2 1 0: 4
Best left: I6 7: 2

Truncated right: I3 2 1 0: 4
Truncated left: I6 7: 2

Tentative from right
7 I3
6 I2
5 I1
4 I0
3 pending
2 pending
1 pending
0 pending

Tentative
0 I6
1 I7
2 pending
3 pending
4 I0
5 I1
6 I2
7 I3

Preferred from right
7 I3
6 I2
5 I1
4 I0
3 ??7
2 ??6
1 I7
0 I6

Preferred from left
0 I6
1 I7
2 ?06
3 ?17
4 I0
5 I1
6 I2
7 I3

Preferred
0 I6
1 I7
2 ?06 ?60
3 ?17 ?71
4 I0
5 I1
6 I2
7 I3

Matching
0 I6
1 I7
2 ?06 ?60 - Identity absent, NOT absent, Constant C0, AND absent, OR absent, XOR absent, AND-NOT absent, OR-NOT absent, XOR-NOT absent
3 ?17 ?71 - Identity absent, NOT absent, Constant C0, AND absent, OR absent, XOR absent, AND-NOT absent, OR-NOT absent, XOR-NOT absent
4 I0
5 I1
6 I2
7 I3

Perfect match
Identity no
NOT no
Constant yes
AND no
OR no
XOR no
AND-NOT no
OR-NOT no
XOR-NOT no

Matched
0 I6
1 I7
2 C0
3 C0
4 I0
5 I1
6 I2
7 I3

Selected
0 I6
1 I7
2 C0
3 C0
4 I0
5 I1
6 I2
7 I3

Applying to 01010010
Input
0 0
1 1
2 0
3 1
4 0
5 0
6 1
7 0
Output
0 I6 = 1
1 I7 = 0
2 C0 = 0
3 C0 = 0
4 I0 = 0
5 I1 = 1
6 I2 = 0
7 I3 = 1

I will now return the answer in \boxed{}
The answer in \boxed{–} is \boxed{10000101}