We need to deduce the transformation by matching the example outputs.
I will put my final answer inside \boxed{}.

Output 0: 00010110
0 0
1 0
2 0
3 1
4 0
5 1
6 1
7 0

Output 1: 10001111
0 1
1 0
2 0
3 0
4 1
5 1
6 1
7 1

Output 2: 10111111
0 1
1 0
2 1
3 1
4 1
5 1
6 1
7 1

Output 3: 00000000
0 0
1 0
2 0
3 0
4 0
5 0
6 0
7 0

Output 4: 00110101
0 0
1 0
2 1
3 1
4 0
5 1
6 0
7 1

Output 5: 10101011
0 1
1 0
2 1
3 0
4 1
5 0
6 1
7 1

Output 6: 00100111
0 0
1 0
2 1
3 0
4 0
5 1
6 1
7 1

Output 7: 01110110
0 0
1 1
2 1
3 1
4 0
5 1
6 1
7 0

Output 8: 00010001
0 0
1 0
2 0
3 1
4 0
5 0
6 0
7 1

Output 9: 00000011
0 0
1 0
2 0
3 0
4 0
5 0
6 1
7 1

Output bit columns (with bitsum as hash)
0 0110010000 3
1 0000000100 1
2 0010111100 5
3 1010100110 5
4 0110010000 3
5 1110101100 6
6 1110011101 7
7 0110111011 7

Input 0: 11000111
0 1
1 1
2 0
3 0
4 0
5 1
6 1
7 1

Input 1: 10100111
0 1
1 0
2 1
3 0
4 0
5 1
6 1
7 1

Input 2: 11111110
0 1
1 1
2 1
3 1
4 1
5 1
6 1
7 0

Input 3: 00011110
0 0
1 0
2 0
3 1
4 1
5 1
6 1
7 0

Input 4: 10001011
0 1
1 0
2 0
3 0
4 1
5 0
6 1
7 1

Input 5: 01010000
0 0
1 1
2 0
3 1
4 0
5 0
6 0
7 0

Input 6: 11011010
0 1
1 1
2 0
3 1
4 1
5 0
6 1
7 0

Input 7: 11001110
0 1
1 1
2 0
3 0
4 1
5 1
6 1
7 0

Input 8: 00001011
0 0
1 0
2 0
3 0
4 1
5 0
6 1
7 1

Input 9: 01111000
0 0
1 1
2 1
3 1
4 1
5 0
6 0
7 0

When matching output
x: not in operator
y: wrong position

Identity
0 1110101100 6 match 5
1 1010011101 6
2 0110000001 3
3 0011011001 5
4 0011101111 7
5 1111000100 5
6 1111101110 8
7 1100100010 4

Matching output
0 absent
1 absent
2 absent
3 absent
4 absent
5 0
6 absent
7 absent

Left
none
Best: none

Right
none
Best: none

NOT
0 0001010011 4
1 0101100010 4
2 1001111110 7
3 1100100110 5
4 1100010000 3
5 0000111011 5
6 0000010001 2
7 0011011101 6

Matching output
0 absent
1 absent
2 absent
3 absent
4 absent
5 absent
6 absent
7 absent

Left
none
Best: none

Right
none
Best: none

Constant
0 0000000000 a
1 1111111111 a

Matching output
0 absent
1 absent
2 absent
3 absent
4 absent
5 absent
6 absent
7 absent

Left
none
Best: none

Right
none
Best: none

AND
01 10 1010001100 4
12 21 0010000001 2
23 32 0010000001 2
34 43 0011001001 4
45 54 0011000100 3
56 65 1111000100 5
67 76 1100100010 4
70 07 1100100000 3

02 20 0110000000 2
13 31 0010011001 4
24 42 0010000001 2
35 53 0011000000 2
46 64 0011101110 6
57 75 1100000000 2
60 06 1110101100 6 match 5
71 17 1000000000 1

03 30 0010001000 2
14 41 0010001101 4
25 52 0110000000 2
36 63 0011001000 3
47 74 0000100010 2
50 05 1110000100 4
61 16 1010001100 4
72 27 0100000000 1

04 40 0010101100 4
15 51 1010000100 3
26 62 0110000000 2
37 73 0000000000 a

Matching output
0 absent
1 absent
2 absent
3 absent
4 absent
5 60 06
6 absent
7 absent

Left
none
Best: none

Right
none
Best: none

OR
01 10 1110111101 8
12 21 1110011101 7 match 6
23 32 0111011001 6
34 43 0011111111 8
45 54 1111101111 9
56 65 1111101110 8
67 76 1111101110 8
70 07 1110101110 7

02 20 1110101101 7
13 31 1011011101 7
24 42 0111101111 8
35 53 1111011101 8
46 64 1111101111 9
57 75 1111100110 7
60 06 1111101110 8
71 17 1110111111 9

03 30 1111111101 9
14 41 1011111111 9
25 52 1111000101 6
36 63 1111111111 a
47 74 1111101111 9
50 05 1111101100 7
61 16 1111111111 a
72 27 1110100011 6

04 40 1111101111 9
15 51 1111011101 8
26 62 1111101111 9
37 73 1111111011 9

Matching output
0 absent
1 absent
2 absent
3 absent
4 absent
5 absent
6 12 21
7 absent

Left
none
Best: none

Right
none
Best: none

XOR
01 10 0100110001 4
12 21 1100011100 5
23 32 0101011000 4
34 43 0000110110 4
45 54 1100101011 6
56 65 0000101010 3
67 76 0011001100 4
70 07 0010001110 4

02 20 1000101101 5
13 31 1001000100 3
24 42 0101101110 6
35 53 1100011101 6
46 64 1100000001 3
57 75 0011100110 5
60 06 0001000010 2
71 17 0110111111 8

03 30 1101110101 7
14 41 1001110010 5
25 52 1001000101 4
36 63 1100110111 7
47 74 1111001101 7
50 05 0001101000 3
61 16 0101110011 6
72 27 1010100011 5

04 40 1101000011 5
15 51 0101011001 5
26 62 1001101111 7
37 73 1111111011 9

Matching output
0 absent
1 absent
2 absent
3 absent
4 absent
5 absent
6 absent
7 absent

Left
none
Best: none

Right
none
Best: none

AND-NOT
01 0100100000 2
12 1000011100 4
23 0100000000 1
34 0000010000 1
45 0000101011 4
56 0000000000 a
67 0011001100 4
70 0000000010 1

02 1000101100 4
13 1000000100 2
24 0100000000 1
35 0000011001 3
46 0000000001 1
57 0011000100 3
60 0001000010 2
71 0100100010 3

03 1100100100 4
14 1000010000 2
25 0000000001 1
36 0000010001 2
47 0011001101 5
50 0001000000 1
61 0101100010 4
72 1000100010 3

04 1100000000 2
15 0000011001 3
26 0000000001 1
37 0011011001 5
40 0001000011 3
51 0101000000 2
62 1001101110 6
73 1100100010 4

05 0000101000 2
16 0000010001 2
27 0010000001 2
30 0001010001 3
41 0001100010 3
52 1001000100 3
63 1100100110 5
74 1100000000 2

06 0000000000 a
17 0010011101 5
20 0000000001 1
31 0001000000 1
42 0001101110 5
53 1100000100 3
64 1100000000 2
75 0000100010 2

07 0010001100 3
10 0000010001 2
21 0100000000 1
32 0001011000 3
43 0000100110 3
54 1100000000 2
65 0000101010 3
76 0000000000 a

Matching output
0 absent
1 absent
2 absent
3 absent
4 absent
5 absent
6 absent
7 absent

Left
none
Best: none

Right
none
Best: none

OR-NOT
01 1111101110 8
12 1011111111 9
23 1110100111 7
34 1111011001 7
45 0011111111 8
56 1111010101 7
67 1111111111 a
70 1101110011 7

02 1111111110 9
13 1110111111 9
24 1110010001 5
35 0011111011 7
46 0011111111 8
57 1111011101 8
60 1111111111 a
71 1101100010 5

03 1110101110 7
14 1110011101 7 match 6
25 0110111011 7 match 7
36 0011011001 5
47 0011111111 8
50 1111010111 8
61 1111101110 8
72 1101111110 8

04 1110111100 7
15 1010111111 8
26 0110010001 4
37 0011011101 6
40 0011111111 8
51 1111100110 7
62 1111111110 9
73 1100100110 5

05 1110111111 9
16 1010011101 6
27 0111011101 7
30 0011011011 6
41 0111101111 8
52 1111111110 9
63 1111101110 8
74 1100110010 5

06 1110111101 8
17 1011011101 7
20 0111010011 6
31 0111111011 8
42 1011111111 9
53 1111100110 7
64 1111111110 9
75 1100111011 7

07 1111111101 9
10 1011011111 8
21 0111100011 6
32 1011111111 9
43 1111101111 9
54 1111010100 6
65 1111111111 a
76 1100110011 6

Matching output
0 absent
1 absent
2 absent
3 absent
4 absent
5 absent
6 14
7 25

Left
none
Best: none

Right
25 14 03x
Best: OR-NOT25 14: 2

XOR-NOT
01 1011001110 6
12 0011100011 5
23 1010100111 6
34 1111001001 6
45 0011010100 4
56 1111010101 7
67 1100110011 6
70 1101110001 6

02 0111010010 5
13 0110111011 7 match 7
24 1010010001 4
35 0011100010 4
46 0011111110 7
57 1100011001 5
60 1110111101 8
71 1001000000 2

03 0010001010 3
14 0110001101 5
25 0110111010 6
36 0011001000 3
47 0000110010 3
50 1110010111 7
61 1010001100 4
72 0101011100 5

04 0010111100 5 match 2
15 1010100110 5 match 3
26 0110010000 3 match 0 4
37 0000000100 1 match 1
40 0010111100 5 match 2
51 1010100110 5 match 3
62 0110010000 3 match 0 4
73 0000000100 1 match 1

05 1110010111 7
16 1010001100 4
27 0101011100 5
30 0010001010 3
41 0110001101 5
52 0110111010 6
63 0011001000 3
74 0000110010 3

06 1110111101 8
17 1001000000 2
20 0111010010 5
31 0110111011 7 match 7
42 1010010001 4
53 0011100010 4
64 0011111110 7
75 1100011001 5

07 1101110001 6
10 1011001110 6
21 0011100011 5
32 1010100111 6
43 1111001001 6
54 0011010100 4
65 1111010101 7
76 1100110011 6

Matching output
0 26 62
1 37 73
2 04 40
3 15 51
4 26 62
5 absent
6 absent
7 13 31

Left
26 37 40 51 62 73y
62 73 04 15 26 37y
Best: XOR-NOT26 37 40 51 62: 5

Right
13 02x
31 20x
Best: XOR-NOT13: 1

Selecting

Lefts
Identity none
NOT none
Constant none
AND none
OR none
XOR none
AND-NOT none
OR-NOT none
XOR-NOT XOR-NOT26 37 40 51 62: 5

Rights
Identity none
NOT none
Constant none
AND none
OR none
XOR none
AND-NOT none
OR-NOT OR-NOT25 14: 2
XOR-NOT XOR-NOT13: 1

Left longest: 5
Right longest: 2

Left winner: Identity no, NOT no, Constant no, AND no, OR no, XOR no, AND-NOT no, OR-NOT no, XOR-NOT yes
Right winner: Identity no, NOT no, Constant no, AND no, OR no, XOR no, AND-NOT no, OR-NOT yes, XOR-NOT no

Best left: XOR-NOT26 37 40 51 62: 5
Best right: OR-NOT25 14: 2

Truncated left: XOR-NOT26 37 40 51 62: 5
Truncated right: OR-NOT25 14: 2

Tentative from right
7 OR-NOT25
6 OR-NOT14
5 pending
4 pending
3 pending
2 pending
1 pending
0 pending

Tentative
0 XOR-NOT26
1 XOR-NOT37
2 XOR-NOT40
3 XOR-NOT51
4 XOR-NOT62
5 pending
6 OR-NOT14
7 OR-NOT25

Preferred from left
0 XOR-NOT26
1 XOR-NOT37
2 XOR-NOT40
3 XOR-NOT51
4 XOR-NOT62
5 ?73
6 OR-NOT14
7 OR-NOT25

Preferred from right
7 OR-NOT25
6 OR-NOT14
5 ?73
4 XOR-NOT62
3 XOR-NOT51
2 XOR-NOT40
1 XOR-NOT37
0 XOR-NOT26

Preferred
0 XOR-NOT26
1 XOR-NOT37
2 XOR-NOT40
3 XOR-NOT51
4 XOR-NOT62
5 ?73 ?37
6 OR-NOT14
7 OR-NOT25

Matching
0 XOR-NOT26
1 XOR-NOT37
2 XOR-NOT40
3 XOR-NOT51
4 XOR-NOT62
5 ?73 ?37 - Identity absent, NOT absent, Constant absent, AND absent, OR absent, XOR absent, AND-NOT absent, OR-NOT absent, XOR-NOT absent
6 OR-NOT14
7 OR-NOT25

Perfect match
Identity no
NOT no
Constant no
AND no
OR no
XOR no
AND-NOT no
OR-NOT no
XOR-NOT no

Matched
0 XOR-NOT26
1 XOR-NOT37
2 XOR-NOT40
3 XOR-NOT51
4 XOR-NOT62
5 none
6 OR-NOT14
7 OR-NOT25

Selected
0 XOR-NOT26
1 XOR-NOT37
2 XOR-NOT40
3 XOR-NOT51
4 XOR-NOT62
5 default 1
6 OR-NOT14
7 OR-NOT25

Applying to 11010001
Input
0 1
1 1
2 0
3 1
4 0
5 0
6 0
7 1
Output
0 XOR-NOT26 = XOR(0,NOT(0)) = 1
1 XOR-NOT37 = XOR(1,NOT(1)) = 1
2 XOR-NOT40 = XOR(0,NOT(1)) = 0
3 XOR-NOT51 = XOR(0,NOT(1)) = 0
4 XOR-NOT62 = XOR(0,NOT(0)) = 1
5 default 1 = 1
6 OR-NOT14 = OR(1,NOT(0)) = 1
7 OR-NOT25 = OR(0,NOT(0)) = 1

I will now return the answer in \boxed{}
The answer in \boxed{–} is \boxed{11001111}