We need to deduce the transformation by matching the example outputs.
I will put my final answer inside \boxed{}.

Output 0: 01000010
0 0
1 1
2 0
3 0
4 0
5 0
6 1
7 0

Output 1: 01001011
0 0
1 1
2 0
3 0
4 1
5 0
6 1
7 1

Output 2: 11101111
0 1
1 1
2 1
3 0
4 1
5 1
6 1
7 1

Output 3: 01010010
0 0
1 1
2 0
3 1
4 0
5 0
6 1
7 0

Output 4: 00110101
0 0
1 0
2 1
3 1
4 0
5 1
6 0
7 1

Output 5: 00001100
0 0
1 0
2 0
3 0
4 1
5 1
6 0
7 0

Output 6: 00001011
0 0
1 0
2 0
3 0
4 1
5 0
6 1
7 1

Output 7: 00100111
0 0
1 0
2 1
3 0
4 0
5 1
6 1
7 1

Output 8: 00100101
0 0
1 0
2 1
3 0
4 0
5 1
6 0
7 1

Output 9: 11111111
0 1
1 1
2 1
3 1
4 1
5 1
6 1
7 1

Output bit columns (with bitsum as hash)
0 0010000001 2
1 1111000001 5
2 0010100111 5
3 0001100001 3
4 0110011001 5
5 0010110111 6
6 1111001101 7
7 0110101111 7

Input 0: 00010010
0 0
1 0
2 0
3 1
4 0
5 0
6 1
7 0

Input 1: 01011010
0 0
1 1
2 0
3 1
4 1
5 0
6 1
7 0

Input 2: 01111111
0 0
1 1
2 1
3 1
4 1
5 1
6 1
7 1

Input 3: 10010111
0 1
1 0
2 0
3 1
4 0
5 1
6 1
7 1

Input 4: 10101011
0 1
1 0
2 1
3 0
4 1
5 0
6 1
7 1

Input 5: 01100001
0 0
1 1
2 1
3 0
4 0
5 0
6 0
7 1

Input 6: 01011100
0 0
1 1
2 0
3 1
4 1
5 1
6 0
7 0

Input 7: 00111001
0 0
1 0
2 1
3 1
4 1
5 0
6 0
7 1

Input 8: 00101001
0 0
1 0
2 1
3 0
4 1
5 0
6 0
7 1

Input 9: 11111111
0 1
1 1
2 1
3 1
4 1
5 1
6 1
7 1

When matching output
x: not in operator
y: wrong position

Identity
0 0001100001 3 match 3
1 0110011001 5 match 4
2 0010110111 6 match 5
3 1111001101 7 match 6
4 0110101111 7 match 7
5 0011001001 4
6 1111100001 6
7 0011110111 7

Matching output
0 absent
1 absent
2 absent
3 0
4 1
5 2
6 3
7 4

Left
none
Best: none

Right
4 3 2 1 0 7x
Best: I4 3 2 1 0: 5

NOT
0 1110011110 7
1 1001100110 5
2 1101001000 4
3 0000110010 3
4 1001010000 3
5 1100110110 6
6 0000011110 4
7 1100001000 3

Matching output
0 absent
1 absent
2 absent
3 absent
4 absent
5 absent
6 absent
7 absent

Left
none
Best: none

Right
none
Best: none

Constant
0 0000000000 a
1 1111111111 a

Matching output
0 absent
1 absent
2 absent
3 absent
4 absent
5 absent
6 absent
7 absent

Left
none
Best: none

Right
none
Best: none

AND
01 10 0000000001 1
12 21 0010010001 3
23 32 0010000101 3
34 43 0110001101 5
45 54 0010001001 3
56 65 0011000001 3
67 76 0011100001 4
70 07 0001100001 3 match 3

02 20 0000100001 2
13 31 0110001001 4
24 42 0010100111 5 match 2
35 53 0011001001 4
46 64 0110100001 4
57 75 0011000001 3
60 06 0001100001 3 match 3
71 17 0010010001 3

03 30 0001000001 2
14 41 0110001001 4
25 52 0010000001 2 match 0
36 63 1111000001 5 match 1
47 74 0010100111 5 match 2
50 05 0001000001 2
61 16 0110000001 3
72 27 0010110111 6 match 5

04 40 0000100001 2
15 51 0010001001 3
26 62 0010100001 3
37 73 0011000101 4

Matching output
0 25 52
1 36 63
2 24 42 47 74
3 70 07 60 06
4 absent
5 72 27
6 absent
7 absent

Left
25 36 47 50x
52 63 74 05x
Best: AND25 36 47: 3

Right
none
Best: none

OR
01 10 0111111001 7
12 21 0110111111 8
23 32 1111111111 a
34 43 1111101111 9
45 54 0111101111 8
56 65 1111101001 7
67 76 1111110111 9
70 07 0011110111 7

02 20 0011110111 7
13 31 1111011101 8
24 42 0110111111 8
35 53 1111001101 7 match 6
46 64 1111101111 9
57 75 0011111111 8
60 06 1111100001 6
71 17 0111111111 9

03 30 1111101101 8
14 41 0110111111 8
25 52 0011111111 8
36 63 1111101101 8
47 74 0111111111 9
50 05 0011101001 5
61 16 1111111001 8
72 27 0011110111 7

04 40 0111101111 8
15 51 0111011001 6
26 62 1111110111 9
37 73 1111111111 a

Matching output
0 absent
1 absent
2 absent
3 absent
4 absent
5 absent
6 35 53
7 absent

Left
none
Best: none

Right
none
Best: none

XOR
01 10 0111111000 6
12 21 0100101110 5
23 32 1101111010 7
34 43 1001100010 4
45 54 0101100110 5
56 65 1100101000 4
67 76 1100010110 5
70 07 0010010110 4

02 20 0011010110 5
13 31 1001010100 4
24 42 0100011000 3
35 53 1100000100 3
46 64 1001001110 5
57 75 0000111110 5
60 06 1110000000 3
71 17 0101101110 6

03 30 1110101100 6
14 41 0000110110 4
25 52 0001111110 6
36 63 0000101100 3
47 74 0101011000 4
50 05 0010101000 3
61 16 1001111000 5
72 27 0001000000 1

04 40 0111001110 6
15 51 0101010000 3
26 62 1101010110 6
37 73 1100111010 6

Matching output
0 absent
1 absent
2 absent
3 absent
4 absent
5 absent
6 absent
7 absent

Left
none
Best: none

Right
none
Best: none

AND-NOT
01 0001100000 2
12 0100001000 2
23 0000110010 3
34 1001000000 2
45 0100100110 4
56 0000001000 1
67 1100000000 2
70 0010010110 4

02 0001000000 1
13 0000010000 1
24 0000010000 1
35 1100000100 3
46 0000001110 3
57 0000001000 1
60 1110000000 3
71 0001100110 4

03 0000100000 1
14 0000010000 1
25 0000110110 4
36 0000001100 2
47 0100001000 2
50 0010001000 2
61 1001100000 3
72 0001000000 1

04 0001000000 1
15 0100010000 2
26 0000010110 3
37 1100001000 3
40 0110001110 5
51 0001000000 1
62 1101000000 3
73 0000110010 3

05 0000100000 1
16 0000011000 2
27 0000000000 a
30 1110001100 5
41 0000100110 3
52 0001001000 2
63 0000100000 1
74 0001010000 2

06 0000000000 a
17 0100001000 2
20 0010010110 4
31 1001000100 3
42 0100001000 2
53 0000000000 a
64 1001000000 2
75 0000110110 4

07 0000000000 a
10 0110011000 4
21 0000100110 3
32 1101001000 4
43 0000100010 2
54 0001000000 1
65 1100100000 3
76 0000010110 3

Matching output
0 absent
1 absent
2 absent
3 absent
4 absent
5 absent
6 absent
7 absent

Left
none
Best: none

Right
none
Best: none

OR-NOT
01 1001100111 6
12 1111011001 7
23 0010110111 6 match 5
34 1111011101 8
45 1110111111 9
56 0011011111 7
67 1111101001 7
70 1111111111 a

02 1101101001 6
13 0110111011 7
24 1011110111 8
35 1111111111 a
46 0110111111 8
57 1111001001 6
60 1111111111 a
71 1011110111 8

03 0001110011 5
14 1111011001 7
25 1110110111 8
36 1111011111 9
47 1110101111 8
50 1111011111 9
61 1111100111 8
72 1111111111 a

04 1001110001 5
15 1110111111 9
26 0010111111 7
37 1111001101 7 match 6
40 1110111111 9
51 1011101111 8
62 1111101001 7
73 0011110111 7

05 1101110111 8
16 0110011111 7
27 1110111111 9
30 1111011111 9
41 1111101111 9
52 1111001001 6
63 1111110011 8
74 1011110111 8

06 0001111111 7
17 1110011001 6
20 1110111111 9
31 1111101111 9
42 1111101111 9
53 0011111011 7
64 1111110001 7
75 1111110111 9

07 1101101001 6
10 1110011111 8
21 1011110111 8
32 1111001101 7 match 6
43 0110111111 8
54 1011011001 6
65 1111110111 9
76 0011111111 8

Matching output
0 absent
1 absent
2 absent
3 absent
4 absent
5 23
6 37 32
7 absent

Left
none
Best: none

Right
none
Best: none

XOR-NOT
01 1000000111 4
12 1011010001 5
23 0010000101 3
34 0110011101 6
45 1010011001 5
56 0011010111 6
67 0011101001 5
70 1101101001 6

02 1100101001 5
13 0110101011 6
24 1011100111 7
35 0011111011 7
46 0110110001 5
57 1111000001 5 match 1
60 0001111111 7
71 1010010001 4

03 0001010011 4
14 1111001001 6
25 1110000001 4
36 1111010011 7
47 1010100111 6
50 1101010111 7
61 0110000111 5
72 1110111111 9

04 1000110001 4
15 1010101111 7
26 0010101001 4
37 0011000101 4
40 1000110001 4
51 1010101111 7
62 0010101001 4
73 0011000101 4

05 1101010111 7
16 0110000111 5
27 1110111111 9
30 0001010011 4
41 1111001001 6
52 1110000001 4
63 1111010011 7
74 1010100111 6

06 0001111111 7
17 1010010001 4
20 1100101001 5
31 0110101011 6
42 1011100111 7
53 0011111011 7
64 0110110001 5
75 1111000001 5 match 1

07 1101101001 6
10 1000000111 4
21 1011010001 5
32 0010000101 3
43 0110011101 6
54 1010011001 5
65 0011010111 6
76 0011101001 5

Matching output
0 absent
1 57 75
2 absent
3 absent
4 absent
5 absent
6 absent
7 absent

Left
none
Best: none

Right
none
Best: none

Selecting

Lefts
Identity none
NOT none
Constant none
AND AND25 36 47: 3
OR none
XOR none
AND-NOT none
OR-NOT none
XOR-NOT none

Rights
Identity I4 3 2 1 0: 5
NOT none
Constant none
AND none
OR none
XOR none
AND-NOT none
OR-NOT none
XOR-NOT none

Left longest: 3
Right longest: 5

Right winner: Identity yes, NOT no, Constant no, AND no, OR no, XOR no, AND-NOT no, OR-NOT no, XOR-NOT no
Left winner: Identity no, NOT no, Constant no, AND yes, OR no, XOR no, AND-NOT no, OR-NOT no, XOR-NOT no

Best right: I4 3 2 1 0: 5
Best left: AND25 36 47: 3

Truncated right: I4 3 2 1 0: 5
Truncated left: AND25 36 47: 3

Tentative from right
7 I4
6 I3
5 I2
4 I1
3 I0
2 pending
1 pending
0 pending

Tentative
0 AND25
1 AND36
2 AND47
3 I0
4 I1
5 I2
6 I3
7 I4

Preferred from right
7 I4
6 I3
5 I2
4 I1
3 I0
2 AND47
1 AND36
0 AND25

Preferred from left
0 AND25
1 AND36
2 AND47
3 I0
4 I1
5 I2
6 I3
7 I4

Preferred
0 AND25
1 AND36
2 AND47
3 I0
4 I1
5 I2
6 I3
7 I4

Matching
0 AND25
1 AND36
2 AND47
3 I0
4 I1
5 I2
6 I3
7 I4

Perfect match
Identity no
NOT no
Constant no
AND no
OR no
XOR no
AND-NOT no
OR-NOT no
XOR-NOT no

Matched
0 AND25
1 AND36
2 AND47
3 I0
4 I1
5 I2
6 I3
7 I4

Selected
0 AND25
1 AND36
2 AND47
3 I0
4 I1
5 I2
6 I3
7 I4

Applying to 10000001
Input
0 1
1 0
2 0
3 0
4 0
5 0
6 0
7 1
Output
0 AND25 = AND(0,0) = 0
1 AND36 = AND(0,0) = 0
2 AND47 = AND(0,1) = 0
3 I0 = 1
4 I1 = 0
5 I2 = 0
6 I3 = 0
7 I4 = 0

I will now return the answer in \boxed{}
The answer in \boxed{–} is \boxed{00010000}