We need to deduce the transformation by matching the example outputs.
I will put my final answer inside \boxed{}.

Output 0: 10000011
0 1
1 0
2 0
3 0
4 0
5 0
6 1
7 1

Output 1: 00111100
0 0
1 0
2 1
3 1
4 1
5 1
6 0
7 0

Output 2: 00000000
0 0
1 0
2 0
3 0
4 0
5 0
6 0
7 0

Output 3: 00100010
0 0
1 0
2 1
3 0
4 0
5 0
6 1
7 0

Output 4: 00000000
0 0
1 0
2 0
3 0
4 0
5 0
6 0
7 0

Output 5: 00000100
0 0
1 0
2 0
3 0
4 0
5 1
6 0
7 0

Output 6: 00000000
0 0
1 0
2 0
3 0
4 0
5 0
6 0
7 0

Output bit columns (with bitsum as hash)
0 1000000 1
1 0000000 a
2 0101000 2
3 0100000 1
4 0100000 1
5 0100010 2
6 1001000 2
7 1000000 1

Input 0: 00001110
0 0
1 0
2 0
3 0
4 1
5 1
6 1
7 0

Input 1: 11111000
0 1
1 1
2 1
3 1
4 1
5 0
6 0
7 0

Input 2: 10000100
0 1
1 0
2 0
3 0
4 0
5 1
6 0
7 0

Input 3: 11001100
0 1
1 1
2 0
3 0
4 1
5 1
6 0
7 0

Input 4: 00000000
0 0
1 0
2 0
3 0
4 0
5 0
6 0
7 0

Input 5: 10011000
0 1
1 0
2 0
3 1
4 1
5 0
6 0
7 0

Input 6: 10001000
0 1
1 0
2 0
3 0
4 1
5 0
6 0
7 0

When matching output
x: not in operator
y: wrong position

Identity
0 0111011 5
1 0101000 2 match 2
2 0100000 1 match 3 4
3 0100010 2 match 5
4 1101011 5
5 1011000 3
6 1000000 1 match 0 7
7 0000000 a match 1

Matching output
0 6
1 7
2 1
3 2
4 2
5 3
6 absent
7 6

Left
6 7 0x
Best: I6 7: 2

Right
6 5x
Best: I6: 1

NOT
0 1000100 2
1 1010111 5
2 1011111 6
3 1011101 5
4 0010100 2
5 0100111 4
6 0111111 6
7 1111111 a

Matching output
0 absent
1 absent
2 absent
3 absent
4 absent
5 absent
6 absent
7 absent

Left
none
Best: none

Right
none
Best: none

Constant
0 0000000 a match 1
1 1111111 a

Matching output
0 absent
1 C0
2 absent
3 absent
4 absent
5 absent
6 absent
7 absent

Left
none
Best: none

Right
none
Best: none

AND
01 10 0101000 2 match 2
12 21 0100000 1 match 3 4
23 32 0100000 1 match 3 4
34 43 0100010 2 match 5
45 54 1001000 2 match 6
56 65 1000000 1 match 0 7
67 76 0000000 a match 1
70 07 0000000 a match 1

02 20 0100000 1 match 3 4
13 31 0100000 1 match 3 4
24 42 0100000 1 match 3 4
35 53 0000000 a match 1
46 64 1000000 1 match 0 7
57 75 0000000 a match 1
60 06 0000000 a match 1
71 17 0000000 a match 1

03 30 0100010 2 match 5
14 41 0101000 2 match 2
25 52 0000000 a match 1
36 63 0000000 a match 1
47 74 0000000 a match 1
50 05 0011000 2
61 16 0000000 a match 1
72 27 0000000 a match 1

04 40 0101011 4
15 51 0001000 1
26 62 0000000 a match 1
37 73 0000000 a match 1

Matching output
0 56 65 46 64
1 67 76 70 07 35 53 57 75 60 06 71 17 25 52 36 63 47 74 61 16 72 27 26 62 37 73
2 01 10 14 41
3 12 21 23 32 02 20 13 31 24 42
4 12 21 23 32 02 20 13 31 24 42
5 34 43 03 30
6 45 54
7 56 65 46 64

Left
56 67 70y
65 76 07y
46 57 60y
64 75 06y
Best: AND56 67: 2

Right
56 45 34 23 12 01 70 67y
65 54 43 32 21 10 07 76y
46 35y
64 53y
Best: AND56 45 34 23 12 01 70: 7

OR
01 10 0111011 5
12 21 0101000 2 match 2
23 32 0100010 2 match 5
34 43 1101011 5
45 54 1111011 6
56 65 1011000 3
67 76 1000000 1 match 0 7
70 07 0111011 5

02 20 0111011 5
13 31 0101010 3
24 42 1101011 5
35 53 1111010 5
46 64 1101011 5
57 75 1011000 3
60 06 1111011 6
71 17 0101000 2 match 2

03 30 0111011 5
14 41 1101011 5
25 52 1111000 4
36 63 1100010 3
47 74 1101011 5
50 05 1111011 6
61 16 1101000 3
72 27 0100000 1 match 3 4

04 40 1111011 6
15 51 1111000 4
26 62 1100000 2
37 73 0100010 2 match 5

Matching output
0 67 76
1 absent
2 12 21 71 17
3 72 27
4 72 27
5 23 32 37 73
6 absent
7 67 76

Left
67 70x
76 07x
Best: OR67: 1

Right
67 56x
76 65x
Best: OR67: 1

XOR
01 10 0010011 3
12 21 0001000 1
23 32 0000010 1
34 43 1001001 3
45 54 0110011 4
56 65 0011000 2
67 76 1000000 1 match 0 7
70 07 0111011 5

02 20 0011011 4
13 31 0001010 2
24 42 1001011 4
35 53 1111010 5
46 64 0101011 4
57 75 1011000 3
60 06 1111011 6
71 17 0101000 2 match 2

03 30 0011001 3
14 41 1000011 3
25 52 1111000 4
36 63 1100010 3
47 74 1101011 5
50 05 1100011 4
61 16 1101000 3
72 27 0100000 1 match 3 4

04 40 1010000 2
15 51 1110000 3
26 62 1100000 2
37 73 0100010 2 match 5

Matching output
0 67 76
1 absent
2 71 17
3 72 27
4 72 27
5 37 73
6 absent
7 67 76

Left
67 70x
76 07x
Best: XOR67: 1

Right
67 56x
76 65x
Best: XOR67: 1

AND-NOT
01 0010011 3
12 0001000 1
23 0000000 a match 1
34 0000000 a match 1
45 0100011 3
56 0011000 2
67 1000000 1 match 0 7
70 0000000 a match 1

02 0011011 4
13 0001000 1
24 0000000 a match 1
35 0100010 2 match 5
46 0101011 4
57 1011000 3
60 1000000 1 match 0 7
71 0000000 a match 1

03 0011001 3
14 0000000 a match 1
25 0100000 1 match 3 4
36 0100010 2 match 5
47 1101011 5
50 1000000 1 match 0 7
61 1000000 1 match 0 7
72 0000000 a match 1

04 0010000 1
15 0100000 1 match 3 4
26 0100000 1 match 3 4
37 0100010 2 match 5
40 1000000 1 match 0 7
51 1010000 2
62 1000000 1 match 0 7
73 0000000 a match 1

05 0100011 3
16 0101000 2 match 2
27 0100000 1 match 3 4
30 0000000 a match 1
41 1000011 3
52 1011000 3
63 1000000 1 match 0 7
74 0000000 a match 1

06 0111011 5
17 0101000 2 match 2
20 0000000 a match 1
31 0000010 1
42 1001011 4
53 1011000 3
64 0000000 a match 1
75 0000000 a match 1

07 0111011 5
10 0000000 a match 1
21 0000000 a match 1
32 0000010 1
43 1001001 3
54 0010000 1
65 0000000 a match 1
76 0000000 a match 1

Matching output
0 67 60 50 61 40 62 63
1 23 34 70 24 71 14 72 73 30 74 20 64 75 10 21 65 76
2 16 17
3 25 15 26 27
4 25 15 26 27
5 35 36 37
6 absent
7 67 60 50 61 40 62 63

Left
67 70 01x
60 71 02x
50 61y
61 72 03x
40 51x
62 73 04x
63 74 05x
Best: AND-NOT67 70: 2

Right
67 56x
60 57x
50 47x
61 50y
40 37y
62 51x
63 52x
Best: AND-NOT67: 1

OR-NOT
01 1111111 a
12 1111111 a
23 1111101 6
34 0110110 4
45 1101111 6
56 1111111 a
67 1111111 a
70 1000100 2

02 1111111 a
13 1111101 6
24 0110100 3
35 0100111 4
46 1111111 a
57 1111111 a
60 1000100 2
71 1010111 5

03 1111111 a
14 0111100 4
25 0100111 4
36 0111111 6
47 1111111 a
50 1011100 4
61 1010111 5
72 1011111 6

04 0111111 6
15 0101111 5
26 0111111 6
37 1111111 a
40 1101111 6
51 1011111 6
62 1011111 6
73 1011101 5

05 0111111 6
16 0111111 6
27 1111111 a
30 1100110 4
41 1111111 a
52 1011111 6
63 1011101 5
74 0010100 2

06 0111111 6
17 1111111 a
20 1100100 3
31 1110111 6
42 1111111 a
53 1011101 5
64 1010100 3
75 0100111 4

07 1111111 a
10 1101100 4
21 1110111 6
32 1111111 a
43 1111111 a
54 1011100 4
65 1100111 5
76 0111111 6

Matching output
0 absent
1 absent
2 absent
3 absent
4 absent
5 absent
6 absent
7 absent

Left
none
Best: none

Right
none
Best: none

XOR-NOT
01 1101100 4
12 1110111 6
23 1111101 6
34 0110110 4
45 1001100 3
56 1100111 5
67 0111111 6
70 1000100 2

02 1100100 3
13 1110101 5
24 0110100 3
35 0000101 2
46 1010100 3
57 0100111 4
60 0000100 1
71 1010111 5

03 1100110 4
14 0111100 4
25 0000111 3
36 0011101 4
47 0010100 2
50 0011100 3
61 0010111 4
72 1011111 6

04 0101111 5
15 0001111 4
26 0011111 5
37 1011101 5
40 0101111 5
51 0001111 4
62 0011111 5
73 1011101 5

05 0011100 3
16 0010111 4
27 1011111 6
30 1100110 4
41 0111100 4
52 0000111 3
63 0011101 4
74 0010100 2

06 0000100 1
17 1010111 5
20 1100100 3
31 1110101 5
42 0110100 3
53 0000101 2
64 1010100 3
75 0100111 4

07 1000100 2
10 1101100 4
21 1110111 6
32 1111101 6
43 0110110 4
54 1001100 3
65 1100111 5
76 0111111 6

Matching output
0 absent
1 absent
2 absent
3 absent
4 absent
5 absent
6 absent
7 absent

Left
none
Best: none

Right
none
Best: none

Selecting

Lefts
Identity I6 7: 2
NOT none
Constant none
AND AND56 67: 2
OR OR67: 1
XOR XOR67: 1
AND-NOT AND-NOT67 70: 2
OR-NOT none
XOR-NOT none

Rights
Identity I6: 1
NOT none
Constant none
AND AND56 45 34 23 12 01 70: 7
OR OR67: 1
XOR XOR67: 1
AND-NOT AND-NOT67: 1
OR-NOT none
XOR-NOT none

Left longest: 2
Right longest: 7

Right winner: Identity no, NOT no, Constant no, AND yes, OR no, XOR no, AND-NOT no, OR-NOT no, XOR-NOT no
Left winner: Identity yes, NOT no, Constant no, AND no, OR no, XOR no, AND-NOT no, OR-NOT no, XOR-NOT no

Best right: AND56 45 34 23 12 01 70: 7
Best left: I6 7: 2

Truncated right: AND56 45 34 23 12 01 70: 7
Truncated left: I6: 1 truncated

Tentative from right
7 AND56
6 AND45
5 AND34
4 AND23
3 AND12
2 AND01
1 AND70
0 pending

Tentative
0 I6
1 AND70
2 AND01
3 AND12
4 AND23
5 AND34
6 AND45
7 AND56

Preferred from right
7 AND56
6 AND45
5 AND34
4 AND23
3 AND12
2 AND01
1 AND70
0 I6

Preferred from left
0 I6
1 AND70
2 AND01
3 AND12
4 AND23
5 AND34
6 AND45
7 AND56

Preferred
0 I6
1 AND70
2 AND01
3 AND12
4 AND23
5 AND34
6 AND45
7 AND56

Matching
0 I6
1 AND70
2 AND01
3 AND12
4 AND23
5 AND34
6 AND45
7 AND56

Perfect match
Identity no
NOT no
Constant no
AND no
OR no
XOR no
AND-NOT no
OR-NOT no
XOR-NOT no

Matched
0 I6
1 AND70
2 AND01
3 AND12
4 AND23
5 AND34
6 AND45
7 AND56

Selected
0 I6
1 AND70
2 AND01
3 AND12
4 AND23
5 AND34
6 AND45
7 AND56

Applying to 10111010
Input
0 1
1 0
2 1
3 1
4 1
5 0
6 1
7 0
Output
0 I6 = 1
1 AND70 = AND(0,1) = 0
2 AND01 = AND(1,0) = 0
3 AND12 = AND(0,1) = 0
4 AND23 = AND(1,1) = 1
5 AND34 = AND(1,1) = 1
6 AND45 = AND(1,0) = 0
7 AND56 = AND(0,1) = 0

I will now return the answer in \boxed{}
The answer in \boxed{–} is \boxed{10001100}