We need to deduce the transformation by matching the example outputs.
I will put my final answer inside \boxed{}.

Output 0: 11110001
0 1
1 1
2 1
3 1
4 0
5 0
6 0
7 1

Output 1: 01001111
0 0
1 1
2 0
3 0
4 1
5 1
6 1
7 1

Output 2: 11000111
0 1
1 1
2 0
3 0
4 0
5 1
6 1
7 1

Output 3: 00001101
0 0
1 0
2 0
3 0
4 1
5 1
6 0
7 1

Output 4: 10111111
0 1
1 0
2 1
3 1
4 1
5 1
6 1
7 1

Output 5: 00111111
0 0
1 0
2 1
3 1
4 1
5 1
6 1
7 1

Output 6: 10011111
0 1
1 0
2 0
3 1
4 1
5 1
6 1
7 1

Output bit columns (with bitsum as hash)
0 1010101 4
1 1110000 3
2 1000110 3
3 1000111 4
4 0101111 5
5 0111111 6
6 0110111 5
7 1111111 a

Input 0: 10000111
0 1
1 0
2 0
3 0
4 0
5 1
6 1
7 1

Input 1: 00101101
0 0
1 0
2 1
3 0
4 1
5 1
6 0
7 1

Input 2: 00011111
0 0
1 0
2 0
3 1
4 1
5 1
6 1
7 1

Input 3: 00100100
0 0
1 0
2 1
3 0
4 0
5 1
6 0
7 0

Input 4: 11011110
0 1
1 1
2 0
3 1
4 1
5 1
6 1
7 0

Input 5: 11111100
0 1
1 1
2 1
3 1
4 1
5 1
6 0
7 0

Input 6: 01101110
0 0
1 1
2 1
3 0
4 1
5 1
6 1
7 0

When matching output
x: not in operator
y: wrong position

Identity
0 1000110 3 match 2
1 0000111 3
2 0101011 4
3 0010110 3
4 0110111 5 match 6
5 1111111 a match 7
6 1010101 4 match 0
7 1110000 3 match 1

Matching output
0 6
1 7
2 0
3 absent
4 absent
5 absent
6 4
7 5

Left
6 7 0 1x
Best: I6 7 0: 3

Right
5 4 3x
Best: I5 4: 2

NOT
0 0111001 4
1 1111000 4
2 1010100 3
3 1101001 4
4 1001000 2
5 0000000 a
6 0101010 3
7 0001111 4

Matching output
0 absent
1 absent
2 absent
3 absent
4 absent
5 absent
6 absent
7 absent

Left
none
Best: none

Right
none
Best: none

Constant
0 0000000 a
1 1111111 a match 7

Matching output
0 absent
1 absent
2 absent
3 absent
4 absent
5 absent
6 absent
7 C1

Left
none
Best: none

Right
1
Best: C1: 1

AND
01 10 0000110 2
12 21 0000011 2
23 32 0000010 1
34 43 0010110 3
45 54 0110111 5 match 6
56 65 1010101 4 match 0
67 76 1010000 2
70 07 1000000 1

02 20 0000010 1
13 31 0000110 2
24 42 0100011 3
35 53 0010110 3
46 64 0010101 3
57 75 1110000 3 match 1
60 06 1000100 2
71 17 0000000 a

03 30 0000110 2
14 41 0000111 3
25 52 0101011 4
36 63 0010100 2
47 74 0110000 2
50 05 1000110 3 match 2
61 16 0000101 2
72 27 0100000 1

04 40 0000110 2
15 51 0000111 3
26 62 0000001 1
37 73 0010000 1

Matching output
0 56 65
1 57 75
2 50 05
3 absent
4 absent
5 absent
6 45 54
7 absent

Left
56 67x
65 76x
Best: AND56: 1

Right
none
Best: none

OR
01 10 1000111 4 match 3
12 21 0101111 5 match 4
23 32 0111111 6 match 5
34 43 0110111 5 match 6
45 54 1111111 a match 7
56 65 1111111 a match 7
67 76 1110101 5
70 07 1110110 5

02 20 1101111 6
13 31 0010111 4
24 42 0111111 6 match 5
35 53 1111111 a match 7
46 64 1110111 6
57 75 1111111 a match 7
60 06 1010111 5
71 17 1110111 6

03 30 1010110 4
14 41 0110111 5 match 6
25 52 1111111 a match 7
36 63 1010111 5
47 74 1110111 6
50 05 1111111 a match 7
61 16 1010111 5
72 27 1111011 6

04 40 1110111 6
15 51 1111111 a match 7
26 62 1111111 a match 7
37 73 1110110 5

Matching output
0 absent
1 absent
2 absent
3 01 10
4 12 21
5 23 32 24 42
6 34 43 14 41
7 45 54 56 65 35 53 57 75 25 52 50 05 15 51 26 62

Left
none
Best: none

Right
45 34 23 12 01 70x
54 43 32 21 10 07x
56 45y
65 54y
35 24y
53 42y
57 46x
75 64x
25 14 03x
52 41 30x
50 47x
05 74x
15 04x
51 40x
26 15y
62 51y
Best: OR45 34 23 12 01: 5

XOR
01 10 1000001 2
12 21 0101100 3
23 32 0111101 5
34 43 0100001 2
45 54 1001000 2
56 65 0101010 3
67 76 0100101 3
70 07 0110110 4

02 20 1101101 5
13 31 0010001 2
24 42 0011100 3
35 53 1101001 4
46 64 1100010 3
57 75 0001111 4
60 06 0010011 3
71 17 1110111 6

03 30 1010000 2
14 41 0110000 2
25 52 1010100 3
36 63 1000011 3
47 74 1000111 4 match 3
50 05 0111001 4
61 16 1010010 3
72 27 1011011 5

04 40 1110001 4
15 51 1111000 4
26 62 1111110 6
37 73 1100110 4

Matching output
0 absent
1 absent
2 absent
3 47 74
4 absent
5 absent
6 absent
7 absent

Left
none
Best: none

Right
none
Best: none

AND-NOT
01 1000000 1
12 0000100 1
23 0101001 3
34 0000000 a
45 0000000 a
56 0101010 3
67 0000101 2
70 0110000 2

02 1000100 2
13 0000001 1
24 0001000 1
35 0000000 a
46 0100010 2
57 0001111 4
60 0010001 2
71 1110000 3 match 1

03 1000000 1
14 0000000 a
25 0000000 a
36 0000010 1
47 0000111 3
50 0111001 4
61 1010000 2
72 1010000 2

04 1000000 1
15 0000000 a
26 0101010 3
37 0000110 2
40 0110001 3
51 1111000 4
62 1010100 3
73 1100000 2

05 0000000 a
16 0000010 1
27 0001011 3
30 0010000 1
41 0110000 2
52 1010100 3
63 1000001 2
74 1000000 1

06 0000010 1
17 0000111 3
20 0101001 3
31 0010000 1
42 0010100 2
53 1101001 4
64 1000000 1
75 0000000 a

07 0000110 2
10 0000001 1
21 0101000 2
32 0010100 2
43 0100001 2
54 1001000 2
65 0000000 a
76 0100000 1

Matching output
0 absent
1 71
2 absent
3 absent
4 absent
5 absent
6 absent
7 absent

Left
none
Best: none

Right
none
Best: none

OR-NOT
01 1111110 6
12 1010111 5
23 1101011 5
34 1011110 5
45 0110111 5 match 6
56 1111111 a match 7
67 1011111 6
70 1111001 5

02 1010110 4
13 1101111 6
24 1101011 5
35 0010110 3
46 0111111 6 match 5
57 1111111 a match 7
60 1111101 6
71 1111000 4

03 1101111 6
14 1001111 5
25 0101011 4
36 0111110 5
47 0111111 6 match 5
50 1111111 a match 7
61 1111101 6
72 1110100 4

04 1001110 4
15 0000111 3
26 0101011 4
37 0011111 5
40 0111111 6 match 5
51 1111111 a match 7
62 1010101 4 match 0
73 1111001 5

05 1000110 3 match 2
16 0101111 5 match 4
27 0101111 5 match 4
30 0111111 6 match 5
41 1111111 a match 7
52 1111111 a match 7
63 1111101 6
74 1111000 4

06 1101110 5
17 0001111 4
20 0111011 5
31 1111110 6
42 1110111 6
53 1111111 a match 7
64 1011101 5
75 1110000 3 match 1

07 1001111 5
10 0111111 6 match 5
21 1111011 6
32 1010110 4
43 1111111 a match 7
54 1111111 a match 7
65 1010101 4 match 0
76 1111010 5

Matching output
0 62 65
1 75
2 05
3 absent
4 16 27
5 46 47 40 30 10
6 45
7 56 57 50 51 41 52 53 43 54

Left
62 73x
65 76x
Best: OR-NOT62: 1

Right
56 45 34x
57 46y
50 47y
51 40y
41 30y
52 41y
53 42x
43 32x
54 43y
Best: OR-NOT56 45: 2

XOR-NOT
01 0111110 5
12 1010011 4
23 1000010 2
34 1011110 5
45 0110111 5 match 6
56 1010101 4 match 0
67 1011010 4
70 1001001 3

02 0010010 2
13 1101110 5
24 1100011 4
35 0010110 3
46 0011101 4
57 1110000 3 match 1
60 1101100 4
71 0001000 1

03 0101111 5 match 4
14 1001111 5
25 0101011 4
36 0111100 4
47 0111000 3
50 1000110 3 match 2
61 0101101 4
72 0100100 2

04 0001110 3
15 0000111 3
26 0000001 1
37 0011001 3
40 0001110 3
51 0000111 3
62 0000001 1
73 0011001 3

05 1000110 3 match 2
16 0101101 4
27 0100100 2
30 0101111 5 match 4
41 1001111 5
52 0101011 4
63 0111100 4
74 0111000 3

06 1101100 4
17 0001000 1
20 0010010 2
31 1101110 5
42 1100011 4
53 0010110 3
64 0011101 4
75 1110000 3 match 1

07 1001001 3
10 0111110 5
21 1010011 4
32 1000010 2
43 1011110 5
54 0110111 5 match 6
65 1010101 4 match 0
76 1011010 4

Matching output
0 56 65
1 57 75
2 50 05
3 absent
4 03 30
5 absent
6 45 54
7 absent

Left
56 67x
65 76x
Best: XOR-NOT56: 1

Right
none
Best: none

Selecting

Lefts
Identity I6 7 0: 3
NOT none
Constant none
AND AND56: 1
OR none
XOR none
AND-NOT none
OR-NOT OR-NOT62: 1
XOR-NOT XOR-NOT56: 1

Rights
Identity I5 4: 2
NOT none
Constant C1: 1
AND none
OR OR45 34 23 12 01: 5
XOR none
AND-NOT none
OR-NOT OR-NOT56 45: 2
XOR-NOT none

Left longest: 3
Right longest: 5

Right winner: Identity no, NOT no, Constant no, AND no, OR yes, XOR no, AND-NOT no, OR-NOT no, XOR-NOT no
Left winner: Identity yes, NOT no, Constant no, AND no, OR no, XOR no, AND-NOT no, OR-NOT no, XOR-NOT no

Best right: OR45 34 23 12 01: 5
Best left: I6 7 0: 3

Truncated right: OR45 34 23 12 01: 5
Truncated left: I6 7 0: 3

Tentative from right
7 OR45
6 OR34
5 OR23
4 OR12
3 OR01
2 pending
1 pending
0 pending

Tentative
0 I6
1 I7
2 I0
3 OR01
4 OR12
5 OR23
6 OR34
7 OR45

Preferred from right
7 OR45
6 OR34
5 OR23
4 OR12
3 OR01
2 I0
1 I7
0 I6

Preferred from left
0 I6
1 I7
2 I0
3 OR01
4 OR12
5 OR23
6 OR34
7 OR45

Preferred
0 I6
1 I7
2 I0
3 OR01
4 OR12
5 OR23
6 OR34
7 OR45

Matching
0 I6
1 I7
2 I0
3 OR01
4 OR12
5 OR23
6 OR34
7 OR45

Perfect match
Identity no
NOT no
Constant no
AND no
OR no
XOR no
AND-NOT no
OR-NOT no
XOR-NOT no

Matched
0 I6
1 I7
2 I0
3 OR01
4 OR12
5 OR23
6 OR34
7 OR45

Selected
0 I6
1 I7
2 I0
3 OR01
4 OR12
5 OR23
6 OR34
7 OR45

Applying to 00010011
Input
0 0
1 0
2 0
3 1
4 0
5 0
6 1
7 1
Output
0 I6 = 1
1 I7 = 1
2 I0 = 0
3 OR01 = OR(0,0) = 0
4 OR12 = OR(0,0) = 0
5 OR23 = OR(0,1) = 1
6 OR34 = OR(1,0) = 1
7 OR45 = OR(0,0) = 0

I will now return the answer in \boxed{}
The answer in \boxed{–} is \boxed{11000110}