We need to deduce the transformation by matching the example outputs.
I will put my final answer inside \boxed{}.

Output 0: 01110000
0 0
1 1
2 1
3 1
4 0
5 0
6 0
7 0

Output 1: 00010001
0 0
1 0
2 0
3 1
4 0
5 0
6 0
7 1

Output 2: 10110000
0 1
1 0
2 1
3 1
4 0
5 0
6 0
7 0

Output 3: 11110001
0 1
1 1
2 1
3 1
4 0
5 0
6 0
7 1

Output 4: 01000000
0 0
1 1
2 0
3 0
4 0
5 0
6 0
7 0

Output 5: 01010000
0 0
1 1
2 0
3 1
4 0
5 0
6 0
7 0

Output 6: 10110000
0 1
1 0
2 1
3 1
4 0
5 0
6 0
7 0

Output 7: 00100000
0 0
1 0
2 1
3 0
4 0
5 0
6 0
7 0

Output bit columns (with bitsum as hash)
0 00110010 3
1 10011100 4
2 10110011 5
3 11110110 6
4 00000000 a
5 00000000 a
6 00000000 a
7 01010000 2

Input 0: 00010111
0 0
1 0
2 0
3 1
4 0
5 1
6 1
7 1

Input 1: 11110001
0 1
1 1
2 1
3 1
4 0
5 0
6 0
7 1

Input 2: 00111011
0 0
1 0
2 1
3 1
4 1
5 0
6 1
7 1

Input 3: 10001111
0 1
1 0
2 0
3 0
4 1
5 1
6 1
7 1

Input 4: 01010100
0 0
1 1
2 0
3 1
4 0
5 1
6 0
7 0

Input 5: 00000101
0 0
1 0
2 0
3 0
4 0
5 1
6 0
7 1

Input 6: 01001011
0 0
1 1
2 0
3 0
4 1
5 0
6 1
7 1

Input 7: 00100010
0 0
1 0
2 1
3 0
4 0
5 0
6 1
7 0

When matching output
x: not in operator
y: wrong position

Identity
0 01010000 2 match 7
1 01001010 3
2 01100001 3
3 11101000 4
4 00110010 3 match 0
5 10011100 4 match 1
6 10110011 5 match 2
7 11110110 6 match 3

Matching output
0 4
1 5
2 6
3 7
4 absent
5 absent
6 absent
7 0

Left
4 5 6 7 0y
Best: I4 5 6 7: 4

Right
0 7y
Best: I0: 1

NOT
0 10101111 6
1 10110101 5
2 10011110 5
3 00010111 4
4 11001101 5
5 01100011 4
6 01001100 3
7 00001001 2

Matching output
0 absent
1 absent
2 absent
3 absent
4 absent
5 absent
6 absent
7 absent

Left
none
Best: none

Right
none
Best: none

Constant
0 00000000 a match 4 5 6
1 11111111 a

Matching output
0 absent
1 absent
2 absent
3 absent
4 C0
5 C0
6 C0
7 absent

Left
none
Best: none

Right
none
Best: none

AND
01 10 01000000 1
12 21 01000000 1
23 32 01100000 2
34 43 00100000 1
45 54 00010000 1
56 65 10010000 2
67 76 10110010 4
70 07 01010000 2 match 7

02 20 01000000 1
13 31 01001000 2
24 42 00100000 1
35 53 10001000 2
46 64 00110010 3 match 0
57 75 10010100 3
60 06 00010000 1
71 17 01000010 2

03 30 01000000 1
14 41 00000010 1
25 52 00000000 a match 4 5 6
36 63 10100000 2
47 74 00110010 3 match 0
50 05 00010000 1
61 16 00000010 1
72 27 01100000 2

04 40 00010000 1
15 51 00001000 1
26 62 00100001 2
37 73 11100000 3

Matching output
0 46 64 47 74
1 absent
2 absent
3 absent
4 25 52
5 25 52
6 25 52
7 70 07

Left
46 57x
64 75x
47 50x
74 05x
Best: AND46: 1

Right
70 67x
07 76x
Best: AND70: 1

OR
01 10 01011010 4
12 21 01101011 5
23 32 11101001 5
34 43 11111010 6
45 54 10111110 6
56 65 10111111 7
67 76 11110111 7
70 07 11110110 6 match 3

02 20 01110001 4
13 31 11101010 5
24 42 01110011 5
35 53 11111100 6
46 64 10110011 5 match 2
57 75 11111110 7
60 06 11110011 6
71 17 11111110 7

03 30 11111000 5
14 41 01111010 5
25 52 11111101 7
36 63 11111011 7
47 74 11110110 6 match 3
50 05 11011100 5
61 16 11111011 7
72 27 11110111 7

04 40 01110010 4
15 51 11011110 6
26 62 11110011 6
37 73 11111110 7

Matching output
0 absent
1 absent
2 46 64
3 70 07 47 74
4 absent
5 absent
6 absent
7 absent

Left
none
Best: none

Right
none
Best: none

XOR
01 10 00011010 3
12 21 00101011 4
23 32 10001001 3
34 43 11011010 5
45 54 10101110 5
56 65 00101111 5
67 76 01000101 3
70 07 10100110 4

02 20 00110001 3
13 31 10100010 3
24 42 01010011 4
35 53 01110100 4
46 64 10000001 2
57 75 01101010 4
60 06 11100011 5
71 17 10111100 5

03 30 10111000 4
14 41 01111000 4
25 52 11111101 7
36 63 01011011 5
47 74 11000100 3
50 05 11001100 4
61 16 11111001 6
72 27 10010111 5

04 40 01100010 3
15 51 11010110 5
26 62 11010010 4
37 73 00011110 4

Matching output
0 absent
1 absent
2 absent
3 absent
4 absent
5 absent
6 absent
7 absent

Left
none
Best: none

Right
none
Best: none

AND-NOT
01 00010000 1
12 00001010 2
23 00000001 1
34 11001000 3
45 00100010 2
56 00001100 2
67 00000001 1
70 10100110 4

02 00010000 1
13 00000010 1
24 01000001 2
35 01100000 2
46 00000000 a match 4 5 6
57 00001000 1
60 10100011 4
71 10110100 4

03 00010000 1
14 01001000 2
25 01100001 3
36 01001000 2
47 00000000 a match 4 5 6
50 10001100 3
61 10110001 4
72 10010110 4

04 01000000 1
15 01000010 2
26 01000000 1
37 00001000 1
40 00100010 2
51 10010100 3
62 10010010 3
73 00010110 3

05 01000000 1
16 01001000 2
27 00000001 1
30 10101000 3
41 00110000 2
52 10011100 4 match 1
63 00010011 3
74 11000100 3

06 01000000 1
17 00001000 1
20 00100001 2
31 10100000 2
42 00010010 2
53 00010100 2
64 10000001 2
75 01100010 3

07 00000000 a match 4 5 6
10 00001010 2
21 00100001 2
32 10001000 2
43 00010010 2
54 10001100 3
65 00100011 3
76 01000100 2

Matching output
0 absent
1 52
2 absent
3 absent
4 46 47 07
5 46 47 07
6 46 47 07
7 absent

Left
none
Best: none

Right
none
Best: none

OR-NOT
01 11110101 6
12 11011110 6
23 01110111 6
34 11101101 6
45 01110011 5
56 11011100 5
67 10111011 6
70 11111111 a

02 11011110 6
13 01011111 6
24 11101101 6
35 11101011 6
46 01111110 6
57 10011101 5
60 10111111 7
71 11110111 7

03 01010111 5
14 11001111 6
25 01100011 4
36 11101100 5
47 00111011 5
50 10111111 7
61 10110111 6
72 11111110 7

04 11011101 6
15 01101011 5
26 01101101 5
37 11101001 5
40 10111111 7
51 10111101 6
62 10111111 7
73 11110111 7

05 01110011 5
16 01001110 4
27 01101001 4
30 11101111 7
41 10110111 6
52 10011110 5
63 10110111 6
74 11111111 a

06 01011100 4
17 01001011 4
20 11101111 7
31 11111101 7
42 10111110 6
53 10011111 6
64 11111111 a
75 11110111 7

07 01011001 4
10 11101111 7
21 11110101 6
32 11111110 7
43 00110111 5
54 11011101 6
65 11110011 6
76 11111110 7

Matching output
0 absent
1 absent
2 absent
3 absent
4 absent
5 absent
6 absent
7 absent

Left
none
Best: none

Right
none
Best: none

XOR-NOT
01 11100101 5
12 11010100 4
23 01110110 5
34 00100101 3
45 01010001 3
56 11010000 3
67 10111010 5
70 01011001 4

02 11001110 5
13 01011101 5
24 10101100 4
35 10001011 4
46 01111110 6
57 10010101 4
60 00011100 3
71 01000011 3

03 01000111 4
14 10000111 4
25 00000010 1
36 10100100 3
47 00111011 5
50 00110011 4
61 00000110 2
72 01101000 3

04 10011101 5
15 00101001 3
26 00101101 4
37 11100001 4
40 10011101 5
51 00101001 3
62 00101101 4
73 11100001 4

05 00110011 4
16 00000110 2
27 01101000 3
30 01000111 4
41 10000111 4
52 00000010 1
63 10100100 3
74 00111011 5

06 00011100 3
17 01000011 3
20 11001110 5
31 01011101 5
42 10101100 4
53 10001011 4
64 01111110 6
75 10010101 4

07 01011001 4
10 11100101 5
21 11010100 4
32 01110110 5
43 00100101 3
54 01010001 3
65 11010000 3
76 10111010 5

Matching output
0 absent
1 absent
2 absent
3 absent
4 absent
5 absent
6 absent
7 absent

Left
none
Best: none

Right
none
Best: none

Selecting

Lefts
Identity I4 5 6 7: 4
NOT none
Constant none
AND AND46: 1
OR none
XOR none
AND-NOT none
OR-NOT none
XOR-NOT none

Rights
Identity I0: 1
NOT none
Constant none
AND AND70: 1
OR none
XOR none
AND-NOT none
OR-NOT none
XOR-NOT none

Left longest: 4
Right longest: 1

Left winner: Identity yes, NOT no, Constant no, AND no, OR no, XOR no, AND-NOT no, OR-NOT no, XOR-NOT no
Right winner: Identity yes, NOT no, Constant no, AND no, OR no, XOR no, AND-NOT no, OR-NOT no, XOR-NOT no

Best left: I4 5 6 7: 4
Best right: I0: 1

Truncated left: I4 5 6 7: 4
Truncated right: I0: 1

Tentative from right
7 I0
6 pending
5 pending
4 pending
3 pending
2 pending
1 pending
0 pending

Tentative
0 I4
1 I5
2 I6
3 I7
4 pending
5 pending
6 pending
7 I0

Preferred from left
0 I4
1 I5
2 I6
3 I7
4 ?0?
5 ?1?
6 ?2?
7 I0

Preferred from right
7 I0
6 ?27
5 ?16
4 ?05
3 I7
2 I6
1 I5
0 I4

Preferred
0 I4
1 I5
2 I6
3 I7
4 ?05 ?50
5 ?16 ?61
6 ?27 ?72
7 I0

Matching
0 I4
1 I5
2 I6
3 I7
4 ?05 ?50 - Identity absent, NOT absent, Constant C0, AND absent, OR absent, XOR absent, AND-NOT absent, OR-NOT absent, XOR-NOT absent
5 ?16 ?61 - Identity absent, NOT absent, Constant C0, AND absent, OR absent, XOR absent, AND-NOT absent, OR-NOT absent, XOR-NOT absent
6 ?27 ?72 - Identity absent, NOT absent, Constant C0, AND absent, OR absent, XOR absent, AND-NOT absent, OR-NOT absent, XOR-NOT absent
7 I0

Perfect match
Identity no
NOT no
Constant yes
AND no
OR no
XOR no
AND-NOT no
OR-NOT no
XOR-NOT no

Matched
0 I4
1 I5
2 I6
3 I7
4 C0
5 C0
6 C0
7 I0

Selected
0 I4
1 I5
2 I6
3 I7
4 C0
5 C0
6 C0
7 I0

Applying to 00100000
Input
0 0
1 0
2 1
3 0
4 0
5 0
6 0
7 0
Output
0 I4 = 0
1 I5 = 0
2 I6 = 0
3 I7 = 0
4 C0 = 0
5 C0 = 0
6 C0 = 0
7 I0 = 0

I will now return the answer in \boxed{}
The answer in \boxed{–} is \boxed{00000000}