We need to deduce the transformation by matching the example outputs.
I will put my final answer inside \boxed{}.

Output 0: 10000001
0 1
1 0
2 0
3 0
4 0
5 0
6 0
7 1

Output 1: 11111010
0 1
1 1
2 1
3 1
4 1
5 0
6 1
7 0

Output 2: 00000000
0 0
1 0
2 0
3 0
4 0
5 0
6 0
7 0

Output 3: 00000000
0 0
1 0
2 0
3 0
4 0
5 0
6 0
7 0

Output 4: 00001000
0 0
1 0
2 0
3 0
4 1
5 0
6 0
7 0

Output 5: 10000000
0 1
1 0
2 0
3 0
4 0
5 0
6 0
7 0

Output 6: 00000000
0 0
1 0
2 0
3 0
4 0
5 0
6 0
7 0

Output 7: 11000001
0 1
1 1
2 0
3 0
4 0
5 0
6 0
7 1

Output 8: 00110000
0 0
1 0
2 1
3 1
4 0
5 0
6 0
7 0

Output bit columns (with bitsum as hash)
0 110001010 4
1 010000010 2
2 010000001 2
3 010000001 2
4 010010000 2
5 000000000 a
6 010000000 1
7 100000010 2

Input 0: 11011000
0 1
1 1
2 0
3 1
4 1
5 0
6 0
7 0

Input 1: 10111111
0 1
1 0
2 1
3 1
4 1
5 1
6 1
7 1

Input 2: 01001010
0 0
1 1
2 0
3 0
4 1
5 0
6 1
7 0

Input 3: 00010001
0 0
1 0
2 0
3 1
4 0
5 0
6 0
7 1

Input 4: 11000101
0 1
1 1
2 0
3 0
4 0
5 1
6 0
7 1

Input 5: 00011000
0 0
1 0
2 0
3 1
4 1
5 0
6 0
7 0

Input 6: 01100101
0 0
1 1
2 1
3 0
4 0
5 1
6 0
7 1

Input 7: 01011101
0 0
1 1
2 0
3 1
4 1
5 1
6 0
7 1

Input 8: 00000111
0 0
1 0
2 0
3 0
4 0
5 1
6 1
7 1

When matching output
x: not in operator
y: wrong position

Identity
0 110010000 3
1 101010110 5
2 010000100 2
3 110101010 5
4 111001010 5
5 010010111 5
6 011000001 3
7 010110111 6

Matching output
0 absent
1 absent
2 absent
3 absent
4 absent
5 absent
6 absent
7 absent

Left
none
Best: none

Right
none
Best: none

NOT
0 001101111 6
1 010101001 4
2 101111011 7
3 001010101 4
4 000110101 4
5 101101000 4
6 100111110 6
7 101001000 3

Matching output
0 absent
1 absent
2 absent
3 absent
4 absent
5 absent
6 absent
7 absent

Left
none
Best: none

Right
none
Best: none

Constant
0 000000000 a match 5
1 111111111 a

Matching output
0 absent
1 absent
2 absent
3 absent
4 absent
5 C0
6 absent
7 absent

Left
none
Best: none

Right
none
Best: none

AND
01 10 100010000 2
12 21 000000100 1
23 32 010000000 1 match 6
34 43 110001010 4 match 0
45 54 010000010 2 match 1
56 65 010000001 2 match 2 3
67 76 010000001 2 match 2 3
70 07 010010000 2 match 4

02 20 010000000 1 match 6
13 31 100000010 2 match 7
24 42 010000000 1 match 6
35 53 010000010 2 match 1
46 64 011000000 2
57 75 010010111 5
60 06 010000000 1 match 6
71 17 000010110 3

03 30 110000000 2
14 41 101000010 3
25 52 010000100 2
36 63 010000000 1 match 6
47 74 010000010 2 match 1
50 05 010010000 2 match 4
61 16 001000000 1
72 27 010000100 2

04 40 110000000 2
15 51 000010110 3
26 62 010000000 1 match 6
37 73 010100010 3

Matching output
0 34 43
1 45 54 35 53 47 74
2 56 65 67 76
3 56 65 67 76
4 70 07 50 05
5 absent
6 23 32 02 20 24 42 60 06 36 63 26 62
7 13 31

Left
34 45 56 67 70 01x
43 54 65 76 07 10x
Best: AND34 45 56 67 70: 5

Right
13 02 71x
31 20 17x
Best: AND13 02: 2

OR
01 10 111010110 6
12 21 111010110 6
23 32 110101110 6
34 43 111101010 6
45 54 111011111 8
56 65 011010111 6
67 76 011110111 7
70 07 110110111 7

02 20 110010100 4
13 31 111111110 8
24 42 111001110 6
35 53 110111111 8
46 64 111001011 6
57 75 010110111 6
60 06 111010001 5
71 17 111110111 8

03 30 110111010 6
14 41 111011110 7
25 52 010010111 5
36 63 111101011 7
47 74 111111111 a
50 05 110010111 6
61 16 111010111 7
72 27 010110111 6

04 40 111011010 6
15 51 111010111 7
26 62 011000101 4
37 73 110111111 8

Matching output
0 absent
1 absent
2 absent
3 absent
4 absent
5 absent
6 absent
7 absent

Left
none
Best: none

Right
none
Best: none

XOR
01 10 011000110 4
12 21 111010010 5
23 32 100101110 5
34 43 001100000 2
45 54 101011101 6
56 65 001010110 4
67 76 001110110 5
70 07 100100111 5

02 20 100010100 3
13 31 011111100 6
24 42 101001110 5
35 53 100111101 6
46 64 100001011 4
57 75 000100000 1
60 06 101010001 4
71 17 111100001 5

03 30 000111010 4
14 41 010011100 4
25 52 000010011 3
36 63 101101011 6
47 74 101111101 7
50 05 100000111 4
61 16 110010111 6
72 27 000110011 4

04 40 001011010 4
15 51 111000001 4
26 62 001000101 3
37 73 100011101 5

Matching output
0 absent
1 absent
2 absent
3 absent
4 absent
5 absent
6 absent
7 absent

Left
none
Best: none

Right
none
Best: none

AND-NOT
01 010000000 1 match 6
12 101010010 4
23 000000100 1
34 000100000 1
45 101001000 3
56 000010110 3
67 001000000 1
70 000100111 4

02 100010000 2
13 001010100 3
24 000000100 1
35 100101000 3
46 100001010 3
57 000000000 a match 5
60 001000001 2
71 010100001 3

03 000010000 1
14 000010100 2
25 000000000 a match 5
36 100101010 4
47 101001000 3
50 000000111 3
61 010000001 2 match 2 3
72 000110011 4

04 000010000 1
15 101000000 2
26 000000100 1
37 100001000 2
40 001001010 3
51 010000001 2 match 2 3
62 001000001 2
73 000010101 3

05 100000000 1
16 100010110 4
27 000000000 a match 5
30 000101010 3
41 010001000 2
52 000010011 3
63 001000001 2
74 000110101 4

06 100010000 2
17 101000000 2
20 000000100 1
31 010101000 3
42 101001010 4
53 000010101 3
64 000000001 1
75 000100000 1

07 100000000 1
10 001000110 3
21 010000000 1 match 6
32 100101010 4
43 001000000 1
54 000010101 3
65 001000000 1
76 000110110 4

Matching output
0 absent
1 absent
2 61 51
3 61 51
4 absent
5 57 25 27
6 01 21
7 absent

Left
none
Best: none

Right
none
Best: none

OR-NOT
01 110111001 6
12 101111111 8
23 011010101 5
34 110111111 8
45 111101010 6
56 110111111 8
67 111001001 5
70 011111111 8

02 111111011 8
13 101010111 6
24 010110101 5
35 111101010 6
46 111111110 8
57 111011111 8
60 011101111 7
71 010111111 7

03 111010101 6
14 101110111 7
25 111101100 6
36 110111110 7
47 111001010 5
50 011111111 8
61 011101001 5
72 111111111 a

04 110110101 6
15 101111110 7
26 110111110 7
37 111101010 6
40 111101111 8
51 010111111 7
62 111111011 8
73 011110111 7

05 111111000 6
16 101111110 7
27 111001100 5
30 111101111 8
41 111101011 7
52 111111111 a
63 011010101 5
74 010110111 6

06 110111110 7
17 101011110 6
20 011101111 7
31 110101011 6
42 111111011 8
53 011010111 6
64 011110101 6
75 111111111 a

07 111011000 5
10 101111111 8
21 010101101 5
32 111111011 8
43 111011111 8
54 010110111 6
65 111101001 6
76 110111111 8

Matching output
0 absent
1 absent
2 absent
3 absent
4 absent
5 absent
6 absent
7 absent

Left
none
Best: none

Right
none
Best: none

XOR-NOT
01 100111001 5
12 000101101 4
23 011010001 4
34 110011111 7
45 010100010 3
56 110101001 5
67 110001001 4
70 011011000 4

02 011101011 6
13 100000011 3
24 010110001 4
35 011000010 3
46 011110100 5
57 111011111 8
60 010101110 5
71 000011110 4

03 111000101 5
14 101100011 5
25 111101100 6
36 010010100 3
47 010000010 2 match 1
50 011111000 5
61 001101000 3
72 111001100 5

04 110100101 5
15 000111110 5
26 110111010 6
37 011100010 4
40 110100101 5
51 000111110 5
62 110111010 6
73 011100010 4

05 011111000 5
16 001101000 3
27 111001100 5
30 111000101 5
41 101100011 5
52 111101100 6
63 010010100 3
74 010000010 2 match 1

06 010101110 5
17 000011110 4
20 011101011 6
31 100000011 3
42 010110001 4
53 011000010 3
64 011110100 5
75 111011111 8

07 011011000 4
10 100111001 5
21 000101101 4
32 011010001 4
43 110011111 7
54 010100010 3
65 110101001 5
76 110001001 4

Matching output
0 absent
1 47 74
2 absent
3 absent
4 absent
5 absent
6 absent
7 absent

Left
none
Best: none

Right
none
Best: none

Selecting

Lefts
Identity none
NOT none
Constant none
AND AND34 45 56 67 70: 5
OR none
XOR none
AND-NOT none
OR-NOT none
XOR-NOT none

Rights
Identity none
NOT none
Constant none
AND AND13 02: 2
OR none
XOR none
AND-NOT none
OR-NOT none
XOR-NOT none

Left longest: 5
Right longest: 2

Left winner: Identity no, NOT no, Constant no, AND yes, OR no, XOR no, AND-NOT no, OR-NOT no, XOR-NOT no
Right winner: Identity no, NOT no, Constant no, AND yes, OR no, XOR no, AND-NOT no, OR-NOT no, XOR-NOT no

Best left: AND34 45 56 67 70: 5
Best right: AND13 02: 2

Truncated left: AND34 45 56 67 70: 5
Truncated right: AND13 02: 2

Tentative from right
7 AND13
6 AND02
5 pending
4 pending
3 pending
2 pending
1 pending
0 pending

Tentative
0 AND34
1 AND45
2 AND56
3 AND67
4 AND70
5 pending
6 AND02
7 AND13

Preferred from left
0 AND34
1 AND45
2 AND56
3 AND67
4 AND70
5 ?01
6 AND02
7 AND13

Preferred from right
7 AND13
6 AND02
5 ?01
4 AND70
3 AND67
2 AND56
1 AND45
0 AND34

Preferred
0 AND34
1 AND45
2 AND56
3 AND67
4 AND70
5 ?01 ?10
6 AND02
7 AND13

Matching
0 AND34
1 AND45
2 AND56
3 AND67
4 AND70
5 ?01 ?10 - Identity absent, NOT absent, Constant C0, AND absent, OR absent, XOR absent, AND-NOT absent, OR-NOT absent, XOR-NOT absent
6 AND02
7 AND13

Perfect match
Identity no
NOT no
Constant yes
AND no
OR no
XOR no
AND-NOT no
OR-NOT no
XOR-NOT no

Matched
0 AND34
1 AND45
2 AND56
3 AND67
4 AND70
5 C0
6 AND02
7 AND13

Selected
0 AND34
1 AND45
2 AND56
3 AND67
4 AND70
5 C0
6 AND02
7 AND13

Applying to 01001001
Input
0 0
1 1
2 0
3 0
4 1
5 0
6 0
7 1
Output
0 AND34 = AND(0,1) = 0
1 AND45 = AND(1,0) = 0
2 AND56 = AND(0,0) = 0
3 AND67 = AND(0,1) = 0
4 AND70 = AND(1,0) = 0
5 C0 = 0
6 AND02 = AND(0,0) = 0
7 AND13 = AND(1,0) = 0

I will now return the answer in \boxed{}
The answer in \boxed{–} is \boxed{00000000}