We need to deduce the transformation by matching the example outputs.
I will put my final answer inside \boxed{}.

Output 0: 11110011
0 1
1 1
2 1
3 1
4 0
5 0
6 1
7 1

Output 1: 10100010
0 1
1 0
2 1
3 0
4 0
5 0
6 1
7 0

Output 2: 11010001
0 1
1 1
2 0
3 1
4 0
5 0
6 0
7 1

Output 3: 11100111
0 1
1 1
2 1
3 0
4 0
5 1
6 1
7 1

Output 4: 01001100
0 0
1 1
2 0
3 0
4 1
5 1
6 0
7 0

Output 5: 11010101
0 1
1 1
2 0
3 1
4 0
5 1
6 0
7 1

Output 6: 00100000
0 0
1 0
2 1
3 0
4 0
5 0
6 0
7 0

Output 7: 01001110
0 0
1 1
2 0
3 0
4 1
5 1
6 1
7 0

Output 8: 01111000
0 0
1 1
2 1
3 1
4 1
5 0
6 0
7 0

Output 9: 01001000
0 0
1 1
2 0
3 0
4 1
5 0
6 0
7 0

Output bit columns (with bitsum as hash)
0 1111010000 5
1 1011110111 8
2 1101001010 5
3 1010010010 4
4 0000100111 4
5 0001110100 4
6 1101000100 4
7 1011010000 4

Input 0: 01110111
0 0
1 1
2 1
3 1
4 0
5 1
6 1
7 1

Input 1: 11001000
0 1
1 1
2 0
3 0
4 1
5 0
6 0
7 0

Input 2: 01100100
0 0
1 1
2 1
3 0
4 0
5 1
6 0
7 0

Input 3: 11101110
0 1
1 1
2 1
3 0
4 1
5 1
6 1
7 0

Input 4: 10110000
0 1
1 0
2 1
3 1
4 0
5 0
6 0
7 0

Input 5: 11110100
0 1
1 1
2 1
3 1
4 0
5 1
6 0
7 0

Input 6: 00010010
0 0
1 0
2 0
3 1
4 0
5 0
6 1
7 0

Input 7: 00100011
0 0
1 0
2 1
3 0
4 0
5 0
6 1
7 1

Input 8: 10101001
0 1
1 0
2 1
3 0
4 1
5 0
6 0
7 1

Input 9: 00100000
0 0
1 0
2 1
3 0
4 0
5 0
6 0
7 0

When matching output
x: not in operator
y: wrong position

Identity
0 0101110010 5
1 1111010000 5 match 0
2 1011110111 8 match 1
3 1000111000 4
4 0101000010 3
5 1011010000 4 match 7
6 1001001100 4
7 1000000110 3

Matching output
0 1
1 2
2 absent
3 absent
4 absent
5 absent
6 absent
7 5

Left
1 2 3x
Best: I1 2: 2

Right
5 4x
Best: I5: 1

NOT
0 1010001101 5
1 0000101111 5
2 0100001000 2
3 0111000111 6
4 1010111101 7
5 0100101111 6
6 0110110011 6
7 0111111001 7

Matching output
0 absent
1 absent
2 absent
3 absent
4 absent
5 absent
6 absent
7 absent

Left
none
Best: none

Right
none
Best: none

Constant
0 0000000000 a
1 1111111111 a

Matching output
0 absent
1 absent
2 absent
3 absent
4 absent
5 absent
6 absent
7 absent

Left
none
Best: none

Right
none
Best: none

AND
01 10 0101010000 3
12 21 1011010000 4 match 7
23 32 1000110000 3
34 43 0000000000 a
45 54 0001000000 1
56 65 1001000000 2
67 76 1000000100 2
70 07 0000000010 1

02 20 0001110010 4
13 31 1000010000 2
24 42 0001000010 2
35 53 1000010000 2
46 64 0001000000 1
57 75 1000000000 1
60 06 0001000000 1
71 17 1000000000 1

03 30 0000110000 2
14 41 0101000000 2
25 52 1011010000 4 match 7
36 63 1000001000 2
47 74 0000000010 1
50 05 0001010000 2
61 16 1001000000 2
72 27 1000000110 3

04 40 0101000010 3
15 51 1011010000 4 match 7
26 62 1001000100 3
37 73 1000000000 1

Matching output
0 absent
1 absent
2 absent
3 absent
4 absent
5 absent
6 absent
7 12 21 25 52 15 51

Left
none
Best: none

Right
12 01x
21 10x
25 14x
52 41x
15 04x
51 40x
Best: AND12: 1

OR
01 10 1111110010 7
12 21 1111110111 9
23 32 1011111111 9
34 43 1101111010 7
45 54 1111010010 6
56 65 1011011100 6
67 76 1001001110 5
70 07 1101110110 7

02 20 1111110111 9
13 31 1111111000 7
24 42 1111110111 9
35 53 1011111000 6
46 64 1101001110 6
57 75 1011010110 6
60 06 1101111110 8
71 17 1111010110 7

03 30 1101111010 7
14 41 1111010010 6
25 52 1011110111 8 match 1
36 63 1001111100 6
47 74 1101000110 5
50 05 1111110010 7
61 16 1111011100 7
72 27 1011110111 8 match 1

04 40 0101110010 5
15 51 1111010000 5 match 0
26 62 1011111111 9
37 73 1000111110 6

Matching output
0 15 51
1 25 52 72 27
2 absent
3 absent
4 absent
5 absent
6 absent
7 absent

Left
15 26x
51 62x
Best: OR15: 1

Right
none
Best: none

XOR
01 10 1010100010 4
12 21 0100100111 5
23 32 0011001111 6
34 43 1101111010 7
45 54 1110010010 5
56 65 0010011100 4
67 76 0001001010 3
70 07 1101110100 6

02 20 1110000101 5
13 31 0111101000 5
24 42 1110110101 7
35 53 0011101000 4
46 64 1100001110 5
57 75 0011010110 5
60 06 1100111110 7
71 17 0111010110 6

03 30 1101001010 5 match 2
14 41 1010010010 4 match 3
25 52 0000100111 4 match 4
36 63 0001110100 4 match 5
47 74 1101000100 4 match 6
50 05 1110100010 5
61 16 0110011100 5
72 27 0011110001 5

04 40 0000110000 2
15 51 0100000000 1
26 62 0010111011 6
37 73 0000111110 5

Matching output
0 absent
1 absent
2 03 30
3 14 41
4 25 52
5 36 63
6 47 74
7 absent

Left
none
Best: none

Right
none
Best: none

AND-NOT
01 0000100010 2
12 0100000000 1
23 0011000111 5
34 1000111000 4
45 0100000010 2
56 0010010000 2
67 0001001000 2
70 1000000100 2

02 0100000000 1
13 0111000000 3
24 1010110101 6
35 0000101000 2
46 0100000010 2
57 0011010000 3
60 1000001100 3
71 0000000110 2

03 0101000010 3
14 1010010000 3
25 0000100111 4 match 4
36 0000110000 2
47 0101000000 2
50 1010000000 2
61 0000001100 2
72 0000000000 a

04 0000110000 2
15 0100000000 1
26 0010110011 5
37 0000111000 3
40 0000000000 a
51 0000000000 a
62 0000001000 1
73 0000000110 2

05 0100100010 3
16 0110010000 3
27 0011110001 5
30 1000001000 2
41 0000000010 1
52 0000000000 a
63 0001000100 2
74 1000000100 2

06 0100110010 4
17 0111010000 4
20 1010000101 4
31 0000101000 2
42 0100000000 1
53 0011000000 2
64 1000001100 3
75 0000000110 2

07 0101110000 4
10 1010000000 2
21 0000100111 4 match 4
32 0000001000 1
43 0101000010 3
54 1010010000 3
65 0000001100 2
76 0000000010 1

Matching output
0 absent
1 absent
2 absent
3 absent
4 25 21
5 absent
6 absent
7 absent

Left
none
Best: none

Right
none
Best: none

OR-NOT
01 0101111111 8
12 1111011000 6
23 1111110111 9
34 1010111101 7
45 0101101111 7
56 1111110011 8
67 1111111101 9
70 1010001111 6

02 0101111010 6
13 1111010111 8
24 1011111111 9
35 1100111111 8
46 0111110011 7
57 1111111001 8
60 1011001101 6
71 1000101111 6

03 0111110111 8
14 1111111101 9
25 1111111111 a
36 1110111011 8
47 0111111011 8
50 1011011101 7
61 1001101111 7
72 1100001110 5

04 1111111111 a
15 1111111111 a
26 1111110111 9
37 1111111001 8
40 1111001111 8
51 1011111111 9
62 1101001100 5
73 1111000111 7

05 0101111111 8
16 1111110011 8
27 1111111111 a
30 1010111101 7
41 0101101111 7
52 1111011000 6
63 1111001111 8
74 1010111111 8

06 0111110011 7
17 1111111001 8
20 1011111111 9
31 1000111111 7
42 0101001010 4
53 1111010111 8
64 1011111101 8
75 1100101111 7

07 0111111011 8
10 1111011101 8
21 1011111111 9
32 1100111000 5
43 0111000111 6
54 1011111101 8
65 1101101111 8
76 1110110111 8

Matching output
0 absent
1 absent
2 absent
3 absent
4 absent
5 absent
6 absent
7 absent

Left
none
Best: none

Right
none
Best: none

XOR-NOT
01 0101011101 6
12 1011011000 5
23 1100110000 4
34 0010000101 3
45 0001101101 5
56 1101100011 6
67 1110110101 7
70 0010001011 4

02 0001111010 5
13 1000010111 5
24 0001001010 3
35 1100010111 6
46 0011110001 5
57 1100101001 5
60 0011000001 3
71 1000101001 4

03 0010110101 5
14 0101101101 6
25 1111011000 6
36 1110001011 6
47 0010111011 6
50 0001011101 5
61 1001100011 5
72 1100001110 5

04 1111001111 8
15 1011111111 9
26 1101000100 4 match 6
37 1111000001 5
40 1111001111 8
51 1011111111 9
62 1101000100 4 match 6
73 1111000001 5

05 0001011101 5
16 1001100011 5
27 1100001110 5
30 0010110101 5
41 0101101101 6
52 1111011000 6
63 1110001011 6
74 0010111011 6

06 0011000001 3
17 1000101001 4
20 0001111010 5
31 1000010111 5
42 0001001010 3
53 1100010111 6
64 0011110001 5
75 1100101001 5

07 0010001011 4
10 0101011101 6
21 1011011000 5
32 1100110000 4
43 0010000101 3
54 0001101101 5
65 1101100011 6
76 1110110101 7

Matching output
0 absent
1 absent
2 absent
3 absent
4 absent
5 absent
6 26 62
7 absent

Left
none
Best: none

Right
none
Best: none

Selecting

Lefts
Identity I1 2: 2
NOT none
Constant none
AND none
OR OR15: 1
XOR none
AND-NOT none
OR-NOT none
XOR-NOT none

Rights
Identity I5: 1
NOT none
Constant none
AND AND12: 1
OR none
XOR none
AND-NOT none
OR-NOT none
XOR-NOT none

Left longest: 2
Right longest: 1

Left winner: Identity yes, NOT no, Constant no, AND no, OR no, XOR no, AND-NOT no, OR-NOT no, XOR-NOT no
Right winner: Identity yes, NOT no, Constant no, AND no, OR no, XOR no, AND-NOT no, OR-NOT no, XOR-NOT no

Best left: I1 2: 2
Best right: I5: 1

Truncated left: I1 2: 2
Truncated right: I5: 1

Tentative from right
7 I5
6 pending
5 pending
4 pending
3 pending
2 pending
1 pending
0 pending

Tentative
0 I1
1 I2
2 pending
3 pending
4 pending
5 pending
6 pending
7 I5

Preferred from left
0 I1
1 I2
2 ?3?
3 ?4?
4 ?5?
5 ?6?
6 ?7?
7 I5

Preferred from right
7 I5
6 ?74
5 ?63
4 ?52
3 ?41
2 ?30
1 I2
0 I1

Preferred
0 I1
1 I2
2 ?30 ?03
3 ?41 ?14
4 ?52 ?25
5 ?63 ?36
6 ?74 ?47
7 I5

Matching
0 I1
1 I2
2 ?30 ?03 - Identity absent, NOT absent, Constant absent, AND absent, OR absent, XOR30, AND-NOT absent, OR-NOT absent, XOR-NOT absent
3 ?41 ?14 - Identity absent, NOT absent, Constant absent, AND absent, OR absent, XOR41, AND-NOT absent, OR-NOT absent, XOR-NOT absent
4 ?52 ?25 - Identity absent, NOT absent, Constant absent, AND absent, OR absent, XOR52, AND-NOT25, OR-NOT absent, XOR-NOT absent
5 ?63 ?36 - Identity absent, NOT absent, Constant absent, AND absent, OR absent, XOR63, AND-NOT absent, OR-NOT absent, XOR-NOT absent
6 ?74 ?47 - Identity absent, NOT absent, Constant absent, AND absent, OR absent, XOR74, AND-NOT absent, OR-NOT absent, XOR-NOT absent
7 I5

Perfect match
Identity no
NOT no
Constant no
AND no
OR no
XOR yes
AND-NOT no
OR-NOT no
XOR-NOT no

Matched
0 I1
1 I2
2 XOR30
3 XOR41
4 XOR52
5 XOR63
6 XOR74
7 I5

Selected
0 I1
1 I2
2 XOR30
3 XOR41
4 XOR52
5 XOR63
6 XOR74
7 I5

Applying to 00000110
Input
0 0
1 0
2 0
3 0
4 0
5 1
6 1
7 0
Output
0 I1 = 0
1 I2 = 0
2 XOR30 = XOR(0,0) = 0
3 XOR41 = XOR(0,0) = 0
4 XOR52 = XOR(1,0) = 1
5 XOR63 = XOR(1,0) = 1
6 XOR74 = XOR(0,0) = 0
7 I5 = 1

I will now return the answer in \boxed{}
The answer in \boxed{–} is \boxed{00001101}