We need to deduce the transformation by matching the example outputs.
I will put my final answer inside \boxed{}.

Output 0: 00000001
0 0
1 0
2 0
3 0
4 0
5 0
6 0
7 1

Output 1: 00000001
0 0
1 0
2 0
3 0
4 0
5 0
6 0
7 1

Output 2: 11000001
0 1
1 1
2 0
3 0
4 0
5 0
6 0
7 1

Output 3: 00000000
0 0
1 0
2 0
3 0
4 0
5 0
6 0
7 0

Output 4: 10000000
0 1
1 0
2 0
3 0
4 0
5 0
6 0
7 0

Output 5: 11000001
0 1
1 1
2 0
3 0
4 0
5 0
6 0
7 1

Output 6: 10000001
0 1
1 0
2 0
3 0
4 0
5 0
6 0
7 1

Output 7: 01000000
0 0
1 1
2 0
3 0
4 0
5 0
6 0
7 0

Output 8: 10000001
0 1
1 0
2 0
3 0
4 0
5 0
6 0
7 1

Output bit columns (with bitsum as hash)
0 001011101 5
1 001001010 3
2 000000000 a
3 000000000 a
4 000000000 a
5 000000000 a
6 000000000 a
7 111001101 6

Input 0: 10011100
0 1
1 0
2 0
3 1
4 1
5 1
6 0
7 0

Input 1: 11110100
0 1
1 1
2 1
3 1
4 0
5 1
6 0
7 0

Input 2: 11011111
0 1
1 1
2 0
3 1
4 1
5 1
6 1
7 1

Input 3: 01010000
0 0
1 1
2 0
3 1
4 0
5 0
6 0
7 0

Input 4: 00110110
0 0
1 0
2 1
3 1
4 0
5 1
6 1
7 0

Input 5: 11010111
0 1
1 1
2 0
3 1
4 0
5 1
6 1
7 1

Input 6: 10010010
0 1
1 0
2 0
3 1
4 0
5 0
6 1
7 0

Input 7: 01111101
0 0
1 1
2 1
3 1
4 1
5 1
6 0
7 1

Input 8: 10000010
0 1
1 0
2 0
3 0
4 0
5 0
6 1
7 0

When matching output
x: not in operator
y: wrong position

Identity
0 111001101 6 match 7
1 011101010 5
2 010010010 3
3 111111110 8
4 101000010 3
5 111011010 6
6 001011101 5 match 0
7 001001010 3 match 1

Matching output
0 6
1 7
2 absent
3 absent
4 absent
5 absent
6 absent
7 0

Left
6 7 0y
Best: I6 7: 2

Right
0 7y
Best: I0: 1

NOT
0 000110010 3
1 100010101 4
2 101101101 6
3 000000001 1
4 010111101 6
5 000100101 3
6 110100010 4
7 110110101 6

Matching output
0 absent
1 absent
2 absent
3 absent
4 absent
5 absent
6 absent
7 absent

Left
none
Best: none

Right
none
Best: none

Constant
0 000000000 a match 2 3 4 5 6
1 111111111 a

Matching output
0 absent
1 absent
2 C0
3 C0
4 C0
5 C0
6 C0
7 absent

Left
none
Best: none

Right
none
Best: none

AND
01 10 011001000 3
12 21 010000010 2
23 32 010010010 3
34 43 101000010 3
45 54 101000010 3
56 65 001011000 3
67 76 001001000 2
70 07 001001000 2

02 20 010000000 1
13 31 011101010 5
24 42 000000010 1
35 53 111011010 6
46 64 001000000 1
57 75 001001010 3 match 1
60 06 001001101 4
71 17 001001010 3 match 1

03 30 111001100 5
14 41 001000010 2
25 52 010010010 3
36 63 001011100 4
47 74 001000010 2
50 05 111001000 4
61 16 001001000 2
72 27 000000010 1

04 40 101000000 2
15 51 011001010 4
26 62 000010000 1
37 73 001001010 3 match 1

Matching output
0 absent
1 57 75 71 17 37 73
2 absent
3 absent
4 absent
5 absent
6 absent
7 absent

Left
none
Best: none

Right
none
Best: none

OR
01 10 111101111 8
12 21 011111010 6
23 32 111111110 8
34 43 111111110 8
45 54 111011010 6
56 65 111011111 8
67 76 001011111 6
70 07 111001111 7

02 20 111011111 8
13 31 111111110 8
24 42 111010010 5
35 53 111111110 8
46 64 101011111 7
57 75 111011010 6
60 06 111011101 7
71 17 011101010 5

03 30 111111111 a
14 41 111101010 6
25 52 111011010 6
36 63 111111111 a
47 74 101001010 4
50 05 111011111 8
61 16 011111111 8
72 27 011011010 5

04 40 111001111 7
15 51 111111010 7
26 62 011011111 7
37 73 111111110 8

Matching output
0 absent
1 absent
2 absent
3 absent
4 absent
5 absent
6 absent
7 absent

Left
none
Best: none

Right
none
Best: none

XOR
01 10 100100111 5
12 21 001111000 4
23 32 101101100 5
34 43 010111100 5
45 54 010011000 3
56 65 110000111 5
67 76 000010111 4
70 07 110000111 5

02 20 101011111 7
13 31 100010100 3
24 42 111010000 4
35 53 000100100 2
46 64 100011111 6
57 75 110010000 3
60 06 110010000 3
71 17 010100000 2

03 30 000110011 4
14 41 110101000 4
25 52 101001000 3
36 63 110100011 5
47 74 100001000 2
50 05 000010111 4
61 16 010110111 6
72 27 011011000 4

04 40 010001111 5
15 51 100110000 3
26 62 011001111 6
37 73 110110100 5

Matching output
0 absent
1 absent
2 absent
3 absent
4 absent
5 absent
6 absent
7 absent

Left
none
Best: none

Right
none
Best: none

AND-NOT
01 100000101 3
12 001101000 3
23 000000000 a match 2 3 4 5 6
34 010111100 5
45 000000000 a match 2 3 4 5 6
56 110000010 3
67 000010101 3
70 000000010 1

02 101001101 5
13 000000000 a match 2 3 4 5 6
24 010010000 2
35 000100100 2
46 100000010 2
57 110010000 3
60 000010000 1
71 000000000 a match 2 3 4 5 6

03 000000001 1
14 010101000 3
25 000000000 a match 2 3 4 5 6
36 110100010 4
47 100000000 1
50 000010010 2
61 000010101 3
72 001001000 2

04 010001101 4
15 000100000 1
26 010000010 2
37 110110100 5
40 000000010 1
51 100010000 2
62 001001101 4
73 000000000 a match 2 3 4 5 6

05 000000101 2
16 010100010 3
27 010010000 2
30 000110010 3
41 100000000 1
52 101001000 3
63 000000001 1
74 000001000 1

06 110000000 2
17 010100000 2
20 000010010 2
31 100010100 3
42 101000000 2
53 000000000 a match 2 3 4 5 6
64 000011101 4
75 000000000 a match 2 3 4 5 6

07 110000101 4
10 000100010 2
21 000010000 1
32 101101100 5
43 000000000 a match 2 3 4 5 6
54 010011000 3
65 000000101 2
76 000000010 1

Matching output
0 absent
1 absent
2 23 45 13 71 25 73 53 75 43
3 23 45 13 71 25 73 53 75 43
4 23 45 13 71 25 73 53 75 43
5 23 45 13 71 25 73 53 75 43
6 23 45 13 71 25 73 53 75 43
7 absent

Left
none
Best: none

Right
none
Best: none

OR-NOT
01 111011101 7
12 111101111 8
23 010010011 4
34 111111111 a
45 101100111 6
56 111111010 7
67 111111101 8
70 001111010 5

02 111101101 7
13 011101011 6
24 010111111 7
35 111111111 a
46 111100010 5
57 111111111 a
60 001111111 7
71 101011111 7

03 111001101 6 match 7
14 011111111 8
25 010110111 6
36 111111110 8
47 111110111 8
50 111111010 7
61 101011101 6
72 101101111 7

04 111111101 8
15 011101111 7
26 110110010 5
37 111111111 a
40 101110010 5
51 111011111 8
62 101111101 7
73 001001011 4

05 111101101 7
16 111101010 6
27 110110111 7
30 111111110 8
41 101010111 6
52 111111111 a
63 001011101 5 match 0
74 011111111 8

06 111101111 8
17 111111111 a
20 010110010 4
31 111111111 a
42 101101111 7
53 111011011 7
64 011111101 7
75 001101111 6

07 111111101 8
10 011111010 6
21 110010111 6
32 111111111 a
43 101000011 4
54 111111111 a
65 001111101 6
76 111101010 6

Matching output
0 63
1 absent
2 absent
3 absent
4 absent
5 absent
6 absent
7 03

Left
63 74x
Best: OR-NOT63: 1

Right
03 72x
Best: OR-NOT03: 1

XOR-NOT
01 011011000 4
12 110000111 5
23 010010011 4
34 101000011 4
45 101100111 6
56 001111000 4
67 111101000 5
70 001111000 4

02 010100000 2
13 011101011 6
24 000101111 5
35 111011011 7
46 011100000 3
57 001101111 6
60 001101111 6
71 101011111 7

03 111001100 5
14 001010111 5
25 010110111 6
36 001011100 4
47 011110111 7
50 111101000 5
61 101001000 3
72 100100111 5

04 101110000 4
15 011001111 6
26 100110000 3
37 001001011 4
40 101110000 4
51 011001111 6
62 100110000 3
73 001001011 4

05 111101000 5
16 101001000 3
27 100100111 5
30 111001100 5
41 001010111 5
52 010110111 6
63 001011100 4
74 011110111 7

06 001101111 6
17 101011111 7
20 010100000 2
31 011101011 6
42 000101111 5
53 111011011 7
64 011100000 3
75 001101111 6

07 001111000 4
10 011011000 4
21 110000111 5
32 010010011 4
43 101000011 4
54 101100111 6
65 001111000 4
76 111101000 5

Matching output
0 absent
1 absent
2 absent
3 absent
4 absent
5 absent
6 absent
7 absent

Left
none
Best: none

Right
none
Best: none

Selecting

Lefts
Identity I6 7: 2
NOT none
Constant none
AND none
OR none
XOR none
AND-NOT none
OR-NOT OR-NOT63: 1
XOR-NOT none

Rights
Identity I0: 1
NOT none
Constant none
AND none
OR none
XOR none
AND-NOT none
OR-NOT OR-NOT03: 1
XOR-NOT none

Left longest: 2
Right longest: 1

Left winner: Identity yes, NOT no, Constant no, AND no, OR no, XOR no, AND-NOT no, OR-NOT no, XOR-NOT no
Right winner: Identity yes, NOT no, Constant no, AND no, OR no, XOR no, AND-NOT no, OR-NOT no, XOR-NOT no

Best left: I6 7: 2
Best right: I0: 1

Truncated left: I6 7: 2
Truncated right: I0: 1

Tentative from right
7 I0
6 pending
5 pending
4 pending
3 pending
2 pending
1 pending
0 pending

Tentative
0 I6
1 I7
2 pending
3 pending
4 pending
5 pending
6 pending
7 I0

Preferred from left
0 I6
1 I7
2 ?0?
3 ?1?
4 ?2?
5 ?3?
6 ?4?
7 I0

Preferred from right
7 I0
6 ?47
5 ?36
4 ?25
3 ?14
2 ?03
1 I7
0 I6

Preferred
0 I6
1 I7
2 ?03 ?30
3 ?14 ?41
4 ?25 ?52
5 ?36 ?63
6 ?47 ?74
7 I0

Matching
0 I6
1 I7
2 ?03 ?30 - Identity absent, NOT absent, Constant C0, AND absent, OR absent, XOR absent, AND-NOT absent, OR-NOT absent, XOR-NOT absent
3 ?14 ?41 - Identity absent, NOT absent, Constant C0, AND absent, OR absent, XOR absent, AND-NOT absent, OR-NOT absent, XOR-NOT absent
4 ?25 ?52 - Identity absent, NOT absent, Constant C0, AND absent, OR absent, XOR absent, AND-NOT25, OR-NOT absent, XOR-NOT absent
5 ?36 ?63 - Identity absent, NOT absent, Constant C0, AND absent, OR absent, XOR absent, AND-NOT absent, OR-NOT absent, XOR-NOT absent
6 ?47 ?74 - Identity absent, NOT absent, Constant C0, AND absent, OR absent, XOR absent, AND-NOT absent, OR-NOT absent, XOR-NOT absent
7 I0

Perfect match
Identity no
NOT no
Constant yes
AND no
OR no
XOR no
AND-NOT no
OR-NOT no
XOR-NOT no

Matched
0 I6
1 I7
2 C0
3 C0
4 C0
5 C0
6 C0
7 I0

Selected
0 I6
1 I7
2 C0
3 C0
4 C0
5 C0
6 C0
7 I0

Applying to 01000101
Input
0 0
1 1
2 0
3 0
4 0
5 1
6 0
7 1
Output
0 I6 = 0
1 I7 = 1
2 C0 = 0
3 C0 = 0
4 C0 = 0
5 C0 = 0
6 C0 = 0
7 I0 = 0

I will now return the answer in \boxed{}
The answer in \boxed{–} is \boxed{01000000}