We need to deduce the transformation by matching the example outputs.
I will put my final answer inside \boxed{}.

Output 0: 10100000
0 1
1 0
2 1
3 0
4 0
5 0
6 0
7 0

Output 1: 00000111
0 0
1 0
2 0
3 0
4 0
5 1
6 1
7 1

Output 2: 10001010
0 1
1 0
2 0
3 0
4 1
5 0
6 1
7 0

Output 3: 11100100
0 1
1 1
2 1
3 0
4 0
5 1
6 0
7 0

Output 4: 00001100
0 0
1 0
2 0
3 0
4 1
5 1
6 0
7 0

Output 5: 00101110
0 0
1 0
2 1
3 0
4 1
5 1
6 1
7 0

Output 6: 00000111
0 0
1 0
2 0
3 0
4 0
5 1
6 1
7 1

Output 7: 01000001
0 0
1 1
2 0
3 0
4 0
5 0
6 0
7 1

Output 8: 00101110
0 0
1 0
2 1
3 0
4 1
5 1
6 1
7 0

Output bit columns (with bitsum as hash)
0 101100000 3
1 000100010 2
2 100101001 4
3 000000000 a
4 001011001 4
5 010111101 6
6 011001101 5
7 010000110 3

Input 0: 00000101
0 0
1 0
2 0
3 0
4 0
5 1
6 0
7 1

Input 1: 01111010
0 0
1 1
2 1
3 1
4 1
5 0
6 1
7 0

Input 2: 01010100
0 0
1 1
2 0
3 1
4 0
5 1
6 0
7 0

Input 3: 01000111
0 0
1 1
2 0
3 0
4 0
5 1
6 1
7 1

Input 4: 11100100
0 1
1 1
2 1
3 0
4 0
5 1
6 0
7 0

Input 5: 01010001
0 0
1 1
2 0
3 1
4 0
5 0
6 0
7 1

Input 6: 01011011
0 0
1 1
2 0
3 1
4 1
5 0
6 1
7 1

Input 7: 01001010
0 0
1 1
2 0
3 0
4 1
5 0
6 1
7 0

Input 8: 11110111
0 1
1 1
2 1
3 1
4 0
5 1
6 1
7 1

When matching output
x: not in operator
y: wrong position

Identity
0 000010001 2
1 011111111 8
2 010010001 3
3 011001101 5 match 6
4 010000110 3 match 7
5 101110001 5
6 010100111 5
7 100101101 5

Matching output
0 absent
1 absent
2 absent
3 absent
4 absent
5 absent
6 3
7 4

Left
none
Best: none

Right
4 3 2x
Best: I4 3: 2

NOT
0 111101110 7
1 100000000 1
2 101101110 6
3 100110010 4
4 101111001 6
5 010001110 4
6 101011000 4
7 011010010 4

Matching output
0 absent
1 absent
2 absent
3 absent
4 absent
5 absent
6 absent
7 absent

Left
none
Best: none

Right
none
Best: none

Constant
0 000000000 a match 3
1 111111111 a

Matching output
0 absent
1 absent
2 absent
3 C0
4 absent
5 absent
6 absent
7 absent

Left
none
Best: none

Right
none
Best: none

AND
01 10 000010001 2
12 21 010010001 3
23 32 010000001 2
34 43 010000100 2
45 54 000000000 a match 3
56 65 000100001 2
67 76 000100101 3
70 07 000000001 1

02 20 000010001 2
13 31 011001101 5 match 6
24 42 010000000 1
35 53 001000001 2
46 64 010000110 3 match 7
57 75 100100001 3
60 06 000000001 1
71 17 000101101 4

03 30 000000001 1
14 41 010000110 3 match 7
25 52 000010001 2
36 63 010000101 3
47 74 000000100 1
50 05 000010001 2
61 16 010100111 5
72 27 000000001 1

04 40 000000000 a match 3
15 51 001110001 4
26 62 010000001 2
37 73 000001101 3

Matching output
0 absent
1 absent
2 absent
3 45 54 04 40
4 absent
5 absent
6 13 31
7 46 64 14 41

Left
none
Best: none

Right
46 35x
64 53x
14 03x
41 30x
Best: AND46: 1

OR
01 10 011111111 8
12 21 011111111 8
23 32 011011101 6
34 43 011001111 6
45 54 111110111 8
56 65 111110111 8
67 76 110101111 7
70 07 100111101 6

02 20 010010001 3
13 31 011111111 8
24 42 010010111 5
35 53 111111101 8
46 64 010100111 5
57 75 101111101 7
60 06 010110111 6
71 17 111111111 a

03 30 011011101 6
14 41 011111111 8
25 52 111110001 6
36 63 011101111 7
47 74 110101111 7
50 05 101110001 5
61 16 011111111 8
72 27 110111101 7

04 40 010010111 5
15 51 111111111 a
26 62 010110111 6
37 73 111101101 7

Matching output
0 absent
1 absent
2 absent
3 absent
4 absent
5 absent
6 absent
7 absent

Left
none
Best: none

Right
none
Best: none

XOR
01 10 011101110 6
12 21 001101110 5
23 32 001011100 4
34 43 001001011 4
45 54 111110111 8
56 65 111010110 6
67 76 110001010 4
70 07 100111100 5

02 20 010000000 1
13 31 000110010 3
24 42 000010111 4
35 53 110111100 6
46 64 000100001 2
57 75 001011100 4
60 06 010110110 5
71 17 111010010 5

03 30 011011100 5
14 41 001111001 5
25 52 111100000 4
36 63 001101010 4
47 74 110101011 6
50 05 101100000 3 match 0
61 16 001011000 3
72 27 110111100 6

04 40 010010111 5
15 51 110001110 5
26 62 000110110 4
37 73 111100000 4

Matching output
0 50 05
1 absent
2 absent
3 absent
4 absent
5 absent
6 absent
7 absent

Left
50 61x
05 16x
Best: XOR50: 1

Right
none
Best: none

AND-NOT
01 000000000 a match 3
12 001101110 5
23 000010000 1
34 001001001 3
45 010000110 3 match 7
56 101010000 3
67 010000010 2
70 100101100 4

02 000000000 a match 3
13 000110010 3
24 000010001 2
35 010001100 3
46 000000000 a match 3
57 001010000 2
60 010100110 4
71 100000000 1

03 000010000 1
14 001111001 5
25 010000000 1
36 001001000 2
47 010000010 2
50 101100000 3 match 0
61 000000000 a match 3
72 100101100 4

04 000010001 2
15 010001110 4
26 000010000 1
37 011000000 2
40 010000110 3 match 7
51 100000000 1
62 000100110 3
73 100100000 2

05 000000000 a match 3
16 001011000 3
27 010010000 2
30 011001100 4
41 000000000 a match 3
52 101100000 3 match 0
63 000100010 2 match 1
74 100101001 4 match 2

06 000010000 1
17 011010010 4
20 010000000 1
31 000000000 a match 3
42 000000110 2
53 100110000 3
64 000100001 2
75 000001100 2

07 000010000 1
10 011101110 6
21 000000000 a match 3
32 001001100 3
43 000000010 1
54 101110001 5
65 010000110 3 match 7
76 100001000 2

Matching output
0 50 52
1 63
2 74
3 01 02 46 61 05 41 31 21
4 absent
5 absent
6 absent
7 45 40 65

Left
50 61y
52 63 74 05 16x
Best: AND-NOT52 63 74 05: 4

Right
45 34x
40 37x
65 54x
Best: AND-NOT45: 1

OR-NOT
01 100010001 3
12 111111111 a
23 110110011 6
34 111111101 8
45 010001110 4
56 101111001 6
67 011110111 7
70 111101111 8

02 101111111 8
13 111111111 a
24 111111001 7
35 011001111 6
46 111011110 7
57 111110011 7
60 111101111 8
71 100101101 5

03 100110011 5
14 111111111 a
25 010011111 6
36 111011101 7
47 011010110 5
50 111111111 a
61 110100111 6
72 101101111 7

04 101111001 6
15 011111111 8
26 111011001 6
37 011011111 7
40 111101110 7
51 101110001 5
62 111101111 8
73 100111111 7

05 010011111 6
16 111111111 a
27 011010011 5
30 111101111 8
41 110000110 4
52 101111111 8
63 110110111 7
74 101111101 7

06 101011001 5
17 011111111 8
20 111111111 a
31 111001101 6
42 111101110 7
53 101110011 6
64 111111111 a
75 110101111 7

07 011010011 5
10 111111111 a
21 110010001 4
32 111101111 8
43 110110110 6
54 101111001 6
65 010101111 6
76 101111101 7

Matching output
0 absent
1 absent
2 absent
3 absent
4 absent
5 absent
6 absent
7 absent

Left
none
Best: none

Right
none
Best: none

XOR-NOT
01 100010001 3
12 110010001 4
23 110100011 5
34 110110100 5
45 000001000 1
56 000101001 3
67 001110101 5
70 011000011 4

02 101111111 8
13 111001101 6
24 111101000 5
35 001000011 3
46 111011110 7
57 110100011 5
60 101001001 4
71 000101101 4

03 100100011 4
14 110000110 4
25 000011111 5
36 110010101 5
47 001010100 3
50 010011111 6
61 110100111 6
72 001000011 3

04 101101000 4
15 001110001 4
26 111001001 5
37 000011111 5
40 101101000 4
51 001110001 4
62 111001001 5
73 000011111 5

05 010011111 6
16 110100111 6
27 001000011 3
30 100100011 4
41 110000110 4
52 000011111 5
63 110010101 5
74 001010100 3

06 101001001 4
17 000101101 4
20 101111111 8
31 111001101 6
42 111101000 5
53 001000011 3
64 111011110 7
75 110100011 5

07 011000011 4
10 100010001 3
21 110010001 4
32 110100011 5
43 110110100 5
54 000001000 1
65 000101001 3
76 001110101 5

Matching output
0 absent
1 absent
2 absent
3 absent
4 absent
5 absent
6 absent
7 absent

Left
none
Best: none

Right
none
Best: none

Selecting

Lefts
Identity none
NOT none
Constant none
AND none
OR none
XOR XOR50: 1
AND-NOT AND-NOT52 63 74 05: 4
OR-NOT none
XOR-NOT none

Rights
Identity I4 3: 2
NOT none
Constant none
AND AND46: 1
OR none
XOR none
AND-NOT AND-NOT45: 1
OR-NOT none
XOR-NOT none

Left longest: 4
Right longest: 2

Left winner: Identity no, NOT no, Constant no, AND no, OR no, XOR no, AND-NOT yes, OR-NOT no, XOR-NOT no
Right winner: Identity yes, NOT no, Constant no, AND no, OR no, XOR no, AND-NOT no, OR-NOT no, XOR-NOT no

Best left: AND-NOT52 63 74 05: 4
Best right: I4 3: 2

Truncated left: AND-NOT52 63 74 05: 4
Truncated right: I4 3: 2

Tentative from right
7 I4
6 I3
5 pending
4 pending
3 pending
2 pending
1 pending
0 pending

Tentative
0 AND-NOT52
1 AND-NOT63
2 AND-NOT74
3 AND-NOT05
4 pending
5 pending
6 I3
7 I4

Preferred from left
0 AND-NOT52
1 AND-NOT63
2 AND-NOT74
3 AND-NOT05
4 ?16
5 ?27
6 I3
7 I4

Preferred from right
7 I4
6 I3
5 ?27
4 ?16
3 AND-NOT05
2 AND-NOT74
1 AND-NOT63
0 AND-NOT52

Preferred
0 AND-NOT52
1 AND-NOT63
2 AND-NOT74
3 AND-NOT05
4 ?16 ?61
5 ?27 ?72
6 I3
7 I4

Matching
0 AND-NOT52
1 AND-NOT63
2 AND-NOT74
3 AND-NOT05
4 ?16 ?61 - Identity absent, NOT absent, Constant absent, AND absent, OR absent, XOR absent, AND-NOT absent, OR-NOT absent, XOR-NOT absent
5 ?27 ?72 - Identity absent, NOT absent, Constant absent, AND absent, OR absent, XOR absent, AND-NOT absent, OR-NOT absent, XOR-NOT absent
6 I3
7 I4

Perfect match
Identity no
NOT no
Constant no
AND no
OR no
XOR no
AND-NOT no
OR-NOT no
XOR-NOT no

Matched
0 AND-NOT52
1 AND-NOT63
2 AND-NOT74
3 AND-NOT05
4 none
5 none
6 I3
7 I4

Selected
0 AND-NOT52
1 AND-NOT63
2 AND-NOT74
3 AND-NOT05
4 default 1
5 default 1
6 I3
7 I4

Applying to 10110111
Input
0 1
1 0
2 1
3 1
4 0
5 1
6 1
7 1
Output
0 AND-NOT52 = AND(1,NOT(1)) = 0
1 AND-NOT63 = AND(1,NOT(1)) = 0
2 AND-NOT74 = AND(1,NOT(0)) = 1
3 AND-NOT05 = AND(1,NOT(1)) = 0
4 default 1 = 1
5 default 1 = 1
6 I3 = 1
7 I4 = 0

I will now return the answer in \boxed{}
The answer in \boxed{–} is \boxed{00101110}