We need to deduce the transformation by matching the example outputs.
I will put my final answer inside \boxed{}.

Output 0: 10100001
0 1
1 0
2 1
3 0
4 0
5 0
6 0
7 1

Output 1: 10100011
0 1
1 0
2 1
3 0
4 0
5 0
6 1
7 1

Output 2: 00010010
0 0
1 0
2 0
3 1
4 0
5 0
6 1
7 0

Output 3: 11010011
0 1
1 1
2 0
3 1
4 0
5 0
6 1
7 1

Output 4: 11100000
0 1
1 1
2 1
3 0
4 0
5 0
6 0
7 0

Output 5: 01010000
0 0
1 1
2 0
3 1
4 0
5 0
6 0
7 0

Output 6: 01100010
0 0
1 1
2 1
3 0
4 0
5 0
6 1
7 0

Output bit columns (with bitsum as hash)
0 1101100 4
1 0001111 4
2 1100101 4
3 0011010 3
4 0000000 a
5 0000000 a
6 0111001 4
7 1101000 3

Input 0: 01011010
0 0
1 1
2 0
3 1
4 1
5 0
6 1
7 0

Input 1: 11101010
0 1
1 1
2 1
3 0
4 1
5 0
6 1
7 0

Input 2: 10110001
0 1
1 0
2 1
3 1
4 0
5 0
6 0
7 1

Input 3: 11001101
0 1
1 1
2 0
3 0
4 1
5 1
6 0
7 1

Input 4: 00101110
0 0
1 0
2 1
3 0
4 1
5 1
6 1
7 0

Input 5: 00000101
0 0
1 0
2 0
3 0
4 0
5 1
6 0
7 1

Input 6: 10010110
0 1
1 0
2 0
3 1
4 0
5 1
6 1
7 0

When matching output
x: not in operator
y: wrong position

Identity
0 0111001 4 match 6
1 1101000 3 match 7
2 0110100 3
3 1010001 3
4 1101100 4 match 0
5 0001111 4 match 1
6 1100101 4 match 2
7 0011010 3 match 3

Matching output
0 4
1 5
2 6
3 7
4 absent
5 absent
6 0
7 1

Left
4 5 6 7 0y
Best: I4 5 6 7: 4

Right
1 0 7y
Best: I1 0: 2

NOT
0 1000110 3
1 0010111 4
2 1001011 4
3 0101110 4
4 0010011 3
5 1110000 3
6 0011010 3 match 3
7 1100101 4 match 2

Matching output
0 absent
1 absent
2 7
3 6
4 absent
5 absent
6 absent
7 absent

Left
none
Best: none

Right
none
Best: none

Constant
0 0000000 a match 4 5
1 1111111 a

Matching output
0 absent
1 absent
2 absent
3 absent
4 C0
5 C0
6 absent
7 absent

Left
none
Best: none

Right
none
Best: none

AND
01 10 0101000 2
12 21 0100000 1
23 32 0010000 1
34 43 1000000 1
45 54 0001100 2
56 65 0000101 2
67 76 0000000 a match 4 5
70 07 0011000 2

02 20 0110000 2
13 31 1000000 1
24 42 0100100 2
35 53 0000001 1
46 64 1100100 3
57 75 0001010 2
60 06 0100001 2
71 17 0001000 1

03 30 0010001 2
14 41 1101000 3 match 7
25 52 0000100 1
36 63 1000001 2
47 74 0001000 1
50 05 0001001 2
61 16 1100000 2
72 27 0010000 1

04 40 0101000 2
15 51 0001000 1
26 62 0100100 2
37 73 0010000 1

Matching output
0 absent
1 absent
2 absent
3 absent
4 67 76
5 67 76
6 absent
7 14 41

Left
none
Best: none

Right
14 03x
41 30x
Best: AND14: 1

OR
01 10 1111001 5
12 21 1111100 5
23 32 1110101 5
34 43 1111101 6
45 54 1101111 6
56 65 1101111 6
67 76 1111111 a
70 07 0111011 5

02 20 0111101 5
13 31 1111001 5
24 42 1111100 5
35 53 1011111 6
46 64 1101101 5
57 75 0011111 5
60 06 1111101 6
71 17 1111010 5

03 30 1111001 5
14 41 1101100 4 match 0
25 52 0111111 6
36 63 1110101 5
47 74 1111110 6
50 05 0111111 6
61 16 1101101 5
72 27 0111110 5

04 40 1111101 6
15 51 1101111 6
26 62 1110101 5
37 73 1011011 5

Matching output
0 14 41
1 absent
2 absent
3 absent
4 absent
5 absent
6 absent
7 absent

Left
14 25x
41 52x
Best: OR14: 1

Right
none
Best: none

XOR
01 10 1010001 3
12 21 1011100 4
23 32 1100101 4 match 2
34 43 0111101 5
45 54 1100011 4
56 65 1101010 4
67 76 1111111 a
70 07 0100011 3

02 20 0001101 3
13 31 0111001 4 match 6
24 42 1011000 3
35 53 1011110 5
46 64 0001001 2
57 75 0010101 3
60 06 1011100 4
71 17 1110010 4

03 30 1101000 3 match 7
14 41 0000100 1
25 52 0111011 5
36 63 0110100 3
47 74 1110110 5
50 05 0110110 4
61 16 0001101 3
72 27 0101110 4

04 40 1010101 4
15 51 1100111 5
26 62 1010001 3
37 73 1001011 4

Matching output
0 absent
1 absent
2 23 32
3 absent
4 absent
5 absent
6 13 31
7 03 30

Left
none
Best: none

Right
03 72x
30 27x
Best: XOR03: 1

AND-NOT
01 0010001 2
12 1001000 2
23 0100100 2
34 0010001 2
45 1100000 2
56 0001010 2
67 1100101 4 match 2
70 0000010 1

02 0001001 2
13 0101000 2
24 0010000 1
35 1010000 2
46 0001000 1
57 0000101 2
60 1000100 2
71 0010010 2

03 0101000 2
14 0000000 a match 4 5
25 0110000 2
36 0010000 1
47 1100100 3
50 0000110 2
61 0000101 2
72 0001010 2

04 0010001 2
15 1100000 2
26 0010000 1
37 1000001 2
40 1000100 2
51 0000111 3
62 1000001 2
73 0001010 2

05 0110000 2
16 0001000 1
27 0100100 2
30 1000000 1
41 0000100 1
52 0001011 3
63 0100100 2
74 0010010 2

06 0011000 2
17 1100000 2
20 0000100 1
31 0010001 2
42 1001000 2
53 0001110 3
64 0000001 1
75 0010000 1

07 0100001 2
10 1000000 1
21 0010100 2
32 1000001 2
43 0101100 3
54 0000011 2
65 1100000 2
76 0011010 3 match 3

Matching output
0 absent
1 absent
2 67
3 76
4 14
5 14
6 absent
7 absent

Left
none
Best: none

Right
none
Best: none

OR-NOT
01 0111111 6
12 1101011 5
23 0111110 5
34 1010011 4
45 1111100 5
56 0011111 5
67 1100101 4 match 2
70 1011110 5

02 1111011 6
13 1101110 5
24 0110111 5
35 1110001 4
46 1111110 6
57 1101111 6
60 1100111 5
71 0011111 5

03 0111111 6
14 1111011 6
25 1110100 4
36 1011011 5
47 1101101 5
50 1001111 5
61 1110111 6
72 1011011 5

04 0111011 5
15 1111000 4
26 0111110 5
37 1110101 5
40 1101110 5
51 0011111 5
62 1101111 6
73 0111110 5

05 1111001 5
16 1111010 5
27 1110101 5
30 1010111 5
41 1111111 a
52 1001111 5
63 1101111 6
74 0011011 4

06 0111011 5
17 1101101 5
20 1110110 5
31 1010111 5
42 1101111 6
53 0101111 5
64 1110111 6
75 1111010 5

07 1111101 6
10 1101110 5
21 0110111 5
32 1011011 5
43 1101110 5
54 0011111 5
65 1110101 5
76 0011010 3 match 3

Matching output
0 absent
1 absent
2 67
3 76
4 absent
5 absent
6 absent
7 absent

Left
none
Best: none

Right
none
Best: none

XOR-NOT
01 0101110 4
12 0100011 3
23 0011010 3 match 3
34 1000010 2
45 0011100 3
56 0010101 3
67 0000000 a match 4 5
70 1011100 4

02 1110010 4
13 1000110 3
24 0100111 4
35 0100001 2
46 1110110 5
57 1101010 4
60 0100011 3
71 0001101 3

03 0010111 4
14 1111011 6
25 1000100 2
36 1001011 4
47 0001001 2
50 1001001 3
61 1110010 4
72 1010001 3

04 0101010 3
15 0011000 2
26 0101110 4
37 0110100 3
40 0101010 3
51 0011000 2
62 0101110 4
73 0110100 3

05 1001001 3
16 1110010 4
27 1010001 3
30 0010111 4
41 1111011 6
52 1000100 2
63 1001011 4
74 0001001 2

06 0100011 3
17 0001101 3
20 1110010 4
31 1000110 3
42 0100111 4
53 0100001 2
64 1110110 5
75 1101010 4

07 1011100 4
10 0101110 4
21 0100011 3
32 0011010 3 match 3
43 1000010 2
54 0011100 3
65 0010101 3
76 0000000 a match 4 5

Matching output
0 absent
1 absent
2 absent
3 23 32
4 67 76
5 67 76
6 absent
7 absent

Left
none
Best: none

Right
none
Best: none

Selecting

Lefts
Identity I4 5 6 7: 4
NOT none
Constant none
AND none
OR OR14: 1
XOR none
AND-NOT none
OR-NOT none
XOR-NOT none

Rights
Identity I1 0: 2
NOT none
Constant none
AND AND14: 1
OR none
XOR XOR03: 1
AND-NOT none
OR-NOT none
XOR-NOT none

Left longest: 4
Right longest: 2

Left winner: Identity yes, NOT no, Constant no, AND no, OR no, XOR no, AND-NOT no, OR-NOT no, XOR-NOT no
Right winner: Identity yes, NOT no, Constant no, AND no, OR no, XOR no, AND-NOT no, OR-NOT no, XOR-NOT no

Best left: I4 5 6 7: 4
Best right: I1 0: 2

Truncated left: I4 5 6 7: 4
Truncated right: I1 0: 2

Tentative from right
7 I1
6 I0
5 pending
4 pending
3 pending
2 pending
1 pending
0 pending

Tentative
0 I4
1 I5
2 I6
3 I7
4 pending
5 pending
6 I0
7 I1

Preferred from left
0 I4
1 I5
2 I6
3 I7
4 ?0?
5 ?1?
6 I0
7 I1

Preferred from right
7 I1
6 I0
5 ?17
4 ?06
3 I7
2 I6
1 I5
0 I4

Preferred
0 I4
1 I5
2 I6
3 I7
4 ?06 ?60
5 ?17 ?71
6 I0
7 I1

Matching
0 I4
1 I5
2 I6
3 I7
4 ?06 ?60 - Identity absent, NOT absent, Constant C0, AND absent, OR absent, XOR absent, AND-NOT absent, OR-NOT absent, XOR-NOT absent
5 ?17 ?71 - Identity absent, NOT absent, Constant C0, AND absent, OR absent, XOR absent, AND-NOT absent, OR-NOT absent, XOR-NOT absent
6 I0
7 I1

Perfect match
Identity no
NOT no
Constant yes
AND no
OR no
XOR no
AND-NOT no
OR-NOT no
XOR-NOT no

Matched
0 I4
1 I5
2 I6
3 I7
4 C0
5 C0
6 I0
7 I1

Selected
0 I4
1 I5
2 I6
3 I7
4 C0
5 C0
6 I0
7 I1

Applying to 00010010
Input
0 0
1 0
2 0
3 1
4 0
5 0
6 1
7 0
Output
0 I4 = 0
1 I5 = 0
2 I6 = 1
3 I7 = 0
4 C0 = 0
5 C0 = 0
6 I0 = 0
7 I1 = 0

I will now return the answer in \boxed{}
The answer in \boxed{–} is \boxed{00100000}