We need to deduce the transformation by matching the example outputs.
I will put my final answer inside \boxed{}.

Output 0: 11001001
0 1
1 1
2 0
3 0
4 1
5 0
6 0
7 1

Output 1: 11110110
0 1
1 1
2 1
3 1
4 0
5 1
6 1
7 0

Output 2: 11101100
0 1
1 1
2 1
3 0
4 1
5 1
6 0
7 0

Output 3: 11000010
0 1
1 1
2 0
3 0
4 0
5 0
6 1
7 0

Output 4: 10101001
0 1
1 0
2 1
3 0
4 1
5 0
6 0
7 1

Output 5: 11100001
0 1
1 1
2 1
3 0
4 0
5 0
6 0
7 1

Output 6: 11110111
0 1
1 1
2 1
3 1
4 0
5 1
6 1
7 1

Output 7: 10111100
0 1
1 0
2 1
3 1
4 1
5 1
6 0
7 0

Output 8: 10100001
0 1
1 0
2 1
3 0
4 0
5 0
6 0
7 1

Output 9: 10000011
0 1
1 0
2 0
3 0
4 0
5 0
6 1
7 1

Output bit columns (with bitsum as hash)
0 1111111111 a
1 1111011000 6
2 0110111110 7
3 0100001100 3
4 1010100100 4
5 0110001100 4
6 0101001001 4
7 1000111011 6

Input 0: 10010011
0 1
1 0
2 0
3 1
4 0
5 0
6 1
7 1

Input 1: 11101101
0 1
1 1
2 1
3 0
4 1
5 1
6 0
7 1

Input 2: 11011001
0 1
1 1
2 0
3 1
4 1
5 0
6 0
7 1

Input 3: 10000101
0 1
1 0
2 0
3 0
4 0
5 1
6 0
7 1

Input 4: 01010011
0 0
1 1
2 0
3 1
4 0
5 0
6 1
7 1

Input 5: 11000011
0 1
1 1
2 0
3 0
4 0
5 0
6 1
7 1

Input 6: 11101111
0 1
1 1
2 1
3 0
4 1
5 1
6 1
7 1

Input 7: 01111001
0 0
1 1
2 1
3 1
4 1
5 0
6 0
7 1

Input 8: 01000011
0 0
1 1
2 0
3 0
4 0
5 0
6 1
7 1

Input 9: 00000111
0 0
1 0
2 0
3 0
4 0
5 1
6 1
7 1

When matching output
x: not in operator
y: wrong position

Identity
0 1111011000 6 match 1
1 0110111110 7 match 2
2 0100001100 3 match 3
3 1010100100 4 match 4
4 0110001100 4 match 5
5 0101001001 4 match 6
6 1000111011 6 match 7
7 1111111111 a match 0

Matching output
0 7
1 0
2 1
3 2
4 3
5 4
6 5
7 6

Left
7 0 1 2 3 4 5 6
Best: I7 0 1 2 3 4 5 6: 8

Right
6 5 4 3 2 1 0 7
Best: I6 5 4 3 2 1 0 7: 8

NOT
0 0000100111 4
1 1001000001 3
2 1011110011 7
3 0101011011 6
4 1001110011 6
5 1010110110 6
6 0111000100 4
7 0000000000 a

Matching output
0 absent
1 absent
2 absent
3 absent
4 absent
5 absent
6 absent
7 absent

Left
none
Best: none

Right
none
Best: none

Constant
0 0000000000 a
1 1111111111 a match 0

Matching output
0 C1
1 absent
2 absent
3 absent
4 absent
5 absent
6 absent
7 absent

Left
1
Best: C1: 1

Right
none
Best: none

AND
01 10 0110011000 4
12 21 0100001100 3 match 3
23 32 0000000100 1
34 43 0010000100 2
45 54 0100001000 2
56 65 0000001001 2
67 76 1000111011 6 match 7
70 07 1111011000 6 match 1

02 20 0100001000 2
13 31 0010100100 3
24 42 0100001100 3 match 3
35 53 0000000000 a
46 64 0000001000 1
57 75 0101001001 4 match 6
60 06 1000011000 3
71 17 0110111110 7 match 2

03 30 1010000000 2
14 41 0110001100 4 match 5
25 52 0100001000 2
36 63 1000100000 2
47 74 0110001100 4 match 5
50 05 0101001000 3
61 16 0000111010 4
72 27 0100001100 3 match 3

04 40 0110001000 3
15 51 0100001000 2
26 62 0000001000 1
37 73 1010100100 4 match 4

Matching output
0 absent
1 70 07
2 71 17
3 12 21 24 42 72 27
4 37 73
5 14 41 47 74
6 57 75
7 67 76

Left
none
Best: none

Right
67 56x
76 65x
Best: AND67: 1

OR
01 10 1111111110 9
12 21 0110111110 7 match 2
23 32 1110101100 6
34 43 1110101100 6
45 54 0111001101 6
56 65 1101111011 8
67 76 1111111111 a match 0
70 07 1111111111 a match 0

02 20 1111011100 7
13 31 1110111110 8
24 42 0110001100 4 match 5
35 53 1111101101 8
46 64 1110111111 9
57 75 1111111111 a match 0
60 06 1111111011 9
71 17 1111111111 a match 0

03 30 1111111100 8
14 41 0110111110 7 match 2
25 52 0101001101 5
36 63 1010111111 8
47 74 1111111111 a match 0
50 05 1111011001 7
61 16 1110111111 9
72 27 1111111111 a match 0

04 40 1111011100 7
15 51 0111111111 9
26 62 1100111111 8
37 73 1111111111 a match 0

Matching output
0 67 76 70 07 57 75 71 17 47 74 72 27 37 73
1 absent
2 12 21 14 41
3 absent
4 absent
5 24 42
6 absent
7 absent

Left
67 70y
76 07y
70 01x
07 10x
57 60x
75 06x
71 02x
17 20x
47 50x
74 05x
72 03x
27 30x
37 40x
73 04x
Best: OR67: 1

Right
none
Best: none

XOR
01 10 1001100110 5
12 21 0010110010 4
23 32 1110101000 5
34 43 1100101000 4
45 54 0011000101 4
56 65 1101110010 6
67 76 0111000100 4
70 07 0000100111 4

02 20 1011010100 5
13 31 1100011010 5
24 42 0010000000 1
35 53 1111101101 8
46 64 1110110111 8
57 75 1010110110 6
60 06 0111100011 6
71 17 1001000001 3

03 30 0101111100 6
14 41 0000110010 3
25 52 0001000101 3
36 63 0010011111 6
47 74 1001110011 6
50 05 1010010001 4
61 16 1110000101 5
72 27 1011110011 7

04 40 1001010100 4
15 51 0011110111 7
26 62 1100110111 7
37 73 0101011011 6

Matching output
0 absent
1 absent
2 absent
3 absent
4 absent
5 absent
6 absent
7 absent

Left
none
Best: none

Right
none
Best: none

AND-NOT
01 1001000000 2
12 0010110010 4
23 0100001000 2
34 1000100000 2
45 0010000100 2
56 0101000000 2
67 0000000000 a
70 0000100111 4

02 1011010000 4
13 0100011010 4
24 0000000000 a
35 1010100100 4 match 4
46 0110000100 3
57 0000000000 a
60 0000100011 3
71 1001000001 3

03 0101011000 4
14 0000110010 3
25 0000000100 1
36 0010000100 2
47 0000000000 a
50 0000000001 1
61 1000000001 2
72 1011110011 7

04 1001010000 3
15 0010110110 5
26 0100000100 2
37 0000000000 a
40 0000000100 1
51 0001000001 2
62 1000110011 5
73 0101011011 6

05 1010010000 3
16 0110000100 3
27 0000000000 a
30 0000100100 2
41 0000000000 a
52 0001000001 2
63 0000011011 4
74 1001110011 6

06 0111000000 3
17 0000000000 a
20 0000000100 1
31 1000000000 1
42 0010000000 1
53 0101001001 4 match 6
64 1000110011 5
75 1010110110 6

07 0000000000 a
10 0000100110 3
21 0000000000 a
32 1010100000 3
43 0100001000 2
54 0001000001 2
65 1000110010 4
76 0111000100 4

Matching output
0 absent
1 absent
2 absent
3 absent
4 35
5 absent
6 53
7 absent

Left
none
Best: none

Right
none
Best: none

OR-NOT
01 1111011001 7
12 1111111111 a match 0
23 0101011111 7
34 1011110111 8
45 1110111110 8
56 0111001101 6
67 1000111011 6 match 7
70 1111111111 a match 0

02 1111111011 9
13 0111111111 9
24 1101111111 9
35 1010110110 6
46 0111001100 5
57 0101001001 4 match 6
60 1000111111 7
71 1111111111 a match 0

03 1111011011 8
14 1111111111 a match 0
25 1110111110 8
36 1111100100 6
47 0110001100 4 match 5
50 0101101111 7
61 1001111011 7
72 1111111111 a match 0

04 1111111011 9
15 1110111110 8
26 0111001100 5
37 1010100100 4 match 4
40 0110101111 7
51 1101001001 5
62 1011111011 8
73 1111111111 a match 0

05 1111111110 9
16 0111111110 8
27 0100001100 3 match 3
30 1010100111 6
41 1111001101 7
52 1111111011 9
63 1101111011 8
74 1111111111 a match 0

06 1111011100 7
17 0110111110 7 match 2
20 0100101111 6
31 1011100101 6
42 1111111111 a match 0
53 0101011011 6
64 1001111011 7
75 1111111111 a match 0

07 1111011000 6 match 1
10 0110111111 8
21 1101001101 6
32 1011110111 8
43 0111011111 8
54 1101111011 8
65 1010111111 8
76 1111111111 a match 0

Matching output
0 12 70 71 14 72 73 74 42 75 76
1 07
2 17
3 27
4 37
5 47
6 57
7 67

Left
12 23x
70 01x
71 02x
14 25x
72 03x
73 04x
74 05x
42 53x
75 06x
76 07 10x
Best: OR-NOT76 07: 2

Right
67 56x
Best: OR-NOT67: 1

XOR-NOT
01 0110011001 5
12 1101001101 6
23 0001010111 5
34 0011010111 6
45 1100111010 6
56 0010001101 4
67 1000111011 6 match 7
70 1111011000 6 match 1

02 0100101011 5
13 0011100101 5
24 1101111111 9
35 0000010010 2
46 0001001000 2
57 0101001001 4 match 6
60 1000011100 4
71 0110111110 7 match 2

03 1010000011 4
14 1111001101 7
25 1110111010 7
36 1101100000 4
47 0110001100 4 match 5
50 0101101110 6
61 0001111010 5
72 0100001100 3 match 3

04 0110101011 6
15 1100001000 3
26 0011001000 3
37 1010100100 4 match 4
40 0110101011 6
51 1100001000 3
62 0011001000 3
73 1010100100 4 match 4

05 0101101110 6
16 0001111010 5
27 0100001100 3 match 3
30 1010000011 4
41 1111001101 7
52 1110111010 7
63 1101100000 4
74 0110001100 4 match 5

06 1000011100 4
17 0110111110 7 match 2
20 0100101011 5
31 0011100101 5
42 1101111111 9
53 0000010010 2
64 0001001000 2
75 0101001001 4 match 6

07 1111011000 6 match 1
10 0110011001 5
21 1101001101 6
32 0001010111 5
43 0011010111 6
54 1100111010 6
65 0010001101 4
76 1000111011 6 match 7

Matching output
0 absent
1 70 07
2 71 17
3 72 27
4 37 73
5 47 74
6 57 75
7 67 76

Left
none
Best: none

Right
67 56x
76 65x
Best: XOR-NOT67: 1

Selecting

Lefts
Identity I7 0 1 2 3 4 5 6: 8
NOT none
Constant C1: 1
AND none
OR OR67: 1
XOR none
AND-NOT none
OR-NOT OR-NOT76 07: 2
XOR-NOT none

Rights
Identity I6 5 4 3 2 1 0 7: 8
NOT none
Constant none
AND AND67: 1
OR none
XOR none
AND-NOT none
OR-NOT OR-NOT67: 1
XOR-NOT XOR-NOT67: 1

Left longest: 8
Right longest: 8

Left winner: Identity yes, NOT no, Constant no, AND no, OR no, XOR no, AND-NOT no, OR-NOT no, XOR-NOT no
Right winner: Identity yes, NOT no, Constant no, AND no, OR no, XOR no, AND-NOT no, OR-NOT no, XOR-NOT no

Best left: I7 0 1 2 3 4 5 6: 8
Best right: I6 5 4 3 2 1 0 7: 8

Truncated left: I7 0 1 2 3 4 5 6: 8
Truncated right: none truncated

Tentative from right
7 pending
6 pending
5 pending
4 pending
3 pending
2 pending
1 pending
0 pending

Tentative
0 I7
1 I0
2 I1
3 I2
4 I3
5 I4
6 I5
7 I6

Preferred from left
0 I7
1 I0
2 I1
3 I2
4 I3
5 I4
6 I5
7 I6

Preferred from right
7 I6
6 I5
5 I4
4 I3
3 I2
2 I1
1 I0
0 I7

Preferred
0 I7
1 I0
2 I1
3 I2
4 I3
5 I4
6 I5
7 I6

Matching
0 I7
1 I0
2 I1
3 I2
4 I3
5 I4
6 I5
7 I6

Perfect match
Identity no
NOT no
Constant no
AND no
OR no
XOR no
AND-NOT no
OR-NOT no
XOR-NOT no

Matched
0 I7
1 I0
2 I1
3 I2
4 I3
5 I4
6 I5
7 I6

Selected
0 I7
1 I0
2 I1
3 I2
4 I3
5 I4
6 I5
7 I6

Applying to 10001111
Input
0 1
1 0
2 0
3 0
4 1
5 1
6 1
7 1
Output
0 I7 = 1
1 I0 = 1
2 I1 = 0
3 I2 = 0
4 I3 = 0
5 I4 = 1
6 I5 = 1
7 I6 = 1

I will now return the answer in \boxed{}
The answer in \boxed{–} is \boxed{11000111}