We need to deduce the transformation by matching the example outputs.
I will put my final answer inside \boxed{}.

Output 0: 11000111
0 1
1 1
2 0
3 0
4 0
5 1
6 1
7 1

Output 1: 00000100
0 0
1 0
2 0
3 0
4 0
5 1
6 0
7 0

Output 2: 01100101
0 0
1 1
2 1
3 0
4 0
5 1
6 0
7 1

Output 3: 11011001
0 1
1 1
2 0
3 1
4 1
5 0
6 0
7 1

Output 4: 10001011
0 1
1 0
2 0
3 0
4 1
5 0
6 1
7 1

Output 5: 10111110
0 1
1 0
2 1
3 1
4 1
5 1
6 1
7 0

Output 6: 10111100
0 1
1 0
2 1
3 1
4 1
5 1
6 0
7 0

Output 7: 10110100
0 1
1 0
2 1
3 1
4 0
5 1
6 0
7 0

Output bit columns (with bitsum as hash)
0 10011111 6
1 10110000 3
2 00100111 4
3 00010111 4
4 00011110 4
5 11100111 6
6 10001100 3
7 10111000 4

Input 0: 10011101
0 1
1 0
2 0
3 1
4 1
5 1
6 0
7 1

Input 1: 00010000
0 0
1 0
2 0
3 1
4 0
5 0
6 0
7 0

Input 2: 10010110
0 1
1 0
2 0
3 1
4 0
5 1
6 1
7 0

Input 3: 11100101
0 1
1 1
2 1
3 0
4 0
5 1
6 0
7 1

Input 4: 00101100
0 0
1 0
2 1
3 0
4 1
5 1
6 0
7 0

Input 5: 01111011
0 0
1 1
2 1
3 1
4 1
5 0
6 1
7 1

Input 6: 01110011
0 0
1 1
2 1
3 1
4 0
5 0
6 1
7 1

Input 7: 01010011
0 0
1 1
2 0
3 1
4 0
5 0
6 1
7 1

When matching output
x: not in operator
y: wrong position

Identity
0 10110000 3 match 1
1 00010111 4 match 3
2 00011110 4 match 4
3 11100111 6 match 5
4 10001100 3 match 6
5 10111000 4 match 7
6 00100111 4 match 2
7 10010111 5

Matching output
0 absent
1 0
2 6
3 1
4 2
5 3
6 4
7 5

Left
none
Best: none

Right
5 4 3 2 1 0y
Best: I5 4 3 2 1: 5

NOT
0 01001111 5
1 11101000 4
2 11100001 4
3 00011000 2
4 01110011 5
5 01000111 4
6 11011000 4
7 01101000 3

Matching output
0 absent
1 absent
2 absent
3 absent
4 absent
5 absent
6 absent
7 absent

Left
none
Best: none

Right
none
Best: none

Constant
0 00000000 a
1 11111111 a

Matching output
0 absent
1 absent
2 absent
3 absent
4 absent
5 absent
6 absent
7 absent

Left
none
Best: none

Right
none
Best: none

AND
01 10 00010000 1
12 21 00010110 3
23 32 00000110 2
34 43 10000100 2
45 54 10001000 2
56 65 00100000 1
67 76 00000111 3
70 07 10010000 2

02 20 00010000 1
13 31 00000111 3
24 42 00001100 2
35 53 10100000 2
46 64 00000100 1
57 75 10010000 2
60 06 00100000 1
71 17 00010111 4 match 3

03 30 10100000 2
14 41 00000100 1
25 52 00011000 2
36 63 00100111 4 match 2
47 74 10000100 2
50 05 10110000 3 match 1
61 16 00000111 3
72 27 00010110 3

04 40 10000000 1
15 51 00010000 1
26 62 00000110 2
37 73 10000111 4

Matching output
0 absent
1 50 05
2 36 63
3 71 17
4 absent
5 absent
6 absent
7 absent

Left
none
Best: none

Right
none
Best: none

OR
01 10 10110111 6
12 21 00011111 5
23 32 11111111 a
34 43 11101111 7
45 54 10111100 5
56 65 10111111 7
67 76 10110111 6
70 07 10110111 6

02 20 10111110 6
13 31 11110111 7
24 42 10011110 5
35 53 11111111 a
46 64 10101111 6
57 75 10111111 7
60 06 10110111 6
71 17 10010111 5

03 30 11110111 7
14 41 10011111 6 match 0
25 52 10111110 6
36 63 11100111 6 match 5
47 74 10011111 6 match 0
50 05 10111000 4 match 7
61 16 00110111 5
72 27 10011111 6 match 0

04 40 10111100 5
15 51 10111111 7
26 62 00111111 6
37 73 11110111 7

Matching output
0 14 41 47 74 72 27
1 absent
2 absent
3 absent
4 absent
5 36 63
6 absent
7 50 05

Left
14 25x
41 52x
47 50y
74 05y
72 03x
27 30x
Best: OR14: 1

Right
50 47y
05 74y
Best: OR50: 1

XOR
01 10 10100111 5
12 21 00001001 2
23 32 11111001 6
34 43 01101011 5
45 54 00110100 3
56 65 10011111 6 match 0
67 76 10110000 3 match 1
70 07 00100111 4 match 2

02 20 10101110 5
13 31 11110000 4
24 42 10010010 3
35 53 01011111 6
46 64 10101011 5
57 75 00101111 5
60 06 10010111 5
71 17 10000000 1

03 30 01010111 5
14 41 10011011 5
25 52 10100110 4
36 63 11000000 2
47 74 00011011 4
50 05 00001000 1
61 16 00110000 2
72 27 10001001 3

04 40 00111100 4
15 51 10101111 6
26 62 00111001 4
37 73 01110000 3

Matching output
0 56 65
1 67 76
2 70 07
3 absent
4 absent
5 absent
6 absent
7 absent

Left
56 67 70 01x
65 76 07 10x
Best: XOR56 67 70: 3

Right
none
Best: none

AND-NOT
01 10100000 2
12 00000001 1
23 00011000 2
34 01100011 4
45 00000100 1
56 10011000 3
67 00100000 1
70 00000111 3

02 10100000 2
13 00010000 1
24 00010010 2
35 01000111 4
46 10001000 2
57 00101000 2
60 00000111 3
71 10000000 1

03 00010000 1
14 00010011 3
25 00000110 2
36 11000000 2
47 00001000 1
50 00001000 1
61 00100000 1
72 10000001 2

04 00110000 2
15 00000111 3
26 00011000 2
37 01100000 2
40 00001100 2
51 10101000 3
62 00100001 2
73 00010000 1

05 00000000 a
16 00010000 1
27 00001000 1
30 01000111 4
41 10001000 2
52 10100000 2
63 00000000 a
74 00010011 3

06 10010000 2
17 00000000 a
20 00001110 3
31 11100000 3
42 10000000 1
53 00011000 2
64 00100011 3
75 00000111 3

07 00100000 1
10 00000111 3
21 00001000 1
32 11100001 4
43 00001000 1
54 00110000 2
65 00000111 3
76 10010000 2

Matching output
0 absent
1 absent
2 absent
3 absent
4 absent
5 absent
6 absent
7 absent

Left
none
Best: none

Right
none
Best: none

OR-NOT
01 11111000 5
12 11110111 7
23 00011110 4 match 4
34 11110111 7
45 11001111 6
56 11111000 5
67 01101111 6
70 11011111 7

02 11110001 5
13 00011111 5
24 01111111 7
35 11100111 6 match 5
46 11011100 5
57 11111000 5
60 01101111 6
71 11111111 a

03 10111000 4 match 7
14 01110111 6
25 01011111 6
36 11111111 a
47 11101100 5
50 11111111 a
61 11101111 7
72 11110111 7

04 11110011 6
15 01010111 5
26 11011110 6
37 11101111 7
40 11001111 6
51 11111000 5
62 11100111 6 match 5
73 10011111 6 match 0

05 11110111 7
16 11011111 7
27 01111110 6
30 11101111 7
41 11101100 5
52 11111001 6
63 00111111 6
74 11110111 7

06 11111000 5
17 01111111 7
20 01011111 6
31 11101111 7
42 11101101 6
53 10111000 4 match 7
64 01110111 6
75 11010111 6

07 11111000 5
10 01011111 6
21 11111110 7
32 11100111 6 match 5
43 10011100 4
54 11111011 7
65 01100111 5
76 11011111 7

Matching output
0 73
1 absent
2 absent
3 absent
4 23
5 35 62 32
6 absent
7 03 53

Left
73 04x
Best: OR-NOT73: 1

Right
03 72x
53 42x
Best: OR-NOT03: 1

XOR-NOT
01 01011000 3
12 11110110 6
23 00000110 2
34 10010100 3
45 11001011 5
56 01100000 2
67 01001111 5
70 11011000 4

02 01010001 3
13 00001111 4
24 01101101 5
35 10100000 2
46 01010100 3
57 11010000 3
60 01101000 3
71 01111111 7

03 10101000 3
14 01100100 3
25 01011001 4
36 00111111 6
47 11100100 4
50 11110111 7
61 11001111 6
72 01110110 5

04 11000011 4
15 01010000 2
26 11000110 4
37 10001111 5
40 11000011 4
51 01010000 2
62 11000110 4
73 10001111 5

05 11110111 7
16 11001111 6
27 01110110 5
30 10101000 3
41 01100100 3
52 01011001 4
63 00111111 6
74 11100100 4

06 01101000 3
17 01111111 7
20 01010001 3
31 00001111 4
42 01101101 5
53 10100000 2
64 01010100 3
75 11010000 3

07 11011000 4
10 01011000 3
21 11110110 6
32 00000110 2
43 10010100 3
54 11001011 5
65 01100000 2
76 01001111 5

Matching output
0 absent
1 absent
2 absent
3 absent
4 absent
5 absent
6 absent
7 absent

Left
none
Best: none

Right
none
Best: none

Selecting

Lefts
Identity none
NOT none
Constant none
AND none
OR OR14: 1
XOR XOR56 67 70: 3
AND-NOT none
OR-NOT OR-NOT73: 1
XOR-NOT none

Rights
Identity I5 4 3 2 1: 5
NOT none
Constant none
AND none
OR OR50: 1
XOR none
AND-NOT none
OR-NOT OR-NOT03: 1
XOR-NOT none

Left longest: 3
Right longest: 5

Right winner: Identity yes, NOT no, Constant no, AND no, OR no, XOR no, AND-NOT no, OR-NOT no, XOR-NOT no
Left winner: Identity no, NOT no, Constant no, AND no, OR no, XOR yes, AND-NOT no, OR-NOT no, XOR-NOT no

Best right: I5 4 3 2 1: 5
Best left: XOR56 67 70: 3

Truncated right: I5 4 3 2 1: 5
Truncated left: XOR56 67 70: 3

Tentative from right
7 I5
6 I4
5 I3
4 I2
3 I1
2 pending
1 pending
0 pending

Tentative
0 XOR56
1 XOR67
2 XOR70
3 I1
4 I2
5 I3
6 I4
7 I5

Preferred from right
7 I5
6 I4
5 I3
4 I2
3 I1
2 XOR70
1 XOR67
0 XOR56

Preferred from left
0 XOR56
1 XOR67
2 XOR70
3 I1
4 I2
5 I3
6 I4
7 I5

Preferred
0 XOR56
1 XOR67
2 XOR70
3 I1
4 I2
5 I3
6 I4
7 I5

Matching
0 XOR56
1 XOR67
2 XOR70
3 I1
4 I2
5 I3
6 I4
7 I5

Perfect match
Identity no
NOT no
Constant no
AND no
OR no
XOR no
AND-NOT no
OR-NOT no
XOR-NOT no

Matched
0 XOR56
1 XOR67
2 XOR70
3 I1
4 I2
5 I3
6 I4
7 I5

Selected
0 XOR56
1 XOR67
2 XOR70
3 I1
4 I2
5 I3
6 I4
7 I5

Applying to 01110100
Input
0 0
1 1
2 1
3 1
4 0
5 1
6 0
7 0
Output
0 XOR56 = XOR(1,0) = 1
1 XOR67 = XOR(0,0) = 0
2 XOR70 = XOR(0,0) = 0
3 I1 = 1
4 I2 = 1
5 I3 = 1
6 I4 = 0
7 I5 = 1

I will now return the answer in \boxed{}
The answer in \boxed{–} is \boxed{10011101}