We need to deduce the transformation by matching the example outputs.
I will put my final answer inside \boxed{}.

Output 0: 00101001
0 0
1 0
2 1
3 0
4 1
5 0
6 0
7 1

Output 1: 00100011
0 0
1 0
2 1
3 0
4 0
5 0
6 1
7 1

Output 2: 00011111
0 0
1 0
2 0
3 1
4 1
5 1
6 1
7 1

Output 3: 00101101
0 0
1 0
2 1
3 0
4 1
5 1
6 0
7 1

Output 4: 00001011
0 0
1 0
2 0
3 0
4 1
5 0
6 1
7 1

Output 5: 00101010
0 0
1 0
2 1
3 0
4 1
5 0
6 1
7 0

Output 6: 00000111
0 0
1 0
2 0
3 0
4 0
5 1
6 1
7 1

Output bit columns (with bitsum as hash)
0 0000000 a
1 0000000 a
2 1101010 4
3 0010000 1
4 1011110 5
5 0011001 3
6 0110111 5
7 1111101 6

Input 0: 10100111
0 1
1 0
2 1
3 0
4 0
5 1
6 1
7 1

Input 1: 10001111
0 1
1 0
2 0
3 0
4 1
5 1
6 1
7 1

Input 2: 01111100
0 0
1 1
2 1
3 1
4 1
5 1
6 0
7 0

Input 3: 10110101
0 1
1 0
2 1
3 1
4 0
5 1
6 0
7 1

Input 4: 00101100
0 0
1 0
2 1
3 0
4 1
5 1
6 0
7 0

Input 5: 10101000
0 1
1 0
2 1
3 0
4 1
5 0
6 0
7 0

Input 6: 00011100
0 0
1 0
2 0
3 1
4 1
5 1
6 0
7 0

When matching output
x: not in operator
y: wrong position

Identity
0 1101010 4 match 2
1 0010000 1 match 3
2 1011110 5 match 4
3 0011001 3 match 5
4 0110111 5 match 6
5 1111101 6 match 7
6 1100000 2
7 1101000 3

Matching output
0 absent
1 absent
2 0
3 1
4 2
5 3
6 4
7 5

Left
none
Best: none

Right
5 4 3 2 1 0 7x
Best: I5 4 3 2 1 0: 6

NOT
0 0010101 3
1 1101111 6
2 0100001 2
3 1100110 4
4 1001000 2
5 0000010 1
6 0011111 5
7 0010111 4

Matching output
0 absent
1 absent
2 absent
3 absent
4 absent
5 absent
6 absent
7 absent

Left
none
Best: none

Right
none
Best: none

Constant
0 0000000 a match 0 1
1 1111111 a

Matching output
0 C0
1 C0
2 absent
3 absent
4 absent
5 absent
6 absent
7 absent

Left
0 0
Best: C0 0: 2

Right
none
Best: none

AND
01 10 0000000 a match 0 1
12 21 0010000 1 match 3
23 32 0011000 2
34 43 0010001 2
45 54 0110101 4
56 65 1100000 2
67 76 1100000 2
70 07 1101000 3

02 20 1001010 3
13 31 0010000 1 match 3
24 42 0010110 3
35 53 0011001 3 match 5
46 64 0100000 1
57 75 1101000 3
60 06 1100000 2
71 17 0000000 a match 0 1

03 30 0001000 1
14 41 0010000 1 match 3
25 52 1011100 4
36 63 0000000 a match 0 1
47 74 0100000 1
50 05 1101000 3
61 16 0000000 a match 0 1
72 27 1001000 2

04 40 0100010 2
15 51 0010000 1 match 3
26 62 1000000 1
37 73 0001000 1

Matching output
0 01 10 71 17 36 63 61 16
1 01 10 71 17 36 63 61 16
2 absent
3 12 21 13 31 14 41 15 51
4 absent
5 35 53
6 absent
7 absent

Left
01 12y
10 21y
71 02x
17 20x
36 47x
63 74x
61 72x
16 27x
Best: AND01: 1

Right
none
Best: none

OR
01 10 1111010 5
12 21 1011110 5 match 4
23 32 1011111 6
34 43 0111111 6
45 54 1111111 a
56 65 1111101 6 match 7
67 76 1101000 3
70 07 1101010 4 match 2

02 20 1111110 6
13 31 0011001 3 match 5
24 42 1111111 a
35 53 1111101 6 match 7
46 64 1110111 6
57 75 1111101 6 match 7
60 06 1101010 4 match 2
71 17 1111000 4

03 30 1111011 6
14 41 0110111 5 match 6
25 52 1111111 a
36 63 1111001 5
47 74 1111111 a
50 05 1111111 a
61 16 1110000 3
72 27 1111110 6

04 40 1111111 a
15 51 1111101 6 match 7
26 62 1111110 6
37 73 1111001 5

Matching output
0 absent
1 absent
2 70 07 60 06
3 absent
4 12 21
5 13 31
6 14 41
7 56 65 35 53 57 75 15 51

Left
none
Best: none

Right
56 45x
65 54x
35 24x
53 42x
57 46x
75 64x
15 04x
51 40x
Best: OR56: 1

XOR
01 10 1111010 5
12 21 1001110 4
23 32 1000111 4
34 43 0101110 4
45 54 1001010 3
56 65 0011101 4
67 76 0001000 1
70 07 0000010 1

02 20 0110100 3
13 31 0001001 2
24 42 1101001 4
35 53 1100100 3
46 64 1010111 5
57 75 0010101 3
60 06 0001010 2
71 17 1111000 4

03 30 1110011 5
14 41 0100111 4
25 52 0100011 3
36 63 1111001 5
47 74 1011111 6
50 05 0010111 4
61 16 1110000 3
72 27 0110110 4

04 40 1011101 5
15 51 1101101 5
26 62 0111110 5
37 73 1110001 4

Matching output
0 absent
1 absent
2 absent
3 absent
4 absent
5 absent
6 absent
7 absent

Left
none
Best: none

Right
none
Best: none

AND-NOT
01 1101010 4 match 2
12 0000000 a match 0 1
23 1000110 3
34 0001000 1
45 0000010 1
56 0011101 4
67 0000000 a match 0 1
70 0000000 a match 0 1

02 0100000 1
13 0000000 a match 0 1
24 1001000 2
35 0000000 a match 0 1
46 0010111 4
57 0010101 3
60 0000000 a match 0 1
71 1101000 3

03 1100010 3
14 0000000 a match 0 1
25 0000010 1
36 0011001 3 match 5
47 0010111 4
50 0010101 3
61 1100000 2
72 0100000 1

04 1001000 2
15 0000000 a match 0 1
26 0011110 4
37 0010001 2
40 0010101 3
51 1101101 5
62 0100000 1
73 1100000 2

05 0000010 1
16 0010000 1 match 3
27 0010110 3
30 0010001 2
41 0100111 4
52 0100001 2
63 1100000 2
74 1001000 2

06 0001010 2
17 0010000 1 match 3
20 0010100 2
31 0001001 2
42 0100001 2
53 1100100 3
64 1000000 1
75 0000000 a match 0 1

07 0000010 1
10 0010000 1 match 3
21 1001110 4
32 0000001 1
43 0100110 3
54 1001000 2
65 0000000 a match 0 1
76 0001000 1

Matching output
0 12 67 70 13 35 60 14 15 75 65
1 12 67 70 13 35 60 14 15 75 65
2 01
3 16 17 10
4 absent
5 36
6 absent
7 absent

Left
12 23x
67 70 01 12y
70 01y
13 24x
35 46x
60 71x
14 25x
15 26x
75 06x
65 76x
Best: AND-NOT67 70 01: 3

Right
none
Best: none

OR-NOT
01 1101111 6
12 0110001 3
23 1111110 6
34 1011001 4
45 0110111 5 match 6
56 1111111 a
67 1110111 6
70 1111101 6 match 7

02 1101011 5
13 1110110 5
24 1011110 5 match 4
35 0011011 4
46 0111111 6
57 1111111 a
60 1110101 5
71 1101111 6

03 1101110 5
14 1011000 3
25 1011110 5 match 4
36 0011111 5
47 0110111 5 match 6
50 1111101 6 match 7
61 1101111 6
72 1101001 4

04 1101010 4 match 2
15 0010010 2
26 1011111 6
37 0011111 5
40 0110111 5 match 6
51 1111111 a
62 1100001 3
73 1101110 5

05 1101010 4 match 2
16 0011111 5
27 1011111 6
30 0011101 4
41 1111111 a
52 1111101 6 match 7
63 1100110 4
74 1101000 3

06 1111111 a
17 0010111 4
20 1011111 6
31 1111111 a
42 0110111 5 match 6
53 1111111 a
64 1101000 3
75 1101010 4 match 2

07 1111111 a
10 0010101 3
21 1111111 a
32 0111001 4
43 1110111 6
54 1111101 6 match 7
65 1100010 3
76 1111111 a

Matching output
0 absent
1 absent
2 04 05 75
3 absent
4 24 25
5 absent
6 45 47 40 42
7 70 50 52 54

Left
none
Best: none

Right
70 67x
50 47 36x
52 41x
54 43x
Best: OR-NOT50 47: 2

XOR-NOT
01 0000101 2
12 0110001 3
23 0111000 3
34 1010001 3
45 0110101 4
56 1100010 3
67 1110111 6
70 1111101 6 match 7

02 1001011 4
13 1110110 5
24 0010110 3
35 0011011 4
46 0101000 2
57 1101010 4 match 2
60 1110101 5
71 0000111 3

03 0001100 2
14 1011000 3
25 1011100 4
36 0000110 2
47 0100000 1
50 1101000 3
61 0001111 4
72 1001001 3

04 0100010 2
15 0010010 2
26 1000001 2
37 0001110 3
40 0100010 2
51 0010010 2
62 1000001 2
73 0001110 3

05 1101000 3
16 0001111 4
27 1001001 3
30 0001100 2
41 1011000 3
52 1011100 4
63 0000110 2
74 0100000 1

06 1110101 5
17 0000111 3
20 1001011 4
31 1110110 5
42 0010110 3
53 0011011 4
64 0101000 2
75 1101010 4 match 2

07 1111101 6 match 7
10 0000101 2
21 0110001 3
32 0111000 3
43 1010001 3
54 0110101 4
65 1100010 3
76 1110111 6

Matching output
0 absent
1 absent
2 57 75
3 absent
4 absent
5 absent
6 absent
7 70 07

Left
none
Best: none

Right
70 67x
07 76x
Best: XOR-NOT70: 1

Selecting

Lefts
Identity none
NOT none
Constant C0 0: 2
AND AND01: 1
OR none
XOR none
AND-NOT AND-NOT67 70 01: 3
OR-NOT none
XOR-NOT none

Rights
Identity I5 4 3 2 1 0: 6
NOT none
Constant none
AND none
OR OR56: 1
XOR none
AND-NOT none
OR-NOT OR-NOT50 47: 2
XOR-NOT XOR-NOT70: 1

Left longest: 3
Right longest: 6

Right winner: Identity yes, NOT no, Constant no, AND no, OR no, XOR no, AND-NOT no, OR-NOT no, XOR-NOT no
Left winner: Identity no, NOT no, Constant no, AND no, OR no, XOR no, AND-NOT yes, OR-NOT no, XOR-NOT no

Best right: I5 4 3 2 1 0: 6
Best left: AND-NOT67 70 01: 3

Truncated right: I5 4 3 2 1 0: 6
Truncated left: AND-NOT67 70: 2 truncated

Tentative from right
7 I5
6 I4
5 I3
4 I2
3 I1
2 I0
1 pending
0 pending

Tentative
0 AND-NOT67
1 AND-NOT70
2 I0
3 I1
4 I2
5 I3
6 I4
7 I5

Preferred from right
7 I5
6 I4
5 I3
4 I2
3 I1
2 I0
1 AND-NOT70
0 AND-NOT67

Preferred from left
0 AND-NOT67
1 AND-NOT70
2 I0
3 I1
4 I2
5 I3
6 I4
7 I5

Preferred
0 AND-NOT67
1 AND-NOT70
2 I0
3 I1
4 I2
5 I3
6 I4
7 I5

Matching
0 AND-NOT67
1 AND-NOT70
2 I0
3 I1
4 I2
5 I3
6 I4
7 I5

Perfect match
Identity no
NOT no
Constant no
AND no
OR no
XOR no
AND-NOT no
OR-NOT no
XOR-NOT no

Matched
0 AND-NOT67
1 AND-NOT70
2 I0
3 I1
4 I2
5 I3
6 I4
7 I5

Selected
0 AND-NOT67
1 AND-NOT70
2 I0
3 I1
4 I2
5 I3
6 I4
7 I5

Applying to 00111101
Input
0 0
1 0
2 1
3 1
4 1
5 1
6 0
7 1
Output
0 AND-NOT67 = AND(0,NOT(1)) = 0
1 AND-NOT70 = AND(1,NOT(0)) = 1
2 I0 = 0
3 I1 = 0
4 I2 = 1
5 I3 = 1
6 I4 = 1
7 I5 = 1

I will now return the answer in \boxed{}
The answer in \boxed{–} is \boxed{01001111}