We need to deduce the transformation by matching the example outputs.
I will put my final answer inside \boxed{}.

Output 0: 00000000
0 0
1 0
2 0
3 0
4 0
5 0
6 0
7 0

Output 1: 00000000
0 0
1 0
2 0
3 0
4 0
5 0
6 0
7 0

Output 2: 00000001
0 0
1 0
2 0
3 0
4 0
5 0
6 0
7 1

Output 3: 00000000
0 0
1 0
2 0
3 0
4 0
5 0
6 0
7 0

Output 4: 00000101
0 0
1 0
2 0
3 0
4 0
5 1
6 0
7 1

Output 5: 00000010
0 0
1 0
2 0
3 0
4 0
5 0
6 1
7 0

Output 6: 00000000
0 0
1 0
2 0
3 0
4 0
5 0
6 0
7 0

Output 7: 00000010
0 0
1 0
2 0
3 0
4 0
5 0
6 1
7 0

Output 8: 00000010
0 0
1 0
2 0
3 0
4 0
5 0
6 1
7 0

Output 9: 00000001
0 0
1 0
2 0
3 0
4 0
5 0
6 0
7 1

Output bit columns (with bitsum as hash)
0 0000000000 a
1 0000000000 a
2 0000000000 a
3 0000000000 a
4 0000000000 a
5 0000100000 1
6 0000010110 3
7 0010100001 3

Input 0: 01011011
0 0
1 1
2 0
3 1
4 1
5 0
6 1
7 1

Input 1: 00101001
0 0
1 0
2 1
3 0
4 1
5 0
6 0
7 1

Input 2: 00110110
0 0
1 0
2 1
3 1
4 0
5 1
6 1
7 0

Input 3: 01011001
0 0
1 1
2 0
3 1
4 1
5 0
6 0
7 1

Input 4: 10101010
0 1
1 0
2 1
3 0
4 1
5 0
6 1
7 0

Input 5: 01111101
0 0
1 1
2 1
3 1
4 1
5 1
6 0
7 1

Input 6: 10000100
0 1
1 0
2 0
3 0
4 0
5 1
6 0
7 0

Input 7: 11100101
0 1
1 1
2 1
3 0
4 0
5 1
6 0
7 1

Input 8: 01011110
0 0
1 1
2 0
3 1
4 1
5 1
6 1
7 0

Input 9: 01111010
0 0
1 1
2 1
3 1
4 1
5 0
6 1
7 0

When matching output
x: not in operator
y: wrong position

Identity
0 0000101100 3
1 1001010111 6
2 0110110101 6
3 1011010011 6
4 1101110011 7
5 0010011110 5
6 1010100011 5
7 1101010100 5

Matching output
0 absent
1 absent
2 absent
3 absent
4 absent
5 absent
6 absent
7 absent

Left
none
Best: none

Right
none
Best: none

NOT
0 1111010011 7
1 0110101000 4
2 1001001010 4
3 0100101100 4
4 0010001100 3
5 1101100001 5
6 0101011100 5
7 0010101011 5

Matching output
0 absent
1 absent
2 absent
3 absent
4 absent
5 absent
6 absent
7 absent

Left
none
Best: none

Right
none
Best: none

Constant
0 0000000000 a match 0 1 2 3 4
1 1111111111 a

Matching output
0 C0
1 C0
2 C0
3 C0
4 C0
5 absent
6 absent
7 absent

Left
0 0 0 0 0
Best: C0 0 0 0 0: 5

Right
none
Best: none

AND
01 10 0000000100 1
12 21 0000010101 3
23 32 0010010001 3
34 43 1001010011 5
45 54 0000010010 2
56 65 0010000010 2
67 76 1000000000 1
70 07 0000000100 1

02 20 0000100100 2
13 31 1001010011 5
24 42 0100110001 4
35 53 0010010010 3
46 64 1000100011 4
57 75 0000010100 2
60 06 0000100000 1 match 5
71 17 1001010100 4

03 30 0000000000 a match 0 1 2 3 4
14 41 1001010011 5
25 52 0010010100 3
36 63 1010000011 4
47 74 1101010000 4
50 05 0000001100 2
61 16 1000000011 3
72 27 0100010100 3

04 40 0000100000 1 match 5
15 51 0000010110 3 match 6
26 62 0010100001 3 match 7
37 73 1001010000 3

Matching output
0 03 30
1 03 30
2 03 30
3 03 30
4 03 30
5 60 06 04 40
6 15 51
7 26 62

Left
03 14x
30 41x
Best: AND03: 1

Right
26 15 04 73x
62 51 40 37x
Best: AND26 15 04: 3

OR
01 10 1001111111 8
12 21 1111110111 9
23 32 1111110111 9
34 43 1111110011 8
45 54 1111111111 a
56 65 1010111111 8
67 76 1111110111 9
70 07 1101111100 7

02 20 0110111101 7
13 31 1011010111 7
24 42 1111110111 9
35 53 1011011111 8
46 64 1111110011 8
57 75 1111011110 8
60 06 1010101111 7
71 17 1101010111 7

03 30 1011111111 9
14 41 1101110111 8
25 52 0110111111 8
36 63 1011110011 7
47 74 1101110111 8
50 05 0010111110 6
61 16 1011110111 8
72 27 1111110101 8

04 40 1101111111 9
15 51 1011011111 8
26 62 1110110111 8
37 73 1111010111 8

Matching output
0 absent
1 absent
2 absent
3 absent
4 absent
5 absent
6 absent
7 absent

Left
none
Best: none

Right
none
Best: none

XOR
01 10 1001111011 7
12 21 1111100010 6
23 32 1101100110 6
34 43 0110100000 3
45 54 1111101101 8
56 65 1000111101 6
67 76 0111110111 8
70 07 1101111000 6

02 20 0110011001 5
13 31 0010000100 2
24 42 1011000110 5
35 53 1001001101 5
46 64 0111010000 4
57 75 1111001010 6
60 06 1010001111 6
71 17 0100000011 3

03 30 1011111111 9
14 41 0100100100 3
25 52 0100101011 5
36 63 0001110000 3
47 74 0000100111 4
50 05 0010110010 4
61 16 0011110100 5
72 27 1011100001 5

04 40 1101011111 8
15 51 1011001001 5
26 62 1100010110 5
37 73 0110000111 5

Matching output
0 absent
1 absent
2 absent
3 absent
4 absent
5 absent
6 absent
7 absent

Left
none
Best: none

Right
none
Best: none

AND-NOT
01 0000101000 2
12 1001000010 3
23 0100100100 3
34 0010000000 1
45 1101100001 5
56 0000011100 3
67 0010100011 4
70 1101010000 4

02 0000001000 1
13 0000000100 1
24 0010000100 2
35 1001000001 3
46 0101010000 3
57 0010001010 3
60 1010000011 4
71 0100000000 1

03 0000101100 3
14 0000000100 1
25 0100100001 3
36 0001010000 2
47 0000100011 3
50 0010010010 3
61 0010100000 2
72 1001000000 2

04 0000001100 2
15 1001000001 3
26 0100010100 3
37 0010000011 3
40 1101010011 6
51 0010001000 2
62 1000000010 2
73 0100000100 2

05 0000100000 1 match 5
16 0001010100 3
27 0010100001 3 match 7
30 1011010011 6
41 0100100000 2
52 0000001010 2
63 0000100000 1 match 5
74 0000000100 1

06 0000001100 2
17 0000000011 2
20 0110010001 4
31 0010000000 1
42 1001000010 3
53 0000001100 2
64 0010000000 1
75 1101000000 3

07 0000101000 2
10 1001010011 5
21 0110100000 3
32 1001000010 3
43 0100100000 2
54 0010001100 3
65 1000100001 3
76 0101010100 4

Matching output
0 absent
1 absent
2 absent
3 absent
4 absent
5 05 63
6 absent
7 27

Left
none
Best: none

Right
27 16x
Best: AND-NOT27: 1

OR-NOT
01 0110101100 5
12 1001011111 7
23 0110111101 7
34 1011011111 8
45 1101110011 7
56 0111011110 7
67 1010101011 6
70 1111010111 8

02 1001101110 6
13 1101111111 9
24 0110111101 7
35 1111110011 8
46 1101111111 9
57 0010111111 7
60 1111110011 8
71 1111111100 8

03 0100101100 4
14 1011011111 8
25 1111110101 8
36 1111011111 9
47 1111111011 9
50 1111011111 9
61 1110101011 7
72 1101011110 7

04 0010101100 4
15 1101110111 8
26 0111111101 8
37 1011111011 8
40 1111110011 8
51 0110111110 7
62 1011101011 7
73 1101111100 7

05 1101101101 7
16 1101011111 8
27 0110111111 8
30 1111010011 7
41 1111111011 9
52 1011011110 7
63 1110101111 8
74 1111011100 7

06 0101111100 6
17 1011111111 9
20 1111110111 9
31 1111111011 9
42 1101111011 8
53 0110111110 7
64 1010101111 7
75 1101110101 7

07 0010101111 6
10 1111010111 8
21 0110111101 7
32 1011011011 7
43 1101111111 9
54 0010011110 5
65 1111100011 7
76 1101011100 6

Matching output
0 absent
1 absent
2 absent
3 absent
4 absent
5 absent
6 absent
7 absent

Left
none
Best: none

Right
none
Best: none

XOR-NOT
01 0110000100 3
12 0000011101 4
23 0010011001 4
34 1001011111 7
45 0000010010 2
56 0111000010 4
67 1000001000 2
70 0010000111 4

02 1001100110 5
13 1101111011 8
24 0100111001 5
35 0110110010 5
46 1000101111 6
57 0000110101 4
60 0101110000 4
71 1011111100 7

03 0100000000 1
14 1011011011 7
25 1011010100 5
36 1110001111 7
47 1111011000 6
50 1101001101 6
61 1100001011 5
72 0100011110 5

04 0010100000 2
15 0100110110 5
26 0011101001 5
37 1001111000 5
40 0010100000 2
51 0100110110 5
62 0011101001 5
73 1001111000 5

05 1101001101 6
16 1100001011 5
27 0100011110 5
30 0100000000 1
41 1011011011 7
52 1011010100 5
63 1110001111 7
74 1111011000 6

06 0101110000 4
17 1011111100 7
20 1001100110 5
31 1101111011 8
42 0100111001 5
53 0110110010 5
64 1000101111 6
75 0000110101 4

07 0010000111 4
10 0110000100 3
21 0000011101 4
32 0010011001 4
43 1001011111 7
54 0000010010 2
65 0111000010 4
76 1000001000 2

Matching output
0 absent
1 absent
2 absent
3 absent
4 absent
5 absent
6 absent
7 absent

Left
none
Best: none

Right
none
Best: none

Selecting

Lefts
Identity none
NOT none
Constant C0 0 0 0 0: 5
AND AND03: 1
OR none
XOR none
AND-NOT none
OR-NOT none
XOR-NOT none

Rights
Identity none
NOT none
Constant none
AND AND26 15 04: 3
OR none
XOR none
AND-NOT AND-NOT27: 1
OR-NOT none
XOR-NOT none

Left longest: 5
Right longest: 3

Left winner: Identity no, NOT no, Constant yes, AND no, OR no, XOR no, AND-NOT no, OR-NOT no, XOR-NOT no
Right winner: Identity no, NOT no, Constant no, AND yes, OR no, XOR no, AND-NOT no, OR-NOT no, XOR-NOT no

Best left: C0 0 0 0 0: 5
Best right: AND26 15 04: 3

Truncated left: C0 0 0 0 0: 5
Truncated right: AND26 15 04: 3

Tentative from right
7 AND26
6 AND15
5 AND04
4 pending
3 pending
2 pending
1 pending
0 pending

Tentative
0 C0
1 C0
2 C0
3 C0
4 C0
5 AND04
6 AND15
7 AND26

Preferred from left
0 C0
1 C0
2 C0
3 C0
4 C0
5 AND04
6 AND15
7 AND26

Preferred from right
7 AND26
6 AND15
5 AND04
4 C0
3 C0
2 C0
1 C0
0 C0

Preferred
0 C0
1 C0
2 C0
3 C0
4 C0
5 AND04
6 AND15
7 AND26

Matching
0 C0
1 C0
2 C0
3 C0
4 C0
5 AND04
6 AND15
7 AND26

Perfect match
Identity no
NOT no
Constant no
AND no
OR no
XOR no
AND-NOT no
OR-NOT no
XOR-NOT no

Matched
0 C0
1 C0
2 C0
3 C0
4 C0
5 AND04
6 AND15
7 AND26

Selected
0 C0
1 C0
2 C0
3 C0
4 C0
5 AND04
6 AND15
7 AND26

Applying to 11000000
Input
0 1
1 1
2 0
3 0
4 0
5 0
6 0
7 0
Output
0 C0 = 0
1 C0 = 0
2 C0 = 0
3 C0 = 0
4 C0 = 0
5 AND04 = AND(1,0) = 0
6 AND15 = AND(1,0) = 0
7 AND26 = AND(0,0) = 0

I will now return the answer in \boxed{}
The answer in \boxed{–} is \boxed{00000000}