We need to deduce the transformation by matching the example outputs.
I will put my final answer inside \boxed{}.

Output 0: 11010110
0 1
1 1
2 0
3 1
4 0
5 1
6 1
7 0

Output 1: 11001101
0 1
1 1
2 0
3 0
4 1
5 1
6 0
7 1

Output 2: 01100001
0 0
1 1
2 1
3 0
4 0
5 0
6 0
7 1

Output 3: 01011001
0 0
1 1
2 0
3 1
4 1
5 0
6 0
7 1

Output 4: 10111111
0 1
1 0
2 1
3 1
4 1
5 1
6 1
7 1

Output 5: 00001000
0 0
1 0
2 0
3 0
4 1
5 0
6 0
7 0

Output 6: 10001110
0 1
1 0
2 0
3 0
4 1
5 1
6 1
7 0

Output 7: 10011100
0 1
1 0
2 0
3 1
4 1
5 1
6 0
7 0

Output bit columns (with bitsum as hash)
0 11001011 5
1 11110000 4
2 00101000 2
3 10011001 4
4 01011111 6
5 11001011 5
6 10001010 3
7 01111000 4

Input 0: 00001101
0 0
1 0
2 0
3 0
4 1
5 1
6 0
7 1

Input 1: 11011010
0 1
1 1
2 0
3 1
4 1
5 0
6 1
7 0

Input 2: 10000010
0 1
1 0
2 0
3 0
4 0
5 0
6 1
7 0

Input 3: 11110010
0 1
1 1
2 1
3 1
4 0
5 0
6 1
7 0

Input 4: 10111110
0 1
1 0
2 1
3 1
4 1
5 1
6 1
7 0

Input 5: 00110001
0 0
1 0
2 1
3 1
4 0
5 0
6 0
7 1

Input 6: 10011100
0 1
1 0
2 0
3 1
4 1
5 1
6 0
7 0

Input 7: 00111000
0 0
1 0
2 1
3 1
4 1
5 0
6 0
7 0

When matching output
x: not in operator
y: wrong position

Identity
0 01111010 5
1 01010000 2
2 00011101 4
3 01011111 6 match 4
4 11001011 5 match 0 5
5 10001010 3 match 6
6 01111000 4 match 7
7 10000100 2

Matching output
0 4
1 absent
2 absent
3 absent
4 3
5 4
6 5
7 6

Left
4 5y
Best: I4: 1

Right
6 5 4 3 2x
Best: I6 5 4 3: 4

NOT
0 10000101 3
1 10101111 6
2 11100010 4
3 10100000 2
4 00110100 3
5 01110101 5
6 10000111 4
7 01111011 6

Matching output
0 absent
1 absent
2 absent
3 absent
4 absent
5 absent
6 absent
7 absent

Left
none
Best: none

Right
none
Best: none

Constant
0 00000000 a
1 11111111 a

Matching output
0 absent
1 absent
2 absent
3 absent
4 absent
5 absent
6 absent
7 absent

Left
none
Best: none

Right
none
Best: none

AND
01 10 01010000 2
12 21 00010000 1
23 32 00011101 4
34 43 01001011 4
45 54 10001010 3 match 6
56 65 00001000 1
67 76 00000000 a
70 07 00000000 a

02 20 00011000 2
13 31 01010000 2
24 42 00001001 2
35 53 00001010 2
46 64 01001000 2
57 75 10000000 1
60 06 01111000 4 match 7
71 17 00000000 a

03 30 01011010 4
14 41 01000000 1
25 52 00001000 1
36 63 01011000 3
47 74 10000000 1
50 05 00001010 2
61 16 01010000 2
72 27 00000100 1

04 40 01001010 3
15 51 00000000 a
26 62 00011000 2
37 73 00000100 1

Matching output
0 absent
1 absent
2 absent
3 absent
4 absent
5 absent
6 45 54
7 60 06

Left
none
Best: none

Right
60 57x
06 75x
Best: AND60: 1

OR
01 10 01111010 5
12 21 01011101 5
23 32 01011111 6 match 4
34 43 11011111 7
45 54 11001011 5 match 0 5
56 65 11111010 6
67 76 11111100 6
70 07 11111110 7

02 20 01111111 7
13 31 01011111 6 match 4
24 42 11011111 7
35 53 11011111 7
46 64 11111011 7
57 75 10001110 4
60 06 01111010 5
71 17 11010100 4

03 30 01111111 7
14 41 11011011 6
25 52 10011111 6
36 63 01111111 7
47 74 11001111 6
50 05 11111010 6
61 16 01111000 4 match 7
72 27 10011101 5

04 40 11111011 7
15 51 11011010 5
26 62 01111101 6
37 73 11011111 7

Matching output
0 45 54
1 absent
2 absent
3 absent
4 23 32 13 31
5 45 54
6 absent
7 61 16

Left
45 56x
54 65x
Best: OR45: 1

Right
61 50x
16 05x
Best: OR61: 1

XOR
01 10 00101010 3
12 21 01001101 4
23 32 01000010 2
34 43 10010100 3
45 54 01000001 2
56 65 11110010 5
67 76 11111100 6
70 07 11111110 7

02 20 01100111 5
13 31 00001111 4
24 42 11010110 5
35 53 11010101 5
46 64 10110011 5
57 75 00001110 3
60 06 00000010 1
71 17 11010100 4

03 30 00100101 3
14 41 10011011 5
25 52 10010111 5
36 63 00100111 4
47 74 01001111 5
50 05 11110000 4 match 1
61 16 00101000 2 match 2
72 27 10011001 4 match 3

04 40 10110001 4
15 51 11011010 5
26 62 01100101 4
37 73 11011011 6

Matching output
0 absent
1 50 05
2 61 16
3 72 27
4 absent
5 absent
6 absent
7 absent

Left
none
Best: none

Right
none
Best: none

AND-NOT
01 00101010 3
12 01000000 1
23 00000000 a
34 00010100 2
45 01000001 2
56 10000010 2
67 01111000 4 match 7
70 10000100 2

02 01100010 3
13 00000000 a
24 00010100 2
35 01010101 4
46 10000011 3
57 00001010 2
60 00000000 a
71 10000100 2

03 00100000 1
14 00010000 1
25 00010101 3
36 00000111 3
47 01001011 4
50 10000000 1
61 00101000 2 match 2
72 10000000 1

04 00110000 2
15 01010000 2
26 00000101 2
37 01011011 5
40 10000001 2
51 10001010 3 match 6
62 01100000 2
73 10000000 1

05 01110000 3
16 00000000 a
27 00011001 3
30 00000101 2
41 10001011 4
52 10000010 2
63 00100000 1
74 00000100 1

06 00000010 1
17 01010000 2
20 00000101 2
31 00001111 4
42 11000010 3
53 10000000 1
64 00110000 2
75 00000100 1

07 01111010 5
10 00000000 a
21 00001101 3
32 01000010 2
43 10000000 1
54 00000000 a
65 01110000 3
76 10000100 2

Matching output
0 absent
1 absent
2 61
3 absent
4 absent
5 absent
6 51
7 67

Left
none
Best: none

Right
67 56x
Best: AND-NOT67: 1

OR-NOT
01 11111111 a
12 11110010 5
23 10111101 6
34 01111111 7
45 11111111 a
56 10001111 5
67 01111011 6
70 10000101 3

02 11111010 6
13 11110000 4 match 1
24 00111101 5
35 01111111 7
46 11001111 6
57 11111011 7
60 11111101 7
71 10101111 6

03 11111010 6
14 01110100 4
25 01111101 6
36 11011111 7
47 11111011 7
50 10001111 5
61 11111111 a
72 11100110 5

04 01111110 6
15 01110101 5
26 10011111 6
37 01111111 7
40 11001111 6
51 10101111 6
62 11111010 6
73 10100100 3

05 01111111 7
16 11010111 6
27 01111111 7
30 11011111 7
41 11101111 7
52 11101010 5
63 11111000 5
74 10110100 4

06 11111111 a
17 01111011 6
20 10011101 5
31 11111111 a
42 11101011 6
53 10101010 4
64 01111100 5
75 11110101 6

07 01111011 6
10 11010101 5
21 10111111 7
32 11111111 a
43 11101011 6
54 10111110 6
65 01111101 6
76 10000111 4

Matching output
0 absent
1 13
2 absent
3 absent
4 absent
5 absent
6 absent
7 absent

Left
none
Best: none

Right
none
Best: none

XOR-NOT
01 11010101 5
12 10110010 4
23 10111101 6
34 01101011 5
45 10111110 6
56 00001101 3
67 00000011 2
70 00000001 1

02 10011000 3
13 11110000 4 match 1
24 00101001 3
35 00101010 3
46 01001100 3
57 11110001 5
60 11111101 7
71 00101011 4

03 11011010 5
14 01100100 3
25 01101000 3
36 11011000 4
47 10110000 3
50 00001111 4
61 11010111 6
72 01100110 4

04 01001110 4
15 00100101 3
26 10011010 4
37 00100100 2
40 01001110 4
51 00100101 3
62 10011010 4
73 00100100 2

05 00001111 4
16 11010111 6
27 01100110 4
30 11011010 5
41 01100100 3
52 01101000 3
63 11011000 4
74 10110000 3

06 11111101 7
17 00101011 4
20 10011000 3
31 11110000 4 match 1
42 00101001 3
53 00101010 3
64 01001100 3
75 11110001 5

07 00000001 1
10 11010101 5
21 10110010 4
32 10111101 6
43 01101011 5
54 10111110 6
65 00001101 3
76 00000011 2

Matching output
0 absent
1 13 31
2 absent
3 absent
4 absent
5 absent
6 absent
7 absent

Left
none
Best: none

Right
none
Best: none

Selecting

Lefts
Identity I4: 1
NOT none
Constant none
AND none
OR OR45: 1
XOR none
AND-NOT none
OR-NOT none
XOR-NOT none

Rights
Identity I6 5 4 3: 4
NOT none
Constant none
AND AND60: 1
OR OR61: 1
XOR none
AND-NOT AND-NOT67: 1
OR-NOT none
XOR-NOT none

Left longest: 1
Right longest: 4

Right winner: Identity yes, NOT no, Constant no, AND no, OR no, XOR no, AND-NOT no, OR-NOT no, XOR-NOT no
Left winner: Identity yes, NOT no, Constant no, AND no, OR no, XOR no, AND-NOT no, OR-NOT no, XOR-NOT no

Best right: I6 5 4 3: 4
Best left: I4: 1

Truncated right: I6 5 4 3: 4
Truncated left: I4: 1

Tentative from right
7 I6
6 I5
5 I4
4 I3
3 pending
2 pending
1 pending
0 pending

Tentative
0 I4
1 pending
2 pending
3 pending
4 I3
5 I4
6 I5
7 I6

Preferred from right
7 I6
6 I5
5 I4
4 I3
3 ??2
2 ??1
1 ??0
0 I4

Preferred from left
0 I4
1 ?50
2 ?61
3 ?72
4 I3
5 I4
6 I5
7 I6

Preferred
0 I4
1 ?50 ?05
2 ?61 ?16
3 ?72 ?27
4 I3
5 I4
6 I5
7 I6

Matching
0 I4
1 ?50 ?05 - Identity absent, NOT absent, Constant absent, AND absent, OR absent, XOR50, AND-NOT absent, OR-NOT absent, XOR-NOT absent
2 ?61 ?16 - Identity absent, NOT absent, Constant absent, AND absent, OR absent, XOR61, AND-NOT61, OR-NOT absent, XOR-NOT absent
3 ?72 ?27 - Identity absent, NOT absent, Constant absent, AND absent, OR absent, XOR72, AND-NOT absent, OR-NOT absent, XOR-NOT absent
4 I3
5 I4
6 I5
7 I6

Perfect match
Identity no
NOT no
Constant no
AND no
OR no
XOR yes
AND-NOT no
OR-NOT no
XOR-NOT no

Matched
0 I4
1 XOR50
2 XOR61
3 XOR72
4 I3
5 I4
6 I5
7 I6

Selected
0 I4
1 XOR50
2 XOR61
3 XOR72
4 I3
5 I4
6 I5
7 I6

Applying to 01011011
Input
0 0
1 1
2 0
3 1
4 1
5 0
6 1
7 1
Output
0 I4 = 1
1 XOR50 = XOR(0,0) = 0
2 XOR61 = XOR(1,1) = 0
3 XOR72 = XOR(1,0) = 1
4 I3 = 1
5 I4 = 1
6 I5 = 0
7 I6 = 1

I will now return the answer in \boxed{}
The answer in \boxed{–} is \boxed{10011101}