We need to deduce the transformation by matching the example outputs.
I will put my final answer inside \boxed{}.

Output 0: 01111010
0 0
1 1
2 1
3 1
4 1
5 0
6 1
7 0

Output 1: 00001111
0 0
1 0
2 0
3 0
4 1
5 1
6 1
7 1

Output 2: 00111101
0 0
1 0
2 1
3 1
4 1
5 1
6 0
7 1

Output 3: 00011100
0 0
1 0
2 0
3 1
4 1
5 1
6 0
7 0

Output 4: 00010101
0 0
1 0
2 0
3 1
4 0
5 1
6 0
7 1

Output 5: 00001001
0 0
1 0
2 0
3 0
4 1
5 0
6 0
7 1

Output 6: 01101011
0 0
1 1
2 1
3 0
4 1
5 0
6 1
7 1

Output 7: 01001001
0 0
1 1
2 0
3 0
4 1
5 0
6 0
7 1

Output 8: 01101010
0 0
1 1
2 1
3 0
4 1
5 0
6 1
7 0

Output bit columns (with bitsum as hash)
0 000000000 a
1 100000111 4
2 101000101 4
3 101110000 4
4 111101111 8
5 011110000 4
6 110000101 4
7 011011110 6

Input 0: 11110100
0 1
1 1
2 1
3 1
4 0
5 1
6 0
7 0

Input 1: 00011111
0 0
1 0
2 0
3 1
4 1
5 1
6 1
7 1

Input 2: 01111011
0 0
1 1
2 1
3 1
4 1
5 0
6 1
7 1

Input 3: 00111000
0 0
1 0
2 1
3 1
4 1
5 0
6 0
7 0

Input 4: 00101010
0 0
1 0
2 1
3 0
4 1
5 0
6 1
7 0

Input 5: 00010011
0 0
1 0
2 0
3 1
4 0
5 0
6 1
7 1

Input 6: 11010110
0 1
1 1
2 0
3 1
4 0
5 1
6 1
7 0

Input 7: 10010010
0 1
1 0
2 0
3 1
4 0
5 0
6 1
7 0

Input 8: 11010100
0 1
1 1
2 0
3 1
4 0
5 1
6 0
7 0

When matching output
x: not in operator
y: wrong position

Identity
0 100000111 4 match 1
1 101000101 4 match 2
2 101110000 4 match 3
3 111101111 8 match 4
4 011110000 4 match 5
5 110000101 4 match 6
6 011011110 6 match 7
7 011001000 3

Matching output
0 absent
1 0
2 1
3 2
4 3
5 4
6 5
7 6

Left
none
Best: none

Right
6 5 4 3 2 1 0 7x
Best: I6 5 4 3 2 1 0: 7

NOT
0 011111000 5
1 010111010 5
2 010001111 5
3 000010000 1
4 100001111 5
5 001111010 5
6 100100001 3
7 100110111 6

Matching output
0 absent
1 absent
2 absent
3 absent
4 absent
5 absent
6 absent
7 absent

Left
none
Best: none

Right
none
Best: none

Constant
0 000000000 a match 0
1 111111111 a

Matching output
0 C0
1 absent
2 absent
3 absent
4 absent
5 absent
6 absent
7 absent

Left
0
Best: C0: 1

Right
none
Best: none

AND
01 10 100000101 3
12 21 101000000 2
23 32 101100000 3
34 43 011100000 3
45 54 010000000 1
56 65 010000100 2
67 76 011001000 3
70 07 000000000 a match 0

02 20 100000000 1
13 31 101000101 4 match 2
24 42 001110000 3
35 53 110000101 4 match 6
46 64 011010000 3
57 75 010000000 1
60 06 000000110 2
71 17 001000000 1

03 30 100000111 4 match 1
14 41 001000000 1
25 52 100000000 1
36 63 011001110 5
47 74 011000000 2
50 05 100000101 3
61 16 001000100 2
72 27 001000000 1

04 40 000000000 a match 0
15 51 100000101 3
26 62 001010000 2
37 73 011001000 3

Matching output
0 70 07 04 40
1 03 30
2 13 31
3 absent
4 absent
5 absent
6 35 53
7 absent

Left
70 01x
07 10x
04 15x
40 51x
Best: AND70: 1

Right
none
Best: none

OR
01 10 101000111 5
12 21 101110101 6
23 32 111111111 a
34 43 111111111 a
45 54 111110101 7
56 65 111011111 8
67 76 011011110 6 match 7
70 07 111001111 7

02 20 101110111 7
13 31 111101111 8 match 4
24 42 111110000 5
35 53 111101111 8 match 4
46 64 011111110 7
57 75 111001101 6
60 06 111011111 8
71 17 111001101 6

03 30 111101111 8 match 4
14 41 111110101 7
25 52 111110101 7
36 63 111111111 a
47 74 011111000 5
50 05 110000111 5
61 16 111011111 8
72 27 111111000 6

04 40 111110111 8
15 51 111000101 5
26 62 111111110 8
37 73 111101111 8 match 4

Matching output
0 absent
1 absent
2 absent
3 absent
4 13 31 35 53 03 30 37 73
5 absent
6 absent
7 67 76

Left
none
Best: none

Right
67 56x
76 65x
Best: OR67: 1

XOR
01 10 001000010 2
12 21 000110101 4
23 32 010011111 6
34 43 100011111 6
45 54 101110101 6
56 65 101011011 6
67 76 000010110 3
70 07 111001111 7

02 20 001110111 6
13 31 010101010 4
24 42 110000000 2
35 53 001101010 4
46 64 000101110 4
57 75 101001101 5
60 06 111011001 6
71 17 110001101 5

03 30 011101000 4
14 41 110110101 6
25 52 011110101 6
36 63 100110001 4
47 74 000111000 3
50 05 010000010 2
61 16 110011011 6
72 27 110111000 5

04 40 111110111 8
15 51 011000000 2
26 62 110101110 6
37 73 100100111 5

Matching output
0 absent
1 absent
2 absent
3 absent
4 absent
5 absent
6 absent
7 absent

Left
none
Best: none

Right
none
Best: none

AND-NOT
01 000000010 1
12 000000101 2
23 000010000 1
34 100001111 5
45 001110000 3
56 100000001 2
67 000010110 3
70 011001000 3

02 000000111 3
13 000000000 a match 0
24 100000000 1
35 001101010 4
46 000100000 1
57 100000101 3
60 011011000 4
71 010001000 2

03 000000000 a match 0
14 100000101 3
25 001110000 3
36 100100001 3
47 000110000 2
50 010000000 1
61 010011010 4
72 010001000 2

04 100000111 4 match 1
15 001000000 1
26 100100000 2
37 100100111 5
40 011110000 4 match 5
51 010000000 1
62 010001110 4
73 000000000 a match 0

05 000000010 1
16 100000001 2
27 100110000 3
30 011101000 4
41 010110000 3
52 010000101 3
63 000010000 1
74 000001000 1

06 100000001 2
17 100000101 3
20 001110000 3
31 010101010 4
42 010000000 1
53 000000000 a match 0
64 000001110 3
75 001001000 2

07 100000111 4 match 1
10 001000000 1
21 000110000 2
32 010001111 5
43 000010000 1
54 100000101 3
65 001011010 4
76 000000000 a match 0

Matching output
0 13 03 73 53 76
1 04 07
2 absent
3 absent
4 absent
5 40
6 absent
7 absent

Left
13 24x
03 14x
73 04 15x
53 64x
76 07 10x
Best: AND-NOT73 04: 2

Right
none
Best: none

OR-NOT
01 110111111 8
12 111001111 7
23 101110000 4 match 3
34 111101111 8 match 4
45 011111010 6
56 110100101 5
67 111111111 a
70 011111000 5

02 110001111 6
13 101010101 5
24 101111111 8
35 111111111 a
46 111110001 6
57 110110111 7
60 011111110 7
71 011111010 6

03 100010111 5
14 101001111 6
25 101111010 6
36 111101111 8 match 4
47 111110111 8
50 111111101 8
61 011111110 7
72 011001111 6

04 100001111 5
15 101111111 8
26 101110001 5
37 111111111 a
40 011111000 5
51 110111111 8
62 011011111 7
73 011011000 4

05 101111111 8
16 101100101 5
27 101110111 7
30 111111111 a
41 011111010 6
52 110001111 6
63 011011110 6 match 7
74 111001111 7

06 100100111 5
17 101110111 7
20 111111000 6
31 111111111 a
42 011111111 8
53 110010101 5
64 111011111 8
75 011111010 6

07 100110111 6
10 111111101 8
21 111111010 7
32 111101111 8 match 4
43 011110000 4 match 5
54 110001111 6
65 011111110 7
76 111101001 6

Matching output
0 absent
1 absent
2 absent
3 23
4 34 36 32
5 43
6 absent
7 63

Left
none
Best: none

Right
63 52x
Best: OR-NOT63: 1

XOR-NOT
01 110111101 7
12 111001010 5
23 101100000 3
34 011100000 3
45 010001010 3
56 010100100 3
67 111101001 6
70 000110000 2

02 110001000 3
13 101010101 5
24 001111111 7
35 110010101 5
46 111010001 5
57 010110010 4
60 000100110 3
71 001110010 4

03 100010111 5
14 001001010 3
25 100001010 3
36 011001110 5
47 111000111 6
50 101111101 7
61 001100100 3
72 001000111 4

04 000001000 1
15 100111111 7
26 001010001 3
37 011011000 4
40 000001000 1
51 100111111 7
62 001010001 3
73 011011000 4

05 101111101 7
16 001100100 3
27 001000111 4
30 100010111 5
41 001001010 3
52 100001010 3
63 011001110 5
74 111000111 6

06 000100110 3
17 001110010 4
20 110001000 3
31 101010101 5
42 001111111 7
53 110010101 5
64 111010001 5
75 010110010 4

07 000110000 2
10 110111101 7
21 111001010 5
32 101100000 3
43 011100000 3
54 010001010 3
65 010100100 3
76 111101001 6

Matching output
0 absent
1 absent
2 absent
3 absent
4 absent
5 absent
6 absent
7 absent

Left
none
Best: none

Right
none
Best: none

Selecting

Lefts
Identity none
NOT none
Constant C0: 1
AND AND70: 1
OR none
XOR none
AND-NOT AND-NOT73 04: 2
OR-NOT none
XOR-NOT none

Rights
Identity I6 5 4 3 2 1 0: 7
NOT none
Constant none
AND none
OR OR67: 1
XOR none
AND-NOT none
OR-NOT OR-NOT63: 1
XOR-NOT none

Left longest: 2
Right longest: 7

Right winner: Identity yes, NOT no, Constant no, AND no, OR no, XOR no, AND-NOT no, OR-NOT no, XOR-NOT no
Left winner: Identity no, NOT no, Constant no, AND no, OR no, XOR no, AND-NOT yes, OR-NOT no, XOR-NOT no

Best right: I6 5 4 3 2 1 0: 7
Best left: AND-NOT73 04: 2

Truncated right: I6 5 4 3 2 1 0: 7
Truncated left: AND-NOT73: 1 truncated

Tentative from right
7 I6
6 I5
5 I4
4 I3
3 I2
2 I1
1 I0
0 pending

Tentative
0 AND-NOT73
1 I0
2 I1
3 I2
4 I3
5 I4
6 I5
7 I6

Preferred from right
7 I6
6 I5
5 I4
4 I3
3 I2
2 I1
1 I0
0 AND-NOT73

Preferred from left
0 AND-NOT73
1 I0
2 I1
3 I2
4 I3
5 I4
6 I5
7 I6

Preferred
0 AND-NOT73
1 I0
2 I1
3 I2
4 I3
5 I4
6 I5
7 I6

Matching
0 AND-NOT73
1 I0
2 I1
3 I2
4 I3
5 I4
6 I5
7 I6

Perfect match
Identity no
NOT no
Constant no
AND no
OR no
XOR no
AND-NOT no
OR-NOT no
XOR-NOT no

Matched
0 AND-NOT73
1 I0
2 I1
3 I2
4 I3
5 I4
6 I5
7 I6

Selected
0 AND-NOT73
1 I0
2 I1
3 I2
4 I3
5 I4
6 I5
7 I6

Applying to 11100110
Input
0 1
1 1
2 1
3 0
4 0
5 1
6 1
7 0
Output
0 AND-NOT73 = AND(0,NOT(0)) = 0
1 I0 = 1
2 I1 = 1
3 I2 = 1
4 I3 = 0
5 I4 = 0
6 I5 = 1
7 I6 = 1

I will now return the answer in \boxed{}
The answer in \boxed{–} is \boxed{01110011}