We need to deduce the transformation by matching the example outputs.
I will put my final answer inside \boxed{}.

Output 0: 00100000
0 0
1 0
2 1
3 0
4 0
5 0
6 0
7 0

Output 1: 00000000
0 0
1 0
2 0
3 0
4 0
5 0
6 0
7 0

Output 2: 00101001
0 0
1 0
2 1
3 0
4 1
5 0
6 0
7 1

Output 3: 00101000
0 0
1 0
2 1
3 0
4 1
5 0
6 0
7 0

Output 4: 10101000
0 1
1 0
2 1
3 0
4 1
5 0
6 0
7 0

Output 5: 10101010
0 1
1 0
2 1
3 0
4 1
5 0
6 1
7 0

Output 6: 00010000
0 0
1 0
2 0
3 1
4 0
5 0
6 0
7 0

Output 7: 11000000
0 1
1 1
2 0
3 0
4 0
5 0
6 0
7 0

Output 8: 11000000
0 1
1 1
2 0
3 0
4 0
5 0
6 0
7 0

Output 9: 00001010
0 0
1 0
2 0
3 0
4 1
5 0
6 1
7 0

Output bit columns (with bitsum as hash)
0 0000110110 4
1 0000000110 2
2 1011110000 5
3 0000001000 1
4 0011110001 5
5 0000000000 a
6 0000010001 2
7 0010000000 1

Input 0: 00000111
0 0
1 0
2 0
3 0
4 0
5 1
6 1
7 1

Input 1: 01010000
0 0
1 1
2 0
3 1
4 0
5 0
6 0
7 0

Input 2: 01001101
0 0
1 1
2 0
3 0
4 1
5 1
6 0
7 1

Input 3: 01100101
0 0
1 1
2 1
3 0
4 0
5 1
6 0
7 1

Input 4: 01010111
0 0
1 1
2 0
3 1
4 0
5 1
6 1
7 1

Input 5: 11110101
0 1
1 1
2 1
3 1
4 0
5 1
6 0
7 1

Input 6: 11000010
0 1
1 1
2 0
3 0
4 0
5 0
6 1
7 0

Input 7: 00011110
0 0
1 0
2 0
3 1
4 1
5 1
6 1
7 0

Input 8: 00111110
0 0
1 0
2 1
3 1
4 1
5 1
6 1
7 0

Input 9: 11010001
0 1
1 1
2 0
3 1
4 0
5 0
6 0
7 1

When matching output
x: not in operator
y: wrong position

Identity
0 0000011001 3
1 0111111001 7
2 0001010010 3
3 0100110111 6
4 0010000110 3
5 1011110110 7
6 1000101110 5
7 1011110001 6

Matching output
0 absent
1 absent
2 absent
3 absent
4 absent
5 absent
6 absent
7 absent

Left
none
Best: none

Right
none
Best: none

NOT
0 1111100110 7
1 1000000110 3
2 1110101101 7
3 1011001000 4
4 1101111001 7
5 0100001001 3
6 0111010001 5
7 0100001110 4

Matching output
0 absent
1 absent
2 absent
3 absent
4 absent
5 absent
6 absent
7 absent

Left
none
Best: none

Right
none
Best: none

Constant
0 0000000000 a match 5
1 1111111111 a

Matching output
0 absent
1 absent
2 absent
3 absent
4 absent
5 C0
6 absent
7 absent

Left
none
Best: none

Right
none
Best: none

AND
01 10 0000011001 3
12 21 0001010000 2
23 32 0000010010 2
34 43 0000000110 2 match 1
45 54 0010000110 3
56 65 1000100110 4
67 76 1000100000 2
70 07 0000010001 2 match 6

02 20 0000010000 1
13 31 0100110001 4
24 42 0000000010 1
35 53 0000110110 4 match 0
46 64 0000000110 2 match 1
57 75 1011110000 5 match 2
60 06 0000001000 1 match 3
71 17 0011110001 5 match 4

03 30 0000010001 2 match 6
14 41 0010000000 1 match 7
25 52 0001010010 3
36 63 0000100110 3
47 74 0010000000 1 match 7
50 05 0000010000 1
61 16 0000101000 2
72 27 0001010000 2

04 40 0000000000 a match 5
15 51 0011110000 4
26 62 0000000010 1
37 73 0000110001 3

Matching output
0 35 53
1 34 43 46 64
2 57 75
3 60 06
4 71 17
5 04 40
6 70 07 03 30
7 14 41 47 74

Left
35 46 57 60 71 02x
53 64 75 06 17 20x
Best: AND35 46 57 60 71: 5

Right
14 03 72x
41 30 27x
47 36x
74 63x
Best: AND14 03: 2

OR
01 10 0111111001 7
12 21 0111111011 8
23 32 0101110111 7
34 43 0110110111 7
45 54 1011110110 7
56 65 1011111110 8
67 76 1011111111 9
70 07 1011111001 7

02 20 0001011011 5
13 31 0111111111 9
24 42 0011010110 5
35 53 1111110111 9
46 64 1010101110 6
57 75 1011110111 8
60 06 1000111111 7
71 17 1111111001 8

03 30 0100111111 7
14 41 0111111111 9
25 52 1011110110 7
36 63 1100111111 8
47 74 1011110111 8
50 05 1011111111 9
61 16 1111111111 a
72 27 1011110011 7

04 40 0010011111 6
15 51 1111111111 a
26 62 1001111110 7
37 73 1111110111 9

Matching output
0 absent
1 absent
2 absent
3 absent
4 absent
5 absent
6 absent
7 absent

Left
none
Best: none

Right
none
Best: none

XOR
01 10 0111100000 4
12 21 0110101011 6
23 32 0101100101 5
34 43 0110110001 5
45 54 1001110000 4
56 65 0011011000 4
67 76 0011011111 7
70 07 1011101000 5

02 20 0001001011 4
13 31 0011001110 5
24 42 0011010100 4
35 53 1111000001 5
46 64 1010101000 4
57 75 0000000111 3
60 06 1000110111 6
71 17 1100001000 3

03 30 0100101110 5
14 41 0101111111 8
25 52 1010100100 4
36 63 1100011001 5
47 74 1001110111 7
50 05 1011101111 8
61 16 1111010111 8
72 27 1010100011 5

04 40 0010011111 6
15 51 1100001111 6
26 62 1001111100 6
37 73 1111000110 6

Matching output
0 absent
1 absent
2 absent
3 absent
4 absent
5 absent
6 absent
7 absent

Left
none
Best: none

Right
none
Best: none

AND-NOT
01 0000000000 a match 5
12 0110101001 5
23 0001000000 1
34 0100110001 4
45 0000000000 a match 5
56 0011010000 3
67 0000001110 3
70 1011100000 4

02 0000001001 2
13 0011001000 3
24 0001010000 2
35 0100000001 2
46 0010000000 1 match 7
57 0000000110 2 match 1
60 1000100110 4
71 1000000000 1

03 0000001000 1 match 3
14 0101111001 6
25 0000000000 a match 5
36 0100010001 3
47 0000000110 2 match 1
50 1011100110 6
61 1000000110 3
72 1010100001 4

04 0000011001 3
15 0100001001 3
26 0001010000 2
37 0100000110 3
40 0010000110 3
51 1000000110 3
62 1000101100 4
73 1011000000 3

05 0000001001 2
16 0111010001 5
27 0000000010 1
30 0100100110 4
41 0000000110 2 match 1
52 1010100100 4
63 1000001000 2
74 1001110001 5

06 0000010001 2 match 6
17 0100001000 2
20 0001000010 2
31 0000000110 2 match 1
42 0010000100 2
53 1011000000 3
64 1000101000 3
75 0000000001 1

07 0000001000 1 match 3
10 0111100000 4
21 0000000010 1
32 0100100101 4
43 0010000000 1 match 7
54 1001110000 4
65 0000001000 1 match 3
76 0011010001 4

Matching output
0 absent
1 57 47 41 31
2 absent
3 03 07 65
4 absent
5 01 45 25
6 06
7 46 43

Left
none
Best: none

Right
46 35x
43 32x
Best: AND-NOT46: 1

OR-NOT
01 1000011111 6
12 1111111101 9
23 1011011010 6
34 1101111111 9
45 0110001111 6
56 1111110111 9
67 1100101110 6
70 1111110111 9

02 1110111101 8
13 1111111001 8
24 1101111011 8
35 0100111111 7
46 0111010111 7
57 1111111110 9
60 1111101110 8
71 1011110111 8

03 1011011001 6
14 1111111001 8
25 0101011011 6
36 0111110111 8
47 0110001110 5
50 1111110110 8
61 1000101110 5
72 1111111101 9

04 1101111001 7
15 0111111001 7
26 0111010011 6
37 0100111111 7
40 1111100110 7
51 1011110110 7
62 1110101111 8
73 1011111001 7

05 0100011001 4
16 0111111001 7
27 0101011110 6
30 1111110111 9
41 1010000110 4
52 1111111111 a
63 1011101110 7
74 1111111001 8

06 0111011001 6
17 0111111111 9
20 1111110110 8
31 1100110111 7
42 1110101111 8
53 1011111110 8
64 1101111111 9
75 1111111001 8

07 0100011111 6
10 1111111111 a
21 1001010110 5
32 1110111111 9
43 1011001110 6
54 1111111111 a
65 1100101111 7
76 1111110001 7

Matching output
0 absent
1 absent
2 absent
3 absent
4 absent
5 absent
6 absent
7 absent

Left
none
Best: none

Right
none
Best: none

XOR-NOT
01 1000011111 6
12 1001010100 4
23 1010011010 5
34 1001001110 5
45 0110001111 6
56 1100100111 6
67 1100100000 3
70 0100010111 5

02 1110110100 6
13 1100110001 5
24 1100101011 6
35 0000111110 5
46 0101010111 6
57 1111111000 7
60 0111001000 4
71 0011110111 7

03 1011010001 5
14 1010000000 2
25 0101011011 6
36 0011100110 5
47 0110001000 3
50 0100010000 2
61 0000101000 2
72 0101011100 5

04 1101100000 4
15 0011110000 4
26 0110000011 4
37 0000111001 4
40 1101100000 4
51 0011110000 4
62 0110000011 4
73 0000111001 4

05 0100010000 2
16 0000101000 2
27 0101011100 5
30 1011010001 5
41 1010000000 2
52 0101011011 6
63 0011100110 5
74 0110001000 3

06 0111001000 4
17 0011110111 7
20 1110110100 6
31 1100110001 5
42 1100101011 6
53 0000111110 5
64 0101010111 6
75 1111111000 7

07 0100010111 5
10 1000011111 6
21 1001010100 4
32 1010011010 5
43 1001001110 5
54 0110001111 6
65 1100100111 6
76 1100100000 3

Matching output
0 absent
1 absent
2 absent
3 absent
4 absent
5 absent
6 absent
7 absent

Left
none
Best: none

Right
none
Best: none

Selecting

Lefts
Identity none
NOT none
Constant none
AND AND35 46 57 60 71: 5
OR none
XOR none
AND-NOT none
OR-NOT none
XOR-NOT none

Rights
Identity none
NOT none
Constant none
AND AND14 03: 2
OR none
XOR none
AND-NOT AND-NOT46: 1
OR-NOT none
XOR-NOT none

Left longest: 5
Right longest: 2

Left winner: Identity no, NOT no, Constant no, AND yes, OR no, XOR no, AND-NOT no, OR-NOT no, XOR-NOT no
Right winner: Identity no, NOT no, Constant no, AND yes, OR no, XOR no, AND-NOT no, OR-NOT no, XOR-NOT no

Best left: AND35 46 57 60 71: 5
Best right: AND14 03: 2

Truncated left: AND35 46 57 60 71: 5
Truncated right: AND14 03: 2

Tentative from right
7 AND14
6 AND03
5 pending
4 pending
3 pending
2 pending
1 pending
0 pending

Tentative
0 AND35
1 AND46
2 AND57
3 AND60
4 AND71
5 pending
6 AND03
7 AND14

Preferred from left
0 AND35
1 AND46
2 AND57
3 AND60
4 AND71
5 ?02
6 AND03
7 AND14

Preferred from right
7 AND14
6 AND03
5 ?02
4 AND71
3 AND60
2 AND57
1 AND46
0 AND35

Preferred
0 AND35
1 AND46
2 AND57
3 AND60
4 AND71
5 ?02 ?20
6 AND03
7 AND14

Matching
0 AND35
1 AND46
2 AND57
3 AND60
4 AND71
5 ?02 ?20 - Identity absent, NOT absent, Constant C0, AND absent, OR absent, XOR absent, AND-NOT absent, OR-NOT absent, XOR-NOT absent
6 AND03
7 AND14

Perfect match
Identity no
NOT no
Constant yes
AND no
OR no
XOR no
AND-NOT no
OR-NOT no
XOR-NOT no

Matched
0 AND35
1 AND46
2 AND57
3 AND60
4 AND71
5 C0
6 AND03
7 AND14

Selected
0 AND35
1 AND46
2 AND57
3 AND60
4 AND71
5 C0
6 AND03
7 AND14

Applying to 11010111
Input
0 1
1 1
2 0
3 1
4 0
5 1
6 1
7 1
Output
0 AND35 = AND(1,1) = 1
1 AND46 = AND(0,1) = 0
2 AND57 = AND(1,1) = 1
3 AND60 = AND(1,1) = 1
4 AND71 = AND(1,1) = 1
5 C0 = 0
6 AND03 = AND(1,1) = 1
7 AND14 = AND(1,0) = 0

I will now return the answer in \boxed{}
The answer in \boxed{–} is \boxed{10111010}