We need to deduce the transformation by matching the example outputs.
I will put my final answer inside \boxed{}.

Output 0: 01000000
0 0
1 1
2 0
3 0
4 0
5 0
6 0
7 0

Output 1: 00000000
0 0
1 0
2 0
3 0
4 0
5 0
6 0
7 0

Output 2: 00000000
0 0
1 0
2 0
3 0
4 0
5 0
6 0
7 0

Output 3: 00000001
0 0
1 0
2 0
3 0
4 0
5 0
6 0
7 1

Output 4: 00000000
0 0
1 0
2 0
3 0
4 0
5 0
6 0
7 0

Output 5: 00000000
0 0
1 0
2 0
3 0
4 0
5 0
6 0
7 0

Output 6: 01000000
0 0
1 1
2 0
3 0
4 0
5 0
6 0
7 0

Output 7: 00000000
0 0
1 0
2 0
3 0
4 0
5 0
6 0
7 0

Output 8: 10000000
0 1
1 0
2 0
3 0
4 0
5 0
6 0
7 0

Output bit columns (with bitsum as hash)
0 000000001 1
1 100000100 2
2 000000000 a
3 000000000 a
4 000000000 a
5 000000000 a
6 000000000 a
7 000100000 1

Input 0: 11101101
0 1
1 1
2 1
3 0
4 1
5 1
6 0
7 1

Input 1: 00011101
0 0
1 0
2 0
3 1
4 1
5 1
6 0
7 1

Input 2: 10010000
0 1
1 0
2 0
3 1
4 0
5 0
6 0
7 0

Input 3: 11110010
0 1
1 1
2 1
3 1
4 0
5 0
6 1
7 0

Input 4: 01001000
0 0
1 1
2 0
3 0
4 1
5 0
6 0
7 0

Input 5: 00111100
0 0
1 0
2 1
3 1
4 1
5 1
6 0
7 0

Input 6: 10001001
0 1
1 0
2 0
3 0
4 1
5 0
6 0
7 1

Input 7: 01001110
0 0
1 1
2 0
3 0
4 1
5 1
6 1
7 0

Input 8: 01010011
0 0
1 1
2 0
3 1
4 0
5 0
6 1
7 1

When matching output
x: not in operator
y: wrong position

Identity
0 101100100 4
1 100110011 5
2 100101000 3
3 011101001 5
4 110011110 6
5 110001010 4
6 000100011 3
7 110000101 4

Matching output
0 absent
1 absent
2 absent
3 absent
4 absent
5 absent
6 absent
7 absent

Left
none
Best: none

Right
none
Best: none

NOT
0 010011011 5
1 011001100 4
2 011010111 6
3 100010110 4
4 001100001 3
5 001110101 5
6 111011100 6
7 001111010 5

Matching output
0 absent
1 absent
2 absent
3 absent
4 absent
5 absent
6 absent
7 absent

Left
none
Best: none

Right
none
Best: none

Constant
0 000000000 a match 2 3 4 5 6
1 111111111 a

Matching output
0 absent
1 absent
2 C0
3 C0
4 C0
5 C0
6 C0
7 absent

Left
none
Best: none

Right
none
Best: none

AND
01 10 100100000 2
12 21 100100000 2
23 32 000101000 2
34 43 010001000 2
45 54 110001010 4
56 65 000000010 1
67 76 000000001 1 match 0
70 07 100000100 2 match 1

02 20 100100000 2
13 31 000100001 2
24 42 100001000 2
35 53 010001000 2
46 64 000000010 1
57 75 110000000 2
60 06 000100000 1 match 7
71 17 100000001 2

03 30 001100000 2
14 41 100010010 3
25 52 100001000 2
36 63 000100001 2
47 74 110000100 3
50 05 100000000 1
61 16 000100011 3
72 27 100000000 1

04 40 100000100 2 match 1
15 51 100000010 2
26 62 000100000 1 match 7
37 73 010000001 2

Matching output
0 67 76
1 70 07 04 40
2 absent
3 absent
4 absent
5 absent
6 absent
7 60 06 26 62

Left
67 70 01x
76 07 10x
Best: AND67 70: 2

Right
60 57x
06 75x
26 15x
62 51x
Best: AND60: 1

OR
01 10 101110111 7
12 21 100111011 6
23 32 111101001 6
34 43 111111111 a
45 54 110011110 6
56 65 110101011 6
67 76 110100111 6
70 07 111100101 6

02 20 101101100 5
13 31 111111011 8
24 42 110111110 7
35 53 111101011 7
46 64 110111111 8
57 75 110001111 6
60 06 101100111 6
71 17 110110111 7

03 30 111101101 7
14 41 110111111 8
25 52 110101010 5
36 63 011101011 6
47 74 110011111 7
50 05 111101110 7
61 16 100110011 5
72 27 110101101 6

04 40 111111110 8
15 51 110111011 7
26 62 100101011 5
37 73 111101101 7

Matching output
0 absent
1 absent
2 absent
3 absent
4 absent
5 absent
6 absent
7 absent

Left
none
Best: none

Right
none
Best: none

XOR
01 10 001010111 5
12 21 000011011 4
23 32 111000001 4
34 43 101110111 7
45 54 000010100 2
56 65 110101001 5
67 76 110100110 5
70 07 011100001 4

02 20 001001100 3
13 31 111011010 6
24 42 010110110 5
35 53 101100011 5
46 64 110111101 7
57 75 000001111 4
60 06 101000111 5
71 17 010110110 5

03 30 110001101 5
14 41 010101101 5
25 52 010100010 3
36 63 011001010 4
47 74 000011011 4
50 05 011101110 6
61 16 100010000 2
72 27 010101101 5

04 40 011111010 6
15 51 010111001 5
26 62 100001011 4
37 73 101101100 5

Matching output
0 absent
1 absent
2 absent
3 absent
4 absent
5 absent
6 absent
7 absent

Left
none
Best: none

Right
none
Best: none

AND-NOT
01 001000100 2
12 000010011 3
23 100000000 1
34 001100001 3
45 000010100 2
56 110001000 3
67 000100010 2
70 010000001 2

02 001000100 2
13 100010010 3
24 000100000 1 match 7
35 001100001 3
46 110011100 5
57 000001010 2
60 000000011 2
71 010000100 2

03 100000100 2 match 1
14 000100001 2
25 000100000 1 match 7
36 011001000 3
47 000011010 3
50 010001010 3
61 000000000 a match 2 3 4 5 6
72 010000101 3

04 001100000 2
15 000110001 3
26 100001000 2
37 001101000 3
40 010011010 4
51 010001000 2
62 000000011 2
73 100000100 2 match 1

05 001100100 3
16 100010000 2
27 000101000 2
30 010001001 3
41 010001100 3
52 010000010 2
63 000000010 1
74 000000001 1 match 0

06 101000100 3
17 000110010 3
20 000001000 1
31 011001000 3
42 010010110 4
53 100000010 2
64 000100001 2
75 000000101 2

07 001100000 2
10 000010011 3
21 000001000 1
32 011000001 3
43 100010110 4
54 000000000 a match 2 3 4 5 6
65 000100001 2
76 110000100 3

Matching output
0 74
1 03 73
2 61 54
3 61 54
4 61 54
5 61 54
6 61 54
7 24 25

Left
74 05x
Best: AND-NOT74: 1

Right
24 13x
25 14x
Best: AND-NOT24: 1

OR-NOT
01 111101100 6
12 111110111 8
23 100111110 6
34 011101001 5
45 111111111 a
56 111011110 7
67 001111011 6
70 110011111 7

02 111110111 8
13 100110111 6
24 101101001 5
35 011111101 7
46 111011110 7
57 111111010 7
60 010111011 6
71 111001101 6

03 101110110 6
14 101110011 6
25 101111101 7
36 111111101 8
47 111111110 8
50 110011011 6
61 011101111 7
72 111010111 7

04 101100101 5
15 101110111 7
26 111111100 7
37 011111011 7
40 110011111 7
51 111001110 6
62 011110111 7
73 110010111 6

05 101110101 6
16 111111111 a
27 101111010 6
30 011111011 7
41 111011110 7
52 111011111 8
63 100110111 6
74 111100101 6

06 111111100 7
17 101111011 7
20 110111011 7
31 011101101 6
42 111011111 8
53 110011110 6
64 001100011 4
75 111110101 7

07 101111110 7
10 110111011 7
21 111101100 6
32 011111111 8
43 110011110 6
54 111101011 7
65 001110111 6
76 111011101 7

Matching output
0 absent
1 absent
2 absent
3 absent
4 absent
5 absent
6 absent
7 absent

Left
none
Best: none

Right
none
Best: none

XOR-NOT
01 110101000 4
12 111100100 5
23 000111110 5
34 010001000 2
45 111101011 7
56 001010110 4
67 001011001 4
70 100011110 5

02 110110011 6
13 000100101 3
24 101001001 4
35 010011100 4
46 001000010 2
57 111110000 5
60 010111000 4
71 101001001 4

03 001110010 4
14 101010010 4
25 101011101 6
36 100110101 5
47 111100100 5
50 100010001 3
61 011101111 7
72 101010010 4

04 100000101 3
15 101000110 4
26 011110100 5
37 010010011 4
40 100000101 3
51 101000110 4
62 011110100 5
73 010010011 4

05 100010001 3
16 011101111 7
27 101010010 4
30 001110010 4
41 101010010 4
52 101011101 6
63 100110101 5
74 111100100 5

06 010111000 4
17 101001001 4
20 110110011 6
31 000100101 3
42 101001001 4
53 010011100 4
64 001000010 2
75 111110000 5

07 100011110 5
10 110101000 4
21 111100100 5
32 000111110 5
43 010001000 2
54 111101011 7
65 001010110 4
76 001011001 4

Matching output
0 absent
1 absent
2 absent
3 absent
4 absent
5 absent
6 absent
7 absent

Left
none
Best: none

Right
none
Best: none

Selecting

Lefts
Identity none
NOT none
Constant none
AND AND67 70: 2
OR none
XOR none
AND-NOT AND-NOT74: 1
OR-NOT none
XOR-NOT none

Rights
Identity none
NOT none
Constant none
AND AND60: 1
OR none
XOR none
AND-NOT AND-NOT24: 1
OR-NOT none
XOR-NOT none

Left longest: 2
Right longest: 1

Left winner: Identity no, NOT no, Constant no, AND yes, OR no, XOR no, AND-NOT no, OR-NOT no, XOR-NOT no
Right winner: Identity no, NOT no, Constant no, AND yes, OR no, XOR no, AND-NOT no, OR-NOT no, XOR-NOT no

Best left: AND67 70: 2
Best right: AND60: 1

Truncated left: AND67 70: 2
Truncated right: AND60: 1

Tentative from right
7 AND60
6 pending
5 pending
4 pending
3 pending
2 pending
1 pending
0 pending

Tentative
0 AND67
1 AND70
2 pending
3 pending
4 pending
5 pending
6 pending
7 AND60

Preferred from left
0 AND67
1 AND70
2 ?01
3 ?12
4 ?23
5 ?34
6 ?45
7 AND60

Preferred from right
7 AND60
6 ?45
5 ?34
4 ?23
3 ?12
2 ?01
1 AND70
0 AND67

Preferred
0 AND67
1 AND70
2 ?01 ?10
3 ?12 ?21
4 ?23 ?32
5 ?34 ?43
6 ?45 ?54
7 AND60

Matching
0 AND67
1 AND70
2 ?01 ?10 - Identity absent, NOT absent, Constant C0, AND absent, OR absent, XOR absent, AND-NOT absent, OR-NOT absent, XOR-NOT absent
3 ?12 ?21 - Identity absent, NOT absent, Constant C0, AND absent, OR absent, XOR absent, AND-NOT absent, OR-NOT absent, XOR-NOT absent
4 ?23 ?32 - Identity absent, NOT absent, Constant C0, AND absent, OR absent, XOR absent, AND-NOT absent, OR-NOT absent, XOR-NOT absent
5 ?34 ?43 - Identity absent, NOT absent, Constant C0, AND absent, OR absent, XOR absent, AND-NOT absent, OR-NOT absent, XOR-NOT absent
6 ?45 ?54 - Identity absent, NOT absent, Constant C0, AND absent, OR absent, XOR absent, AND-NOT54, OR-NOT absent, XOR-NOT absent
7 AND60

Perfect match
Identity no
NOT no
Constant yes
AND no
OR no
XOR no
AND-NOT no
OR-NOT no
XOR-NOT no

Matched
0 AND67
1 AND70
2 C0
3 C0
4 C0
5 C0
6 C0
7 AND60

Selected
0 AND67
1 AND70
2 C0
3 C0
4 C0
5 C0
6 C0
7 AND60

Applying to 11001110
Input
0 1
1 1
2 0
3 0
4 1
5 1
6 1
7 0
Output
0 AND67 = AND(1,0) = 0
1 AND70 = AND(0,1) = 0
2 C0 = 0
3 C0 = 0
4 C0 = 0
5 C0 = 0
6 C0 = 0
7 AND60 = AND(1,1) = 1

I will now return the answer in \boxed{}
The answer in \boxed{–} is \boxed{00000001}