We need to deduce the transformation by matching the example outputs.
I will put my final answer inside \boxed{}.

Output 0: 01111101
0 0
1 1
2 1
3 1
4 1
5 1
6 0
7 1

Output 1: 10111110
0 1
1 0
2 1
3 1
4 1
5 1
6 1
7 0

Output 2: 00001111
0 0
1 0
2 0
3 0
4 1
5 1
6 1
7 1

Output 3: 11101011
0 1
1 1
2 1
3 0
4 1
5 0
6 1
7 1

Output 4: 00111111
0 0
1 0
2 1
3 1
4 1
5 1
6 1
7 1

Output 5: 00011111
0 0
1 0
2 0
3 1
4 1
5 1
6 1
7 1

Output 6: 11010011
0 1
1 1
2 0
3 1
4 0
5 0
6 1
7 1

Output bit columns (with bitsum as hash)
0 0101001 3
1 1001001 3
2 1101100 4
3 1100111 5
4 1111110 6
5 1110110 5
6 0111111 6
7 1011111 6

Input 0: 11010100
0 1
1 1
2 0
3 1
4 0
5 1
6 0
7 0

Input 1: 11001011
0 1
1 1
2 0
3 0
4 1
5 0
6 1
7 1

Input 2: 00110000
0 0
1 0
2 1
3 1
4 0
5 0
6 0
7 0

Input 3: 10001110
0 1
1 0
2 0
3 0
4 1
5 1
6 1
7 0

Input 4: 11110011
0 1
1 1
2 1
3 1
4 0
5 0
6 1
7 1

Input 5: 00110001
0 0
1 0
2 1
3 1
4 0
5 0
6 0
7 1

Input 6: 00001101
0 0
1 0
2 0
3 0
4 1
5 1
6 0
7 1

When matching output
x: not in operator
y: wrong position

Identity
0 1101100 4 match 2
1 1100100 3
2 0010110 3
3 1010110 4
4 0101001 3 match 0
5 1001001 3 match 1
6 0101100 3
7 0100111 4

Matching output
0 4
1 5
2 0
3 absent
4 absent
5 absent
6 absent
7 absent

Left
4 5 6x
Best: I4 5: 2

Right
none
Best: none

NOT
0 0010011 3
1 0011011 4
2 1101001 4
3 0101001 3 match 0
4 1010110 4
5 0110110 4
6 1010011 4
7 1011000 3

Matching output
0 3
1 absent
2 absent
3 absent
4 absent
5 absent
6 absent
7 absent

Left
3 4x
Best: NOT3: 1

Right
none
Best: none

Constant
0 0000000 a
1 1111111 a

Matching output
0 absent
1 absent
2 absent
3 absent
4 absent
5 absent
6 absent
7 absent

Left
none
Best: none

Right
none
Best: none

AND
01 10 1100100 3
12 21 0000100 1
23 32 0010110 3
34 43 0000000 a
45 54 0001001 2
56 65 0001000 1
67 76 0100100 2
70 07 0100100 2

02 20 0000100 1
13 31 1000100 2
24 42 0000000 a
35 53 1000000 1
46 64 0101000 2
57 75 0000001 1
60 06 0101100 3
71 17 0100100 2

03 30 1000100 2
14 41 0100000 1
25 52 0000000 a
36 63 0000100 1
47 74 0100001 2
50 05 1001000 2
61 16 0100100 2
72 27 0000110 2

04 40 0101000 2
15 51 1000000 1
26 62 0000100 1
37 73 0000110 2

Matching output
0 absent
1 absent
2 absent
3 absent
4 absent
5 absent
6 absent
7 absent

Left
none
Best: none

Right
none
Best: none

OR
01 10 1101100 4 match 2
12 21 1110110 5 match 5
23 32 1010110 4
34 43 1111111 a
45 54 1101001 4
56 65 1101101 5
67 76 0101111 5
70 07 1101111 6

02 20 1111110 6 match 4
13 31 1110110 5 match 5
24 42 0111111 6 match 6
35 53 1011111 6 match 7
46 64 0101101 4
57 75 1101111 6
60 06 1101100 4 match 2
71 17 1100111 5 match 3

03 30 1111110 6 match 4
14 41 1101101 5
25 52 1011111 6 match 7
36 63 1111110 6 match 4
47 74 0101111 5
50 05 1101101 5
61 16 1101100 4 match 2
72 27 0110111 5

04 40 1101101 5
15 51 1101101 5
26 62 0111110 5
37 73 1110111 6

Matching output
0 absent
1 absent
2 01 10 60 06 61 16
3 71 17
4 02 20 03 30 36 63
5 12 21 13 31
6 24 42
7 35 53 25 52

Left
none
Best: none

Right
35 24 13 02 71 60 57x
53 42 31 20 17 06 75x
25 14x
52 41x
Best: OR35 24 13 02 71 60: 6

XOR
01 10 0001000 1
12 21 1110010 4
23 32 1000000 1
34 43 1111111 a
45 54 1100000 2
56 65 1100101 4
67 76 0001011 3
70 07 1001011 4

02 20 1111010 5
13 31 0110010 3
24 42 0111111 6 match 6
35 53 0011111 5
46 64 0000101 2
57 75 1101110 5
60 06 1000000 1
71 17 1000011 3

03 30 0111010 4
14 41 1001101 4
25 52 1011111 6 match 7
36 63 1111010 5
47 74 0001110 3
50 05 0100101 3
61 16 1001000 2
72 27 0110001 3

04 40 1000101 3
15 51 0101101 4
26 62 0111010 4
37 73 1110001 4

Matching output
0 absent
1 absent
2 absent
3 absent
4 absent
5 absent
6 24 42
7 25 52

Left
none
Best: none

Right
25 14x
52 41x
Best: XOR25: 1

AND-NOT
01 0001000 1
12 1100000 2
23 0000000 a
34 1010110 4
45 0100000 1
56 1000001 2
67 0001000 1
70 0000011 2

02 1101000 3
13 0100000 1
24 0010110 3
35 0010110 3
46 0000001 1
57 1001000 2
60 0000000 a
71 0000011 2

03 0101000 2
14 1000100 2
25 0010110 3
36 1010010 3
47 0001000 1
50 0000001 1
61 0001000 1
72 0100001 2

04 1000100 2
15 0100100 2
26 0010010 2
37 1010000 2
40 0000001 1
51 0001001 2
62 0101000 2
73 0100001 2

05 0100100 2
16 1000000 1
27 0010000 1
30 0010010 2
41 0001001 2
52 1001001 3 match 1
63 0101000 2
74 0000110 2

06 1000000 1
17 1000000 1
20 0010010 2
31 0010010 2
42 0101001 3 match 0
53 0001001 2
64 0000100 1
75 0100110 3

07 1001000 2
10 0000000 a
21 0010010 2
32 1000000 1
43 0101001 3 match 0
54 1000000 1
65 0100100 2
76 0000011 2

Matching output
0 42 43
1 52
2 absent
3 absent
4 absent
5 absent
6 absent
7 absent

Left
42 53x
43 54x
Best: AND-NOT42: 1

Right
none
Best: none

OR-NOT
01 1111111 a
12 1101101 5
23 0111111 6 match 6
34 1010110 4
45 0111111 6 match 6
56 1011011 5
67 1111100 5
70 0110111 5

02 1101101 5
13 1101101 5
24 1010110 4
35 1110110 5 match 5
46 1111011 6
57 1011001 4
60 0111111 6 match 6
71 0111111 6 match 6

03 1101101 5
14 1110110 5 match 5
25 0110110 4
36 1010111 5
47 1111001 5
50 1011011 5
61 0111111 6 match 6
72 1101111 6

04 1111110 6 match 4
15 1110110 5 match 5
26 1010111 5
37 1011110 5
40 0111011 5
51 1011011 5
62 1101101 5
73 0101111 5

05 1111110 6 match 4
16 1110111 6
27 1011110 5
30 1010111 5
41 0111011 5
52 1101001 4
63 0101101 4
74 1110111 6

06 1111111 a
17 1111100 5
20 0010111 4
31 1011111 6 match 7
42 1101001 4
53 1101001 4
64 1111110 6 match 4
75 0110111 5

07 1111100 5
10 1110111 6
21 0011111 5
32 1111111 a
43 0101001 3 match 0
54 1011111 6 match 7
65 0111110 5
76 1110111 6

Matching output
0 43
1 absent
2 absent
3 absent
4 04 05 64
5 35 14 15
6 23 45 60 71 61
7 31 54

Left
43 54y
Best: OR-NOT43: 1

Right
31 20x
54 43y
Best: OR-NOT31: 1

XOR-NOT
01 1110111 6
12 0001101 3
23 0111111 6 match 6
34 0000000 a
45 0011111 5
56 0011010 3
67 1110100 4
70 0110100 3

02 0000101 2
13 1001101 4
24 1000000 1
35 1100000 2
46 1111010 5
57 0010001 2
60 0111111 6 match 6
71 0111100 4

03 1000101 3
14 0110010 3
25 0100000 1
36 0000101 2
47 1110001 4
50 1011010 4
61 0110111 5
72 1001110 4

04 0111010 4
15 1010010 3
26 1000101 3
37 0001110 3
40 0111010 4
51 1010010 3
62 1000101 3
73 0001110 3

05 1011010 4
16 0110111 5
27 1001110 4
30 1000101 3
41 0110010 3
52 0100000 1
63 0000101 2
74 1110001 4

06 0111111 6 match 6
17 0111100 4
20 0000101 2
31 1001101 4
42 1000000 1
53 1100000 2
64 1111010 5
75 0010001 2

07 0110100 3
10 1110111 6
21 0001101 3
32 0111111 6 match 6
43 0000000 a
54 0011111 5
65 0011010 3
76 1110100 4

Matching output
0 absent
1 absent
2 absent
3 absent
4 absent
5 absent
6 23 60 06 32
7 absent

Left
none
Best: none

Right
none
Best: none

Selecting

Lefts
Identity I4 5: 2
NOT NOT3: 1
Constant none
AND none
OR none
XOR none
AND-NOT AND-NOT42: 1
OR-NOT OR-NOT43: 1
XOR-NOT none

Rights
Identity none
NOT none
Constant none
AND none
OR OR35 24 13 02 71 60: 6
XOR XOR25: 1
AND-NOT none
OR-NOT OR-NOT31: 1
XOR-NOT none

Left longest: 2
Right longest: 6

Right winner: Identity no, NOT no, Constant no, AND no, OR yes, XOR no, AND-NOT no, OR-NOT no, XOR-NOT no
Left winner: Identity yes, NOT no, Constant no, AND no, OR no, XOR no, AND-NOT no, OR-NOT no, XOR-NOT no

Best right: OR35 24 13 02 71 60: 6
Best left: I4 5: 2

Truncated right: OR35 24 13 02 71 60: 6
Truncated left: I4 5: 2

Tentative from right
7 OR35
6 OR24
5 OR13
4 OR02
3 OR71
2 OR60
1 pending
0 pending

Tentative
0 I4
1 I5
2 OR60
3 OR71
4 OR02
5 OR13
6 OR24
7 OR35

Preferred from right
7 OR35
6 OR24
5 OR13
4 OR02
3 OR71
2 OR60
1 I5
0 I4

Preferred from left
0 I4
1 I5
2 OR60
3 OR71
4 OR02
5 OR13
6 OR24
7 OR35

Preferred
0 I4
1 I5
2 OR60
3 OR71
4 OR02
5 OR13
6 OR24
7 OR35

Matching
0 I4
1 I5
2 OR60
3 OR71
4 OR02
5 OR13
6 OR24
7 OR35

Perfect match
Identity no
NOT no
Constant no
AND no
OR no
XOR no
AND-NOT no
OR-NOT no
XOR-NOT no

Matched
0 I4
1 I5
2 OR60
3 OR71
4 OR02
5 OR13
6 OR24
7 OR35

Selected
0 I4
1 I5
2 OR60
3 OR71
4 OR02
5 OR13
6 OR24
7 OR35

Applying to 01010011
Input
0 0
1 1
2 0
3 1
4 0
5 0
6 1
7 1
Output
0 I4 = 0
1 I5 = 0
2 OR60 = OR(1,0) = 1
3 OR71 = OR(1,1) = 1
4 OR02 = OR(0,0) = 0
5 OR13 = OR(1,1) = 1
6 OR24 = OR(0,0) = 0
7 OR35 = OR(1,0) = 1

I will now return the answer in \boxed{}
The answer in \boxed{–} is \boxed{00110101}