We need to deduce the transformation by matching the example outputs.
I will put my final answer inside \boxed{}.

Output 0: 01101000
0 0
1 1
2 1
3 0
4 1
5 0
6 0
7 0

Output 1: 01000001
0 0
1 1
2 0
3 0
4 0
5 0
6 0
7 1

Output 2: 01101101
0 0
1 1
2 1
3 0
4 1
5 1
6 0
7 1

Output 3: 11101000
0 1
1 1
2 1
3 0
4 1
5 0
6 0
7 0

Output 4: 11111101
0 1
1 1
2 1
3 1
4 1
5 1
6 0
7 1

Output 5: 11011010
0 1
1 1
2 0
3 1
4 1
5 0
6 1
7 0

Output 6: 11111100
0 1
1 1
2 1
3 1
4 1
5 1
6 0
7 0

Output 7: 01111010
0 0
1 1
2 1
3 1
4 1
5 0
6 1
7 0

Output 8: 10110110
0 1
1 0
2 1
3 1
4 0
5 1
6 1
7 0

Output 9: 01101100
0 0
1 1
2 1
3 0
4 1
5 1
6 0
7 0

Output bit columns (with bitsum as hash)
0 0001111010 5
1 1111111101 9
2 1011101111 8
3 0000111110 5
4 1011111101 8
5 0010101011 5
6 0000010110 3
7 0110100000 3

Input 0: 00010100
0 0
1 0
2 0
3 1
4 0
5 1
6 0
7 0

Input 1: 10100000
0 1
1 0
2 1
3 0
4 0
5 0
6 0
7 0

Input 2: 10100110
0 1
1 0
2 1
3 0
4 0
5 1
6 1
7 0

Input 3: 01110100
0 0
1 1
2 1
3 1
4 0
5 1
6 0
7 0

Input 4: 11011110
0 1
1 1
2 0
3 1
4 1
5 1
6 1
7 0

Input 5: 01001101
0 0
1 1
2 0
3 0
4 1
5 1
6 0
7 1

Input 6: 01011110
0 0
1 1
2 0
3 1
4 1
5 1
6 1
7 0

Input 7: 00110101
0 0
1 0
2 1
3 1
4 0
5 1
6 0
7 1

Input 8: 00001011
0 0
1 0
2 0
3 0
4 1
5 0
6 1
7 1

Input 9: 00110110
0 0
1 0
2 1
3 1
4 0
5 1
6 1
7 0

When matching output
x: not in operator
y: wrong position

Identity
0 0110100000 3 match 7
1 0001111000 4
2 0111000101 5
3 1001101101 6
4 0000111010 4
5 1011111101 8 match 4
6 0010101011 5 match 5
7 0000010110 3 match 6

Matching output
0 absent
1 absent
2 absent
3 absent
4 5
5 6
6 7
7 0

Left
none
Best: none

Right
0 7 6 5 4x
Best: I0 7 6 5: 4

NOT
0 1001011111 7
1 1110000111 6
2 1000111010 5
3 0110010010 4
4 1111000101 6
5 0100000010 2
6 1101010100 5
7 1111101001 7

Matching output
0 absent
1 absent
2 absent
3 absent
4 absent
5 absent
6 absent
7 absent

Left
none
Best: none

Right
none
Best: none

Constant
0 0000000000 a
1 1111111111 a

Matching output
0 absent
1 absent
2 absent
3 absent
4 absent
5 absent
6 absent
7 absent

Left
none
Best: none

Right
none
Best: none

AND
01 10 0000100000 1
12 21 0001000000 1
23 32 0001000101 3
34 43 0000101000 2
45 54 0000111000 3
56 65 0010101001 4
67 76 0000000010 1
70 07 0000000000 a

02 20 0110000000 2
13 31 0001101000 3
24 42 0000000000 a
35 53 1001101101 6
46 64 0000101010 3
57 75 0000010100 2
60 06 0010100000 2
71 17 0000010000 1

03 30 0000100000 1
14 41 0000111000 3
25 52 0011000101 4
36 63 0000101001 3
47 74 0000010010 2
50 05 0010100000 2
61 16 0000101000 2
72 27 0000000100 1

04 40 0000100000 1
15 51 0001111000 4
26 62 0010000001 2
37 73 0000000100 1

Matching output
0 absent
1 absent
2 absent
3 absent
4 absent
5 absent
6 absent
7 absent

Left
none
Best: none

Right
none
Best: none

OR
01 10 0111111000 6
12 21 0111111101 8
23 32 1111101101 8
34 43 1001111111 8
45 54 1011111111 9
56 65 1011111111 9
67 76 0010111111 7
70 07 0110110110 6

02 20 0111100101 6
13 31 1001111101 7
24 42 0111111111 9
35 53 1011111101 8 match 4
46 64 0010111011 6
57 75 1011111111 9
60 06 0110101011 6
71 17 0001111110 6

03 30 1111101101 8
14 41 0001111010 5 match 0
25 52 1111111101 9 match 1
36 63 1011101111 8 match 2
47 74 0000111110 5 match 3
50 05 1111111101 9 match 1
61 16 0011111011 7
72 27 0111010111 7

04 40 0110111010 6
15 51 1011111101 8 match 4
26 62 0111101111 8
37 73 1001111111 8

Matching output
0 14 41
1 25 52 50 05
2 36 63
3 47 74
4 35 53 15 51
5 absent
6 absent
7 absent

Left
14 25 36 47 50y
41 52 63 74 05y
Best: OR14 25 36 47: 4

Right
none
Best: none

XOR
01 10 0111011000 5
12 21 0110111101 7
23 32 1110101000 5
34 43 1001010111 6
45 54 1011000111 6
56 65 1001010110 5
67 76 0010111101 6
70 07 0110110110 6

02 20 0001100101 4
13 31 1000010101 4
24 42 0111111111 9
35 53 0010010000 2
46 64 0010010001 3
57 75 1011101011 7
60 06 0100001011 4
71 17 0001101110 5

03 30 1111001101 7
14 41 0001000010 2
25 52 1100111000 5
36 63 1011000110 5
47 74 0000101100 3
50 05 1101011101 7
61 16 0011010011 5
72 27 0111010011 6

04 40 0110011010 5
15 51 1010000101 4
26 62 0101101110 6
37 73 1001111011 7

Matching output
0 absent
1 absent
2 absent
3 absent
4 absent
5 absent
6 absent
7 absent

Left
none
Best: none

Right
none
Best: none

AND-NOT
01 0110000000 2
12 0000111000 3
23 0110000000 2
34 1001000101 4
45 0000000010 1
56 1001010100 4
67 0010101001 4
70 0000010110 3 match 6

02 0000100000 1
13 0000010000 1
24 0111000101 5
35 0000000000 a
46 0000010000 1
57 1011101001 6
60 0000001011 3
71 0000000110 2

03 0110000000 2
14 0001000000 1
25 0100000000 1
36 1001000100 3
47 0000101000 2
50 1001011101 6
61 0010000011 3
72 0000010010 2

04 0110000000 2
15 0000000000 a
26 0101000100 3
37 1001101001 5
40 0000011010 3
51 1010000101 4
62 0000101010 3
73 0000010010 2

05 0100000000 1
16 0001010000 2
27 0111000001 4
30 1001001101 5
41 0000000010 1
52 1000111000 4
63 0010000010 2
74 0000000100 1

06 0100000000 1
17 0001101000 3
20 0001000101 3
31 1000000101 3
42 0000111010 4
53 0010010000 2
64 0010000001 2
75 0000000010 1

07 0110100000 3 match 7
10 0001011000 3
21 0110000101 4
32 1000101000 3
43 0000010010 2
54 1011000101 5
65 0000000010 1
76 0000010100 2

Matching output
0 absent
1 absent
2 absent
3 absent
4 absent
5 absent
6 70
7 07

Left
none
Best: none

Right
07 76x
Best: AND-NOT07: 1

OR-NOT
01 1110100111 7
12 1001111010 6
23 0111010111 7
34 1111101101 8
45 0100111010 5
56 1111111101 9 match 1
67 1111101011 8
70 1001011111 7

02 1110111010 7
13 0111111010 7
24 1111000101 6
35 1101101111 8
46 1101111110 8
57 1111111101 9 match 1
60 1011111111 9
71 1110010111 7

03 0110110010 5
14 1111111101 9 match 1
25 0111000111 6
36 1101111101 8
47 1111111011 9
50 1011111111 9
61 1110101111 8
72 1000111110 6

04 1111100101 7
15 0101111010 6
26 1111010101 7
37 1111101101 8
40 1001111111 8
51 1111111111 a
62 1010111011 7
73 0110010110 5

05 0110100010 4
16 1101111100 7
27 1111101101 8
30 1001111111 8
41 1110111111 9
52 1011111111 9
63 0110111011 7
74 1111010111 8

06 1111110100 7
17 1111111001 8
20 1111011111 9
31 1111101111 9
42 1000111010 5
53 1111111111 a
64 1111101111 9
75 0100010110 4

07 1111101001 7
10 1001111111 8
21 1111000111 7
32 1001111111 8
43 0110111010 6
54 1111111101 9 match 1
65 0110101011 6
76 1101010110 6

Matching output
0 absent
1 56 57 14 54
2 absent
3 absent
4 absent
5 absent
6 absent
7 absent

Left
none
Best: none

Right
none
Best: none

XOR-NOT
01 1000100111 5
12 1001000010 3
23 0001010111 5
34 0110101000 4
45 0100111000 4
56 0110101001 5
67 1101000010 4
70 1001001001 4

02 1110011010 6
13 0111101010 6
24 1000000000 1
35 1101101111 8
46 1101101110 7
57 0100010100 3
60 1011110100 6
71 1110010001 5

03 0000110010 3
14 1110111101 8
25 0011000111 5
36 0100111001 5
47 1111010011 7
50 0010100010 3
61 1100101100 5
72 1000101100 4

04 1001100101 5
15 0101111010 6
26 1010010001 4
37 0110000100 3
40 1001100101 5
51 0101111010 6
62 1010010001 4
73 0110000100 3

05 0010100010 3
16 1100101100 5
27 1000101100 4
30 0000110010 3
41 1110111101 8
52 0011000111 5
63 0100111001 5
74 1111010011 7

06 1011110100 6
17 1110010001 5
20 1110011010 6
31 0111101010 6
42 1000000000 1
53 1101101111 8
64 1101101110 7
75 0100010100 3

07 1001001001 4
10 1000100111 5
21 1001000010 3
32 0001010111 5
43 0110101000 4
54 0100111000 4
65 0110101001 5
76 1101000010 4

Matching output
0 absent
1 absent
2 absent
3 absent
4 absent
5 absent
6 absent
7 absent

Left
none
Best: none

Right
none
Best: none

Selecting

Lefts
Identity none
NOT none
Constant none
AND none
OR OR14 25 36 47: 4
XOR none
AND-NOT none
OR-NOT none
XOR-NOT none

Rights
Identity I0 7 6 5: 4
NOT none
Constant none
AND none
OR none
XOR none
AND-NOT AND-NOT07: 1
OR-NOT none
XOR-NOT none

Left longest: 4
Right longest: 4

Left winner: Identity no, NOT no, Constant no, AND no, OR yes, XOR no, AND-NOT no, OR-NOT no, XOR-NOT no
Right winner: Identity yes, NOT no, Constant no, AND no, OR no, XOR no, AND-NOT no, OR-NOT no, XOR-NOT no

Best left: OR14 25 36 47: 4
Best right: I0 7 6 5: 4

Truncated left: OR14 25 36 47: 4
Truncated right: I0 7 6 5: 4

Tentative from right
7 I0
6 I7
5 I6
4 I5
3 pending
2 pending
1 pending
0 pending

Tentative
0 OR14
1 OR25
2 OR36
3 OR47
4 I5
5 I6
6 I7
7 I0

Preferred from left
0 OR14
1 OR25
2 OR36
3 OR47
4 I5
5 I6
6 I7
7 I0

Preferred from right
7 I0
6 I7
5 I6
4 I5
3 OR47
2 OR36
1 OR25
0 OR14

Preferred
0 OR14
1 OR25
2 OR36
3 OR47
4 I5
5 I6
6 I7
7 I0

Matching
0 OR14
1 OR25
2 OR36
3 OR47
4 I5
5 I6
6 I7
7 I0

Perfect match
Identity no
NOT no
Constant no
AND no
OR no
XOR no
AND-NOT no
OR-NOT no
XOR-NOT no

Matched
0 OR14
1 OR25
2 OR36
3 OR47
4 I5
5 I6
6 I7
7 I0

Selected
0 OR14
1 OR25
2 OR36
3 OR47
4 I5
5 I6
6 I7
7 I0

Applying to 10110101
Input
0 1
1 0
2 1
3 1
4 0
5 1
6 0
7 1
Output
0 OR14 = OR(0,0) = 0
1 OR25 = OR(1,1) = 1
2 OR36 = OR(1,0) = 1
3 OR47 = OR(0,1) = 1
4 I5 = 1
5 I6 = 0
6 I7 = 1
7 I0 = 1

I will now return the answer in \boxed{}
The answer in \boxed{–} is \boxed{01111011}