We need to deduce the transformation by matching the example outputs.
I will put my final answer inside \boxed{}.

Output 0: 11000011
0 1
1 1
2 0
3 0
4 0
5 0
6 1
7 1

Output 1: 10000010
0 1
1 0
2 0
3 0
4 0
5 0
6 1
7 0

Output 2: 01011101
0 0
1 1
2 0
3 1
4 1
5 1
6 0
7 1

Output 3: 10101000
0 1
1 0
2 1
3 0
4 1
5 0
6 0
7 0

Output 4: 11110001
0 1
1 1
2 1
3 1
4 0
5 0
6 0
7 1

Output 5: 00001000
0 0
1 0
2 0
3 0
4 1
5 0
6 0
7 0

Output 6: 10010111
0 1
1 0
2 0
3 1
4 0
5 1
6 1
7 1

Output 7: 01111001
0 0
1 1
2 1
3 1
4 1
5 0
6 0
7 1

Output 8: 00111001
0 0
1 0
2 1
3 1
4 1
5 0
6 0
7 1

Output bit columns (with bitsum as hash)
0 110110100 5
1 101010010 4
2 000110011 4
3 001010111 5
4 001101011 5
5 001000100 2
6 110000100 3
7 101010111 6

Input 0: 01101100
0 0
1 1
2 1
3 0
4 1
5 1
6 0
7 0

Input 1: 01001000
0 0
1 1
2 0
3 0
4 1
5 0
6 0
7 0

Input 2: 10111001
0 1
1 0
2 1
3 1
4 1
5 0
6 0
7 1

Input 3: 11001101
0 1
1 1
2 0
3 0
4 1
5 1
6 0
7 1

Input 4: 01110110
0 0
1 1
2 1
3 1
4 0
5 1
6 1
7 0

Input 5: 10010110
0 1
1 0
2 0
3 1
4 0
5 1
6 1
7 0

Input 6: 11010001
0 1
1 1
2 0
3 1
4 0
5 0
6 0
7 1

Input 7: 10101001
0 1
1 0
2 1
3 0
4 1
5 0
6 0
7 1

Input 8: 00011111
0 0
1 0
2 0
3 1
4 1
5 1
6 1
7 1

When matching output
x: not in operator
y: wrong position

Identity
0 001101110 5
1 110110100 5 match 0
2 101010010 4 match 1
3 001011101 5
4 111100011 6
5 100111001 5
6 000011001 3
7 001100111 5

Matching output
0 1
1 2
2 absent
3 absent
4 absent
5 absent
6 absent
7 absent

Left
1 2 3x
Best: I1 2: 2

Right
none
Best: none

NOT
0 110010001 4
1 001001011 4
2 010101101 5
3 110100010 4
4 000011100 3
5 011000110 4
6 111100110 6
7 110011000 4

Matching output
0 absent
1 absent
2 absent
3 absent
4 absent
5 absent
6 absent
7 absent

Left
none
Best: none

Right
none
Best: none

Constant
0 000000000 a
1 111111111 a

Matching output
0 absent
1 absent
2 absent
3 absent
4 absent
5 absent
6 absent
7 absent

Left
none
Best: none

Right
none
Best: none

AND
01 10 000100100 2
12 21 100010000 2
23 32 001010000 2
34 43 001000001 2
45 54 100100001 3
56 65 000011001 3
67 76 000000001 1
70 07 001100110 4

02 20 001000010 2
13 31 000010100 2
24 42 101000010 3
35 53 000011001 3
46 64 000000001 1
57 75 000100001 2
60 06 000001000 1
71 17 000100100 2

03 30 001001100 3
14 41 110100000 3
25 52 100010000 2
36 63 000011001 3
47 74 001100011 4
50 05 000101000 2
61 16 000010000 1
72 27 001000010 2

04 40 001100010 3
15 51 100110000 3
26 62 000010000 1
37 73 001000101 3

Matching output
0 absent
1 absent
2 absent
3 absent
4 absent
5 absent
6 absent
7 absent

Left
none
Best: none

Right
none
Best: none

OR
01 10 111111110 8
12 21 111110110 7
23 32 101011111 7
34 43 111111111 a
45 54 111111011 8
56 65 100111001 5
67 76 001111111 7
70 07 001101111 6

02 20 101111110 7
13 31 111111101 8
24 42 111110011 7
35 53 101111101 7
46 64 111111011 8
57 75 101111111 8
60 06 001111111 7
71 17 111110111 8

03 30 001111111 7
14 41 111110111 8
25 52 101111011 7
36 63 001011101 5
47 74 111100111 7
50 05 101111111 8
61 16 110111101 7
72 27 101110111 7

04 40 111101111 8
15 51 110111101 7
26 62 101011011 6
37 73 001111111 7

Matching output
0 absent
1 absent
2 absent
3 absent
4 absent
5 absent
6 absent
7 absent

Left
none
Best: none

Right
none
Best: none

XOR
01 10 111011010 6
12 21 011100110 5
23 32 100001111 5
34 43 110111110 7
45 54 011011010 5
56 65 100100000 2
67 76 001111110 6
70 07 000001001 2

02 20 100111100 5
13 31 111101001 6
24 42 010110001 4
35 53 101100100 4
46 64 111111010 7
57 75 101011110 6
60 06 001110111 6
71 17 111010011 6

03 30 000110011 4 match 2
14 41 001010111 5 match 3
25 52 001101011 5 match 4
36 63 001000100 2 match 5
47 74 110000100 3 match 6
50 05 101010111 6 match 7
61 16 110101101 6
72 27 100110101 5

04 40 110001101 5
15 51 010001101 4
26 62 101001011 5
37 73 000111010 4

Matching output
0 absent
1 absent
2 03 30
3 14 41
4 25 52
5 36 63
6 47 74
7 50 05

Left
none
Best: none

Right
50 47 36 25 14 03 72x
05 74 63 52 41 30 27x
Best: XOR50 47 36 25 14 03: 6

AND-NOT
01 001001010 3
12 010100100 3
23 100000010 2
34 000011100 3
45 011000010 3
56 100100000 2
67 000011000 2
70 000000001 1

02 000101100 3
13 110100000 3
24 000010000 1
35 001000100 2 match 5
46 111100010 5
57 100011000 3
60 000010001 2
71 001000011 3

03 000100010 2
14 000010100 2
25 001000010 2
36 001000100 2 match 5
47 110000000 2
50 100010001 3
61 000001001 2
72 000100101 3

04 000001100 2
15 010000100 2
26 101000010 3
37 000011000 2
40 110000001 3
51 000001001 2
62 000001001 2
73 000100010 2

05 001000110 3
16 110100100 4
27 100010000 2
30 000010001 2
41 001000011 3
52 000101001 3
63 000000000 a
74 000000100 1

06 001100110 4
17 110010000 3
20 100010000 2
31 001001001 3
42 010100001 3
53 100100000 2
64 000011000 2
75 001000110 3

07 000001000 1
10 110010000 3
21 001000010 2
32 000001101 3
43 110100010 4
54 000011000 2
65 000000000 a
76 001100110 4

Matching output
0 absent
1 absent
2 absent
3 absent
4 absent
5 35 36
6 absent
7 absent

Left
none
Best: none

Right
none
Best: none

OR-NOT
01 001101111 6
12 110111101 7
23 111110010 6
34 001011101 5
45 111100111 7
56 111111111 a
67 110011001 5
70 111110111 8

02 011101111 7
13 110110110 6
24 101011110 6
35 011011111 7
46 111100111 7
57 110111001 6
60 110011001 5
71 001101111 6

03 111101110 7
14 110111100 6
25 111010110 6
36 111111111 a
47 111111011 8
50 110111001 6
61 001011011 5
72 011101111 7

04 001111110 6
15 111110110 7
26 111110110 7
37 111011101 7
40 111110011 7
51 101111011 7
62 010111101 6
73 111100111 7

05 011101110 6
16 111110110 7
27 111011010 6
30 111011101 7
41 111101011 7
52 110111101 7
63 110111011 7
74 001111111 7

06 111101110 7
17 110111100 6
20 111010011 6
31 001011111 6
42 111101111 8
53 110111011 7
64 000011101 4
75 011100111 6

07 111111110 8
10 110110101 6
21 101011011 6
32 011111101 7
43 111100011 6
54 100111101 6
65 011011111 7
76 111100111 7

Matching output
0 absent
1 absent
2 absent
3 absent
4 absent
5 absent
6 absent
7 absent

Left
none
Best: none

Right
none
Best: none

XOR-NOT
01 000100101 3
12 100011001 4
23 011110000 4
34 001000001 2
45 100100101 4
56 011011111 7
67 110000001 3
70 111110110 7

02 011000011 4
13 000010110 3
24 101001110 5
35 010011011 5
46 000000101 2
57 010100001 3
60 110001000 3
71 000101100 3

03 111001100 5
14 110101000 4
25 110010100 4
36 110111011 7
47 001111011 6
50 010101000 3
61 001010010 3
72 011001010 4

04 001110010 4
15 101110010 5
26 010110100 4
37 111000101 5
40 001110010 4
51 101110010 5
62 010110100 4
73 111000101 5

05 010101000 3
16 001010010 3
27 011001010 4
30 111001100 5
41 110101000 4
52 110010100 4
63 110111011 7
74 001111011 6

06 110001000 3
17 000101100 3
20 011000011 4
31 000010110 3
42 101001110 5
53 010011011 5
64 000000101 2
75 010100001 3

07 111110110 7
10 000100101 3
21 100011001 4
32 011110000 4
43 001000001 2
54 100100101 4
65 011011111 7
76 110000001 3

Matching output
0 absent
1 absent
2 absent
3 absent
4 absent
5 absent
6 absent
7 absent

Left
none
Best: none

Right
none
Best: none

Selecting

Lefts
Identity I1 2: 2
NOT none
Constant none
AND none
OR none
XOR none
AND-NOT none
OR-NOT none
XOR-NOT none

Rights
Identity none
NOT none
Constant none
AND none
OR none
XOR XOR50 47 36 25 14 03: 6
AND-NOT none
OR-NOT none
XOR-NOT none

Left longest: 2
Right longest: 6

Right winner: Identity no, NOT no, Constant no, AND no, OR no, XOR yes, AND-NOT no, OR-NOT no, XOR-NOT no
Left winner: Identity yes, NOT no, Constant no, AND no, OR no, XOR no, AND-NOT no, OR-NOT no, XOR-NOT no

Best right: XOR50 47 36 25 14 03: 6
Best left: I1 2: 2

Truncated right: XOR50 47 36 25 14 03: 6
Truncated left: I1 2: 2

Tentative from right
7 XOR50
6 XOR47
5 XOR36
4 XOR25
3 XOR14
2 XOR03
1 pending
0 pending

Tentative
0 I1
1 I2
2 XOR03
3 XOR14
4 XOR25
5 XOR36
6 XOR47
7 XOR50

Preferred from right
7 XOR50
6 XOR47
5 XOR36
4 XOR25
3 XOR14
2 XOR03
1 I2
0 I1

Preferred from left
0 I1
1 I2
2 XOR03
3 XOR14
4 XOR25
5 XOR36
6 XOR47
7 XOR50

Preferred
0 I1
1 I2
2 XOR03
3 XOR14
4 XOR25
5 XOR36
6 XOR47
7 XOR50

Matching
0 I1
1 I2
2 XOR03
3 XOR14
4 XOR25
5 XOR36
6 XOR47
7 XOR50

Perfect match
Identity no
NOT no
Constant no
AND no
OR no
XOR no
AND-NOT no
OR-NOT no
XOR-NOT no

Matched
0 I1
1 I2
2 XOR03
3 XOR14
4 XOR25
5 XOR36
6 XOR47
7 XOR50

Selected
0 I1
1 I2
2 XOR03
3 XOR14
4 XOR25
5 XOR36
6 XOR47
7 XOR50

Applying to 11110010
Input
0 1
1 1
2 1
3 1
4 0
5 0
6 1
7 0
Output
0 I1 = 1
1 I2 = 1
2 XOR03 = XOR(1,1) = 0
3 XOR14 = XOR(1,0) = 1
4 XOR25 = XOR(1,0) = 1
5 XOR36 = XOR(1,1) = 0
6 XOR47 = XOR(0,0) = 0
7 XOR50 = XOR(0,1) = 1

I will now return the answer in \boxed{}
The answer in \boxed{–} is \boxed{11011001}