We need to deduce the transformation by matching the example outputs.
I will put my final answer inside \boxed{}.

Output 0: 10000001
0 1
1 0
2 0
3 0
4 0
5 0
6 0
7 1

Output 1: 11000000
0 1
1 1
2 0
3 0
4 0
5 0
6 0
7 0

Output 2: 10000000
0 1
1 0
2 0
3 0
4 0
5 0
6 0
7 0

Output 3: 00010000
0 0
1 0
2 0
3 1
4 0
5 0
6 0
7 0

Output 4: 00100001
0 0
1 0
2 1
3 0
4 0
5 0
6 0
7 1

Output 5: 01010000
0 0
1 1
2 0
3 1
4 0
5 0
6 0
7 0

Output 6: 00110010
0 0
1 0
2 1
3 1
4 0
5 0
6 1
7 0

Output bit columns (with bitsum as hash)
0 1110000 3
1 0100010 2
2 0000101 2
3 0001011 3
4 0000000 a
5 0000000 a
6 0000001 1
7 1000100 2

Input 0: 01011000
0 0
1 1
2 0
3 1
4 1
5 0
6 0
7 0

Input 1: 10011100
0 1
1 0
2 0
3 1
4 1
5 1
6 0
7 0

Input 2: 01101000
0 0
1 1
2 1
3 0
4 1
5 0
6 0
7 0

Input 3: 01100001
0 0
1 1
2 1
3 0
4 0
5 0
6 0
7 1

Input 4: 01010010
0 0
1 1
2 0
3 1
4 0
5 0
6 1
7 0

Input 5: 00100101
0 0
1 0
2 1
3 0
4 0
5 1
6 0
7 1

Input 6: 10110011
0 1
1 0
2 1
3 1
4 0
5 0
6 1
7 1

When matching output
x: not in operator
y: wrong position

Identity
0 0100001 2
1 1011100 4
2 0011011 4
3 1100101 4
4 1110000 3 match 0
5 0100010 2 match 1
6 0000101 2 match 2
7 0001011 3 match 3

Matching output
0 4
1 5
2 6
3 7
4 absent
5 absent
6 absent
7 absent

Left
4 5 6 7 0x
Best: I4 5 6 7: 4

Right
none
Best: none

NOT
0 1011110 5
1 0100011 3
2 1100100 3
3 0011010 3
4 0001111 4
5 1011101 5
6 1111010 5
7 1110100 4

Matching output
0 absent
1 absent
2 absent
3 absent
4 absent
5 absent
6 absent
7 absent

Left
none
Best: none

Right
none
Best: none

Constant
0 0000000 a match 4 5
1 1111111 a

Matching output
0 absent
1 absent
2 absent
3 absent
4 C0
5 C0
6 absent
7 absent

Left
none
Best: none

Right
none
Best: none

AND
01 10 0000000 a match 4 5
12 21 0011000 2
23 32 0000001 1 match 6
34 43 1100000 2
45 54 0100000 1
56 65 0000000 a match 4 5
67 76 0000001 1 match 6
70 07 0000001 1 match 6

02 20 0000001 1 match 6
13 31 1000100 2 match 7
24 42 0010000 1
35 53 0100000 1
46 64 0000000 a match 4 5
57 75 0000010 1
60 06 0000001 1 match 6
71 17 0001000 1

03 30 0100001 2
14 41 1010000 2
25 52 0000010 1
36 63 0000101 2 match 2
47 74 0000000 a match 4 5
50 05 0100000 1
61 16 0000100 1
72 27 0001011 3 match 3

04 40 0100000 1
15 51 0000000 a match 4 5
26 62 0000001 1 match 6
37 73 0000001 1 match 6

Matching output
0 absent
1 absent
2 36 63
3 72 27
4 01 10 56 65 46 64 47 74 15 51
5 01 10 56 65 46 64 47 74 15 51
6 23 32 67 76 70 07 02 20 60 06 26 62 37 73
7 13 31

Left
none
Best: none

Right
13 02 71x
31 20 17x
Best: AND13 02: 2

OR
01 10 1111101 6
12 21 1011111 6
23 32 1111111 a
34 43 1110101 5
45 54 1110010 4
56 65 0100111 4
67 76 0001111 4
70 07 0101011 4

02 20 0111011 5
13 31 1111101 6
24 42 1111011 6
35 53 1100111 5
46 64 1110101 5
57 75 0101011 4
60 06 0100101 3
71 17 1011111 6

03 30 1100101 4
14 41 1111100 5
25 52 0111011 5
36 63 1100101 4
47 74 1111011 6
50 05 0100011 3
61 16 1011101 5
72 27 0011011 4

04 40 1110001 4
15 51 1111110 6
26 62 0011111 5
37 73 1101111 6

Matching output
0 absent
1 absent
2 absent
3 absent
4 absent
5 absent
6 absent
7 absent

Left
none
Best: none

Right
none
Best: none

XOR
01 10 1111101 6
12 21 1000111 4
23 32 1111110 6
34 43 0010101 3
45 54 1010010 3
56 65 0100111 4
67 76 0001110 3
70 07 0101010 3

02 20 0111010 4
13 31 0111001 4
24 42 1101011 5
35 53 1000111 4
46 64 1110101 5
57 75 0101001 3
60 06 0100100 2
71 17 1010111 5

03 30 1000100 2 match 7
14 41 0101100 3
25 52 0111001 4
36 63 1100000 2
47 74 1111011 6
50 05 0000011 2
61 16 1011001 4
72 27 0010000 1

04 40 1010001 3
15 51 1111110 6
26 62 0011110 4
37 73 1101110 5

Matching output
0 absent
1 absent
2 absent
3 absent
4 absent
5 absent
6 absent
7 03 30

Left
none
Best: none

Right
03 72x
30 27x
Best: XOR03: 1

AND-NOT
01 0100001 2
12 1000100 2 match 7
23 0011010 3
34 0000101 2 match 2
45 1010000 2
56 0100010 2 match 1
67 0000100 1
70 0001010 2

02 0100000 1
13 0011000 2
24 0001011 3 match 3
35 1000101 3
46 1110000 3 match 0
57 0100000 1
60 0000100 1
71 0000011 2

03 0000000 a match 4 5
14 0001100 2
25 0011001 3
36 1100000 2
47 1110000 3 match 0
50 0000010 1
61 0000001 1 match 6
72 0000000 a match 4 5

04 0000001 1 match 6
15 1011100 4
26 0011010 3
37 1100100 3
40 1010000 2
51 0100010 2 match 1
62 0000100 1
73 0001010 2

05 0000001 1 match 6
16 1011000 3
27 0010000 1
30 1000100 2 match 7
41 0100000 1
52 0100000 1
63 0000000 a match 4 5
74 0001011 3 match 3

06 0100000 1
17 1010100 3
20 0011010 3
31 0100001 2
42 1100000 2
53 0000010 1
64 0000101 2 match 2
75 0001001 2

07 0100000 1
10 1011100 4
21 0000011 2
32 1100100 3
43 0010000 1
54 0000010 1
65 0000101 2 match 2
76 0001010 2

Matching output
0 46 47
1 56 51
2 34 64 65
3 24 74
4 03 72 63
5 03 72 63
6 61 04 05
7 12 30

Left
46 57x
47 50x
Best: AND-NOT46: 1

Right
12 01x
30 27x
Best: AND-NOT12: 1

OR-NOT
01 0100011 3
12 1111100 5
23 0011011 4
34 1101111 6
45 1111101 6
56 1111010 5
67 1110101 5
70 1011111 6

02 1100101 4
13 1011110 5
24 0011111 5
35 1111101 6
46 1111010 5
57 1110110 5
60 1011111 6
71 0101011 4

03 0111011 5
14 1011111 6
25 1011111 6
36 1111111 a
47 1110100 4
50 1111110 6
61 0100111 4
72 1101111 6

04 0101111 5
15 1011101 5
26 1111011 6
37 1110101 5
40 1111110 6
51 0100011 3
62 1100101 4
73 0011011 4

05 1111101 6
16 1111110 6
27 1111111 a
30 1111111 a
41 1110011 5
52 1100110 4
63 0011111 5
74 0001111 4

06 1111011 6
17 1111100 5
20 1011111 6
31 1100111 5
42 1110100 4
53 0111010 4
64 0001111 4
75 1011111 6

07 1110101 5
10 1011110 5
21 0111011 5
32 1100101 4
43 1111010 5
54 0101111 5
65 1011101 5
76 1111011 6

Matching output
0 absent
1 absent
2 absent
3 absent
4 absent
5 absent
6 absent
7 absent

Left
none
Best: none

Right
none
Best: none

XOR-NOT
01 0000010 1
12 0111000 3
23 0000001 1 match 6
34 1101010 4
45 0101101 4
56 1011000 3
67 1110001 4
70 1010101 4

02 1000101 3
13 1000110 3
24 0010100 2
35 0111000 3
46 0001010 2
57 1010110 4
60 1011011 5
71 0101000 2

03 0111011 5
14 1010011 4
25 1000110 3
36 0011111 5
47 0000100 1
50 1111100 5
61 0100110 3
72 1101111 6

04 0101110 4
15 0000001 1 match 6
26 1100001 3
37 0010001 2
40 0101110 4
51 0000001 1 match 6
62 1100001 3
73 0010001 2

05 1111100 5
16 0100110 3
27 1101111 6
30 0111011 5
41 1010011 4
52 1000110 3
63 0011111 5
74 0000100 1

06 1011011 5
17 0101000 2
20 1000101 3
31 1000110 3
42 0010100 2
53 0111000 3
64 0001010 2
75 1010110 4

07 1010101 4
10 0000010 1
21 0111000 3
32 0000001 1 match 6
43 1101010 4
54 0101101 4
65 1011000 3
76 1110001 4

Matching output
0 absent
1 absent
2 absent
3 absent
4 absent
5 absent
6 23 15 51 32
7 absent

Left
none
Best: none

Right
none
Best: none

Selecting

Lefts
Identity I4 5 6 7: 4
NOT none
Constant none
AND none
OR none
XOR none
AND-NOT AND-NOT46: 1
OR-NOT none
XOR-NOT none

Rights
Identity none
NOT none
Constant none
AND AND13 02: 2
OR none
XOR XOR03: 1
AND-NOT AND-NOT12: 1
OR-NOT none
XOR-NOT none

Left longest: 4
Right longest: 2

Left winner: Identity yes, NOT no, Constant no, AND no, OR no, XOR no, AND-NOT no, OR-NOT no, XOR-NOT no
Right winner: Identity no, NOT no, Constant no, AND yes, OR no, XOR no, AND-NOT no, OR-NOT no, XOR-NOT no

Best left: I4 5 6 7: 4
Best right: AND13 02: 2

Truncated left: I4 5 6 7: 4
Truncated right: AND13 02: 2

Tentative from right
7 AND13
6 AND02
5 pending
4 pending
3 pending
2 pending
1 pending
0 pending

Tentative
0 I4
1 I5
2 I6
3 I7
4 pending
5 pending
6 AND02
7 AND13

Preferred from left
0 I4
1 I5
2 I6
3 I7
4 ?0?
5 ?1?
6 AND02
7 AND13

Preferred from right
7 AND13
6 AND02
5 ?1?
4 ?0?
3 I7
2 I6
1 I5
0 I4

Preferred
0 I4
1 I5
2 I6
3 I7
4 ?0?
5 ?1?
6 AND02
7 AND13

Matching
0 I4
1 I5
2 I6
3 I7
4 ?0? - Identity absent, NOT absent, Constant C0, AND01, OR absent, XOR absent, AND-NOT03, OR-NOT absent, XOR-NOT absent
5 ?1? - Identity absent, NOT absent, Constant C0, AND10, OR absent, XOR absent, AND-NOT absent, OR-NOT absent, XOR-NOT absent
6 AND02
7 AND13

Perfect match
Identity no
NOT no
Constant yes
AND no
OR no
XOR no
AND-NOT no
OR-NOT no
XOR-NOT no

Matched
0 I4
1 I5
2 I6
3 I7
4 C0
5 C0
6 AND02
7 AND13

Selected
0 I4
1 I5
2 I6
3 I7
4 C0
5 C0
6 AND02
7 AND13

Applying to 00001100
Input
0 0
1 0
2 0
3 0
4 1
5 1
6 0
7 0
Output
0 I4 = 1
1 I5 = 1
2 I6 = 0
3 I7 = 0
4 C0 = 0
5 C0 = 0
6 AND02 = AND(0,0) = 0
7 AND13 = AND(0,0) = 0

I will now return the answer in \boxed{}
The answer in \boxed{–} is \boxed{11000000}