We need to deduce the transformation by matching the example outputs.
I will put my final answer inside \boxed{}.

Output 0: 11101001
0 1
1 1
2 1
3 0
4 1
5 0
6 0
7 1

Output 1: 11001001
0 1
1 1
2 0
3 0
4 1
5 0
6 0
7 1

Output 2: 11001011
0 1
1 1
2 0
3 0
4 1
5 0
6 1
7 1

Output 3: 10010101
0 1
1 0
2 0
3 1
4 0
5 1
6 0
7 1

Output 4: 01100000
0 0
1 1
2 1
3 0
4 0
5 0
6 0
7 0

Output 5: 10010001
0 1
1 0
2 0
3 1
4 0
5 0
6 0
7 1

Output 6: 11111111
0 1
1 1
2 1
3 1
4 1
5 1
6 1
7 1

Output 7: 11011001
0 1
1 1
2 0
3 1
4 1
5 0
6 0
7 1

Output 8: 01101010
0 0
1 1
2 1
3 0
4 1
5 0
6 1
7 0

Output 9: 00001100
0 0
1 0
2 0
3 0
4 1
5 1
6 0
7 0

Output bit columns (with bitsum as hash)
0 1111011100 7
1 1110101110 7
2 1000101010 4
3 0001011100 4
4 1110001111 7
5 0001001001 3
6 0010001010 3
7 1111011100 7

Input 0: 00111010
0 0
1 0
2 1
3 1
4 1
5 0
6 1
7 0

Input 1: 00110010
0 0
1 0
2 1
3 1
4 0
5 0
6 1
7 0

Input 2: 01110010
0 0
1 1
2 1
3 1
4 0
5 0
6 1
7 0

Input 3: 00100101
0 0
1 0
2 1
3 0
4 0
5 1
6 0
7 1

Input 4: 00011000
0 0
1 0
2 0
3 1
4 1
5 0
6 0
7 0

Input 5: 10100101
0 1
1 0
2 1
3 0
4 0
5 1
6 0
7 1

Input 6: 01111111
0 0
1 1
2 1
3 1
4 1
5 1
6 1
7 1

Input 7: 00110110
0 0
1 0
2 1
3 1
4 0
5 1
6 1
7 0

Input 8: 01011010
0 0
1 1
2 0
3 1
4 1
5 0
6 1
7 0

Input 9: 10000010
0 1
1 0
2 0
3 0
4 0
5 0
6 1
7 0

When matching output
x: not in operator
y: wrong position

Identity
0 0000010001 2
1 0010001010 3 match 6
2 1111011100 7 match 0 7
3 1110101110 7 match 1
4 1000101010 4 match 2
5 0001011100 4 match 3
6 1110001111 7 match 4
7 0001011000 3

Matching output
0 2
1 3
2 4
3 5
4 6
5 absent
6 1
7 2

Left
2 3 4 5 6 7x
Best: I2 3 4 5 6: 5

Right
2 1 0x
Best: I2 1: 2

NOT
0 1111101110 8
1 1101110101 7
2 0000100011 3
3 0001010001 3
4 0111010101 6
5 1110100011 6
6 0001110000 3
7 1110100111 7

Matching output
0 absent
1 absent
2 absent
3 absent
4 absent
5 absent
6 absent
7 absent

Left
none
Best: none

Right
none
Best: none

Constant
0 0000000000 a
1 1111111111 a

Matching output
0 absent
1 absent
2 absent
3 absent
4 absent
5 absent
6 absent
7 absent

Left
none
Best: none

Right
none
Best: none

AND
01 10 0000000000 a
12 21 0010001000 2
23 32 1110001100 5
34 43 1000101010 4 match 2
45 54 0000001000 1
56 65 0000001100 2
67 76 0000001000 1
70 07 0000010000 1

02 20 0000010000 1
13 31 0010001010 3 match 6
24 42 1000001000 2
35 53 0000001100 2
46 64 1000001010 3
57 75 0001011000 3
60 06 0000000001 1
71 17 0000001000 1

03 30 0000000000 a
14 41 0000001010 2
25 52 0001011100 4 match 3
36 63 1110001110 6
47 74 0000001000 1
50 05 0000010000 1
61 16 0010001010 3 match 6
72 27 0001011000 3

04 40 0000000000 a
15 51 0000001000 1
26 62 1110001100 5
37 73 0000001000 1

Matching output
0 absent
1 absent
2 34 43
3 25 52
4 absent
5 absent
6 13 31 61 16
7 absent

Left
none
Best: none

Right
none
Best: none

OR
01 10 0010011011 5
12 21 1111011110 8
23 32 1111111110 9
34 43 1110101110 7 match 1
45 54 1001111110 7
56 65 1111011111 9
67 76 1111011111 9
70 07 0001011001 4

02 20 1111011101 8
13 31 1110101110 7 match 1
24 42 1111111110 9
35 53 1111111110 9
46 64 1110101111 8
57 75 0001011100 4 match 3
60 06 1110011111 8
71 17 0011011010 5

03 30 1110111111 9
14 41 1010101010 5
25 52 1111011100 7 match 0 7
36 63 1110101111 8
47 74 1001111010 6
50 05 0001011101 5
61 16 1110001111 7 match 4
72 27 1111011100 7 match 0 7

04 40 1000111011 6
15 51 0011011110 6
26 62 1111011111 9
37 73 1111111110 9

Matching output
0 25 52 72 27
1 34 43 13 31
2 absent
3 57 75
4 61 16
5 absent
6 absent
7 25 52 72 27

Left
25 36x
52 63x
72 03x
27 30x
Best: OR25: 1

Right
25 14x
52 41x
72 61y
27 16y
Best: OR25: 1

XOR
01 10 0010011011 5
12 21 1101010110 6
23 32 0001110010 4
34 43 0110000100 3
45 54 1001110110 6
56 65 1111010011 7
67 76 1111010111 8
70 07 0001001001 3 match 5

02 20 1111001101 7
13 31 1100100100 4
24 42 0111110110 7
35 53 1111110010 7
46 64 0110100101 5
57 75 0000000100 1
60 06 1110011110 7
71 17 0011010010 4

03 30 1110111111 9
14 41 1010100000 3
25 52 1110000000 3
36 63 0000100001 2
47 74 1001110010 5
50 05 0001001101 4
61 16 1100000101 4
72 27 1110000100 4

04 40 1000111011 6
15 51 0011010110 5
26 62 0001010011 4
37 73 1111110110 8

Matching output
0 absent
1 absent
2 absent
3 absent
4 absent
5 70 07
6 absent
7 absent

Left
none
Best: none

Right
none
Best: none

AND-NOT
01 0000010001 2
12 0000000010 1
23 0001010000 2
34 0110000100 3
45 1000100010 3
56 0001010000 2
67 1110000111 6
70 0001001000 2

02 0000000001 1
13 0000000000 a
24 0111010100 5
35 1110100010 5
46 0000100000 1
57 0000000100 1
60 1110001110 6
71 0001010000 2

03 0000010001 2
14 0010000000 1
25 1110000000 3
36 0000100000 1
47 1000100010 3
50 0001001100 3
61 1100000101 4
72 0000000000 a

04 0000010001 2
15 0010000010 2
26 0001010000 2
37 1110100110 6
40 1000101010 4 match 2
51 0001010100 3
62 0000000011 2
73 0001010000 2

05 0000000001 1
16 0000000000 a
27 1110000100 4
30 1110101110 7 match 1
41 1000100000 2
52 0000000000 a
63 0000000001 1
74 0001010000 2

06 0000010000 1
17 0010000010 2
20 1111001100 6
31 1100100100 4
42 0000100010 2
53 0001010000 2
64 0110000101 4
75 0000000000 a

07 0000000001 1
10 0010001010 3 match 6
21 1101010100 5
32 0000100010 2
43 0000000000 a
54 0001010100 3
65 1110000011 5
76 0001010000 2

Matching output
0 absent
1 30
2 40
3 absent
4 absent
5 absent
6 10
7 absent

Left
none
Best: none

Right
none
Best: none

OR-NOT
01 1101110101 7
12 0010101011 5
23 1111011101 8
34 1111111111 a
45 1110101011 7
56 0001111100 5
67 1110101111 8
70 1111111110 9

02 0000110011 4
13 0011011011 6
24 1111011101 8
35 1110101111 8
46 1001111010 6
57 1111111111 a
60 1111101111 9
71 1101111101 8

03 0001010001 3
14 0111011111 8
25 1111111111 a
36 1111111110 9
47 1110101111 8
50 1111111110 9
61 1111111111 a
72 0001111011 6

04 0111010101 6
15 1110101011 7
26 1111111100 8
37 1110101111 8
40 1111101110 8
51 1101111101 8
62 1110101111 8
73 0001011001 4

05 1110110011 7
16 0011111010 6
27 1111111111 a
30 1111101110 8
41 1101111111 9
52 0001111111 7
63 1111011111 9
74 0111011101 7

06 0001110001 4
17 1110101111 8
20 1111111110 9
31 1111111111 a
42 1000101011 5
53 0001011101 5
64 1111011111 9
75 1111111011 9

07 1110110111 8
10 1111101110 8
21 1111111101 9
32 1110101111 8
43 1001111011 7
54 0111011101 7
65 1110101111 8
76 0001111000 4

Matching output
0 absent
1 absent
2 absent
3 absent
4 absent
5 absent
6 absent
7 absent

Left
none
Best: none

Right
none
Best: none

XOR-NOT
01 1101100100 5
12 0010101001 4
23 1110001101 6
34 1001111011 7
45 0110001001 4
56 0000101100 3
67 0000101000 2
70 1110110110 7

02 0000110010 3
13 0011011011 6
24 1000001001 3
35 0000001101 3
46 1001011010 5
57 1111111011 9
60 0001100001 3
71 1100101101 6

03 0001000000 1
14 0101011111 7
25 0001111111 7
36 1111011110 8
47 0110001101 5
50 1110110010 6
61 0011111010 6
72 0001111011 6

04 0111000100 4
15 1100101001 5
26 1110101100 6
37 0000001001 2
40 0111000100 4
51 1100101001 5
62 1110101100 6
73 0000001001 2

05 1110110010 6
16 0011111010 6
27 0001111011 6
30 0001000000 1
41 0101011111 7
52 0001111111 7
63 1111011110 8
74 0110001101 5

06 0001100001 3
17 1100101101 6
20 0000110010 3
31 0011011011 6
42 1000001001 3
53 0000001101 3
64 1001011010 5
75 1111111011 9

07 1110110110 7
10 1101100100 5
21 0010101001 4
32 1110001101 6
43 1001111011 7
54 0110001001 4
65 0000101100 3
76 0000101000 2

Matching output
0 absent
1 absent
2 absent
3 absent
4 absent
5 absent
6 absent
7 absent

Left
none
Best: none

Right
none
Best: none

Selecting

Lefts
Identity I2 3 4 5 6: 5
NOT none
Constant none
AND none
OR OR25: 1
XOR none
AND-NOT none
OR-NOT none
XOR-NOT none

Rights
Identity I2 1: 2
NOT none
Constant none
AND none
OR OR25: 1
XOR none
AND-NOT none
OR-NOT none
XOR-NOT none

Left longest: 5
Right longest: 2

Left winner: Identity yes, NOT no, Constant no, AND no, OR no, XOR no, AND-NOT no, OR-NOT no, XOR-NOT no
Right winner: Identity yes, NOT no, Constant no, AND no, OR no, XOR no, AND-NOT no, OR-NOT no, XOR-NOT no

Best left: I2 3 4 5 6: 5
Best right: I2 1: 2

Truncated left: I2 3 4 5 6: 5
Truncated right: I2 1: 2

Tentative from right
7 I2
6 I1
5 pending
4 pending
3 pending
2 pending
1 pending
0 pending

Tentative
0 I2
1 I3
2 I4
3 I5
4 I6
5 pending
6 I1
7 I2

Preferred from left
0 I2
1 I3
2 I4
3 I5
4 I6
5 ?7?
6 I1
7 I2

Preferred from right
7 I2
6 I1
5 ?70
4 I6
3 I5
2 I4
1 I3
0 I2

Preferred
0 I2
1 I3
2 I4
3 I5
4 I6
5 ?70 ?07
6 I1
7 I2

Matching
0 I2
1 I3
2 I4
3 I5
4 I6
5 ?70 ?07 - Identity absent, NOT absent, Constant absent, AND absent, OR absent, XOR70, AND-NOT absent, OR-NOT absent, XOR-NOT absent
6 I1
7 I2

Perfect match
Identity no
NOT no
Constant no
AND no
OR no
XOR yes
AND-NOT no
OR-NOT no
XOR-NOT no

Matched
0 I2
1 I3
2 I4
3 I5
4 I6
5 XOR70
6 I1
7 I2

Selected
0 I2
1 I3
2 I4
3 I5
4 I6
5 XOR70
6 I1
7 I2

Applying to 00010001
Input
0 0
1 0
2 0
3 1
4 0
5 0
6 0
7 1
Output
0 I2 = 0
1 I3 = 1
2 I4 = 0
3 I5 = 0
4 I6 = 0
5 XOR70 = XOR(1,0) = 1
6 I1 = 0
7 I2 = 0

I will now return the answer in \boxed{}
The answer in \boxed{–} is \boxed{01000100}