We need to deduce the transformation by matching the example outputs.
I will put my final answer inside \boxed{}.

Output 0: 01100011
0 0
1 1
2 1
3 0
4 0
5 0
6 1
7 1

Output 1: 01011011
0 0
1 1
2 0
3 1
4 1
5 0
6 1
7 1

Output 2: 10101101
0 1
1 0
2 1
3 0
4 1
5 1
6 0
7 1

Output 3: 11000111
0 1
1 1
2 0
3 0
4 0
5 1
6 1
7 1

Output 4: 01011010
0 0
1 1
2 0
3 1
4 1
5 0
6 1
7 0

Output 5: 10000110
0 1
1 0
2 0
3 0
4 0
5 1
6 1
7 0

Output 6: 00110011
0 0
1 0
2 1
3 1
4 0
5 0
6 1
7 1

Output 7: 10000000
0 1
1 0
2 0
3 0
4 0
5 0
6 0
7 0

Output bit columns (with bitsum as hash)
0 00110101 4
1 11011000 4
2 10100010 3
3 01001010 3
4 01101000 3
5 00110100 3
6 11011110 6
7 11110010 5

Input 0: 11111110
0 1
1 1
2 1
3 1
4 1
5 1
6 1
7 0

Input 1: 01001000
0 0
1 1
2 0
3 0
4 1
5 0
6 0
7 0

Input 2: 00100100
0 0
1 0
2 1
3 0
4 0
5 1
6 0
7 0

Input 3: 01110000
0 0
1 1
2 1
3 1
4 0
5 0
6 0
7 0

Input 4: 10001110
0 1
1 0
2 0
3 0
4 1
5 1
6 1
7 0

Input 5: 10110010
0 1
1 0
2 1
3 1
4 0
5 0
6 1
7 0

Input 6: 10011000
0 1
1 0
2 0
3 1
4 1
5 0
6 0
7 0

Input 7: 00011111
0 0
1 0
2 0
3 1
4 1
5 1
6 1
7 1

When matching output
x: not in operator
y: wrong position

Identity
0 10001110 4
1 11010000 3
2 10110100 4
3 10010111 5
4 11001011 5
5 10101001 4
6 10001101 4
7 00000001 1

Matching output
0 absent
1 absent
2 absent
3 absent
4 absent
5 absent
6 absent
7 absent

Left
none
Best: none

Right
none
Best: none

NOT
0 01110001 4
1 00101111 5
2 01001011 4
3 01101000 3 match 4
4 00110100 3 match 5
5 01010110 4
6 01110010 4
7 11111110 7

Matching output
0 absent
1 absent
2 absent
3 absent
4 3
5 4
6 absent
7 absent

Left
none
Best: none

Right
none
Best: none

Constant
0 00000000 a
1 11111111 a

Matching output
0 absent
1 absent
2 absent
3 absent
4 absent
5 absent
6 absent
7 absent

Left
none
Best: none

Right
none
Best: none

AND
01 10 10000000 1
12 21 10010000 2
23 32 10010100 3
34 43 10000011 3
45 54 10001001 3
56 65 10001001 3
67 76 00000001 1
70 07 00000000 a

02 20 10000100 2
13 31 10010000 2
24 42 10000000 1
35 53 10000001 2
46 64 10001001 3
57 75 00000001 1
60 06 10001100 3
71 17 00000000 a

03 30 10000110 3
14 41 11000000 2
25 52 10100000 2
36 63 10000101 3
47 74 00000001 1
50 05 10001000 2
61 16 10000000 1
72 27 00000000 a

04 40 10001010 3
15 51 10000000 1
26 62 10000100 2
37 73 00000001 1

Matching output
0 absent
1 absent
2 absent
3 absent
4 absent
5 absent
6 absent
7 absent

Left
none
Best: none

Right
none
Best: none

OR
01 10 11011110 6 match 6
12 21 11110100 5
23 32 10110111 6
34 43 11011111 7
45 54 11101011 6
56 65 10101101 5
67 76 10001101 4
70 07 10001111 5

02 20 10111110 6
13 31 11010111 6
24 42 11111111 a
35 53 10111111 7
46 64 11001111 6
57 75 10101001 4
60 06 10001111 5
71 17 11010001 4

03 30 10011111 6
14 41 11011011 6
25 52 10111101 6
36 63 10011111 6
47 74 11001011 5
50 05 10101111 6
61 16 11011101 6
72 27 10110101 5

04 40 11001111 6
15 51 11111001 6
26 62 10111101 6
37 73 10010111 5

Matching output
0 absent
1 absent
2 absent
3 absent
4 absent
5 absent
6 01 10
7 absent

Left
none
Best: none

Right
none
Best: none

XOR
01 10 01011110 5
12 21 01100100 3
23 32 00100011 3
34 43 01011100 4
45 54 01100010 3
56 65 00100100 2
67 76 10001100 3
70 07 10001111 5

02 20 00111010 4
13 31 01000111 4
24 42 01111111 7
35 53 00111110 5
46 64 01000110 3
57 75 10101000 3
60 06 00000011 2
71 17 11010001 4

03 30 00011001 3
14 41 00011011 4
25 52 00011101 4
36 63 00011010 3
47 74 11001010 4
50 05 00100111 4
61 16 01011101 5
72 27 10110101 5

04 40 01000101 3
15 51 01111001 5
26 62 00111001 4
37 73 10010110 4

Matching output
0 absent
1 absent
2 absent
3 absent
4 absent
5 absent
6 absent
7 absent

Left
none
Best: none

Right
none
Best: none

AND-NOT
01 00001110 3
12 01000000 1
23 00100000 1
34 00010100 2
45 01000010 2
56 00100000 1
67 10001100 3
70 00000001 1

02 00001010 2
13 01000000 1
24 00110100 3 match 5
35 00010110 3
46 01000010 2
57 10101000 3
60 00000001 1
71 00000001 1

03 00001000 1
14 00010000 1
25 00010100 2
36 00010010 2
47 11001010 4
50 00100001 2
61 00001101 3
72 00000001 1

04 00000100 1
15 01010000 2
26 00110000 2
37 10010110 4
40 01000001 2
51 00101001 3
62 00001001 2
73 00000000 a

05 00000110 2
16 01010000 2
27 10110100 4
30 00010001 2
41 00001011 3
52 00001001 2
63 00001000 1
74 00000000 a

06 00000010 1
17 11010000 3
20 00110000 2
31 00000111 3
42 01001011 4
53 00101000 2
64 00000100 1
75 00000000 a

07 10001110 4
10 01010000 2
21 00100100 2
32 00000011 2
43 01001000 2
54 00100000 1
65 00000100 1
76 00000000 a

Matching output
0 absent
1 absent
2 absent
3 absent
4 absent
5 24
6 absent
7 absent

Left
none
Best: none

Right
none
Best: none

OR-NOT
01 10101111 6
12 11011011 6
23 11111100 6
34 10110111 6
45 11011111 7
56 11111011 7
67 11111111 a
70 01110001 4

02 11001111 6
13 11111000 5
24 10110100 4
35 11010111 6
46 11111011 7
57 11111111 a
60 11111101 7
71 00101111 5

03 11101110 6
14 11110100 5
25 11110110 6
36 11110111 7
47 11111111 a
50 11111001 6
61 10101111 6
72 01001011 4

04 10111110 6
15 11010110 5
26 11110110 6
37 11111111 a
40 11111011 7
51 10101111 6
62 11001111 6
73 01101001 4

05 11011110 6 match 6
16 11110010 5 match 7
27 11111110 7
30 11110111 7
41 11101111 7
52 11101011 6
63 11101101 6
74 00110101 4 match 0

06 11111110 7
17 11111110 7
20 11110101 6
31 10111111 7
42 11001011 5
53 11101001 5
64 10111101 6
75 01010111 5

07 11111110 7
10 11110001 5
21 10111111 7
32 11011111 7
43 11101011 6
54 10111101 6
65 11011111 7
76 01110011 5

Matching output
0 74
1 absent
2 absent
3 absent
4 absent
5 absent
6 05
7 16

Left
74 05y
Best: OR-NOT74: 1

Right
16 05 74y
Best: OR-NOT16 05: 2

XOR-NOT
01 10100001 3
12 10011011 5
23 11011100 5
34 10100011 4
45 10011101 5
56 11011011 6
67 01110011 5
70 01110000 3

02 11000101 4
13 10111000 4
24 10000000 1
35 11000001 3
46 10111001 5
57 01010111 5
60 11111100 6
71 00101110 4

03 11100110 5
14 11100100 4
25 11100010 4
36 11100101 5
47 00110101 4 match 0
50 11011000 4 match 1
61 10100010 3 match 2
72 01001010 3 match 3

04 10111010 5
15 10000110 3
26 11000110 4
37 01101001 4
40 10111010 5
51 10000110 3
62 11000110 4
73 01101001 4

05 11011000 4 match 1
16 10100010 3 match 2
27 01001010 3 match 3
30 11100110 5
41 11100100 4
52 11100010 4
63 11100101 5
74 00110101 4 match 0

06 11111100 6
17 00101110 4
20 11000101 4
31 10111000 4
42 10000000 1
53 11000001 3
64 10111001 5
75 01010111 5

07 01110000 3
10 10100001 3
21 10011011 5
32 11011100 5
43 10100011 4
54 10011101 5
65 11011011 6
76 01110011 5

Matching output
0 47 74
1 50 05
2 61 16
3 72 27
4 absent
5 absent
6 absent
7 absent

Left
47 50 61 72 03x
74 05 16 27 30x
Best: XOR-NOT47 50 61 72: 4

Right
none
Best: none

Selecting

Lefts
Identity none
NOT none
Constant none
AND none
OR none
XOR none
AND-NOT none
OR-NOT OR-NOT74: 1
XOR-NOT XOR-NOT47 50 61 72: 4

Rights
Identity none
NOT none
Constant none
AND none
OR none
XOR none
AND-NOT none
OR-NOT OR-NOT16 05: 2
XOR-NOT none

Left longest: 4
Right longest: 2

Left winner: Identity no, NOT no, Constant no, AND no, OR no, XOR no, AND-NOT no, OR-NOT no, XOR-NOT yes
Right winner: Identity no, NOT no, Constant no, AND no, OR no, XOR no, AND-NOT no, OR-NOT yes, XOR-NOT no

Best left: XOR-NOT47 50 61 72: 4
Best right: OR-NOT16 05: 2

Truncated left: XOR-NOT47 50 61 72: 4
Truncated right: OR-NOT16 05: 2

Tentative from right
7 OR-NOT16
6 OR-NOT05
5 pending
4 pending
3 pending
2 pending
1 pending
0 pending

Tentative
0 XOR-NOT47
1 XOR-NOT50
2 XOR-NOT61
3 XOR-NOT72
4 pending
5 pending
6 OR-NOT05
7 OR-NOT16

Preferred from left
0 XOR-NOT47
1 XOR-NOT50
2 XOR-NOT61
3 XOR-NOT72
4 ?03
5 ?14
6 OR-NOT05
7 OR-NOT16

Preferred from right
7 OR-NOT16
6 OR-NOT05
5 ?14
4 ?03
3 XOR-NOT72
2 XOR-NOT61
1 XOR-NOT50
0 XOR-NOT47

Preferred
0 XOR-NOT47
1 XOR-NOT50
2 XOR-NOT61
3 XOR-NOT72
4 ?03 ?30
5 ?14 ?41
6 OR-NOT05
7 OR-NOT16

Matching
0 XOR-NOT47
1 XOR-NOT50
2 XOR-NOT61
3 XOR-NOT72
4 ?03 ?30 - Identity absent, NOT NOT3, Constant absent, AND absent, OR absent, XOR absent, AND-NOT absent, OR-NOT absent, XOR-NOT absent
5 ?14 ?41 - Identity absent, NOT NOT4, Constant absent, AND absent, OR absent, XOR absent, AND-NOT absent, OR-NOT absent, XOR-NOT absent
6 OR-NOT05
7 OR-NOT16

Perfect match
Identity no
NOT yes
Constant no
AND no
OR no
XOR no
AND-NOT no
OR-NOT no
XOR-NOT no

Matched
0 XOR-NOT47
1 XOR-NOT50
2 XOR-NOT61
3 XOR-NOT72
4 NOT3
5 NOT4
6 OR-NOT05
7 OR-NOT16

Selected
0 XOR-NOT47
1 XOR-NOT50
2 XOR-NOT61
3 XOR-NOT72
4 NOT3
5 NOT4
6 OR-NOT05
7 OR-NOT16

Applying to 01100111
Input
0 0
1 1
2 1
3 0
4 0
5 1
6 1
7 1
Output
0 XOR-NOT47 = XOR(0,NOT(1)) = 0
1 XOR-NOT50 = XOR(1,NOT(0)) = 0
2 XOR-NOT61 = XOR(1,NOT(1)) = 1
3 XOR-NOT72 = XOR(1,NOT(1)) = 1
4 NOT3 = NOT(0) = 1
5 NOT4 = NOT(0) = 1
6 OR-NOT05 = OR(0,NOT(1)) = 0
7 OR-NOT16 = OR(1,NOT(1)) = 1

I will now return the answer in \boxed{}
The answer in \boxed{–} is \boxed{00111101}