We need to deduce the transformation by matching the example outputs.
I will put my final answer inside \boxed{}.

Output 0: 11001001
0 1
1 1
2 0
3 0
4 1
5 0
6 0
7 1

Output 1: 01000001
0 0
1 1
2 0
3 0
4 0
5 0
6 0
7 1

Output 2: 11001011
0 1
1 1
2 0
3 0
4 1
5 0
6 1
7 1

Output 3: 00011101
0 0
1 0
2 0
3 1
4 1
5 1
6 0
7 1

Output 4: 11111111
0 1
1 1
2 1
3 1
4 1
5 1
6 1
7 1

Output 5: 10000110
0 1
1 0
2 0
3 0
4 0
5 1
6 1
7 0

Output 6: 10011011
0 1
1 0
2 0
3 1
4 1
5 0
6 1
7 1

Output 7: 01000000
0 0
1 1
2 0
3 0
4 0
5 0
6 0
7 0

Output 8: 01100011
0 0
1 1
2 1
3 0
4 0
5 0
6 1
7 1

Output bit columns (with bitsum as hash)
0 101011100 5
1 111010011 6
2 000010001 2
3 000110100 3
4 101110100 5
5 000111000 3
6 001011101 5
7 111110101 7

Input 0: 00111001
0 0
1 0
2 1
3 1
4 1
5 0
6 0
7 1

Input 1: 00101000
0 0
1 0
2 1
3 0
4 1
5 0
6 0
7 0

Input 2: 01111001
0 0
1 1
2 1
3 1
4 1
5 0
6 0
7 1

Input 3: 10000011
0 1
1 0
2 0
3 0
4 0
5 0
6 1
7 1

Input 4: 11011111
0 1
1 1
2 0
3 1
4 1
5 1
6 1
7 1

Input 5: 11110000
0 1
1 1
2 1
3 1
4 0
5 0
6 0
7 0

Input 6: 01110011
0 0
1 1
2 1
3 1
4 0
5 0
6 1
7 1

Input 7: 00001000
0 0
1 0
2 0
3 0
4 1
5 0
6 0
7 0

Input 8: 01101100
0 0
1 1
2 1
3 0
4 1
5 1
6 0
7 0

When matching output
x: not in operator
y: wrong position

Identity
0 000111000 3 match 5
1 001011101 5 match 6
2 111001101 6
3 101011100 5 match 0
4 111010011 6 match 1
5 000010001 2 match 2
6 000110100 3 match 3
7 101110100 5 match 4

Matching output
0 3
1 4
2 5
3 6
4 7
5 0
6 1
7 absent

Left
3 4 5 6 7 0 1 2x
Best: I3 4 5 6 7 0 1: 7

Right
none
Best: none

NOT
0 111000111 6
1 110100010 4
2 000110010 3
3 010100011 4
4 000101100 3
5 111101110 7
6 111001011 6
7 010001011 4

Matching output
0 absent
1 absent
2 absent
3 absent
4 absent
5 absent
6 absent
7 absent

Left
none
Best: none

Right
none
Best: none

Constant
0 000000000 a
1 111111111 a

Matching output
0 absent
1 absent
2 absent
3 absent
4 absent
5 absent
6 absent
7 absent

Left
none
Best: none

Right
none
Best: none

AND
01 10 000011000 2
12 21 001001101 4
23 32 101001100 4
34 43 101010000 3
45 54 000010001 2 match 2
56 65 000010000 1
67 76 000110100 3 match 3
70 07 000110000 2

02 20 000001000 1
13 31 001011100 4
24 42 111000001 4
35 53 000010000 1
46 64 000010000 1
57 75 000010000 1
60 06 000110000 2
71 17 001010100 3

03 30 000011000 2
14 41 001010001 3
25 52 000000001 1
36 63 000010100 2
47 74 101010000 3
50 05 000010000 1
61 16 000010100 2
72 27 101000100 3

04 40 000010000 1
15 51 000010001 2 match 2
26 62 000000100 1
37 73 101010100 4

Matching output
0 absent
1 absent
2 45 54 15 51
3 67 76
4 absent
5 absent
6 absent
7 absent

Left
none
Best: none

Right
none
Best: none

OR
01 10 001111101 6
12 21 111011101 7
23 32 111011101 7
34 43 111011111 8
45 54 111010011 6 match 1
56 65 000110101 4
67 76 101110100 5 match 4
70 07 101111100 6

02 20 111111101 8
13 31 101011101 6
24 42 111011111 8
35 53 101011101 6
46 64 111110111 8
57 75 101110101 6
60 06 000111100 4
71 17 101111101 7

03 30 101111100 6
14 41 111011111 8
25 52 111011101 7
36 63 101111100 6
47 74 111110111 8
50 05 000111001 4
61 16 001111101 6
72 27 111111101 8

04 40 111111011 8
15 51 001011101 5 match 6
26 62 111111101 8
37 73 101111100 6

Matching output
0 absent
1 45 54
2 absent
3 absent
4 67 76
5 absent
6 15 51
7 absent

Left
none
Best: none

Right
none
Best: none

XOR
01 10 001100101 4
12 21 110010000 3
23 32 010010001 3
34 43 010001111 5
45 54 111000010 4
56 65 000100101 3
67 76 101000000 2
70 07 101001100 4

02 20 111110101 7 match 7
13 31 100000001 2
24 42 000011110 4
35 53 101001101 5
46 64 111100111 7
57 75 101100101 5
60 06 000001100 2
71 17 100101001 4

03 30 101100100 4
14 41 110001110 5
25 52 111011100 6
36 63 101101000 4
47 74 010100111 5
50 05 000101001 3
61 16 001101001 4
72 27 010111001 5

04 40 111101011 7
15 51 001001100 3
26 62 111111001 7
37 73 000101000 2

Matching output
0 absent
1 absent
2 absent
3 absent
4 absent
5 absent
6 absent
7 02 20

Left
none
Best: none

Right
02 71x
20 17x
Best: XOR02: 1

AND-NOT
01 000100000 1
12 000010000 1
23 010000001 2
34 000001100 2
45 111000010 4
56 000000001 1
67 000000000 a
70 101000100 3

02 000110000 2
13 000000001 1
24 000001100 2
35 101001100 4
46 111000011 5
57 000000001 1
60 000000100 1
71 100100000 2

03 000100000 1
14 000001100 2
25 111001100 5
36 101001000 3
47 010000011 3
50 000000001 1
61 000100000 1
72 000110000 2

04 000101000 2
15 001001100 3
26 111001001 5
37 000001000 1
40 111000011 5
51 000000000 a
62 000110000 2
73 000100000 1

05 000101000 2
16 001001001 3
27 010001001 3
30 101000100 3
41 110000010 3
52 000010000 1
63 000100000 1
74 000100100 2

06 000001000 1
17 000001001 2
20 111000101 5
31 100000000 1
42 000010010 2
53 000000001 1
64 000100100 2
75 101100100 4

07 000001000 1
10 001000101 3
21 110000000 2
32 000010000 1
43 010000011 3
54 000000000 a
65 000100100 2
76 101000000 2

Matching output
0 absent
1 absent
2 absent
3 absent
4 absent
5 absent
6 absent
7 absent

Left
none
Best: none

Right
none
Best: none

OR-NOT
01 110111010 6
12 001111111 7
23 111101111 8
34 101111100 6
45 111111111 a
56 111011011 7
67 010111111 7
70 111110111 8

02 000111010 4
13 011111111 8
24 111101101 7
35 111111110 8
46 111011011 7
57 010011011 5
60 111110111 8
71 111110110 7

03 010111011 6
14 001111101 6
25 111101111 8
36 111011111 8
47 111011011 7
50 111010111 7
61 110110110 6
72 101110110 6

04 000111100 4
15 111111111 a
26 111001111 7
37 111011111 8
40 111010111 7
51 110110011 6
62 000110110 4
73 111110111 8

05 111111110 8
16 111011111 8
27 111001111 7
30 111011111 8
41 111110011 7
52 000110011 4
63 010110111 6
74 101111100 6

06 111111011 8
17 011011111 7
20 111001111 7
31 111111110 8
42 111110011 7
53 010110011 5
64 000111100 4
75 111111110 8

07 010111011 6
10 111011111 8
21 111101111 8
32 101111110 7
43 111110011 7
54 000111101 5
65 111111110 8
76 111111111 a

Matching output
0 absent
1 absent
2 absent
3 absent
4 absent
5 absent
6 absent
7 absent

Left
none
Best: none

Right
none
Best: none

XOR-NOT
01 110011010 5
12 001101111 6
23 101101110 6
34 101110000 4
45 000111101 5
56 111011010 6
67 010111111 7
70 010110011 5

02 000001010 2
13 011111110 7
24 111100001 5
35 010110010 4
46 000011000 2
57 010011010 4
60 111110011 7
71 011010110 5

03 010011011 5
14 001110001 4
25 000100011 3
36 010010111 5
47 101011000 4
50 111010110 6
61 110010110 5
72 101000110 4

04 000010100 2
15 110110011 6
26 000000110 2
37 111010111 7
40 000010100 2
51 110110011 6
62 000000110 2
73 111010111 7

05 111010110 6
16 110010110 5
27 101000110 4
30 010011011 5
41 001110001 4
52 000100011 3
63 010010111 5
74 101011000 4

06 111110011 7
17 011010110 5
20 000001010 2
31 011111110 7
42 111100001 5
53 010110010 4
64 000011000 2
75 010011010 4

07 010110011 5
10 110011010 5
21 001101111 6
32 101101110 6
43 101110000 4
54 000111101 5
65 111011010 6
76 010111111 7

Matching output
0 absent
1 absent
2 absent
3 absent
4 absent
5 absent
6 absent
7 absent

Left
none
Best: none

Right
none
Best: none

Selecting

Lefts
Identity I3 4 5 6 7 0 1: 7
NOT none
Constant none
AND none
OR none
XOR none
AND-NOT none
OR-NOT none
XOR-NOT none

Rights
Identity none
NOT none
Constant none
AND none
OR none
XOR XOR02: 1
AND-NOT none
OR-NOT none
XOR-NOT none

Left longest: 7
Right longest: 1

Left winner: Identity yes, NOT no, Constant no, AND no, OR no, XOR no, AND-NOT no, OR-NOT no, XOR-NOT no
Right winner: Identity no, NOT no, Constant no, AND no, OR no, XOR yes, AND-NOT no, OR-NOT no, XOR-NOT no

Best left: I3 4 5 6 7 0 1: 7
Best right: XOR02: 1

Truncated left: I3 4 5 6 7 0 1: 7
Truncated right: XOR02: 1

Tentative from right
7 XOR02
6 pending
5 pending
4 pending
3 pending
2 pending
1 pending
0 pending

Tentative
0 I3
1 I4
2 I5
3 I6
4 I7
5 I0
6 I1
7 XOR02

Preferred from left
0 I3
1 I4
2 I5
3 I6
4 I7
5 I0
6 I1
7 XOR02

Preferred from right
7 XOR02
6 I1
5 I0
4 I7
3 I6
2 I5
1 I4
0 I3

Preferred
0 I3
1 I4
2 I5
3 I6
4 I7
5 I0
6 I1
7 XOR02

Matching
0 I3
1 I4
2 I5
3 I6
4 I7
5 I0
6 I1
7 XOR02

Perfect match
Identity no
NOT no
Constant no
AND no
OR no
XOR no
AND-NOT no
OR-NOT no
XOR-NOT no

Matched
0 I3
1 I4
2 I5
3 I6
4 I7
5 I0
6 I1
7 XOR02

Selected
0 I3
1 I4
2 I5
3 I6
4 I7
5 I0
6 I1
7 XOR02

Applying to 10010100
Input
0 1
1 0
2 0
3 1
4 0
5 1
6 0
7 0
Output
0 I3 = 1
1 I4 = 0
2 I5 = 1
3 I6 = 0
4 I7 = 0
5 I0 = 1
6 I1 = 0
7 XOR02 = XOR(1,0) = 1

I will now return the answer in \boxed{}
The answer in \boxed{–} is \boxed{10100101}