We need to deduce the transformation by matching the example outputs.
I will put my final answer inside \boxed{}.

Output 0: 00100000
0 0
1 0
2 1
3 0
4 0
5 0
6 0
7 0

Output 1: 11111001
0 1
1 1
2 1
3 1
4 1
5 0
6 0
7 1

Output 2: 11001101
0 1
1 1
2 0
3 0
4 1
5 1
6 0
7 1

Output 3: 00011110
0 0
1 0
2 0
3 1
4 1
5 1
6 1
7 0

Output 4: 01010010
0 0
1 1
2 0
3 1
4 0
5 0
6 1
7 0

Output 5: 11010011
0 1
1 1
2 0
3 1
4 0
5 0
6 1
7 1

Output 6: 01101110
0 0
1 1
2 1
3 0
4 1
5 1
6 1
7 0

Output bit columns (with bitsum as hash)
0 0110010 3
1 0110111 5
2 1100001 3
3 0101110 4
4 0111001 4
5 0011001 3
6 0001111 4
7 0110010 3

Input 0: 00000001
0 0
1 0
2 0
3 0
4 0
5 0
6 0
7 1

Input 1: 11100110
0 1
1 1
2 1
3 0
4 0
5 1
6 1
7 0

Input 2: 00110110
0 0
1 0
2 1
3 1
4 0
5 1
6 1
7 0

Input 3: 11111001
0 1
1 1
2 1
3 1
4 1
5 0
6 0
7 1

Input 4: 11001011
0 1
1 1
2 0
3 0
4 1
5 0
6 1
7 1

Input 5: 01001110
0 0
1 1
2 0
3 0
4 1
5 1
6 1
7 0

Input 6: 00111011
0 0
1 0
2 1
3 1
4 1
5 0
6 1
7 1

When matching output
x: not in operator
y: wrong position

Identity
0 0101100 3
1 0101110 4 match 3
2 0111001 4 match 4
3 0011001 3 match 5
4 0001111 4 match 6
5 0110010 3 match 0 7
6 0110111 5 match 1
7 1001101 4

Matching output
0 5
1 6
2 absent
3 1
4 2
5 3
6 4
7 5

Left
5 6 7x
Best: I5 6: 2

Right
5 4 3 2 1 0x
Best: I5 4 3 2 1: 5

NOT
0 1010011 4
1 1010001 3
2 1000110 3
3 1100110 4
4 1110000 3
5 1001101 4
6 1001000 2
7 0110010 3 match 0 7

Matching output
0 7
1 absent
2 absent
3 absent
4 absent
5 absent
6 absent
7 7

Left
7 0x
Best: NOT7: 1

Right
7 6x
Best: NOT7: 1

Constant
0 0000000 a
1 1111111 a

Matching output
0 absent
1 absent
2 absent
3 absent
4 absent
5 absent
6 absent
7 absent

Left
none
Best: none

Right
none
Best: none

AND
01 10 0101100 3
12 21 0101000 2
23 32 0011001 3 match 5
34 43 0001001 2
45 54 0000010 1
56 65 0110010 3 match 0 7
67 76 0000101 2
70 07 0001100 2

02 20 0101000 2
13 31 0001000 1
24 42 0001001 2
35 53 0010000 1
46 64 0000111 3
57 75 0000000 a
60 06 0100100 2
71 17 0001100 2

03 30 0001000 1
14 41 0001110 3
25 52 0110000 2
36 63 0010001 2
47 74 0001101 3
50 05 0100000 1
61 16 0100110 3
72 27 0001001 2

04 40 0001100 2
15 51 0100010 2
26 62 0110001 3
37 73 0001001 2

Matching output
0 56 65
1 absent
2 absent
3 absent
4 absent
5 23 32
6 absent
7 56 65

Left
56 67x
65 76x
Best: AND56: 1

Right
56 45x
65 54x
Best: AND56: 1

OR
01 10 0101110 4 match 3
12 21 0111111 6
23 32 0111001 4 match 4
34 43 0011111 5
45 54 0111111 6
56 65 0110111 5 match 1
67 76 1111111 a
70 07 1101101 5

02 20 0111101 5
13 31 0111111 6
24 42 0111111 6
35 53 0111011 5
46 64 0111111 6
57 75 1111111 a
60 06 0111111 6
71 17 1101111 6

03 30 0111101 5
14 41 0101111 5
25 52 0111011 5
36 63 0111111 6
47 74 1001111 5
50 05 0111110 5
61 16 0111111 6
72 27 1111101 6

04 40 0101111 5
15 51 0111110 5
26 62 0111111 6
37 73 1011101 5

Matching output
0 absent
1 56 65
2 absent
3 01 10
4 23 32
5 absent
6 absent
7 absent

Left
none
Best: none

Right
none
Best: none

XOR
01 10 0000010 1
12 21 0010111 4
23 32 0100000 1
34 43 0010110 3
45 54 0111101 5
56 65 0000101 2
67 76 1111010 5
70 07 1100001 3 match 2

02 20 0010101 3
13 31 0110111 5 match 1
24 42 0110110 4
35 53 0101011 4
46 64 0111000 3
57 75 1111111 a
60 06 0011011 4
71 17 1100011 4

03 30 0110101 4
14 41 0100001 2
25 52 0001011 3
36 63 0101110 4 match 3
47 74 1000010 2
50 05 0011110 4
61 16 0011001 3 match 5
72 27 1110100 4

04 40 0100011 3
15 51 0011100 3
26 62 0001110 3
37 73 1010100 3

Matching output
0 absent
1 13 31
2 70 07
3 36 63
4 absent
5 61 16
6 absent
7 absent

Left
none
Best: none

Right
none
Best: none

AND-NOT
01 0000000 a
12 0000110 2
23 0100000 1
34 0010000 1
45 0001101 3
56 0000000 a
67 0110010 3 match 0 7
70 1000001 2

02 0000100 1
13 0100110 3
24 0110000 2
35 0001001 2
46 0001000 1
57 0110010 3 match 0 7
60 0010011 3
71 1000001 2

03 0100100 2
14 0100000 1
25 0001001 2
36 0001000 1
47 0000010 1
50 0010010 2
61 0010001 2
72 1000100 2

04 0100000 1
15 0001100 2
26 0001000 1
37 0010000 1
40 0000011 2
51 0010000 1
62 0000110 2
73 1000100 2

05 0001100 2
16 0001000 1
27 0110000 2
30 0010001 2
41 0000001 1
52 0000010 1
63 0100110 3
74 1000000 1

06 0001000 1
17 0100010 2
20 0010001 2
31 0010001 2
42 0000110 2
53 0100010 2
64 0110000 2
75 1001101 4

07 0100000 1
10 0000010 1
21 0010001 2
32 0000000 a
43 0000110 2
54 0110000 2
65 0000101 2
76 1001000 2

Matching output
0 67 57
1 absent
2 absent
3 absent
4 absent
5 absent
6 absent
7 67 57

Left
67 70x
57 60x
Best: AND-NOT67: 1

Right
67 56x
57 46x
Best: AND-NOT67: 1

OR-NOT
01 1111101 6
12 1101110 5
23 1111111 a
34 1111001 5
45 1001111 5
56 1111010 5
67 0110111 5 match 1
70 1011111 6

02 1101110 5
13 1101110 5
24 1111001 5
35 1011101 5
46 1001111 5
57 0110010 3 match 0 7
60 1110111 6
71 1011101 5

03 1101110 5
14 1111110 6
25 1111101 6
36 1011001 4
47 0111111 6
50 1110011 5
61 1110111 6
72 1001111 5

04 1111100 5
15 1101111 6
26 1111001 5
37 0111011 5
40 1011111 6
51 1110011 5
62 1110111 6
73 1101111 6

05 1101101 5
16 1101110 5
27 0111011 5
30 1011011 5
41 1011111 6
52 1110110 5
63 1110111 6
74 1111101 6

06 1101100 4
17 0111110 5
20 1111011 6
31 1011001 4
42 1001111 5
53 1110110 5
64 1110111 6
75 1001101 4

07 0111110 5
10 1111111 a
21 1111001 5
32 1011111 6
43 1101111 6
54 1110010 4
65 1111111 a
76 1001101 4

Matching output
0 57
1 67
2 absent
3 absent
4 absent
5 absent
6 absent
7 57

Left
57 60x
Best: OR-NOT57: 1

Right
57 46x
Best: OR-NOT57: 1

XOR-NOT
01 1111101 6
12 1101000 3
23 1011111 6
34 1101001 4
45 1000010 2
56 1111010 5
67 0000101 2
70 0011110 4

02 1101010 4
13 1001000 2
24 1001001 3
35 1010100 3
46 1000111 4
57 0000000 a
60 1100100 3
71 0011100 3

03 1001010 3
14 1011110 5
25 1110100 4
36 1010001 3
47 0111101 5
50 1100001 3 match 2
61 1100110 4
72 0001011 3

04 1011100 4
15 1100011 4
26 1110001 4
37 0101011 4
40 1011100 4
51 1100011 4
62 1110001 4
73 0101011 4

05 1100001 3 match 2
16 1100110 4
27 0001011 3
30 1001010 3
41 1011110 5
52 1110100 4
63 1010001 3
74 0111101 5

06 1100100 3
17 0011100 3
20 1101010 4
31 1001000 2
42 1001001 3
53 1010100 3
64 1000111 4
75 0000000 a

07 0011110 4
10 1111101 6
21 1101000 3
32 1011111 6
43 1101001 4
54 1000010 2
65 1111010 5
76 0000101 2

Matching output
0 absent
1 absent
2 50 05
3 absent
4 absent
5 absent
6 absent
7 absent

Left
none
Best: none

Right
none
Best: none

Selecting

Lefts
Identity I5 6: 2
NOT NOT7: 1
Constant none
AND AND56: 1
OR none
XOR none
AND-NOT AND-NOT67: 1
OR-NOT OR-NOT57: 1
XOR-NOT none

Rights
Identity I5 4 3 2 1: 5
NOT NOT7: 1
Constant none
AND AND56: 1
OR none
XOR none
AND-NOT AND-NOT67: 1
OR-NOT OR-NOT57: 1
XOR-NOT none

Left longest: 2
Right longest: 5

Right winner: Identity yes, NOT no, Constant no, AND no, OR no, XOR no, AND-NOT no, OR-NOT no, XOR-NOT no
Left winner: Identity yes, NOT no, Constant no, AND no, OR no, XOR no, AND-NOT no, OR-NOT no, XOR-NOT no

Best right: I5 4 3 2 1: 5
Best left: I5 6: 2

Truncated right: I5 4 3 2 1: 5
Truncated left: I5 6: 2

Tentative from right
7 I5
6 I4
5 I3
4 I2
3 I1
2 pending
1 pending
0 pending

Tentative
0 I5
1 I6
2 pending
3 I1
4 I2
5 I3
6 I4
7 I5

Preferred from right
7 I5
6 I4
5 I3
4 I2
3 I1
2 ??0
1 I6
0 I5

Preferred from left
0 I5
1 I6
2 ?70
3 I1
4 I2
5 I3
6 I4
7 I5

Preferred
0 I5
1 I6
2 ?70 ?07
3 I1
4 I2
5 I3
6 I4
7 I5

Matching
0 I5
1 I6
2 ?70 ?07 - Identity absent, NOT absent, Constant absent, AND absent, OR absent, XOR70, AND-NOT absent, OR-NOT absent, XOR-NOT absent
3 I1
4 I2
5 I3
6 I4
7 I5

Perfect match
Identity no
NOT no
Constant no
AND no
OR no
XOR yes
AND-NOT no
OR-NOT no
XOR-NOT no

Matched
0 I5
1 I6
2 XOR70
3 I1
4 I2
5 I3
6 I4
7 I5

Selected
0 I5
1 I6
2 XOR70
3 I1
4 I2
5 I3
6 I4
7 I5

Applying to 10110010
Input
0 1
1 0
2 1
3 1
4 0
5 0
6 1
7 0
Output
0 I5 = 0
1 I6 = 1
2 XOR70 = XOR(0,1) = 1
3 I1 = 0
4 I2 = 1
5 I3 = 1
6 I4 = 0
7 I5 = 0

I will now return the answer in \boxed{}
The answer in \boxed{–} is \boxed{01101100}