We need to deduce the transformation by matching the example outputs.
I will put my final answer inside \boxed{}.

Output 0: 00100101
0 0
1 0
2 1
3 0
4 0
5 1
6 0
7 1

Output 1: 01100011
0 0
1 1
2 1
3 0
4 0
5 0
6 1
7 1

Output 2: 01011000
0 0
1 1
2 0
3 1
4 1
5 0
6 0
7 0

Output 3: 11000000
0 1
1 1
2 0
3 0
4 0
5 0
6 0
7 0

Output 4: 01011101
0 0
1 1
2 0
3 1
4 1
5 1
6 0
7 1

Output 5: 10101101
0 1
1 0
2 1
3 0
4 1
5 1
6 0
7 1

Output 6: 00010011
0 0
1 0
2 0
3 1
4 0
5 0
6 1
7 1

Output 7: 00011011
0 0
1 0
2 0
3 1
4 1
5 0
6 1
7 1

Output 8: 00101011
0 0
1 0
2 1
3 0
4 1
5 0
6 1
7 1

Output bit columns (with bitsum as hash)
0 000101000 2
1 011110000 4
2 110001001 4
3 001010110 4
4 001011011 5
5 100011000 3
6 010000111 4
7 110011111 7

Input 0: 00001001
0 0
1 0
2 0
3 0
4 1
5 0
6 0
7 1

Input 1: 00011000
0 0
1 0
2 0
3 1
4 1
5 0
6 0
7 0

Input 2: 10010010
0 1
1 0
2 0
3 1
4 0
5 0
6 1
7 0

Input 3: 10110101
0 1
1 0
2 1
3 1
4 0
5 1
6 0
7 1

Input 4: 11010001
0 1
1 1
2 0
3 1
4 0
5 0
6 0
7 1

Input 5: 00101010
0 0
1 0
2 1
3 0
4 1
5 0
6 1
7 0

Input 6: 11000010
0 1
1 1
2 0
3 0
4 0
5 0
6 1
7 0

Input 7: 11000000
0 1
1 1
2 0
3 0
4 0
5 0
6 0
7 0

Input 8: 10001110
0 1
1 0
2 0
3 0
4 1
5 1
6 1
7 0

When matching output
x: not in operator
y: wrong position

Identity
0 001110111 6
1 000010110 3
2 000101000 2 match 0
3 011110000 4 match 1
4 110001001 4 match 2
5 000100001 2
6 001001101 4
7 100110000 3

Matching output
0 2
1 3
2 4
3 absent
4 absent
5 absent
6 absent
7 absent

Left
2 3 4 5x
Best: I2 3 4: 3

Right
none
Best: none

NOT
0 110001000 3
1 111101001 6
2 111010111 7
3 100001111 5
4 001110110 5
5 111011110 7
6 110110010 5
7 011001111 6

Matching output
0 absent
1 absent
2 absent
3 absent
4 absent
5 absent
6 absent
7 absent

Left
none
Best: none

Right
none
Best: none

Constant
0 000000000 a
1 111111111 a

Matching output
0 absent
1 absent
2 absent
3 absent
4 absent
5 absent
6 absent
7 absent

Left
none
Best: none

Right
none
Best: none

AND
01 10 000010110 3
12 21 000000000 a
23 32 000100000 1
34 43 010000000 1
45 54 000000001 1
56 65 000000001 1
67 76 000000000 a
70 07 000110000 2

02 20 000100000 1
13 31 000010000 1
24 42 000001000 1
35 53 000100000 1
46 64 000001001 2
57 75 000100000 1
60 06 001000101 3
71 17 000010000 1

03 30 001110000 3
14 41 000000000 a
25 52 000100000 1
36 63 001000000 1
47 74 100000000 1
50 05 000100001 2
61 16 000000100 1
72 27 000100000 1

04 40 000000001 1
15 51 000000000 a
26 62 000001000 1
37 73 000110000 2

Matching output
0 absent
1 absent
2 absent
3 absent
4 absent
5 absent
6 absent
7 absent

Left
none
Best: none

Right
none
Best: none

OR
01 10 001110111 6
12 21 000111110 5
23 32 011111000 5
34 43 111111001 7
45 54 110101001 5
56 65 001101101 5
67 76 101111101 7
70 07 101110111 7

02 20 001111111 7
13 31 011110110 6
24 42 110101001 5
35 53 011110001 5
46 64 111001101 6
57 75 100110001 4
60 06 001111111 7
71 17 100110110 5

03 30 011110111 7
14 41 110011111 7 match 7
25 52 000101001 3
36 63 011111101 7
47 74 110111001 6
50 05 001110111 6
61 16 001011111 6
72 27 100111000 4

04 40 111111111 a
15 51 000110111 5
26 62 001101101 5
37 73 111110000 5

Matching output
0 absent
1 absent
2 absent
3 absent
4 absent
5 absent
6 absent
7 14 41

Left
none
Best: none

Right
14 03x
41 30x
Best: OR14: 1

XOR
01 10 001100001 3
12 21 000111110 5
23 32 011011000 4
34 43 101111001 6
45 54 110101000 4
56 65 001101100 4
67 76 101111101 7
70 07 101000111 5

02 20 001011111 6
13 31 011100110 5
24 42 110100001 4
35 53 011010001 4
46 64 111000100 4
57 75 100010001 3
60 06 000111010 4
71 17 100100110 4

03 30 010000111 4 match 6
14 41 110011111 7 match 7
25 52 000001001 2
36 63 010111101 6
47 74 010111001 5
50 05 001010110 4 match 3
61 16 001011011 5 match 4
72 27 100011000 3 match 5

04 40 111111110 8
15 51 000110111 5
26 62 001100101 4
37 73 111000000 3

Matching output
0 absent
1 absent
2 absent
3 50 05
4 61 16
5 72 27
6 03 30
7 14 41

Left
none
Best: none

Right
14 03 72 61 50 47x
41 30 27 16 05 74x
Best: XOR14 03 72 61 50: 5

AND-NOT
01 001100001 3
12 000010110 3
23 000001000 1
34 001110000 3
45 110001000 3
56 000100000 1
67 001001101 4
70 100000000 1

02 001010111 5
13 000000110 2
24 000100000 1
35 011010000 3
46 110000000 2
57 000000001 1
60 000001000 1
71 100100000 2

03 000000111 3
14 000010110 3
25 000001000 1
36 010110000 3
47 010001001 3
50 000000000 a
61 001001001 3
72 100010000 2

04 001110110 5
15 000010110 3
26 000100000 1
37 011000000 2
40 110001000 3
51 000100001 2
62 001000101 3
73 100000000 1

05 001010110 4 match 3
16 000010010 2
27 000001000 1
30 010000000 1
41 110001001 4 match 2
52 000000001 1
63 000001101 3
74 000110000 2

06 000110010 3
17 000000110 2
20 000001000 1
31 011100000 3
42 110000001 3
53 000000001 1
64 001000100 2
75 100010000 2

07 001000111 4
10 000000000 a
21 000101000 2 match 0
32 011010000 3
43 100001001 3
54 000100000 1
65 001001100 3
76 100110000 3

Matching output
0 21
1 absent
2 41
3 05
4 absent
5 absent
6 absent
7 absent

Left
21 32x
Best: AND-NOT21: 1

Right
none
Best: none

OR-NOT
01 111111111 a
12 111010111 7
23 100101111 6
34 011110110 6
45 111011111 8
56 110110011 6
67 011001111 6
70 110111000 5

02 111110111 8
13 100011111 6
24 001111110 6
35 111111110 8
46 110111011 7
57 011101111 7
60 111001101 6
71 111111001 7

03 101111111 8
14 001110110 5
25 111111110 8
36 111110010 6
47 111001111 7
50 110101001 5
61 111101101 7
72 111110111 8

04 001110111 6
15 111011110 7
26 110111010 6
37 011111111 8
40 110001001 4 match 2
51 111101001 6
62 111011111 8
73 100111111 7

05 111111111 a
16 110110110 6
27 011101111 7
30 111111000 6
41 111101001 6
52 111110111 8
63 101001111 6
74 101110110 6

06 111110111 8
17 011011111 7
20 110101000 4
31 111111001 7
42 111011111 8
53 100101111 6
64 001111111 7
75 111111110 8

07 011111111 8
10 110011110 6
21 111101001 6
32 111110111 8
43 110001111 6
54 001110111 6
65 111011111 8
76 110110010 5

Matching output
0 absent
1 absent
2 40
3 absent
4 absent
5 absent
6 absent
7 absent

Left
none
Best: none

Right
none
Best: none

XOR-NOT
01 110011110 6
12 111000001 4
23 100100111 5
34 010000110 3
45 001010111 5
56 110010011 5
67 010000010 2
70 010111000 4

02 110100000 3
13 100011001 4
24 001011110 5
35 100101110 5
46 000111011 5
57 011101110 6
60 111000101 5
71 011011001 5

03 101111000 5
14 001100000 2
25 111110110 7
36 101000010 3
47 101000110 4
50 110101001 5
61 110100100 4
72 011100111 6

04 000000001 1
15 111001000 4
26 110011010 5
37 000111111 6
40 000000001 1
51 111001000 4
62 110011010 5
73 000111111 6

05 110101001 5
16 110100100 4
27 011100111 6
30 101111000 5
41 001100000 2
52 111110110 7
63 101000010 3
74 101000110 4

06 111000101 5
17 011011001 5
20 110100000 3
31 100011001 4
42 001011110 5
53 100101110 5
64 000111011 5
75 011101110 6

07 010111000 4
10 110011110 6
21 111000001 4
32 100100111 5
43 010000110 3
54 001010111 5
65 110010011 5
76 010000010 2

Matching output
0 absent
1 absent
2 absent
3 absent
4 absent
5 absent
6 absent
7 absent

Left
none
Best: none

Right
none
Best: none

Selecting

Lefts
Identity I2 3 4: 3
NOT none
Constant none
AND none
OR none
XOR none
AND-NOT AND-NOT21: 1
OR-NOT none
XOR-NOT none

Rights
Identity none
NOT none
Constant none
AND none
OR OR14: 1
XOR XOR14 03 72 61 50: 5
AND-NOT none
OR-NOT none
XOR-NOT none

Left longest: 3
Right longest: 5

Right winner: Identity no, NOT no, Constant no, AND no, OR no, XOR yes, AND-NOT no, OR-NOT no, XOR-NOT no
Left winner: Identity yes, NOT no, Constant no, AND no, OR no, XOR no, AND-NOT no, OR-NOT no, XOR-NOT no

Best right: XOR14 03 72 61 50: 5
Best left: I2 3 4: 3

Truncated right: XOR14 03 72 61 50: 5
Truncated left: I2 3 4: 3

Tentative from right
7 XOR14
6 XOR03
5 XOR72
4 XOR61
3 XOR50
2 pending
1 pending
0 pending

Tentative
0 I2
1 I3
2 I4
3 XOR50
4 XOR61
5 XOR72
6 XOR03
7 XOR14

Preferred from right
7 XOR14
6 XOR03
5 XOR72
4 XOR61
3 XOR50
2 I4
1 I3
0 I2

Preferred from left
0 I2
1 I3
2 I4
3 XOR50
4 XOR61
5 XOR72
6 XOR03
7 XOR14

Preferred
0 I2
1 I3
2 I4
3 XOR50
4 XOR61
5 XOR72
6 XOR03
7 XOR14

Matching
0 I2
1 I3
2 I4
3 XOR50
4 XOR61
5 XOR72
6 XOR03
7 XOR14

Perfect match
Identity no
NOT no
Constant no
AND no
OR no
XOR no
AND-NOT no
OR-NOT no
XOR-NOT no

Matched
0 I2
1 I3
2 I4
3 XOR50
4 XOR61
5 XOR72
6 XOR03
7 XOR14

Selected
0 I2
1 I3
2 I4
3 XOR50
4 XOR61
5 XOR72
6 XOR03
7 XOR14

Applying to 11101011
Input
0 1
1 1
2 1
3 0
4 1
5 0
6 1
7 1
Output
0 I2 = 1
1 I3 = 0
2 I4 = 1
3 XOR50 = XOR(0,1) = 1
4 XOR61 = XOR(1,1) = 0
5 XOR72 = XOR(1,1) = 0
6 XOR03 = XOR(1,0) = 1
7 XOR14 = XOR(1,1) = 0

I will now return the answer in \boxed{}
The answer in \boxed{–} is \boxed{10110010}