We need to deduce the transformation by matching the example outputs.
I will put my final answer inside \boxed{}.

Output 0: 10001011
0 1
1 0
2 0
3 0
4 1
5 0
6 1
7 1

Output 1: 01000111
0 0
1 1
2 0
3 0
4 0
5 1
6 1
7 1

Output 2: 10111011
0 1
1 0
2 1
3 1
4 1
5 0
6 1
7 1

Output 3: 10101001
0 1
1 0
2 1
3 0
4 1
5 0
6 0
7 1

Output 4: 10011011
0 1
1 0
2 0
3 1
4 1
5 0
6 1
7 1

Output 5: 01000111
0 0
1 1
2 0
3 0
4 0
5 1
6 1
7 1

Output 6: 11001100
0 1
1 1
2 0
3 0
4 1
5 1
6 0
7 0

Output 7: 11001100
0 1
1 1
2 0
3 0
4 1
5 1
6 0
7 0

Output 8: 01000100
0 0
1 1
2 0
3 0
4 0
5 1
6 0
7 0

Output bit columns (with bitsum as hash)
0 101110110 6
1 010001111 5
2 001100000 2
3 001010000 2
4 101110110 6
5 010001111 5
6 111011000 5
7 111111000 6

Input 0: 10100111
0 1
1 0
2 1
3 0
4 0
5 1
6 1
7 1

Input 1: 11100000
0 1
1 1
2 1
3 0
4 0
5 0
6 0
7 0

Input 2: 00110010
0 0
1 0
2 1
3 1
4 0
5 0
6 1
7 0

Input 3: 11101011
0 1
1 1
2 1
3 0
4 1
5 0
6 1
7 1

Input 4: 10000001
0 1
1 0
2 0
3 0
4 0
5 0
6 0
7 1

Input 5: 10110101
0 1
1 0
2 1
3 1
4 0
5 1
6 0
7 1

Input 6: 00111111
0 0
1 0
2 1
3 1
4 1
5 1
6 1
7 1

Input 7: 00101110
0 0
1 0
2 1
3 0
4 1
5 1
6 1
7 0

Input 8: 00011111
0 0
1 0
2 0
3 1
4 1
5 1
6 1
7 1

When matching output
x: not in operator
y: wrong position

Identity
0 110111000 5
1 010100000 2
2 111101110 7
3 001001101 4
4 000100111 4
5 100001111 5
6 101100111 6
7 100111101 6

Matching output
0 absent
1 absent
2 absent
3 absent
4 absent
5 absent
6 absent
7 absent

Left
none
Best: none

Right
none
Best: none

NOT
0 001000111 4
1 101011111 7
2 000010001 2
3 110110010 5
4 111011000 5 match 6
5 011110000 4
6 010011000 3
7 011000010 3

Matching output
0 absent
1 absent
2 absent
3 absent
4 absent
5 absent
6 4
7 absent

Left
none
Best: none

Right
none
Best: none

Constant
0 000000000 a
1 111111111 a

Matching output
0 absent
1 absent
2 absent
3 absent
4 absent
5 absent
6 absent
7 absent

Left
none
Best: none

Right
none
Best: none

AND
01 10 010100000 2
12 21 010100000 2
23 32 001001100 3
34 43 000000101 2
45 54 000000111 3
56 65 100000111 4
67 76 100100101 4
70 07 100111000 4

02 20 110101000 4
13 31 000000000 a
24 42 000100110 3
35 53 000001101 3
46 64 000100111 4
57 75 100001101 4
60 06 100100000 2
71 17 000100000 1

03 30 000001000 1
14 41 000100000 1
25 52 100001110 4
36 63 001000101 3
47 74 000100101 3
50 05 100001000 2
61 16 000100000 1
72 27 100101100 4

04 40 000100000 1
15 51 000000000 a
26 62 101100110 5
37 73 000001101 3

Matching output
0 absent
1 absent
2 absent
3 absent
4 absent
5 absent
6 absent
7 absent

Left
none
Best: none

Right
none
Best: none

OR
01 10 110111000 5
12 21 111101110 7
23 32 111101111 8
34 43 001101111 6
45 54 100101111 6
56 65 101101111 7
67 76 101111111 8
70 07 110111101 7

02 20 111111110 8
13 31 011101101 6
24 42 111101111 8
35 53 101001111 6
46 64 101100111 6
57 75 100111111 7
60 06 111111111 a
71 17 110111101 7

03 30 111111101 8
14 41 010100111 5
25 52 111101111 8
36 63 101101111 7
47 74 100111111 7
50 05 110111111 8
61 16 111100111 7
72 27 111111111 a

04 40 110111111 8
15 51 110101111 7
26 62 111101111 8
37 73 101111101 7

Matching output
0 absent
1 absent
2 absent
3 absent
4 absent
5 absent
6 absent
7 absent

Left
none
Best: none

Right
none
Best: none

XOR
01 10 100011000 3
12 21 101001110 5
23 32 110100011 5
34 43 001101010 4
45 54 100101000 3
56 65 001101000 3
67 76 001011010 4
70 07 010000101 3

02 20 001010110 4
13 31 011101101 6
24 42 111001001 5
35 53 101000010 3
46 64 101000000 2
57 75 000110010 3
60 06 011011111 7
71 17 110011101 6

03 30 111110101 7
14 41 010000111 4
25 52 011100001 4
36 63 100101010 4
47 74 100011010 4
50 05 010110111 6
61 16 111000111 6
72 27 011010011 5

04 40 110011111 7
15 51 110101111 7
26 62 010001001 3
37 73 101110000 4

Matching output
0 absent
1 absent
2 absent
3 absent
4 absent
5 absent
6 absent
7 absent

Left
none
Best: none

Right
none
Best: none

AND-NOT
01 100011000 3
12 000000000 a
23 110100010 4
34 001001000 2
45 000100000 1
56 000001000 1
67 001000010 2
70 000000101 2

02 000010000 1
13 010100000 2
24 111001000 4
35 001000000 1
46 000000000 a
57 000000010 1
60 001000111 4
71 100011101 5

03 110110000 4
14 010000000 1
25 011100000 3
36 000001000 1
47 000000010 1
50 000000111 3
61 101000111 5
72 000010001 2

04 110011000 4
15 010100000 2
26 010001000 2
37 001000000 1
40 000000111 3
51 100001111 5
62 000000001 1
73 100110000 3

05 010110000 3
16 010000000 1
27 011000010 3
30 001000101 3
41 000000111 3
52 000000001 1
63 100100010 3
74 100011000 3

06 010011000 3
17 010000000 1
20 001000110 3
31 001001101 4
42 000000001 1
53 100000010 2
64 101000000 2
75 000110000 2

07 010000000 1
10 000000000 a
21 101001110 5
32 000000001 1
43 000100010 2
54 100001000 2
65 001100000 2 match 2
76 000011000 2

Matching output
0 absent
1 absent
2 65
3 absent
4 absent
5 absent
6 absent
7 absent

Left
none
Best: none

Right
none
Best: none

OR-NOT
01 111111111 a
12 010110001 4
23 111111110 8
34 111011101 7
45 011110111 7
56 110011111 7
67 111100111 7
70 101111111 8

02 110111001 6
13 110110010 5
24 111111110 8
35 011111101 7
46 010111111 7
57 111001111 7
60 101100111 6
71 101111111 8

03 110111010 6
14 111111000 6 match 7
25 111111110 8
36 011011101 6
47 011100111 6
50 101001111 6
61 101111111 8
72 100111101 6

04 111111000 6 match 7
15 011110000 4
26 111111110 8
37 011001111 6
40 001100111 5
51 101011111 7
62 101110111 7
73 110111111 8

05 111111000 6 match 7
16 010111000 4
27 111101110 7
30 001001111 5
41 101111111 8
52 100011111 6
63 111110111 8
74 111111101 8

06 110111000 5
17 011100010 4
20 111101111 8
31 101011111 7
42 000110111 5
53 110111111 8
64 111111111 a
75 111111101 8

07 111111010 7
10 011100111 6
21 111111111 a
32 001011101 5
43 110110111 7
54 111011111 8
65 111110111 8
76 110111101 7

Matching output
0 absent
1 absent
2 absent
3 absent
4 absent
5 absent
6 absent
7 14 04 05

Left
none
Best: none

Right
14 03x
04 73x
05 74x
Best: OR-NOT14: 1

XOR-NOT
01 011100111 6
12 010110001 4
23 001011100 4
34 110010101 5
45 011010111 6
56 110010111 6
67 110100101 5
70 101111010 6

02 110101001 5
13 100010010 3
24 000110110 4
35 010111101 6
46 010111111 7
57 111001101 6
60 100100000 2
71 001100010 3

03 000001010 2
14 101111000 5
25 100011110 5
36 011010101 5
47 011100101 5
50 101001000 3
61 000111000 3
72 100101100 4

04 001100000 2 match 2
15 001010000 2 match 3
26 101110110 6 match 0 4
37 010001111 5 match 1 5
40 001100000 2 match 2
51 001010000 2 match 3
62 101110110 6 match 0 4
73 010001111 5 match 1 5

05 101001000 3
16 000111000 3
27 100101100 4
30 000001010 2
41 101111000 5
52 100011110 5
63 011010101 5
74 011100101 5

06 100100000 2
17 001100010 3
20 110101001 5
31 100010010 3
42 000110110 4
53 010111101 6
64 010111111 7
75 111001101 6

07 101111010 6
10 011100111 6
21 010110001 4
32 001011100 4
43 110010101 5
54 011010111 6
65 110010111 6
76 110100101 5

Matching output
0 26 62
1 37 73
2 04 40
3 15 51
4 26 62
5 37 73
6 absent
7 absent

Left
26 37 40 51 62 73 04y
62 73 04 15 26 37 40y
Best: XOR-NOT26 37 40 51 62 73: 6

Right
none
Best: none

Selecting

Lefts
Identity none
NOT none
Constant none
AND none
OR none
XOR none
AND-NOT none
OR-NOT none
XOR-NOT XOR-NOT26 37 40 51 62 73: 6

Rights
Identity none
NOT none
Constant none
AND none
OR none
XOR none
AND-NOT none
OR-NOT OR-NOT14: 1
XOR-NOT none

Left longest: 6
Right longest: 1

Left winner: Identity no, NOT no, Constant no, AND no, OR no, XOR no, AND-NOT no, OR-NOT no, XOR-NOT yes
Right winner: Identity no, NOT no, Constant no, AND no, OR no, XOR no, AND-NOT no, OR-NOT yes, XOR-NOT no

Best left: XOR-NOT26 37 40 51 62 73: 6
Best right: OR-NOT14: 1

Truncated left: XOR-NOT26 37 40 51 62 73: 6
Truncated right: OR-NOT14: 1

Tentative from right
7 OR-NOT14
6 pending
5 pending
4 pending
3 pending
2 pending
1 pending
0 pending

Tentative
0 XOR-NOT26
1 XOR-NOT37
2 XOR-NOT40
3 XOR-NOT51
4 XOR-NOT62
5 XOR-NOT73
6 pending
7 OR-NOT14

Preferred from left
0 XOR-NOT26
1 XOR-NOT37
2 XOR-NOT40
3 XOR-NOT51
4 XOR-NOT62
5 XOR-NOT73
6 ?04
7 OR-NOT14

Preferred from right
7 OR-NOT14
6 ?04
5 XOR-NOT73
4 XOR-NOT62
3 XOR-NOT51
2 XOR-NOT40
1 XOR-NOT37
0 XOR-NOT26

Preferred
0 XOR-NOT26
1 XOR-NOT37
2 XOR-NOT40
3 XOR-NOT51
4 XOR-NOT62
5 XOR-NOT73
6 ?04 ?40
7 OR-NOT14

Matching
0 XOR-NOT26
1 XOR-NOT37
2 XOR-NOT40
3 XOR-NOT51
4 XOR-NOT62
5 XOR-NOT73
6 ?04 ?40 - Identity absent, NOT NOT4, Constant absent, AND absent, OR absent, XOR absent, AND-NOT absent, OR-NOT absent, XOR-NOT absent
7 OR-NOT14

Perfect match
Identity no
NOT yes
Constant no
AND no
OR no
XOR no
AND-NOT no
OR-NOT no
XOR-NOT no

Matched
0 XOR-NOT26
1 XOR-NOT37
2 XOR-NOT40
3 XOR-NOT51
4 XOR-NOT62
5 XOR-NOT73
6 NOT4
7 OR-NOT14

Selected
0 XOR-NOT26
1 XOR-NOT37
2 XOR-NOT40
3 XOR-NOT51
4 XOR-NOT62
5 XOR-NOT73
6 NOT4
7 OR-NOT14

Applying to 00010000
Input
0 0
1 0
2 0
3 1
4 0
5 0
6 0
7 0
Output
0 XOR-NOT26 = XOR(0,NOT(0)) = 1
1 XOR-NOT37 = XOR(1,NOT(0)) = 0
2 XOR-NOT40 = XOR(0,NOT(0)) = 1
3 XOR-NOT51 = XOR(0,NOT(0)) = 1
4 XOR-NOT62 = XOR(0,NOT(0)) = 1
5 XOR-NOT73 = XOR(0,NOT(1)) = 0
6 NOT4 = NOT(0) = 1
7 OR-NOT14 = OR(0,NOT(0)) = 1

I will now return the answer in \boxed{}
The answer in \boxed{–} is \boxed{10111011}