We need to deduce the transformation by matching the example outputs.
I will put my final answer inside \boxed{}.

Output 0: 01101110
0 0
1 1
2 1
3 0
4 1
5 1
6 1
7 0

Output 1: 10001101
0 1
1 0
2 0
3 0
4 1
5 1
6 0
7 1

Output 2: 00110011
0 0
1 0
2 1
3 1
4 0
5 0
6 1
7 1

Output 3: 11001111
0 1
1 1
2 0
3 0
4 1
5 1
6 1
7 1

Output 4: 00000000
0 0
1 0
2 0
3 0
4 0
5 0
6 0
7 0

Output 5: 11100011
0 1
1 1
2 1
3 0
4 0
5 0
6 1
7 1

Output 6: 01010000
0 0
1 1
2 0
3 1
4 0
5 0
6 0
7 0

Output 7: 11001101
0 1
1 1
2 0
3 0
4 1
5 1
6 0
7 1

Output 8: 00101010
0 0
1 0
2 1
3 0
4 1
5 0
6 1
7 0

Output 9: 00010101
0 0
1 0
2 0
3 1
4 0
5 1
6 0
7 1

Output bit columns (with bitsum as hash)
0 0101010100 4
1 1001011100 5
2 1010010010 4
3 0010001001 3
4 1101000110 5
5 1101000101 5
6 1011010010 5
7 0111010101 6

Input 0: 11011010
0 1
1 1
2 0
3 1
4 1
5 0
6 1
7 0

Input 1: 00011011
0 0
1 0
2 0
3 1
4 1
5 0
6 1
7 1

Input 2: 01100100
0 0
1 1
2 1
3 0
4 0
5 1
6 0
7 0

Input 3: 10011011
0 1
1 0
2 0
3 1
4 1
5 0
6 1
7 1

Input 4: 00000000
0 0
1 0
2 0
3 0
4 0
5 0
6 0
7 0

Input 5: 11000001
0 1
1 1
2 0
3 0
4 0
5 0
6 0
7 1

Input 6: 10100100
0 1
1 0
2 1
3 0
4 0
5 1
6 0
7 0

Input 7: 10011111
0 1
1 0
2 0
3 1
4 1
5 1
6 1
7 1

Input 8: 01010110
0 0
1 1
2 0
3 1
4 0
5 1
6 1
7 0

Input 9: 00101010
0 0
1 0
2 1
3 0
4 1
5 0
6 1
7 0

When matching output
x: not in operator
y: wrong position

Identity
0 1001011100 5 match 1
1 1010010010 4 match 2
2 0010001001 3 match 3
3 1101000110 5 match 4
4 1101000101 5 match 5
5 0010001110 4
6 1101000111 6
7 0101010100 4 match 0

Matching output
0 7
1 0
2 1
3 2
4 3
5 4
6 absent
7 absent

Left
7 0 1 2 3 4 5x
Best: I7 0 1 2 3 4: 6

Right
none
Best: none

NOT
0 0110100011 5
1 0101101101 6
2 1101110110 7
3 0010111001 5
4 0010111010 5
5 1101110001 6
6 0010111000 4
7 1010101011 6

Matching output
0 absent
1 absent
2 absent
3 absent
4 absent
5 absent
6 absent
7 absent

Left
none
Best: none

Right
none
Best: none

Constant
0 0000000000 a
1 1111111111 a

Matching output
0 absent
1 absent
2 absent
3 absent
4 absent
5 absent
6 absent
7 absent

Left
none
Best: none

Right
none
Best: none

AND
01 10 1000010000 2
12 21 0010000000 1
23 32 0000000000 a
34 43 1101000100 4
45 54 0000000100 1
56 65 0000000110 2
67 76 0101000100 3
70 07 0001010100 3

02 20 0000001000 1
13 31 1000000010 2
24 42 0000000001 1
35 53 0000000110 2
46 64 1101000101 5 match 5
57 75 0000000100 1
60 06 1001000100 3
71 17 0000010000 1

03 30 1001000100 3
14 41 1000000000 1
25 52 0010001000 2
36 63 1101000110 5 match 4
47 74 0101000100 3
50 05 0000001100 2
61 16 1000000010 2
72 27 0000000000 a

04 40 1001000100 3
15 51 0010000010 2
26 62 0000000001 1
37 73 0101000100 3

Matching output
0 absent
1 absent
2 absent
3 absent
4 36 63
5 46 64
6 absent
7 absent

Left
none
Best: none

Right
none
Best: none

OR
01 10 1011011110 7
12 21 1010011011 6
23 32 1111001111 8
34 43 1101000111 6
45 54 1111001111 8
56 65 1111001111 8
67 76 1101010111 7
70 07 1101011100 6

02 20 1011011101 7
13 31 1111010110 7
24 42 1111001101 7
35 53 1111001110 7
46 64 1101000111 6
57 75 0111011110 7
60 06 1101011111 8
71 17 1111010110 7

03 30 1101011110 7
14 41 1111010111 8
25 52 0010001111 5
36 63 1101000111 6
47 74 1101010101 6
50 05 1011011110 7
61 16 1111010111 8
72 27 0111011101 7

04 40 1101011101 7
15 51 1010011110 6
26 62 1111001111 8
37 73 1101010110 6

Matching output
0 absent
1 absent
2 absent
3 absent
4 absent
5 absent
6 absent
7 absent

Left
none
Best: none

Right
none
Best: none

XOR
01 10 0011001110 5
12 21 1000011011 5
23 32 1111001111 8
34 43 0000000011 2
45 54 1111001011 7
56 65 1111001001 6
67 76 1000010011 4
70 07 1100001000 3

02 20 1011010101 6
13 31 0111010100 5
24 42 1111001100 6
35 53 1111001000 5
46 64 0000000010 1
57 75 0111011010 6
60 06 0100011011 5
71 17 1111000110 6

03 30 0100011010 4
14 41 0111010111 7
25 52 0000000111 3
36 63 0000000001 1
47 74 1000010001 3
50 05 1011010010 5 match 6
61 16 0111010101 6 match 7
72 27 0111011101 7

04 40 0100011001 4
15 51 1000011100 4
26 62 1111001110 7
37 73 1000010010 3

Matching output
0 absent
1 absent
2 absent
3 absent
4 absent
5 absent
6 50 05
7 61 16

Left
none
Best: none

Right
61 50 47x
16 05 74x
Best: XOR61 50: 2

AND-NOT
01 0001001100 3
12 1000010010 3
23 0010001001 3 match 3
34 0000000010 1
45 1101000001 4
56 0010001000 2
67 1000000011 3
70 0100000000 1

02 1001010100 4
13 0010010000 2
24 0010001000 2
35 1101000000 3
46 0000000000 a
57 0010001010 3
60 0100000011 3
71 0101000100 3

03 0000011000 2
14 0010010010 3
25 0000000001 1
36 0000000000 a
47 1000000001 2
50 0010000010 2
61 0101000101 4
72 0101010100 4 match 0

04 0000011000 2
15 1000010000 2
26 0010001000 2
37 1000000010 2
40 0100000001 2
51 0000001100 2
62 1101000110 5 match 4
73 0000010000 1

05 1001010000 3
16 0010010000 2
27 0010001001 3 match 3
30 0100000010 2
41 0101000101 4
52 0000000110 2
63 0000000001 1
74 0000010000 1

06 0000011000 2
17 1010000010 3
20 0010000001 2
31 0101000100 3
42 1101000100 4
53 0010001000 2
64 0000000010 1
75 0101010000 3

07 1000001000 2
10 0010000010 2
21 0000001001 2
32 1101000110 5 match 4
43 0000000001 1
54 0010001010 3
65 1101000001 4
76 0000010000 1

Matching output
0 72
1 absent
2 absent
3 23 27
4 62 32
5 absent
6 absent
7 absent

Left
72 03x
Best: AND-NOT72: 1

Right
none
Best: none

OR-NOT
01 1101111101 8
12 1111110110 8
23 0010111001 5
34 1111111110 9
45 1101110101 7
56 0010111110 6
67 1111101111 9
70 0111110111 8

02 1101111110 8
13 1010111011 7
24 0010111011 6
35 1101110111 8
46 1111111101 9
57 1010101111 7
60 1111100111 8
71 0101111101 7

03 1011111101 8
14 1010111010 6
25 1111111001 8
36 1111111110 9
47 1111101111 9
50 0110101111 7
61 1101101111 8
72 1101110110 7

04 1011111110 8
15 1111110011 8
26 0010111001 5
37 1111101111 9
40 1111100111 8
51 0111101111 8
62 1101110111 8
73 0111111101 8

05 1101111101 8
16 1010111010 6
27 1010101011 6
30 1111100111 8
41 1101101101 7
52 1111111110 9
63 1111111111 a
74 0111111110 8

06 1011111100 7
17 1010111011 7
20 0110101011 6
31 1101101111 8
42 1101110111 8
53 0010111111 7
64 1111111111 a
75 1101110101 7

07 1011111111 9
10 1110110011 7
21 0111101101 7
32 1101110110 7
43 1111111101 9
54 0010111110 6
65 1101110111 8
76 0111111100 7

Matching output
0 absent
1 absent
2 absent
3 absent
4 absent
5 absent
6 absent
7 absent

Left
none
Best: none

Right
none
Best: none

XOR-NOT
01 1100110001 5
12 0111100100 5
23 0000110000 2
34 1111111100 8
45 0000110100 3
56 0000110110 4
67 0111101100 6
70 0011110111 7

02 0100101010 4
13 1000101011 5
24 0000110011 4
35 0000110111 5
46 1111111101 9
57 1000100101 4
60 1011100100 5
71 0000111001 4

03 1011100101 6
14 1000101000 3
25 1111111000 7
36 1111111110 9
47 0111101110 7
50 0100101101 5
61 1000101010 4
72 1000100010 3

04 1011100110 6
15 0111100011 6
26 0000110001 3
37 0111101101 7
40 1011100110 6
51 0111100011 6
62 0000110001 3
73 0111101101 7

05 0100101101 5
16 1000101010 4
27 1000100010 3
30 1011100101 6
41 1000101000 3
52 1111111000 7
63 1111111110 9
74 0111101110 7

06 1011100100 5
17 0000111001 4
20 0100101010 4
31 1000101011 5
42 0000110011 4
53 0000110111 5
64 1111111101 9
75 1000100101 4

07 0011110111 7
10 1100110001 5
21 0111100100 5
32 0000110000 2
43 1111111100 8
54 0000110100 3
65 0000110110 4
76 0111101100 6

Matching output
0 absent
1 absent
2 absent
3 absent
4 absent
5 absent
6 absent
7 absent

Left
none
Best: none

Right
none
Best: none

Selecting

Lefts
Identity I7 0 1 2 3 4: 6
NOT none
Constant none
AND none
OR none
XOR none
AND-NOT AND-NOT72: 1
OR-NOT none
XOR-NOT none

Rights
Identity none
NOT none
Constant none
AND none
OR none
XOR XOR61 50: 2
AND-NOT none
OR-NOT none
XOR-NOT none

Left longest: 6
Right longest: 2

Left winner: Identity yes, NOT no, Constant no, AND no, OR no, XOR no, AND-NOT no, OR-NOT no, XOR-NOT no
Right winner: Identity no, NOT no, Constant no, AND no, OR no, XOR yes, AND-NOT no, OR-NOT no, XOR-NOT no

Best left: I7 0 1 2 3 4: 6
Best right: XOR61 50: 2

Truncated left: I7 0 1 2 3 4: 6
Truncated right: XOR61 50: 2

Tentative from right
7 XOR61
6 XOR50
5 pending
4 pending
3 pending
2 pending
1 pending
0 pending

Tentative
0 I7
1 I0
2 I1
3 I2
4 I3
5 I4
6 XOR50
7 XOR61

Preferred from left
0 I7
1 I0
2 I1
3 I2
4 I3
5 I4
6 XOR50
7 XOR61

Preferred from right
7 XOR61
6 XOR50
5 I4
4 I3
3 I2
2 I1
1 I0
0 I7

Preferred
0 I7
1 I0
2 I1
3 I2
4 I3
5 I4
6 XOR50
7 XOR61

Matching
0 I7
1 I0
2 I1
3 I2
4 I3
5 I4
6 XOR50
7 XOR61

Perfect match
Identity no
NOT no
Constant no
AND no
OR no
XOR no
AND-NOT no
OR-NOT no
XOR-NOT no

Matched
0 I7
1 I0
2 I1
3 I2
4 I3
5 I4
6 XOR50
7 XOR61

Selected
0 I7
1 I0
2 I1
3 I2
4 I3
5 I4
6 XOR50
7 XOR61

Applying to 11000100
Input
0 1
1 1
2 0
3 0
4 0
5 1
6 0
7 0
Output
0 I7 = 0
1 I0 = 1
2 I1 = 1
3 I2 = 0
4 I3 = 0
5 I4 = 0
6 XOR50 = XOR(1,1) = 0
7 XOR61 = XOR(0,1) = 1

I will now return the answer in \boxed{}
The answer in \boxed{–} is \boxed{01100001}