We need to deduce the transformation by matching the example outputs.
I will put my final answer inside \boxed{}.

Output 0: 00110110
0 0
1 0
2 1
3 1
4 0
5 1
6 1
7 0

Output 1: 01001110
0 0
1 1
2 0
3 0
4 1
5 1
6 1
7 0

Output 2: 10111101
0 1
1 0
2 1
3 1
4 1
5 1
6 0
7 1

Output 3: 10101011
0 1
1 0
2 1
3 0
4 1
5 0
6 1
7 1

Output 4: 10100011
0 1
1 0
2 1
3 0
4 0
5 0
6 1
7 1

Output 5: 10111111
0 1
1 0
2 1
3 1
4 1
5 1
6 1
7 1

Output 6: 10010101
0 1
1 0
2 0
3 1
4 0
5 1
6 0
7 1

Output 7: 01101100
0 0
1 1
2 1
3 0
4 1
5 1
6 0
7 0

Output 8: 11000101
0 1
1 1
2 0
3 0
4 0
5 1
6 0
7 1

Output 9: 11010111
0 1
1 1
2 0
3 1
4 0
5 1
6 1
7 1

Output bit columns (with bitsum as hash)
0 0011111011 7
1 0100000111 4
2 1011110100 6
3 1010011001 5
4 0111010100 5
5 1110011111 8
6 1101110001 6
7 0011111011 7

Input 0: 10011010
0 1
1 0
2 0
3 1
4 1
5 0
6 1
7 0

Input 1: 00100111
0 0
1 0
2 1
3 0
4 0
5 1
6 1
7 1

Input 2: 11011111
0 1
1 1
2 0
3 1
4 1
5 1
6 1
7 1

Input 3: 11010100
0 1
1 1
2 0
3 1
4 0
5 1
6 0
7 0

Input 4: 01010001
0 0
1 1
2 0
3 1
4 0
5 0
6 0
7 1

Input 5: 01011111
0 0
1 1
2 0
3 1
4 1
5 1
6 1
7 1

Input 6: 11001011
0 1
1 1
2 0
3 0
4 1
5 0
6 1
7 1

Input 7: 00110110
0 0
1 0
2 1
3 1
4 0
5 1
6 1
7 0

Input 8: 11100011
0 1
1 1
2 1
3 0
4 0
5 0
6 1
7 1

Input 9: 01101011
0 0
1 1
2 1
3 0
4 1
5 0
6 1
7 1

When matching output
x: not in operator
y: wrong position

Identity
0 1011001010 5
1 0011111011 7 match 0 7
2 0100000111 4 match 1
3 1011110100 6 match 2
4 1010011001 5 match 3
5 0111010100 5 match 4
6 1110011111 8 match 5
7 0110111011 7

Matching output
0 1
1 2
2 3
3 4
4 5
5 6
6 absent
7 1

Left
1 2 3 4 5 6 7x
Best: I1 2 3 4 5 6: 6

Right
1 0x
Best: I1: 1

NOT
0 0100110101 5
1 1100000100 3
2 1011111000 6
3 0100001011 4
4 0101100110 5
5 1000101011 5
6 0001100000 2
7 1001000100 3

Matching output
0 absent
1 absent
2 absent
3 absent
4 absent
5 absent
6 absent
7 absent

Left
none
Best: none

Right
none
Best: none

Constant
0 0000000000 a
1 1111111111 a

Matching output
0 absent
1 absent
2 absent
3 absent
4 absent
5 absent
6 absent
7 absent

Left
none
Best: none

Right
none
Best: none

AND
01 10 0011001010 4
12 21 0000000011 2
23 32 0000000100 1
34 43 1010010000 3
45 54 0010010000 2
56 65 0110010100 4
67 76 0110011011 6
70 07 0010001010 3

02 20 0000000010 1
13 31 0011110000 4
24 42 0000000001 1
35 53 0011010100 4
46 64 1010011001 5 match 3
57 75 0110010000 3
60 06 1010001010 4
71 17 0010111011 6

03 30 1011000000 3
14 41 0010011001 4
25 52 0100000100 2
36 63 1010010100 4
47 74 0010011001 4
50 05 0011000000 2
61 16 0010011011 5
72 27 0100000011 3

04 40 1010001000 3
15 51 0011010000 3
26 62 0100000111 4 match 1
37 73 0010110000 3

Matching output
0 absent
1 26 62
2 absent
3 46 64
4 absent
5 absent
6 absent
7 absent

Left
none
Best: none

Right
none
Best: none

OR
01 10 1011111011 8
12 21 0111111111 9
23 32 1111110111 9
34 43 1011111101 8
45 54 1111011101 8
56 65 1111011111 9
67 76 1110111111 9
70 07 1111111011 9

02 20 1111001111 8
13 31 1011111111 9
24 42 1110011111 8 match 5
35 53 1111110100 7
46 64 1110011111 8 match 5
57 75 0111111111 9
60 06 1111011111 9
71 17 0111111011 8

03 30 1011111110 8
14 41 1011111011 8
25 52 0111010111 7
36 63 1111111111 a
47 74 1110111011 8
50 05 1111011110 8
61 16 1111111111 a
72 27 0110111111 8

04 40 1011011011 7
15 51 0111111111 9
26 62 1110011111 8 match 5
37 73 1111111111 a

Matching output
0 absent
1 absent
2 absent
3 absent
4 absent
5 24 42 46 64 26 62
6 absent
7 absent

Left
none
Best: none

Right
none
Best: none

XOR
01 10 1000110001 4
12 21 0111111100 7
23 32 1111110011 8
34 43 0001101101 5
45 54 1101001101 6
56 65 1001001011 5
67 76 1000100100 3
70 07 1101110001 6 match 6

02 20 1111001101 7
13 31 1000001111 5
24 42 1110011110 7
35 53 1100100000 3
46 64 0100000110 3
57 75 0001101111 6
60 06 0101010101 5
71 17 0101000000 2

03 30 0000111110 5
14 41 1001100010 4
25 52 0011010011 5
36 63 0101101011 6
47 74 1100100010 4
50 05 1100011110 6
61 16 1101100100 5
72 27 0010111100 5

04 40 0001010011 4
15 51 0100101111 6
26 62 1010011000 4
37 73 1101001111 7

Matching output
0 absent
1 absent
2 absent
3 absent
4 absent
5 absent
6 70 07
7 absent

Left
none
Best: none

Right
none
Best: none

AND-NOT
01 1000000000 1
12 0011111000 5
23 0100000011 3
34 0001100100 3
45 1000001001 3
56 0001000000 1
67 1000000100 2
70 0100110001 4

02 1011001000 4
13 0000001011 3
24 0100000110 3
35 1000100000 2
46 0000000000 a
57 0001000100 2
60 0100010101 4
71 0100000000 1

03 0000001010 2
14 0001100010 3
25 0000000011 2
36 0001100000 2
47 1000000000 1
50 0100010100 3
61 1100000100 3
72 0010111000 4

04 0001000010 2
15 0000101011 4
26 0000000000 a
37 1001000100 3
40 0000010001 2
51 0100000100 2
62 1010011000 4
73 0100001011 4

05 1000001010 3
16 0001100000 2
27 0000000100 1
30 0000110100 3
41 1000000000 1
52 0011010000 3
63 0100001011 4
74 0100100010 3

06 0001000000 1
17 0001000000 1
20 0100000101 3
31 1000000100 2
42 1010011000 4
53 0100000000 1
64 0100000110 3
75 0000101011 4

07 1001000000 2
10 0000110001 3
21 0100000100 2
32 1011110000 5
43 0000001001 2
54 0101000100 3
65 1000001011 4
76 0000100000 1

Matching output
0 absent
1 absent
2 absent
3 absent
4 absent
5 absent
6 absent
7 absent

Left
none
Best: none

Right
none
Best: none

OR-NOT
01 1111001110 7
12 1011111011 8
23 0100001111 5
34 1111110110 8
45 1010111011 7
56 0111110100 6
67 1111011111 9
70 0110111111 8

02 1011111010 7
13 0111111011 8
24 0101100111 6
35 1011111111 9
46 1011111001 7
57 1111010100 6
60 1110111111 9
71 1110111111 9

03 1111001011 7
14 0111111111 9
25 1100101111 7
36 1011110100 6 match 2
47 1011011101 7
50 0111110101 7
61 1110011111 8 match 5
72 1111111011 9

04 1111101110 8
15 1011111011 8
26 0101100111 6
37 1011110100 6 match 2
40 1110111101 8
51 1111010100 6
62 1111111111 a
73 0110111011 7

05 1011101011 7
16 0011111011 7 match 0 7
27 1101000111 6
30 1111110101 8
41 1110011101 7
52 1111111100 8
63 1110011111 8 match 5
74 0111111111 9

06 1011101010 6
17 1011111111 9
20 0100110111 6
31 1111110100 7
42 1011111001 7
53 0111011111 8
64 1111111111 a
75 1110111011 8

07 1011001110 6
10 0111111111 9
21 1100000111 5
32 1011111100 7
43 1110011011 7
54 0111110110 7
65 1110111111 9
76 0111111011 8

Matching output
0 16
1 absent
2 36 37
3 absent
4 absent
5 61 63
6 absent
7 16

Left
16 27x
Best: OR-NOT16: 1

Right
16 05x
Best: OR-NOT16: 1

XOR-NOT
01 0111001110 6
12 1000000011 3
23 0000001100 2
34 1110010010 5
45 0010110010 4
56 0110110100 5
67 0111011011 7
70 0010001110 4

02 0000110010 3
13 0111110000 5
24 0001100001 3
35 0011011111 7
46 1011111001 7
57 1110010000 4
60 1010101010 5
71 1010111111 8

03 1111000001 5
14 0110011101 6
25 1100101100 5
36 1010010100 4
47 0011011101 6
50 0011100001 4
61 0010011011 5
72 1101000011 5

04 1110101100 6
15 1011010000 4
26 0101100111 6
37 0010110000 3
40 1110101100 6
51 1011010000 4
62 0101100111 6
73 0010110000 3

05 0011100001 4
16 0010011011 5
27 1101000011 5
30 1111000001 5
41 0110011101 6
52 1100101100 5
63 1010010100 4
74 0011011101 6

06 1010101010 5
17 1010111111 8
20 0000110010 3
31 0111110000 5
42 0001100001 3
53 0011011111 7
64 1011111001 7
75 1110010000 4

07 0010001110 4
10 0111001110 6
21 1000000011 3
32 0000001100 2
43 1110010010 5
54 0010110010 4
65 0110110100 5
76 0111011011 7

Matching output
0 absent
1 absent
2 absent
3 absent
4 absent
5 absent
6 absent
7 absent

Left
none
Best: none

Right
none
Best: none

Selecting

Lefts
Identity I1 2 3 4 5 6: 6
NOT none
Constant none
AND none
OR none
XOR none
AND-NOT none
OR-NOT OR-NOT16: 1
XOR-NOT none

Rights
Identity I1: 1
NOT none
Constant none
AND none
OR none
XOR none
AND-NOT none
OR-NOT OR-NOT16: 1
XOR-NOT none

Left longest: 6
Right longest: 1

Left winner: Identity yes, NOT no, Constant no, AND no, OR no, XOR no, AND-NOT no, OR-NOT no, XOR-NOT no
Right winner: Identity yes, NOT no, Constant no, AND no, OR no, XOR no, AND-NOT no, OR-NOT no, XOR-NOT no

Best left: I1 2 3 4 5 6: 6
Best right: I1: 1

Truncated left: I1 2 3 4 5 6: 6
Truncated right: I1: 1

Tentative from right
7 I1
6 pending
5 pending
4 pending
3 pending
2 pending
1 pending
0 pending

Tentative
0 I1
1 I2
2 I3
3 I4
4 I5
5 I6
6 pending
7 I1

Preferred from left
0 I1
1 I2
2 I3
3 I4
4 I5
5 I6
6 ?7?
7 I1

Preferred from right
7 I1
6 ?70
5 I6
4 I5
3 I4
2 I3
1 I2
0 I1

Preferred
0 I1
1 I2
2 I3
3 I4
4 I5
5 I6
6 ?70 ?07
7 I1

Matching
0 I1
1 I2
2 I3
3 I4
4 I5
5 I6
6 ?70 ?07 - Identity absent, NOT absent, Constant absent, AND absent, OR absent, XOR70, AND-NOT absent, OR-NOT absent, XOR-NOT absent
7 I1

Perfect match
Identity no
NOT no
Constant no
AND no
OR no
XOR yes
AND-NOT no
OR-NOT no
XOR-NOT no

Matched
0 I1
1 I2
2 I3
3 I4
4 I5
5 I6
6 XOR70
7 I1

Selected
0 I1
1 I2
2 I3
3 I4
4 I5
5 I6
6 XOR70
7 I1

Applying to 01011001
Input
0 0
1 1
2 0
3 1
4 1
5 0
6 0
7 1
Output
0 I1 = 1
1 I2 = 0
2 I3 = 1
3 I4 = 1
4 I5 = 0
5 I6 = 0
6 XOR70 = XOR(1,0) = 1
7 I1 = 1

I will now return the answer in \boxed{}
The answer in \boxed{–} is \boxed{10110011}