We need to deduce the transformation by matching the example outputs.
I will put my final answer inside \boxed{}.

Output 0: 01011001
0 0
1 1
2 0
3 1
4 1
5 0
6 0
7 1

Output 1: 01111101
0 0
1 1
2 1
3 1
4 1
5 1
6 0
7 1

Output 2: 10011001
0 1
1 0
2 0
3 1
4 1
5 0
6 0
7 1

Output 3: 10011101
0 1
1 0
2 0
3 1
4 1
5 1
6 0
7 1

Output 4: 01111011
0 0
1 1
2 1
3 1
4 1
5 0
6 1
7 1

Output 5: 01110000
0 0
1 1
2 1
3 1
4 0
5 0
6 0
7 0

Output 6: 01001101
0 0
1 1
2 0
3 0
4 1
5 1
6 0
7 1

Output bit columns (with bitsum as hash)
0 0011000 2
1 1100111 5
2 0100110 3
3 1111110 6
4 1111101 6
5 0101001 3
6 0000100 1
7 1111101 6

Input 0: 01100101
0 0
1 1
2 1
3 0
4 0
5 1
6 0
7 1

Input 1: 11110111
0 1
1 1
2 1
3 1
4 0
5 1
6 1
7 1

Input 2: 01100110
0 0
1 1
2 1
3 0
4 0
5 1
6 1
7 0

Input 3: 01110110
0 0
1 1
2 1
3 1
4 0
5 1
6 1
7 0

Input 4: 11101101
0 1
1 1
2 1
3 0
4 1
5 1
6 0
7 1

Input 5: 11000001
0 1
1 1
2 0
3 0
4 0
5 0
6 0
7 1

Input 6: 00110101
0 0
1 0
2 1
3 1
4 0
5 1
6 0
7 1

When matching output
x: not in operator
y: wrong position

Identity
0 0100110 3 match 2
1 1111110 6 match 3
2 1111101 6 match 4 7
3 0101001 3 match 5
4 0000100 1 match 6
5 1111101 6 match 4 7
6 0111000 3
7 1100111 5 match 1

Matching output
0 absent
1 7
2 0
3 1
4 2 5
5 3
6 4
7 2 5

Left
none
Best: none

Right
2 1y
5 4 3 2 1 0 7 6x
Best: I5 4 3 2 1 0 7: 7

NOT
0 1011001 4
1 0000001 1
2 0000010 1
3 1010110 4
4 1111011 6
5 0000010 1
6 1000111 4
7 0011000 2 match 0

Matching output
0 7
1 absent
2 absent
3 absent
4 absent
5 absent
6 absent
7 absent

Left
7 0x
Best: NOT7: 1

Right
none
Best: none

Constant
0 0000000 a
1 1111111 a

Matching output
0 absent
1 absent
2 absent
3 absent
4 absent
5 absent
6 absent
7 absent

Left
none
Best: none

Right
none
Best: none

AND
01 10 0100110 3 match 2
12 21 1111100 5
23 32 0101001 3 match 5
34 43 0000000 a
45 54 0000100 1 match 6
56 65 0111000 3
67 76 0100000 1
70 07 0100110 3 match 2

02 20 0100100 2
13 31 0101000 2
24 42 0000100 1 match 6
35 53 0101001 3 match 5
46 64 0000000 a
57 75 1100101 4
60 06 0100000 1
71 17 1100110 4

03 30 0100000 1
14 41 0000100 1 match 6
25 52 1111101 6 match 4 7
36 63 0101000 2
47 74 0000100 1 match 6
50 05 0100100 2
61 16 0111000 3
72 27 1100101 4

04 40 0000100 1 match 6
15 51 1111100 5
26 62 0111000 3
37 73 0100001 2

Matching output
0 absent
1 absent
2 01 10 70 07
3 absent
4 25 52
5 23 32 35 53
6 45 54 24 42 14 41 47 74 04 40
7 25 52

Left
none
Best: none

Right
25 14 03x
52 41 30x
Best: AND25 14: 2

OR
01 10 1111110 6 match 3
12 21 1111111 a
23 32 1111101 6 match 4 7
34 43 0101101 4
45 54 1111101 6 match 4 7
56 65 1111101 6 match 4 7
67 76 1111111 a
70 07 1100111 5 match 1

02 20 1111111 a
13 31 1111111 a
24 42 1111101 6 match 4 7
35 53 1111101 6 match 4 7
46 64 0111100 4
57 75 1111111 a
60 06 0111110 5
71 17 1111111 a

03 30 0101111 5
14 41 1111110 6 match 3
25 52 1111101 6 match 4 7
36 63 0111001 4
47 74 1100111 5 match 1
50 05 1111111 a
61 16 1111110 6 match 3
72 27 1111111 a

04 40 0100110 3 match 2
15 51 1111111 a
26 62 1111101 6 match 4 7
37 73 1101111 6

Matching output
0 absent
1 70 07 47 74
2 04 40
3 01 10 14 41 61 16
4 23 32 45 54 56 65 24 42 35 53 25 52 26 62
5 absent
6 absent
7 23 32 45 54 56 65 24 42 35 53 25 52 26 62

Left
none
Best: none

Right
23 12x
32 21x
45 34x
54 43x
56 45y
65 54y
24 13x
42 31x
35 24y
53 42y
25 14y
52 41y
26 15x
62 51x
Best: OR23: 1

XOR
01 10 1011000 3
12 21 0000011 2
23 32 1010100 3
34 43 0101101 4
45 54 1111001 5
56 65 1000101 3
67 76 1011111 6
70 07 1000001 2

02 20 1011011 5
13 31 1010111 5
24 42 1111001 5
35 53 1010100 3
46 64 0111100 4
57 75 0011010 3
60 06 0011110 4
71 17 0011001 3

03 30 0001111 4
14 41 1111010 5
25 52 0000000 a
36 63 0010001 2
47 74 1100011 4
50 05 1011011 5
61 16 1000110 3
72 27 0011010 3

04 40 0100010 2
15 51 0000011 2
26 62 1000101 3
37 73 1001110 4

Matching output
0 absent
1 absent
2 absent
3 absent
4 absent
5 absent
6 absent
7 absent

Left
none
Best: none

Right
none
Best: none

AND-NOT
01 0000000 a
12 0000010 1
23 1010100 3
34 0101001 3 match 5
45 0000000 a
56 1000101 3
67 0011000 2 match 0
70 1000001 2

02 0000010 1
13 1010110 4
24 1111001 5
35 0000000 a
46 0000100 1 match 6
57 0011000 2 match 0
60 0011000 2 match 0
71 0000001 1

03 0000110 2
14 1111010 5
25 0000000 a
36 0000001 1
47 0000000 a
50 1011001 4
61 0000000 a
72 0000010 1

04 0100010 2
15 0000010 1
26 1000101 3
37 0001000 1
40 0000000 a
51 0000001 1
62 0000000 a
73 1000110 3

05 0000010 1
16 1000110 3
27 0011000 2 match 0
30 0001001 2
41 0000000 a
52 0000000 a
63 0010000 1
74 1100011 4

06 0000110 2
17 0011000 2 match 0
20 1011001 4
31 0000001 1
42 0000000 a
53 1010100 3
64 0111000 3
75 0000010 1

07 0000000 a
10 1011000 3
21 0000001 1
32 0000000 a
43 0000100 1 match 6
54 1111001 5
65 0000000 a
76 1000111 4

Matching output
0 67 57 60 27 17
1 absent
2 absent
3 absent
4 absent
5 34
6 46 43
7 absent

Left
67 70x
57 60y
60 71x
27 30x
17 20x
Best: AND-NOT67: 1

Right
none
Best: none

OR-NOT
01 0100111 4
12 1111110 6 match 3
23 1111111 a
34 1111011 6
45 0000110 2
56 1111111 a
67 0111000 3
70 1111111 a

02 0100110 3 match 2
13 1111110 6 match 3
24 1111111 a
35 0101011 4
46 1000111 4
57 1111101 6 match 4 7
60 1111001 5
71 1100111 5 match 1

03 1110110 5
14 1111111 a
25 1111111 a
36 1101111 6
47 0011100 3
50 1111101 6 match 4 7
61 0111001 4
72 1100111 5 match 1

04 1111111 a
15 1111110 6 match 3
26 1111111 a
37 0111001 4
40 1011101 5
51 1111101 6 match 4 7
62 0111010 4
73 1110111 6

05 0100110 3 match 2
16 1111111 a
27 1111101 6 match 4 7
30 1111001 5
41 0000101 2
52 1111111 a
63 1111110 6 match 3
74 1111111 a

06 1100111 5 match 1
17 1111110 6 match 3
20 1111101 6 match 4 7
31 0101001 3 match 5
42 0000110 2
53 1111111 a
64 1111011 6
75 1100111 5 match 1

07 0111110 5
10 1111111 a
21 1111101 6 match 4 7
32 0101011 4
43 1010110 4
54 1111111 a
65 0111010 4
76 1100111 5 match 1

Matching output
0 absent
1 71 72 06 75 76
2 02 05
3 12 13 15 63 17
4 57 50 51 27 20 21
5 31
6 absent
7 57 50 51 27 20 21

Left
none
Best: none

Right
57 46x
50 47x
51 40x
27 16x
20 17y
21 10x
Best: OR-NOT57: 1

XOR-NOT
01 0100111 4
12 1111100 5
23 0101011 4
34 1010010 3
45 0000110 2
56 0111010 4
67 0100000 1
70 0111110 5

02 0100100 2
13 0101000 2
24 0000110 2
35 0101011 4
46 1000011 3
57 1100101 4
60 1100001 3
71 1100110 4

03 1110000 3
14 0000101 2
25 1111111 a
36 1101110 5
47 0011100 3
50 0100100 2
61 0111001 4
72 1100101 4

04 1011101 5
15 1111100 5
26 0111010 4
37 0110001 3
40 1011101 5
51 1111100 5
62 0111010 4
73 0110001 3

05 0100100 2
16 0111001 4
27 1100101 4
30 1110000 3
41 0000101 2
52 1111111 a
63 1101110 5
74 0011100 3

06 1100001 3
17 1100110 4
20 0100100 2
31 0101000 2
42 0000110 2
53 0101011 4
64 1000011 3
75 1100101 4

07 0111110 5
10 0100111 4
21 1111100 5
32 0101011 4
43 1010010 3
54 0000110 2
65 0111010 4
76 0100000 1

Matching output
0 absent
1 absent
2 absent
3 absent
4 absent
5 absent
6 absent
7 absent

Left
none
Best: none

Right
none
Best: none

Selecting

Lefts
Identity none
NOT NOT7: 1
Constant none
AND none
OR none
XOR none
AND-NOT AND-NOT67: 1
OR-NOT none
XOR-NOT none

Rights
Identity I5 4 3 2 1 0 7: 7
NOT none
Constant none
AND AND25 14: 2
OR OR23: 1
XOR none
AND-NOT none
OR-NOT OR-NOT57: 1
XOR-NOT none

Left longest: 1
Right longest: 7

Right winner: Identity yes, NOT no, Constant no, AND no, OR no, XOR no, AND-NOT no, OR-NOT no, XOR-NOT no
Left winner: Identity no, NOT yes, Constant no, AND no, OR no, XOR no, AND-NOT no, OR-NOT no, XOR-NOT no

Best right: I5 4 3 2 1 0 7: 7
Best left: NOT7: 1

Truncated right: I5 4 3 2 1 0 7: 7
Truncated left: NOT7: 1

Tentative from right
7 I5
6 I4
5 I3
4 I2
3 I1
2 I0
1 I7
0 pending

Tentative
0 NOT7
1 I7
2 I0
3 I1
4 I2
5 I3
6 I4
7 I5

Preferred from right
7 I5
6 I4
5 I3
4 I2
3 I1
2 I0
1 I7
0 NOT7

Preferred from left
0 NOT7
1 I7
2 I0
3 I1
4 I2
5 I3
6 I4
7 I5

Preferred
0 NOT7
1 I7
2 I0
3 I1
4 I2
5 I3
6 I4
7 I5

Matching
0 NOT7
1 I7
2 I0
3 I1
4 I2
5 I3
6 I4
7 I5

Perfect match
Identity no
NOT no
Constant no
AND no
OR no
XOR no
AND-NOT no
OR-NOT no
XOR-NOT no

Matched
0 NOT7
1 I7
2 I0
3 I1
4 I2
5 I3
6 I4
7 I5

Selected
0 NOT7
1 I7
2 I0
3 I1
4 I2
5 I3
6 I4
7 I5

Applying to 11011011
Input
0 1
1 1
2 0
3 1
4 1
5 0
6 1
7 1
Output
0 NOT7 = NOT(1) = 0
1 I7 = 1
2 I0 = 1
3 I1 = 1
4 I2 = 0
5 I3 = 1
6 I4 = 1
7 I5 = 0

I will now return the answer in \boxed{}
The answer in \boxed{–} is \boxed{01110110}