We need to deduce the transformation by matching the example outputs.
I will put my final answer inside \boxed{}.

Output 0: 10010100
0 1
1 0
2 0
3 1
4 0
5 1
6 0
7 0

Output 1: 11000110
0 1
1 1
2 0
3 0
4 0
5 1
6 1
7 0

Output 2: 01001011
0 0
1 1
2 0
3 0
4 1
5 0
6 1
7 1

Output 3: 11010111
0 1
1 1
2 0
3 1
4 0
5 1
6 1
7 1

Output 4: 01111011
0 0
1 1
2 1
3 1
4 1
5 0
6 1
7 1

Output 5: 11011110
0 1
1 1
2 0
3 1
4 1
5 1
6 1
7 0

Output 6: 00111001
0 0
1 0
2 1
3 1
4 1
5 0
6 0
7 1

Output bit columns (with bitsum as hash)
0 1101010 4
1 0111110 5
2 0000101 2
3 1001111 5
4 0010111 4
5 1101010 4
6 0111110 5
7 0011101 4

Input 0: 00110011
0 0
1 0
2 1
3 1
4 0
5 0
6 1
7 1

Input 1: 01111011
0 0
1 1
2 1
3 1
4 1
5 0
6 1
7 1

Input 2: 10001101
0 1
1 0
2 0
3 0
4 1
5 1
6 0
7 1

Input 3: 10011110
0 1
1 0
2 0
3 1
4 1
5 1
6 1
7 0

Input 4: 01101100
0 0
1 1
2 1
3 0
4 1
5 1
6 0
7 0

Input 5: 01011001
0 0
1 1
2 0
3 1
4 1
5 0
6 0
7 1

Input 6: 00100110
0 0
1 0
2 1
3 0
4 0
5 1
6 1
7 0

When matching output
x: not in operator
y: wrong position

Identity
0 0011000 2
1 0100110 3
2 1100101 4
3 1101010 4 match 0 5
4 0111110 5 match 1 6
5 0011101 4 match 7
6 1101001 4
7 1110010 4

Matching output
0 3
1 4
2 absent
3 absent
4 absent
5 3
6 4
7 5

Left
3 4 5y
Best: I3 4: 2

Right
5 4 3 2x
Best: I5 4 3: 3

NOT
0 1100111 5
1 1011001 4
2 0011010 3
3 0010101 3
4 1000001 2
5 1100010 3
6 0010110 3
7 0001101 3

Matching output
0 absent
1 absent
2 absent
3 absent
4 absent
5 absent
6 absent
7 absent

Left
none
Best: none

Right
none
Best: none

Constant
0 0000000 a
1 1111111 a

Matching output
0 absent
1 absent
2 absent
3 absent
4 absent
5 absent
6 absent
7 absent

Left
none
Best: none

Right
none
Best: none

AND
01 10 0000000 a
12 21 0100100 2
23 32 1100000 2
34 43 0101010 3
45 54 0011100 3
56 65 0001001 2
67 76 1100000 2
70 07 0010000 1

02 20 0000000 a
13 31 0100010 2
24 42 0100100 2
35 53 0001000 1
46 64 0101000 2
57 75 0010000 1
60 06 0001000 1
71 17 0100010 2

03 30 0001000 1
14 41 0100110 3
25 52 0000101 2 match 2
36 63 1101000 3
47 74 0110010 3
50 05 0011000 2
61 16 0100000 1
72 27 1100000 2

04 40 0011000 2
15 51 0000100 1
26 62 1100001 3
37 73 1100010 3

Matching output
0 absent
1 absent
2 25 52
3 absent
4 absent
5 absent
6 absent
7 absent

Left
none
Best: none

Right
none
Best: none

OR
01 10 0111110 5 match 1 6
12 21 1100111 5
23 32 1101111 6
34 43 1111110 6
45 54 0111111 6
56 65 1111101 6
67 76 1111011 6
70 07 1111010 5

02 20 1111101 6
13 31 1101110 5
24 42 1111111 a
35 53 1111111 a
46 64 1111111 a
57 75 1111111 a
60 06 1111001 5
71 17 1110110 5

03 30 1111010 5
14 41 0111110 5 match 1 6
25 52 1111101 6
36 63 1101011 5
47 74 1111110 6
50 05 0011101 4 match 7
61 16 1101111 6
72 27 1110111 6

04 40 0111110 5 match 1 6
15 51 0111111 6
26 62 1101101 5
37 73 1111010 5

Matching output
0 absent
1 01 10 14 41 04 40
2 absent
3 absent
4 absent
5 absent
6 01 10 14 41 04 40
7 50 05

Left
none
Best: none

Right
50 47x
05 74x
Best: OR50: 1

XOR
01 10 0111110 5 match 1 6
12 21 1000011 3
23 32 0001111 4
34 43 1010100 3
45 54 0100011 3
56 65 1110100 4
67 76 0011011 4
70 07 1101010 4 match 0 5

02 20 1111101 6
13 31 1001100 3
24 42 1011011 5
35 53 1110111 6
46 64 1010111 5
57 75 1101111 6
60 06 1110001 4
71 17 1010100 3

03 30 1110010 4
14 41 0011000 2
25 52 1111000 4
36 63 0000011 2
47 74 1001100 3
50 05 0000101 2 match 2
61 16 1001111 5 match 3
72 27 0010111 4 match 4

04 40 0100110 3
15 51 0111011 5
26 62 0001100 2
37 73 0011000 2

Matching output
0 70 07
1 01 10
2 50 05
3 61 16
4 72 27
5 70 07
6 01 10
7 absent

Left
70 01 12x
07 10 21x
Best: XOR70 01: 2

Right
none
Best: none

AND-NOT
01 0011000 2
12 0000010 1
23 0000101 2 match 2
34 1000000 1
45 0100010 2
56 0010100 2
67 0001001 2
70 1100010 3

02 0011000 2
13 0000100 1
24 1000001 2
35 1100010 3
46 0010110 3
57 0001101 3
60 1100001 3
71 1010000 2

03 0010000 1
14 0000000 a
25 1100000 2
36 0000010 1
47 0001100 2
50 0000101 2 match 2
61 1001001 3
72 0010010 2

04 0000000 a
15 0100010 2
26 0000100 1
37 0001000 1
40 0100110 3
51 0011001 3
62 0001000 1
73 0010000 1

05 0000000 a
16 0000110 2
27 0000101 2 match 2
30 1100010 3
41 0011000 2
52 0011000 2
63 0000001 1
74 1000000 1

06 0010000 1
17 0000100 1
20 1100101 4
31 1001000 2
42 0011010 3
53 0010101 3
64 1000001 2
75 1100010 3

07 0001000 1
10 0100110 3
21 1000001 2
32 0001010 2
43 0010100 2
54 0000001 1
65 1100000 2
76 0010010 2

Matching output
0 absent
1 absent
2 23 50 27
3 absent
4 absent
5 absent
6 absent
7 absent

Left
none
Best: none

Right
none
Best: none

OR-NOT
01 1011001 4
12 0111110 5 match 1 6
23 1110101 5
34 1101011 5
45 1111110 6
56 0011111 5
67 1101101 5
70 1110111 6

02 0011010 3
13 0110111 5
24 1100101 4
35 1101010 4 match 0 5
46 0111110 5 match 1 6
57 0011101 4 match 7
60 1101111 6
71 1111011 6

03 0011101 4 match 7
14 1100111 5
25 1100111 5
36 1111110 6
47 0111111 6
50 1111111 a
61 1111001 5
72 1111010 5

04 1011001 4
15 1100110 4
26 1110111 6
37 1101111 6
40 1111111 a
51 1011101 5
62 1111011 6
73 1110111 6

05 1111010 5
16 0110110 4
27 1101101 5
30 1101111 6
41 1111111 a
52 0011111 5
63 1111101 6
74 1110011 5

06 0011110 4
17 0101111 5
20 1100111 5
31 1111011 6
42 0111110 5 match 1 6
53 0011101 4 match 7
64 1101001 4
75 1110010 4

07 0011101 4 match 7
10 1100111 5
21 1111101 6
32 1111010 5
43 0111111 6
54 1011101 5
65 1101011 5
76 1110110 5

Matching output
0 35
1 12 46 42
2 absent
3 absent
4 absent
5 35
6 12 46 42
7 57 03 53 07

Left
35 46 57y
Best: OR-NOT35 46: 2

Right
57 46 35 24x
03 72x
53 42 31x
07 76x
Best: OR-NOT57 46 35: 3

XOR-NOT
01 1000001 2
12 0111100 4
23 1110000 3
34 0101011 4
45 1011100 4
56 0001011 3
67 1100100 3
70 0010101 3

02 0000010 1
13 0110011 4
24 0100100 2
35 0001000 1
46 0101000 2
57 0010000 1
60 0001110 3
71 0101011 4

03 0001101 3
14 1100111 5
25 0000111 3
36 1111100 5
47 0110011 4
50 1111010 5
61 0110000 2
72 1101000 3

04 1011001 4
15 1000100 2
26 1110011 5
37 1100111 5
40 1011001 4
51 1000100 2
62 1110011 5
73 1100111 5

05 1111010 5
16 0110000 2
27 1101000 3
30 0001101 3
41 1100111 5
52 0000111 3
63 1111100 5
74 0110011 4

06 0001110 3
17 0101011 4
20 0000010 1
31 0110011 4
42 0100100 2
53 0001000 1
64 0101000 2
75 0010000 1

07 0010101 3
10 1000001 2
21 0111100 4
32 1110000 3
43 0101011 4
54 1011100 4
65 0001011 3
76 1100100 3

Matching output
0 absent
1 absent
2 absent
3 absent
4 absent
5 absent
6 absent
7 absent

Left
none
Best: none

Right
none
Best: none

Selecting

Lefts
Identity I3 4: 2
NOT none
Constant none
AND none
OR none
XOR XOR70 01: 2
AND-NOT none
OR-NOT OR-NOT35 46: 2
XOR-NOT none

Rights
Identity I5 4 3: 3
NOT none
Constant none
AND none
OR OR50: 1
XOR none
AND-NOT none
OR-NOT OR-NOT57 46 35: 3
XOR-NOT none

Left longest: 2
Right longest: 3

Right winner: Identity yes, NOT no, Constant no, AND no, OR no, XOR no, AND-NOT no, OR-NOT no, XOR-NOT no
Left winner: Identity yes, NOT no, Constant no, AND no, OR no, XOR no, AND-NOT no, OR-NOT no, XOR-NOT no

Best right: I5 4 3: 3
Best left: I3 4: 2

Truncated right: I5 4 3: 3
Truncated left: I3 4: 2

Tentative from right
7 I5
6 I4
5 I3
4 pending
3 pending
2 pending
1 pending
0 pending

Tentative
0 I3
1 I4
2 pending
3 pending
4 pending
5 I3
6 I4
7 I5

Preferred from right
7 I5
6 I4
5 I3
4 ??2
3 ??1
2 ??0
1 I4
0 I3

Preferred from left
0 I3
1 I4
2 ?50
3 ?61
4 ?72
5 I3
6 I4
7 I5

Preferred
0 I3
1 I4
2 ?50 ?05
3 ?61 ?16
4 ?72 ?27
5 I3
6 I4
7 I5

Matching
0 I3
1 I4
2 ?50 ?05 - Identity absent, NOT absent, Constant absent, AND absent, OR absent, XOR50, AND-NOT50, OR-NOT absent, XOR-NOT absent
3 ?61 ?16 - Identity absent, NOT absent, Constant absent, AND absent, OR absent, XOR61, AND-NOT absent, OR-NOT absent, XOR-NOT absent
4 ?72 ?27 - Identity absent, NOT absent, Constant absent, AND absent, OR absent, XOR72, AND-NOT absent, OR-NOT absent, XOR-NOT absent
5 I3
6 I4
7 I5

Perfect match
Identity no
NOT no
Constant no
AND no
OR no
XOR yes
AND-NOT no
OR-NOT no
XOR-NOT no

Matched
0 I3
1 I4
2 XOR50
3 XOR61
4 XOR72
5 I3
6 I4
7 I5

Selected
0 I3
1 I4
2 XOR50
3 XOR61
4 XOR72
5 I3
6 I4
7 I5

Applying to 10011111
Input
0 1
1 0
2 0
3 1
4 1
5 1
6 1
7 1
Output
0 I3 = 1
1 I4 = 1
2 XOR50 = XOR(1,1) = 0
3 XOR61 = XOR(1,0) = 1
4 XOR72 = XOR(1,0) = 1
5 I3 = 1
6 I4 = 1
7 I5 = 1

I will now return the answer in \boxed{}
The answer in \boxed{–} is \boxed{11011111}