We need to deduce the transformation by matching the example outputs.
I will put my final answer inside \boxed{}.

Output 0: 00001100
0 0
1 0
2 0
3 0
4 1
5 1
6 0
7 0

Output 1: 00000100
0 0
1 0
2 0
3 0
4 0
5 1
6 0
7 0

Output 2: 10100010
0 1
1 0
2 1
3 0
4 0
5 0
6 1
7 0

Output 3: 10011001
0 1
1 0
2 0
3 1
4 1
5 0
6 0
7 1

Output 4: 10000100
0 1
1 0
2 0
3 0
4 0
5 1
6 0
7 0

Output 5: 10111011
0 1
1 0
2 1
3 1
4 1
5 0
6 1
7 1

Output 6: 11100010
0 1
1 1
2 1
3 0
4 0
5 0
6 1
7 0

Output 7: 10110011
0 1
1 0
2 1
3 1
4 0
5 0
6 1
7 1

Output bit columns (with bitsum as hash)
0 00111111 6
1 00000010 1
2 00100111 4
3 00010101 3
4 10010100 3
5 11001000 3
6 00100111 4
7 00010101 3

Input 0: 11001111
0 1
1 1
2 0
3 0
4 1
5 1
6 1
7 1

Input 1: 11001101
0 1
1 1
2 0
3 0
4 1
5 1
6 0
7 1

Input 2: 00101010
0 0
1 0
2 1
3 0
4 1
5 0
6 1
7 0

Input 3: 11101000
0 1
1 1
2 1
3 0
4 1
5 0
6 0
7 0

Input 4: 10101011
0 1
1 0
2 1
3 0
4 1
5 0
6 1
7 1

Input 5: 01101000
0 0
1 1
2 1
3 0
4 1
5 0
6 0
7 0

Input 6: 10110011
0 1
1 0
2 1
3 1
4 0
5 0
6 1
7 1

Input 7: 01101010
0 0
1 1
2 1
3 0
4 1
5 0
6 1
7 0

When matching output
x: not in operator
y: wrong position

Identity
0 11011010 5
1 11010101 5
2 00111111 6 match 0
3 00000010 1 match 1
4 11111101 7
5 11000000 2
6 10101011 5
7 11001010 4

Matching output
0 2
1 3
2 absent
3 absent
4 absent
5 absent
6 absent
7 absent

Left
2 3 4x
Best: I2 3: 2

Right
none
Best: none

NOT
0 00100101 3
1 00101010 3
2 11000000 2
3 11111101 7
4 00000010 1 match 1
5 00111111 6 match 0
6 01010100 3
7 00110101 4

Matching output
0 5
1 4
2 absent
3 absent
4 absent
5 absent
6 absent
7 absent

Left
5 6x
Best: NOT5: 1

Right
none
Best: none

Constant
0 00000000 a
1 11111111 a

Matching output
0 absent
1 absent
2 absent
3 absent
4 absent
5 absent
6 absent
7 absent

Left
none
Best: none

Right
none
Best: none

AND
01 10 11010000 3
12 21 00010101 3 match 3 7
23 32 00000010 1 match 1
34 43 00000000 a
45 54 11000000 2
56 65 10000000 1
67 76 10001010 3
70 07 11001010 4

02 20 00011010 3
13 31 00000000 a
24 42 00111101 5
35 53 00000000 a
46 64 10101001 4
57 75 11000000 2
60 06 10001010 3
71 17 11000000 2

03 30 00000010 1 match 1
14 41 11010101 5
25 52 00000000 a
36 63 00000010 1 match 1
47 74 11001000 3 match 5
50 05 11000000 2
61 16 10000001 2
72 27 00001010 2

04 40 11011000 4
15 51 11000000 2
26 62 00101011 4
37 73 00000010 1 match 1

Matching output
0 absent
1 23 32 03 30 36 63 37 73
2 absent
3 12 21
4 absent
5 47 74
6 absent
7 12 21

Left
none
Best: none

Right
12 01x
21 10x
Best: AND12: 1

OR
01 10 11011111 7
12 21 11111111 a
23 32 00111111 6 match 0
34 43 11111111 a
45 54 11111101 7
56 65 11101011 6
67 76 11101011 6
70 07 11011010 5

02 20 11111111 a
13 31 11010111 6
24 42 11111111 a
35 53 11000010 3
46 64 11111111 a
57 75 11001010 4
60 06 11111011 7
71 17 11011111 7

03 30 11011010 5
14 41 11111101 7
25 52 11111111 a
36 63 10101011 5
47 74 11111111 a
50 05 11011010 5
61 16 11111111 a
72 27 11111111 a

04 40 11111111 a
15 51 11010101 5
26 62 10111111 7
37 73 11001010 4

Matching output
0 23 32
1 absent
2 absent
3 absent
4 absent
5 absent
6 absent
7 absent

Left
23 34x
32 43x
Best: OR23: 1

Right
none
Best: none

XOR
01 10 00001111 4
12 21 11101010 5
23 32 00111101 5
34 43 11111111 a
45 54 00111101 5
56 65 01101011 5
67 76 01100001 3
70 07 00010000 1

02 20 11100101 5
13 31 11010111 6
24 42 11000010 3
35 53 11000010 3
46 64 01010110 4
57 75 00001010 2
60 06 01110001 4
71 17 00011111 5

03 30 11011000 4
14 41 00101000 2
25 52 11111111 a
36 63 10101001 4
47 74 00110111 5
50 05 00011010 3
61 16 01111110 6
72 27 11110101 6

04 40 00100111 4 match 2 6
15 51 00010101 3 match 3 7
26 62 10010100 3 match 4
37 73 11001000 3 match 5

Matching output
0 absent
1 absent
2 04 40
3 15 51
4 26 62
5 37 73
6 04 40
7 15 51

Left
none
Best: none

Right
15 04 73 62 51 40 37y
51 40 37 26 15 04 73y
Best: XOR15 04 73 62 51 40: 6

AND-NOT
01 00001010 2
12 11000000 2
23 00111101 5
34 00000010 1 match 1
45 00111101 5
56 01000000 1
67 00100001 2
70 00000000 a

02 11000000 2
13 11010101 5
24 00000010 1 match 1
35 00000010 1 match 1
46 01010100 3
57 00000000 a
60 00100001 2
71 00001010 2

03 11011000 4
14 00000000 a
25 00111111 6 match 0
36 00000000 a
47 00110101 4
50 00000000 a
61 00101010 3
72 11000000 2

04 00000010 1 match 1
15 00010101 3 match 3 7
26 00010100 2
37 00000000 a
40 00100101 3
51 00000000 a
62 10000000 1
73 11001000 3 match 5

05 00011010 3
16 01010100 3
27 00110101 4
30 00000000 a
41 00101000 2
52 11000000 2
63 10101001 4
74 00000010 1 match 1

06 01010000 2
17 00010101 3 match 3 7
20 00100101 3
31 00000010 1 match 1
42 11000000 2
53 11000000 2
64 00000010 1 match 1
75 00001010 2

07 00010000 1
10 00000101 2
21 00101010 3
32 00000000 a
43 11111101 7
54 00000000 a
65 00101011 4
76 01000000 1

Matching output
0 25
1 34 24 35 04 74 31 64
2 absent
3 15 17
4 absent
5 73
6 absent
7 15 17

Left
25 36x
Best: AND-NOT25: 1

Right
15 04y
17 06x
Best: AND-NOT15: 1

OR-NOT
01 11111010 6
12 11010101 5
23 11111111 a
34 00000010 1 match 1
45 11111111 a
56 11010100 4
67 10111111 7
70 11101111 7

02 11011010 5
13 11111101 7
24 00111111 6 match 0
35 00111111 6 match 0
46 11111101 7
57 11110101 6
60 10101111 6
71 11101010 5

03 11111111 a
14 11010111 6
25 00111111 6 match 0
36 01010110 4
47 11111101 7
50 11100101 5
61 10101011 5
72 11001010 4

04 11011010 5
15 11111111 a
26 01111111 7
37 00110111 5
40 11111101 7
51 11101010 5
62 11101011 6
73 11111111 a

05 11111111 a
16 11010101 5
27 00111111 6 match 0
30 00100111 4 match 2 6
41 11111111 a
52 11000000 2
63 11111111 a
74 11001010 4

06 11011110 6
17 11110101 6
20 00111111 6 match 0
31 00101010 3
42 11111101 7
53 11111101 7
64 10101011 5
75 11111111 a

07 11111111 a
10 11110101 6
21 00111111 6 match 0
32 11000010 3
43 11111101 7
54 11000010 3
65 10111111 7
76 11011110 6

Matching output
0 24 35 25 27 20 21
1 34
2 30
3 absent
4 absent
5 absent
6 30
7 absent

Left
24 35y
35 46x
25 36x
27 30y
20 31x
21 32x
Best: OR-NOT24: 1

Right
none
Best: none

XOR-NOT
01 11110000 4
12 00010101 3 match 3 7
23 11000010 3
34 00000000 a
45 11000010 3
56 10010100 3 match 4
67 10011110 5
70 11101111 7

02 00011010 3
13 00101000 2
24 00111101 5
35 00111101 5
46 10101001 4
57 11110101 6
60 10001110 4
71 11100000 3

03 00100111 4 match 2 6
14 11010111 6
25 00000000 a
36 01010110 4
47 11001000 3 match 5
50 11100101 5
61 10000001 2
72 00001010 2

04 11011000 4
15 11101010 5
26 01101011 5
37 00110111 5
40 11011000 4
51 11101010 5
62 01101011 5
73 00110111 5

05 11100101 5
16 10000001 2
27 00001010 2
30 00100111 4 match 2 6
41 11010111 6
52 00000000 a
63 01010110 4
74 11001000 3 match 5

06 10001110 4
17 11100000 3
20 00011010 3
31 00101000 2
42 00111101 5
53 00111101 5
64 10101001 4
75 11110101 6

07 11101111 7
10 11110000 4
21 00010101 3 match 3 7
32 11000010 3
43 00000000 a
54 11000010 3
65 10010100 3 match 4
76 10011110 5

Matching output
0 absent
1 absent
2 03 30
3 12 21
4 56 65
5 47 74
6 03 30
7 12 21

Left
none
Best: none

Right
12 01x
21 10x
Best: XOR-NOT12: 1

Selecting

Lefts
Identity I2 3: 2
NOT NOT5: 1
Constant none
AND none
OR OR23: 1
XOR none
AND-NOT AND-NOT25: 1
OR-NOT OR-NOT24: 1
XOR-NOT none

Rights
Identity none
NOT none
Constant none
AND AND12: 1
OR none
XOR XOR15 04 73 62 51 40: 6
AND-NOT AND-NOT15: 1
OR-NOT none
XOR-NOT XOR-NOT12: 1

Left longest: 2
Right longest: 6

Right winner: Identity no, NOT no, Constant no, AND no, OR no, XOR yes, AND-NOT no, OR-NOT no, XOR-NOT no
Left winner: Identity yes, NOT no, Constant no, AND no, OR no, XOR no, AND-NOT no, OR-NOT no, XOR-NOT no

Best right: XOR15 04 73 62 51 40: 6
Best left: I2 3: 2

Truncated right: XOR15 04 73 62 51 40: 6
Truncated left: I2 3: 2

Tentative from right
7 XOR15
6 XOR04
5 XOR73
4 XOR62
3 XOR51
2 XOR40
1 pending
0 pending

Tentative
0 I2
1 I3
2 XOR40
3 XOR51
4 XOR62
5 XOR73
6 XOR04
7 XOR15

Preferred from right
7 XOR15
6 XOR04
5 XOR73
4 XOR62
3 XOR51
2 XOR40
1 I3
0 I2

Preferred from left
0 I2
1 I3
2 XOR40
3 XOR51
4 XOR62
5 XOR73
6 XOR04
7 XOR15

Preferred
0 I2
1 I3
2 XOR40
3 XOR51
4 XOR62
5 XOR73
6 XOR04
7 XOR15

Matching
0 I2
1 I3
2 XOR40
3 XOR51
4 XOR62
5 XOR73
6 XOR04
7 XOR15

Perfect match
Identity no
NOT no
Constant no
AND no
OR no
XOR no
AND-NOT no
OR-NOT no
XOR-NOT no

Matched
0 I2
1 I3
2 XOR40
3 XOR51
4 XOR62
5 XOR73
6 XOR04
7 XOR15

Selected
0 I2
1 I3
2 XOR40
3 XOR51
4 XOR62
5 XOR73
6 XOR04
7 XOR15

Applying to 00001110
Input
0 0
1 0
2 0
3 0
4 1
5 1
6 1
7 0
Output
0 I2 = 0
1 I3 = 0
2 XOR40 = XOR(1,0) = 1
3 XOR51 = XOR(1,0) = 1
4 XOR62 = XOR(1,0) = 1
5 XOR73 = XOR(0,0) = 0
6 XOR04 = XOR(0,1) = 1
7 XOR15 = XOR(0,1) = 1

I will now return the answer in \boxed{}
The answer in \boxed{–} is \boxed{00111011}