We need to deduce the transformation by matching the example outputs.
I will put my final answer inside \boxed{}.

Output 0: 11000011
0 1
1 1
2 0
3 0
4 0
5 0
6 1
7 1

Output 1: 01001001
0 0
1 1
2 0
3 0
4 1
5 0
6 0
7 1

Output 2: 11101111
0 1
1 1
2 1
3 0
4 1
5 1
6 1
7 1

Output 3: 10010110
0 1
1 0
2 0
3 1
4 0
5 1
6 1
7 0

Output 4: 00010000
0 0
1 0
2 0
3 1
4 0
5 0
6 0
7 0

Output 5: 00110100
0 0
1 0
2 1
3 1
4 0
5 1
6 0
7 0

Output 6: 10110010
0 1
1 0
2 1
3 1
4 0
5 0
6 1
7 0

Output 7: 11011011
0 1
1 1
2 0
3 1
4 1
5 0
6 1
7 1

Output 8: 11110011
0 1
1 1
2 1
3 1
4 0
5 0
6 1
7 1

Output bit columns (with bitsum as hash)
0 101100111 6
1 111000011 5
2 001001101 4
3 000111111 6
4 011000010 3
5 001101000 3
6 101100111 6
7 111000011 5

Input 0: 00001100
0 0
1 0
2 0
3 0
4 1
5 1
6 0
7 0

Input 1: 10100110
0 1
1 0
2 1
3 0
4 0
5 1
6 1
7 0

Input 2: 11111101
0 1
1 1
2 1
3 1
4 1
5 1
6 0
7 1

Input 3: 10011011
0 1
1 0
2 0
3 1
4 1
5 0
6 1
7 1

Input 4: 10000011
0 1
1 0
2 0
3 0
4 0
5 0
6 1
7 1

Input 5: 11010000
0 1
1 1
2 0
3 1
4 0
5 0
6 0
7 0

Input 6: 11001000
0 1
1 1
2 0
3 0
4 1
5 0
6 0
7 0

Input 7: 11101110
0 1
1 1
2 1
3 0
4 1
5 1
6 1
7 0

Input 8: 10001101
0 1
1 0
2 0
3 0
4 1
5 1
6 0
7 1

When matching output
x: not in operator
y: wrong position

Identity
0 011111111 8
1 001001110 4
2 011000010 3 match 4
3 001101000 3 match 5
4 101100111 6 match 0 6
5 111000011 5 match 1 7
6 010110010 4
7 001110001 4

Matching output
0 4
1 5
2 absent
3 absent
4 2
5 3
6 4
7 5

Left
4 5 6x
Best: I4 5: 2

Right
5 4 3 2 1x
Best: I5 4 3 2: 4

NOT
0 100000000 1
1 110110001 5
2 100111101 6
3 110010111 6
4 010011000 3
5 000111100 4
6 101001101 5
7 110001110 5

Matching output
0 absent
1 absent
2 absent
3 absent
4 absent
5 absent
6 absent
7 absent

Left
none
Best: none

Right
none
Best: none

Constant
0 000000000 a
1 111111111 a

Matching output
0 absent
1 absent
2 absent
3 absent
4 absent
5 absent
6 absent
7 absent

Left
none
Best: none

Right
none
Best: none

AND
01 10 001001110 4
12 21 001000010 2
23 32 001000000 1
34 43 001100000 2
45 54 101000011 4
56 65 010000010 2
67 76 000110000 2
70 07 001110001 4

02 20 011000010 3 match 4
13 31 001001000 2
24 42 001000010 2
35 53 001000000 1
46 64 000100010 2
57 75 001000001 2
60 06 010110010 4
71 17 001000000 1

03 30 001101000 3 match 5
14 41 001000110 3
25 52 011000010 3 match 4
36 63 000100000 1
47 74 001100001 3
50 05 011000011 4
61 16 000000010 1
72 27 001000000 1

04 40 001100111 5
15 51 001000010 2
26 62 010000010 2
37 73 001100000 2

Matching output
0 absent
1 absent
2 absent
3 absent
4 02 20 25 52
5 03 30
6 absent
7 absent

Left
none
Best: none

Right
none
Best: none

OR
01 10 011111111 8
12 21 011001110 5
23 32 011101010 5
34 43 101101111 7
45 54 111100111 7
56 65 111110011 7
67 76 011110011 6
70 07 011111111 8

02 20 011111111 8
13 31 001101110 5
24 42 111100111 7
35 53 111101011 7
46 64 111110111 8
57 75 111110011 7
60 06 011111111 8
71 17 001111111 7

03 30 011111111 8
14 41 101101111 7
25 52 111000011 5 match 1 7
36 63 011111010 6
47 74 101110111 7
50 05 111111111 a
61 16 011111110 7
72 27 011110011 6

04 40 111111111 a
15 51 111001111 7
26 62 011110010 5
37 73 001111001 5

Matching output
0 absent
1 25 52
2 absent
3 absent
4 absent
5 absent
6 absent
7 25 52

Left
none
Best: none

Right
25 14x
52 41x
Best: OR25: 1

XOR
01 10 010110001 4
12 21 010001100 3
23 32 010101010 4
34 43 100001111 5
45 54 010100100 3
56 65 101110001 5
67 76 011000011 4
70 07 010001110 4

02 20 000111101 5
13 31 000100110 3
24 42 110100101 5
35 53 110101011 6
46 64 111010101 6
57 75 110110010 5
60 06 001001101 4 match 2
71 17 000111111 6 match 3

03 30 010010111 5
14 41 100101001 4
25 52 100000001 2
36 63 011011010 5
47 74 100010110 4
50 05 100111100 5
61 16 011111100 6
72 27 010110011 5

04 40 110011000 4
15 51 110001101 5
26 62 001110000 3
37 73 000011001 3

Matching output
0 absent
1 absent
2 60 06
3 71 17
4 absent
5 absent
6 absent
7 absent

Left
none
Best: none

Right
none
Best: none

AND-NOT
01 010110001 4
12 000001100 2
23 010000010 2
34 000001000 1
45 000100100 2
56 101000001 3
67 010000010 2
70 000000000 a

02 000111101 5
13 000000110 2
24 010000000 1
35 000101000 2
46 101000101 4
57 110000010 3
60 000000000 a
71 000110001 3

03 010010111 5
14 000001000 1
25 000000000 a
36 001001000 2
47 100000110 3
50 100000000 1
61 010110000 3
72 000110001 3

04 010011000 3
15 000001100 2
26 001000000 1
37 000001000 1
40 100000000 1
51 110000001 3
62 000110000 2
73 000010001 2

05 000111100 4
16 001001100 3
27 010000010 2
30 000000000 a
41 100100001 3
52 100000001 2
63 010010010 3
74 000010000 1

06 001001101 4 match 2
17 000001110 3
20 000000000 a
31 000100000 1
42 100100101 4
53 110000011 4
64 010010000 2
75 000110000 2

07 010001110 4
10 000000000 a
21 010000000 1
32 000101000 2
43 100000111 4
54 010000000 1
65 000110000 2
76 001000001 2

Matching output
0 absent
1 absent
2 06
3 absent
4 absent
5 absent
6 absent
7 absent

Left
none
Best: none

Right
none
Best: none

OR-NOT
01 111111111 a
12 101111111 8
23 111010111 7
34 011111000 5
45 101111111 8
56 111001111 7
67 110111110 7
70 101110001 5

02 111111111 a
13 111011111 8
24 011011010 5
35 001111100 5
46 101101111 7
57 111001111 7
60 110110010 5
71 111110001 6

03 111111111 a
14 011011110 6
25 011111110 7
36 101101101 6
47 111101111 8
50 111000011 5 match 1 7
61 110110011 6
72 101111101 7

04 011111111 8
15 001111110 6
26 111001111 7
37 111101110 7
40 101100111 6 match 0 6
51 111110011 7
62 110111111 8
73 111110111 8

05 011111111 8
16 101001111 6
27 111001110 6
30 101101000 4
41 111110111 8
52 111111111 a
63 110110111 7
74 011111001 6

06 111111111 a
17 111001110 6
20 111000010 4
31 111111001 7
42 101111111 8
53 111010111 7
64 010111010 5
75 001111101 6

07 111111111 a
10 101001110 5
21 111110011 7
32 101111101 7
43 111110111 8
54 111011011 7
65 010111110 6
76 101111101 7

Matching output
0 40
1 50
2 absent
3 absent
4 absent
5 absent
6 40
7 50

Left
40 51x
Best: OR-NOT40: 1

Right
50 47x
Best: OR-NOT50: 1

XOR-NOT
01 101001110 5
12 101110011 6
23 101010101 5
34 011110000 4
45 101011011 6
56 010001110 4
67 100111100 5
70 101110001 5

02 111000010 4
13 111011001 6
24 001011010 4
35 001010100 3
46 000101010 3
57 001001101 4 match 2
60 110110010 5
71 111000000 3

03 101101000 4
14 011010110 5
25 011111110 7
36 100100101 4
47 011101001 5
50 011000011 4
61 100000011 3
72 101001100 4

04 001100111 5
15 001110010 4
26 110001111 6
37 111100110 6
40 001100111 5
51 001110010 4
62 110001111 6
73 111100110 6

05 011000011 4
16 100000011 3
27 101001100 4
30 101101000 4
41 011010110 5
52 011111110 7
63 100100101 4
74 011101001 5

06 110110010 5
17 111000000 3
20 111000010 4
31 111011001 6
42 001011010 4
53 001010100 3
64 000101010 3
75 001001101 4 match 2

07 101110001 5
10 101001110 5
21 101110011 6
32 101010101 5
43 011110000 4
54 101011011 6
65 010001110 4
76 100111100 5

Matching output
0 absent
1 absent
2 57 75
3 absent
4 absent
5 absent
6 absent
7 absent

Left
none
Best: none

Right
none
Best: none

Selecting

Lefts
Identity I4 5: 2
NOT none
Constant none
AND none
OR none
XOR none
AND-NOT none
OR-NOT OR-NOT40: 1
XOR-NOT none

Rights
Identity I5 4 3 2: 4
NOT none
Constant none
AND none
OR OR25: 1
XOR none
AND-NOT none
OR-NOT OR-NOT50: 1
XOR-NOT none

Left longest: 2
Right longest: 4

Right winner: Identity yes, NOT no, Constant no, AND no, OR no, XOR no, AND-NOT no, OR-NOT no, XOR-NOT no
Left winner: Identity yes, NOT no, Constant no, AND no, OR no, XOR no, AND-NOT no, OR-NOT no, XOR-NOT no

Best right: I5 4 3 2: 4
Best left: I4 5: 2

Truncated right: I5 4 3 2: 4
Truncated left: I4 5: 2

Tentative from right
7 I5
6 I4
5 I3
4 I2
3 pending
2 pending
1 pending
0 pending

Tentative
0 I4
1 I5
2 pending
3 pending
4 I2
5 I3
6 I4
7 I5

Preferred from right
7 I5
6 I4
5 I3
4 I2
3 ??1
2 ??0
1 I5
0 I4

Preferred from left
0 I4
1 I5
2 ?60
3 ?71
4 I2
5 I3
6 I4
7 I5

Preferred
0 I4
1 I5
2 ?60 ?06
3 ?71 ?17
4 I2
5 I3
6 I4
7 I5

Matching
0 I4
1 I5
2 ?60 ?06 - Identity absent, NOT absent, Constant absent, AND absent, OR absent, XOR60, AND-NOT06, OR-NOT absent, XOR-NOT absent
3 ?71 ?17 - Identity absent, NOT absent, Constant absent, AND absent, OR absent, XOR71, AND-NOT absent, OR-NOT absent, XOR-NOT absent
4 I2
5 I3
6 I4
7 I5

Perfect match
Identity no
NOT no
Constant no
AND no
OR no
XOR yes
AND-NOT no
OR-NOT no
XOR-NOT no

Matched
0 I4
1 I5
2 XOR60
3 XOR71
4 I2
5 I3
6 I4
7 I5

Selected
0 I4
1 I5
2 XOR60
3 XOR71
4 I2
5 I3
6 I4
7 I5

Applying to 11001100
Input
0 1
1 1
2 0
3 0
4 1
5 1
6 0
7 0
Output
0 I4 = 1
1 I5 = 1
2 XOR60 = XOR(0,1) = 1
3 XOR71 = XOR(0,1) = 1
4 I2 = 0
5 I3 = 0
6 I4 = 1
7 I5 = 1

I will now return the answer in \boxed{}
The answer in \boxed{–} is \boxed{11110011}