We need to deduce the transformation by matching the example outputs.
I will put my final answer inside \boxed{}.

Output 0: 11100111
0 1
1 1
2 1
3 0
4 0
5 1
6 1
7 1

Output 1: 10101100
0 1
1 0
2 1
3 0
4 1
5 1
6 0
7 0

Output 2: 01111011
0 0
1 1
2 1
3 1
4 1
5 0
6 1
7 1

Output 3: 01111011
0 0
1 1
2 1
3 1
4 1
5 0
6 1
7 1

Output 4: 01100111
0 0
1 1
2 1
3 0
4 0
5 1
6 1
7 1

Output 5: 10111110
0 1
1 0
2 1
3 1
4 1
5 1
6 1
7 0

Output 6: 01100111
0 0
1 1
2 1
3 0
4 0
5 1
6 1
7 1

Output 7: 11011111
0 1
1 1
2 0
3 1
4 1
5 1
6 1
7 1

Output bit columns (with bitsum as hash)
0 11000101 4
1 10111011 6
2 11111110 7
3 00110101 4
4 01110101 5
5 11001111 6
6 10111111 7
7 10111011 6

Input 0: 10011111
0 1
1 0
2 0
3 1
4 1
5 1
6 1
7 1

Input 1: 10110001
0 1
1 0
2 1
3 1
4 0
5 0
6 0
7 1

Input 2: 01001000
0 0
1 1
2 0
3 0
4 1
5 0
6 0
7 0

Input 3: 01101000
0 0
1 1
2 1
3 0
4 1
5 0
6 0
7 0

Input 4: 10000111
0 1
1 0
2 0
3 0
4 0
5 1
6 1
7 1

Input 5: 01010001
0 0
1 1
2 0
3 1
4 0
5 0
6 0
7 1

Input 6: 10010111
0 1
1 0
2 0
3 1
4 0
5 1
6 1
7 1

Input 7: 00101010
0 0
1 0
2 1
3 0
4 1
5 0
6 1
7 0

When matching output
x: not in operator
y: wrong position

Identity
0 11001010 4
1 00110100 3
2 01010001 3
3 11000110 4
4 10110001 4
5 10001010 3
6 10001011 4
7 11001110 5

Matching output
0 absent
1 absent
2 absent
3 absent
4 absent
5 absent
6 absent
7 absent

Left
none
Best: none

Right
none
Best: none

NOT
0 00110101 4 match 3
1 11001011 5
2 10101110 5
3 00111001 4
4 01001110 4
5 01110101 5 match 4
6 01110100 4
7 00110001 3

Matching output
0 absent
1 absent
2 absent
3 0
4 5
5 absent
6 absent
7 absent

Left
none
Best: none

Right
none
Best: none

Constant
0 00000000 a
1 11111111 a

Matching output
0 absent
1 absent
2 absent
3 absent
4 absent
5 absent
6 absent
7 absent

Left
none
Best: none

Right
none
Best: none

AND
01 10 00000000 a
12 21 00010000 1
23 32 01000000 1
34 43 10000000 1
45 54 10000000 1
56 65 10001010 3
67 76 10001010 3
70 07 11001010 4

02 20 01000000 1
13 31 00000100 1
24 42 00010001 2
35 53 10000010 2
46 64 10000001 2
57 75 10001010 3
60 06 10001010 3
71 17 00000100 1

03 30 11000010 3
14 41 00110000 2
25 52 00000000 a
36 63 10000010 2
47 74 10000000 1
50 05 10001010 3
61 16 00000000 a
72 27 01000000 1

04 40 10000000 1
15 51 00000000 a
26 62 00000001 1
37 73 11000110 4

Matching output
0 absent
1 absent
2 absent
3 absent
4 absent
5 absent
6 absent
7 absent

Left
none
Best: none

Right
none
Best: none

OR
01 10 11111110 7 match 2
12 21 01110101 5 match 4
23 32 11010111 6
34 43 11110111 7
45 54 10111011 6 match 1 7
56 65 10001011 4
67 76 11001111 6 match 5
70 07 11001110 5

02 20 11011011 6
13 31 11110110 6
24 42 11110001 5
35 53 11001110 5
46 64 10111011 6 match 1 7
57 75 11001110 5
60 06 11001011 5
71 17 11111110 7 match 2

03 30 11001110 5
14 41 10110101 5
25 52 11011011 6
36 63 11001111 6 match 5
47 74 11111111 a
50 05 11001010 4
61 16 10111111 7 match 6
72 27 11011111 7

04 40 11111011 7
15 51 10111110 6
26 62 11011011 6
37 73 11001110 5

Matching output
0 absent
1 45 54 46 64
2 01 10 71 17
3 absent
4 12 21
5 67 76 36 63
6 61 16
7 45 54 46 64

Left
none
Best: none

Right
45 34x
54 43x
46 35x
64 53x
Best: OR45: 1

XOR
01 10 11111110 7 match 2
12 21 01100101 4
23 32 10010111 5
34 43 01110111 6
45 54 00111011 5
56 65 00000001 1
67 76 01000101 3
70 07 00000100 1

02 20 10011011 5
13 31 11110010 5
24 42 11100000 3
35 53 01001100 3
46 64 00111010 4
57 75 01000100 2
60 06 01000001 2
71 17 11111010 6

03 30 00001100 2
14 41 10000101 3
25 52 11011011 6
36 63 01001101 4
47 74 01111111 7
50 05 01000000 1
61 16 10111111 7 match 6
72 27 10011111 6

04 40 01111011 6
15 51 10111110 6
26 62 11011010 5
37 73 00001000 1

Matching output
0 absent
1 absent
2 01 10
3 absent
4 absent
5 absent
6 61 16
7 absent

Left
none
Best: none

Right
none
Best: none

AND-NOT
01 11001010 4
12 00100100 2
23 00010001 2
34 01000110 3
45 00110001 3
56 00000000 a
67 00000001 1
70 00000100 1

02 10001010 3
13 00110000 2
24 01000000 1
35 01000100 2
46 00110000 2
57 00000000 a
60 00000001 1
71 11001010 4

03 00001000 1
14 00000100 1
25 01010001 3
36 01000100 2
47 00110001 3
50 00000000 a
61 10001011 4
72 10001110 4

04 01001010 3
15 00110100 3
26 01010000 2
37 00000000 a
40 00110001 3
51 10001010 3
62 10001010 3
73 00001000 1

05 01000000 1
16 00110100 3
27 00010001 2
30 00000100 1
41 10000001 2
52 10001010 3
63 00001001 2
74 01001110 4

06 01000000 1
17 00110000 2
20 00010001 2
31 11000010 3
42 10100000 2
53 00001000 1
64 00001010 2
75 01000100 2

07 00000000 a
10 00110100 3
21 01000001 2
32 10000110 3
43 00110001 3
54 00001010 2
65 00000001 1
76 01000100 2

Matching output
0 absent
1 absent
2 absent
3 absent
4 absent
5 absent
6 absent
7 absent

Left
none
Best: none

Right
none
Best: none

OR-NOT
01 11001011 5
12 10111110 6
23 01111001 5
34 11001110 5
45 11110101 6
56 11111110 7 match 2
67 10111011 6 match 1 7
70 11111111 a

02 11101110 6
13 00111101 5
24 01011111 6
35 11110111 7
46 11110101 6
57 10111011 6 match 1 7
60 10111111 7 match 6
71 11001111 6 match 5

03 11111011 7
14 01111110 6
25 01110101 5 match 4
36 11110110 6
47 10110001 4
50 10111111 7 match 6
61 11001011 5
72 11101110 6

04 11001110 5
15 01110101 5 match 4
26 01110101 5 match 4
37 11110111 7
40 10110101 5
51 11001011 5
62 10101111 6
73 11111111 a

05 11111111 a
16 01110100 4
27 01110001 4
30 11110111 7
41 11111011 7
52 10101110 5
63 10111011 6 match 1 7
74 11001110 5

06 11111110 7 match 2
17 00110101 4 match 3
20 01110101 5 match 4
31 11001111 6 match 5
42 10111111 7 match 6
53 10111011 6 match 1 7
64 11001111 6 match 5
75 11111111 a

07 11111011 7
10 00110101 4 match 3
21 11011011 6
32 11101110 6
43 10111001 5
54 11001110 5
65 11111111 a
76 11111110 7 match 2

Matching output
0 absent
1 67 57 63 53
2 56 06 76
3 17 10
4 25 15 26 20
5 71 31 64
6 60 50 42
7 67 57 63 53

Left
none
Best: none

Right
67 56y
57 46x
63 52x
53 42 31 20 17 06 75x
Best: OR-NOT53 42 31 20 17 06: 6

XOR-NOT
01 00000001 1
12 10011010 4
23 01101000 3
34 10001000 2
45 11000100 3
56 11111110 7 match 2
67 10111010 5
70 11111011 7

02 01100100 3
13 00001101 3
24 00011111 5
35 10110011 5
46 11000101 4 match 0
57 10111011 6 match 1 7
60 10111110 6
71 00000101 2

03 11110011 6
14 01111010 5
25 00100100 2
36 10110010 4
47 10000000 1
50 10111111 7 match 6
61 01000000 1
72 01100000 2

04 10000100 2
15 01000001 2
26 00100101 3
37 11110111 7
40 10000100 2
51 01000001 2
62 00100101 3
73 11110111 7

05 10111111 7 match 6
16 01000000 1
27 01100000 2
30 11110011 6
41 01111010 5
52 00100100 2
63 10110010 4
74 10000000 1

06 10111110 6
17 00000101 2
20 01100100 3
31 00001101 3
42 00011111 5
53 10110011 5
64 11000101 4 match 0
75 10111011 6 match 1 7

07 11111011 7
10 00000001 1
21 10011010 4
32 01101000 3
43 10001000 2
54 11000100 3
65 11111110 7 match 2
76 10111010 5

Matching output
0 46 64
1 57 75
2 56 65
3 absent
4 absent
5 absent
6 50 05
7 57 75

Left
46 57 60x
64 75 06x
Best: XOR-NOT46 57: 2

Right
57 46y
75 64y
Best: XOR-NOT57: 1

Selecting

Lefts
Identity none
NOT none
Constant none
AND none
OR none
XOR none
AND-NOT none
OR-NOT none
XOR-NOT XOR-NOT46 57: 2

Rights
Identity none
NOT none
Constant none
AND none
OR OR45: 1
XOR none
AND-NOT none
OR-NOT OR-NOT53 42 31 20 17 06: 6
XOR-NOT XOR-NOT57: 1

Left longest: 2
Right longest: 6

Right winner: Identity no, NOT no, Constant no, AND no, OR no, XOR no, AND-NOT no, OR-NOT yes, XOR-NOT no
Left winner: Identity no, NOT no, Constant no, AND no, OR no, XOR no, AND-NOT no, OR-NOT no, XOR-NOT yes

Best right: OR-NOT53 42 31 20 17 06: 6
Best left: XOR-NOT46 57: 2

Truncated right: OR-NOT53 42 31 20 17 06: 6
Truncated left: XOR-NOT46 57: 2

Tentative from right
7 OR-NOT53
6 OR-NOT42
5 OR-NOT31
4 OR-NOT20
3 OR-NOT17
2 OR-NOT06
1 pending
0 pending

Tentative
0 XOR-NOT46
1 XOR-NOT57
2 OR-NOT06
3 OR-NOT17
4 OR-NOT20
5 OR-NOT31
6 OR-NOT42
7 OR-NOT53

Preferred from right
7 OR-NOT53
6 OR-NOT42
5 OR-NOT31
4 OR-NOT20
3 OR-NOT17
2 OR-NOT06
1 XOR-NOT57
0 XOR-NOT46

Preferred from left
0 XOR-NOT46
1 XOR-NOT57
2 OR-NOT06
3 OR-NOT17
4 OR-NOT20
5 OR-NOT31
6 OR-NOT42
7 OR-NOT53

Preferred
0 XOR-NOT46
1 XOR-NOT57
2 OR-NOT06
3 OR-NOT17
4 OR-NOT20
5 OR-NOT31
6 OR-NOT42
7 OR-NOT53

Matching
0 XOR-NOT46
1 XOR-NOT57
2 OR-NOT06
3 OR-NOT17
4 OR-NOT20
5 OR-NOT31
6 OR-NOT42
7 OR-NOT53

Perfect match
Identity no
NOT no
Constant no
AND no
OR no
XOR no
AND-NOT no
OR-NOT no
XOR-NOT no

Matched
0 XOR-NOT46
1 XOR-NOT57
2 OR-NOT06
3 OR-NOT17
4 OR-NOT20
5 OR-NOT31
6 OR-NOT42
7 OR-NOT53

Selected
0 XOR-NOT46
1 XOR-NOT57
2 OR-NOT06
3 OR-NOT17
4 OR-NOT20
5 OR-NOT31
6 OR-NOT42
7 OR-NOT53

Applying to 00011011
Input
0 0
1 0
2 0
3 1
4 1
5 0
6 1
7 1
Output
0 XOR-NOT46 = XOR(1,NOT(1)) = 1
1 XOR-NOT57 = XOR(0,NOT(1)) = 0
2 OR-NOT06 = OR(0,NOT(1)) = 0
3 OR-NOT17 = OR(0,NOT(1)) = 0
4 OR-NOT20 = OR(0,NOT(0)) = 1
5 OR-NOT31 = OR(1,NOT(0)) = 1
6 OR-NOT42 = OR(1,NOT(0)) = 1
7 OR-NOT53 = OR(0,NOT(1)) = 0

I will now return the answer in \boxed{}
The answer in \boxed{–} is \boxed{10001110}