We need to deduce the transformation by matching the example outputs.
I will put my final answer inside \boxed{}.

Output 0: 10100110
0 1
1 0
2 1
3 0
4 0
5 1
6 1
7 0

Output 1: 00101100
0 0
1 0
2 1
3 0
4 1
5 1
6 0
7 0

Output 2: 01101001
0 0
1 1
2 1
3 0
4 1
5 0
6 0
7 1

Output 3: 01000101
0 0
1 1
2 0
3 0
4 0
5 1
6 0
7 1

Output 4: 10011110
0 1
1 0
2 0
3 1
4 1
5 1
6 1
7 0

Output 5: 11011111
0 1
1 1
2 0
3 1
4 1
5 1
6 1
7 1

Output 6: 01010101
0 0
1 1
2 0
3 1
4 0
5 1
6 0
7 1

Output bit columns (with bitsum as hash)
0 1000110 3
1 0011011 4
2 1110000 3
3 0000111 3
4 0110110 4
5 1101111 6
6 1000110 3
7 0011011 4

Input 0: 00101001
0 0
1 0
2 1
3 0
4 1
5 0
6 0
7 1

Input 1: 11001000
0 1
1 1
2 0
3 0
4 1
5 0
6 0
7 0

Input 2: 01011011
0 0
1 1
2 0
3 1
4 1
5 0
6 1
7 1

Input 3: 10010011
0 1
1 0
2 0
3 1
4 0
5 0
6 1
7 1

Input 4: 00100111
0 0
1 0
2 1
3 0
4 0
5 1
6 1
7 1

Input 5: 00110111
0 0
1 0
2 1
3 1
4 0
5 1
6 1
7 1

Input 6: 01010100
0 0
1 1
2 0
3 1
4 0
5 1
6 0
7 0

When matching output
x: not in operator
y: wrong position

Identity
0 0101000 2
1 0110001 3
2 1000110 3 match 0 6
3 0011011 4 match 1 7
4 1110000 3 match 2
5 0000111 3 match 3
6 0011110 4
7 1011110 5

Matching output
0 2
1 3
2 4
3 5
4 absent
5 absent
6 2
7 3

Left
2 3 4 5 6x
Best: I2 3 4 5: 4

Right
3 2 1x
Best: I3 2: 2

NOT
0 1010111 5
1 1001110 4
2 0111001 4
3 1100100 3
4 0001111 4
5 1111000 4
6 1100001 3
7 0100001 2

Matching output
0 absent
1 absent
2 absent
3 absent
4 absent
5 absent
6 absent
7 absent

Left
none
Best: none

Right
none
Best: none

Constant
0 0000000 a
1 1111111 a

Matching output
0 absent
1 absent
2 absent
3 absent
4 absent
5 absent
6 absent
7 absent

Left
none
Best: none

Right
none
Best: none

AND
01 10 0100000 1
12 21 0000000 a
23 32 0000010 1
34 43 0010000 1
45 54 0000000 a
56 65 0000110 2
67 76 0011110 4
70 07 0001000 1

02 20 0000000 a
13 31 0010001 2
24 42 1000000 1
35 53 0000011 2
46 64 0010000 1
57 75 0000110 2
60 06 0001000 1
71 17 0010000 1

03 30 0001000 1
14 41 0110000 2
25 52 0000110 2
36 63 0011010 3
47 74 1010000 2
50 05 0000000 a
61 16 0010000 1
72 27 1000110 3 match 0 6

04 40 0100000 1
15 51 0000001 1
26 62 0000110 2
37 73 0011010 3

Matching output
0 72 27
1 absent
2 absent
3 absent
4 absent
5 absent
6 72 27
7 absent

Left
72 03x
27 30x
Best: AND72: 1

Right
none
Best: none

OR
01 10 0111001 4
12 21 1110111 6
23 32 1011111 6
34 43 1111011 6
45 54 1110111 6
56 65 0011111 5
67 76 1011110 5
70 07 1111110 6

02 20 1101110 5
13 31 0111011 5
24 42 1110110 5
35 53 0011111 5
46 64 1111110 6
57 75 1011111 6
60 06 0111110 5
71 17 1111111 a

03 30 0111011 5
14 41 1110001 4
25 52 1000111 4
36 63 0011111 5
47 74 1111110 6
50 05 0101111 5
61 16 0111111 6
72 27 1011110 5

04 40 1111000 4
15 51 0110111 5
26 62 1011110 5
37 73 1011111 6

Matching output
0 absent
1 absent
2 absent
3 absent
4 absent
5 absent
6 absent
7 absent

Left
none
Best: none

Right
none
Best: none

XOR
01 10 0011001 3
12 21 1110111 6
23 32 1011101 5
34 43 1101011 5
45 54 1110111 6
56 65 0011001 3
67 76 1000000 1
70 07 1110110 5

02 20 1101110 5
13 31 0101010 3
24 42 0110110 4 match 4
35 53 0011100 3
46 64 1101110 5
57 75 1011001 4
60 06 0110110 4 match 4
71 17 1101111 6 match 5

03 30 0110011 4
14 41 1000001 2
25 52 1000001 2
36 63 0000101 2
47 74 0101110 4
50 05 0101111 5
61 16 0101111 5
72 27 0011000 2

04 40 1011000 3
15 51 0110110 4 match 4
26 62 1011000 3
37 73 1000101 3

Matching output
0 absent
1 absent
2 absent
3 absent
4 24 42 60 06 15 51
5 71 17
6 absent
7 absent

Left
none
Best: none

Right
none
Best: none

AND-NOT
01 0001000 1
12 0110001 3
23 1000100 2
34 0001011 3
45 1110000 3 match 2
56 0000001 1
67 0000000 a
70 1010110 4

02 0101000 2
13 0100000 1
24 0000110 2
35 0011000 2
46 1100000 2
57 0000001 1
60 0010110 3
71 1001110 4

03 0100000 1
14 0000001 1
25 1000000 1
36 0000001 1
47 0100000 1
50 0000111 3 match 3
61 0001110 3
72 0011000 2

04 0001000 1
15 0110000 2
26 1000000 1
37 0000001 1
40 1010000 2
51 0000110 2
62 0011000 2
73 1000100 2

05 0101000 2
16 0100001 2
27 0000000 a
30 0010011 3
41 1000000 1
52 0000001 1
63 0000100 1
74 0001110 3

06 0100000 1
17 0100001 2
20 1000110 3 match 0 6
31 0001010 2
42 0110000 2
53 0000100 1
64 0001110 3
75 1011000 3

07 0100000 1
10 0010001 2
21 1000110 3 match 0 6
32 0011001 3
43 1100000 2
54 0000111 3 match 3
65 0011000 2
76 1000000 1

Matching output
0 20 21
1 absent
2 45
3 50 54
4 absent
5 absent
6 20 21
7 absent

Left
20 31x
21 32x
Best: AND-NOT20: 1

Right
none
Best: none

OR-NOT
01 1101110 5
12 0111001 4
23 1100110 4
34 0011111 5
45 1111000 4
56 1100111 5
67 0111111 6
70 1011111 6

02 0111001 4
13 1110101 5
24 1001111 5
35 1111011 6
46 1110001 4
57 0100111 4
60 1011111 6
71 1011110 5

03 1101100 4
14 0111111 6
25 1111110 6
36 1111011 6
47 1110001 4
50 1010111 5
61 1011110 5
72 1111111 a

04 0101111 5
15 1111001 5
26 1100111 5
37 0111011 5
40 1110111 6
51 1001111 5
62 0111111 6
73 1111110 6

05 1111000 4
16 1110001 4
27 1100111 5
30 1011111 6
41 1111110 6
52 0111111 6
63 1111110 6
74 1011111 6

06 1101001 4
17 0110001 3
20 1010111 5
31 1011111 6
42 1111001 5
53 1100111 5
64 0011111 5
75 1111110 6

07 0101001 3
10 1110111 6
21 1001110 4
32 0111011 5
43 1110100 4
54 0001111 4
65 1111110 6
76 1111111 a

Matching output
0 absent
1 absent
2 absent
3 absent
4 absent
5 absent
6 absent
7 absent

Left
none
Best: none

Right
none
Best: none

XOR-NOT
01 1100110 4
12 0001000 1
23 0100010 2
34 0010100 2
45 0001000 1
56 1100110 4
67 0111111 6
70 0001001 2

02 0010001 2
13 1010101 4
24 1001001 3
35 1100011 4
46 0010001 2
57 0100110 3
60 1001001 3
71 0010000 1

03 1001100 3
14 0111110 5
25 0111110 5
36 1111010 5
47 1010001 3
50 1010000 2
61 1010000 2
72 1100111 5

04 0100111 4
15 1001001 3
26 0100111 4
37 0111010 4
40 0100111 4
51 1001001 3
62 0100111 4
73 0111010 4

05 1010000 2
16 1010000 2
27 1100111 5
30 1001100 3
41 0111110 5
52 0111110 5
63 1111010 5
74 1010001 3

06 1001001 3
17 0010000 1
20 0010001 2
31 1010101 4
42 1001001 3
53 1100011 4
64 0010001 2
75 0100110 3

07 0001001 2
10 1100110 4
21 0001000 1
32 0100010 2
43 0010100 2
54 0001000 1
65 1100110 4
76 0111111 6

Matching output
0 absent
1 absent
2 absent
3 absent
4 absent
5 absent
6 absent
7 absent

Left
none
Best: none

Right
none
Best: none

Selecting

Lefts
Identity I2 3 4 5: 4
NOT none
Constant none
AND AND72: 1
OR none
XOR none
AND-NOT AND-NOT20: 1
OR-NOT none
XOR-NOT none

Rights
Identity I3 2: 2
NOT none
Constant none
AND none
OR none
XOR none
AND-NOT none
OR-NOT none
XOR-NOT none

Left longest: 4
Right longest: 2

Left winner: Identity yes, NOT no, Constant no, AND no, OR no, XOR no, AND-NOT no, OR-NOT no, XOR-NOT no
Right winner: Identity yes, NOT no, Constant no, AND no, OR no, XOR no, AND-NOT no, OR-NOT no, XOR-NOT no

Best left: I2 3 4 5: 4
Best right: I3 2: 2

Truncated left: I2 3 4 5: 4
Truncated right: I3 2: 2

Tentative from right
7 I3
6 I2
5 pending
4 pending
3 pending
2 pending
1 pending
0 pending

Tentative
0 I2
1 I3
2 I4
3 I5
4 pending
5 pending
6 I2
7 I3

Preferred from left
0 I2
1 I3
2 I4
3 I5
4 ?6?
5 ?7?
6 I2
7 I3

Preferred from right
7 I3
6 I2
5 ?71
4 ?60
3 I5
2 I4
1 I3
0 I2

Preferred
0 I2
1 I3
2 I4
3 I5
4 ?60 ?06
5 ?71 ?17
6 I2
7 I3

Matching
0 I2
1 I3
2 I4
3 I5
4 ?60 ?06 - Identity absent, NOT absent, Constant absent, AND absent, OR absent, XOR60, AND-NOT absent, OR-NOT absent, XOR-NOT absent
5 ?71 ?17 - Identity absent, NOT absent, Constant absent, AND absent, OR absent, XOR71, AND-NOT absent, OR-NOT absent, XOR-NOT absent
6 I2
7 I3

Perfect match
Identity no
NOT no
Constant no
AND no
OR no
XOR yes
AND-NOT no
OR-NOT no
XOR-NOT no

Matched
0 I2
1 I3
2 I4
3 I5
4 XOR60
5 XOR71
6 I2
7 I3

Selected
0 I2
1 I3
2 I4
3 I5
4 XOR60
5 XOR71
6 I2
7 I3

Applying to 10001101
Input
0 1
1 0
2 0
3 0
4 1
5 1
6 0
7 1
Output
0 I2 = 0
1 I3 = 0
2 I4 = 1
3 I5 = 1
4 XOR60 = XOR(0,1) = 1
5 XOR71 = XOR(1,0) = 1
6 I2 = 0
7 I3 = 0

I will now return the answer in \boxed{}
The answer in \boxed{–} is \boxed{00111100}