We need to deduce the transformation by matching the example outputs.
I will put my final answer inside \boxed{}.

Output 0: 00110000
0 0
1 0
2 1
3 1
4 0
5 0
6 0
7 0

Output 1: 00101110
0 0
1 0
2 1
3 0
4 1
5 1
6 1
7 0

Output 2: 00011010
0 0
1 0
2 0
3 1
4 1
5 0
6 1
7 0

Output 3: 10000111
0 1
1 0
2 0
3 0
4 0
5 1
6 1
7 1

Output 4: 11001011
0 1
1 1
2 0
3 0
4 1
5 0
6 1
7 1

Output 5: 10001011
0 1
1 0
2 0
3 0
4 1
5 0
6 1
7 1

Output 6: 01011010
0 0
1 1
2 0
3 1
4 1
5 0
6 1
7 0

Output bit columns (with bitsum as hash)
0 0001110 3
1 0000101 2
2 1100000 2
3 1010001 3
4 0110111 5
5 0101000 2
6 0111111 6
7 0001110 3

Input 0: 00001100
0 0
1 0
2 0
3 0
4 1
5 1
6 0
7 0

Input 1: 11001010
0 1
1 1
2 0
3 0
4 1
5 0
6 1
7 0

Input 2: 01000110
0 0
1 1
2 0
3 0
4 0
5 1
6 1
7 0

Input 3: 01100001
0 0
1 1
2 1
3 0
4 0
5 0
6 0
7 1

Input 4: 01110010
0 0
1 1
2 1
3 1
4 0
5 0
6 1
7 0

Input 5: 01100010
0 0
1 1
2 1
3 0
4 0
5 0
6 1
7 0

Input 6: 11010111
0 1
1 1
2 0
3 1
4 0
5 1
6 1
7 1

When matching output
x: not in operator
y: wrong position

Identity
0 0100001 2
1 0111111 6 match 6
2 0001110 3 match 0 7
3 0000101 2 match 1
4 1100000 2 match 2
5 1010001 3 match 3
6 0110111 5 match 4
7 0001001 2

Matching output
0 2
1 3
2 4
3 5
4 6
5 absent
6 1
7 2

Left
2 3 4 5 6 7x
Best: I2 3 4 5 6: 5

Right
2 1 0x
Best: I2 1: 2

NOT
0 1011110 5
1 1000000 1
2 1110001 4
3 1111010 5
4 0011111 5
5 0101110 4
6 1001000 2
7 1110110 5

Matching output
0 absent
1 absent
2 absent
3 absent
4 absent
5 absent
6 absent
7 absent

Left
none
Best: none

Right
none
Best: none

Constant
0 0000000 a
1 1111111 a

Matching output
0 absent
1 absent
2 absent
3 absent
4 absent
5 absent
6 absent
7 absent

Left
none
Best: none

Right
none
Best: none

AND
01 10 0100001 2
12 21 0001110 3 match 0 7
23 32 0000100 1
34 43 0000000 a
45 54 1000000 1
56 65 0010001 2
67 76 0000001 1
70 07 0000001 1

02 20 0000000 a
13 31 0000101 2 match 1
24 42 0000000 a
35 53 0000001 1
46 64 0100000 1
57 75 0000001 1
60 06 0100001 2
71 17 0001001 2

03 30 0000001 1
14 41 0100000 1
25 52 0000000 a
36 63 0000101 2 match 1
47 74 0000000 a
50 05 0000001 1
61 16 0110111 5 match 4
72 27 0001000 1

04 40 0100000 1
15 51 0010001 2
26 62 0000110 2
37 73 0000001 1

Matching output
0 12 21
1 13 31 36 63
2 absent
3 absent
4 61 16
5 absent
6 absent
7 12 21

Left
12 23x
21 32x
Best: AND12: 1

Right
12 01x
21 10x
Best: AND12: 1

OR
01 10 0111111 6 match 6
12 21 0111111 6 match 6
23 32 0001111 4
34 43 1100101 4
45 54 1110001 4
56 65 1110111 6
67 76 0111111 6 match 6
70 07 0101001 3

02 20 0101111 5
13 31 0111111 6 match 6
24 42 1101110 5
35 53 1010101 4
46 64 1110111 6
57 75 1011001 4
60 06 0110111 5 match 4
71 17 0111111 6 match 6

03 30 0100101 3
14 41 1111111 a
25 52 1011111 6
36 63 0110111 5 match 4
47 74 1101001 4
50 05 1110001 4
61 16 0111111 6 match 6
72 27 0001111 4

04 40 1100001 3
15 51 1111111 a
26 62 0111111 6 match 6
37 73 0001101 3

Matching output
0 absent
1 absent
2 absent
3 absent
4 60 06 36 63
5 absent
6 01 10 12 21 67 76 13 31 71 17 61 16 26 62
7 absent

Left
none
Best: none

Right
none
Best: none

XOR
01 10 0011110 4
12 21 0110001 3
23 32 0001011 3
34 43 1100101 4
45 54 0110001 3
56 65 1100110 4
67 76 0111110 5
70 07 0101000 2 match 5

02 20 0101111 5
13 31 0111010 4
24 42 1101110 5
35 53 1010100 3
46 64 1010111 5
57 75 1011000 3
60 06 0010110 3
71 17 0110110 4

03 30 0100100 2
14 41 1011111 6
25 52 1011111 6
36 63 0110010 3
47 74 1101001 4
50 05 1110000 3
61 16 0001000 1
72 27 0000111 3

04 40 1000001 2
15 51 1101110 5
26 62 0111001 4
37 73 0001100 2

Matching output
0 absent
1 absent
2 absent
3 absent
4 absent
5 70 07
6 absent
7 absent

Left
none
Best: none

Right
none
Best: none

AND-NOT
01 0000000 a
12 0110001 3
23 0001010 2
34 0000101 2 match 1
45 0100000 1
56 1000000 1
67 0110110 4
70 0001000 1

02 0100001 2
13 0111010 4
24 0001110 3 match 0 7
35 0000100 1
46 1000000 1
57 1010000 2
60 0010110 3
71 0000000 a

03 0100000 1
14 0011111 5
25 0001110 3 match 0 7
36 0000000 a
47 1100000 2 match 2
50 1010000 2
61 0000000 a
72 0000001 1

04 0000001 1
15 0101110 4
26 0001000 1
37 0000100 1
40 1000000 1
51 1000000 1
62 0110001 3
73 0001000 1

05 0100000 1
16 0001000 1
27 0000110 2
30 0000100 1
41 1000000 1
52 1010001 3 match 3
63 0110010 3
74 0001001 2

06 0000000 a
17 0110110 4
20 0001110 3 match 0 7
31 0000000 a
42 1100000 2 match 2
53 1010000 2
64 0010111 4
75 0001000 1

07 0100000 1
10 0011110 4
21 0000000 a
32 0000001 1
43 1100000 2 match 2
54 0010001 2
65 0100110 3
76 0001000 1

Matching output
0 24 25 20
1 34
2 47 42 43
3 52
4 absent
5 absent
6 absent
7 24 25 20

Left
24 35x
25 36x
20 31x
Best: AND-NOT24: 1

Right
24 13x
25 14x
20 17x
Best: AND-NOT24: 1

OR-NOT
01 1100001 3
12 1111111 a
23 1111110 6
34 0011111 5
45 1101110 5
56 1011001 4
67 1110111 6
70 1011111 6

02 1110001 4
13 1111111 a
24 0011111 5
35 0101111 5
46 1101000 3
57 1110111 6
60 1111111 a
71 1001001 3

03 1111011 6
14 0111111 6 match 6
25 0101110 4
36 1001101 4
47 1110110 5
50 1011111 6
61 1110111 6
72 1111001 5

04 0111111 6 match 6
15 0111111 6 match 6
26 1001110 4
37 1110111 6
40 1111110 6
51 1010001 3 match 3
62 1110111 6
73 1111011 6

05 0101111 5
16 1111111 a
27 1111110 6
30 1011111 6
41 1100000 2 match 2
52 1110001 4
63 1111111 a
74 0011111 5

06 1101001 4
17 1111111 a
20 1011110 5
31 1000101 3
42 1110001 4
53 1111011 6
64 0111111 6 match 6
75 0101111 5

07 1110111 6
10 1111111 a
21 1001110 4
32 1110101 5
43 1111010 5
54 1011111 6
65 0111111 6 match 6
76 1001001 3

Matching output
0 absent
1 absent
2 41
3 51
4 absent
5 absent
6 14 04 15 64 65
7 absent

Left
none
Best: none

Right
none
Best: none

XOR-NOT
01 1100001 3
12 1001110 4
23 1110100 4
34 0011010 3
45 1001110 4
56 0011001 3
67 1000001 2
70 1010111 5

02 1010000 2
13 1000101 3
24 0010001 2
35 0101011 4
46 0101000 2 match 5
57 0100111 4
60 1101001 4
71 1001001 3

03 1011011 5
14 0100000 1
25 0100000 1
36 1001101 4
47 0010110 3
50 0001111 4
61 1110111 6
72 1111000 4

04 0111110 5
15 0010001 2
26 1000110 3
37 1110011 5
40 0111110 5
51 0010001 2
62 1000110 3
73 1110011 5

05 0001111 4
16 1110111 6
27 1111000 4
30 1011011 5
41 0100000 1
52 0100000 1
63 1001101 4
74 0010110 3

06 1101001 4
17 1001001 3
20 1010000 2
31 1000101 3
42 0010001 2
53 0101011 4
64 0101000 2 match 5
75 0100111 4

07 1010111 5
10 1100001 3
21 1001110 4
32 1110100 4
43 0011010 3
54 1001110 4
65 0011001 3
76 1000001 2

Matching output
0 absent
1 absent
2 absent
3 absent
4 absent
5 46 64
6 absent
7 absent

Left
none
Best: none

Right
none
Best: none

Selecting

Lefts
Identity I2 3 4 5 6: 5
NOT none
Constant none
AND AND12: 1
OR none
XOR none
AND-NOT AND-NOT24: 1
OR-NOT none
XOR-NOT none

Rights
Identity I2 1: 2
NOT none
Constant none
AND AND12: 1
OR none
XOR none
AND-NOT AND-NOT24: 1
OR-NOT none
XOR-NOT none

Left longest: 5
Right longest: 2

Left winner: Identity yes, NOT no, Constant no, AND no, OR no, XOR no, AND-NOT no, OR-NOT no, XOR-NOT no
Right winner: Identity yes, NOT no, Constant no, AND no, OR no, XOR no, AND-NOT no, OR-NOT no, XOR-NOT no

Best left: I2 3 4 5 6: 5
Best right: I2 1: 2

Truncated left: I2 3 4 5 6: 5
Truncated right: I2 1: 2

Tentative from right
7 I2
6 I1
5 pending
4 pending
3 pending
2 pending
1 pending
0 pending

Tentative
0 I2
1 I3
2 I4
3 I5
4 I6
5 pending
6 I1
7 I2

Preferred from left
0 I2
1 I3
2 I4
3 I5
4 I6
5 ?7?
6 I1
7 I2

Preferred from right
7 I2
6 I1
5 ?70
4 I6
3 I5
2 I4
1 I3
0 I2

Preferred
0 I2
1 I3
2 I4
3 I5
4 I6
5 ?70 ?07
6 I1
7 I2

Matching
0 I2
1 I3
2 I4
3 I5
4 I6
5 ?70 ?07 - Identity absent, NOT absent, Constant absent, AND absent, OR absent, XOR70, AND-NOT absent, OR-NOT absent, XOR-NOT absent
6 I1
7 I2

Perfect match
Identity no
NOT no
Constant no
AND no
OR no
XOR yes
AND-NOT no
OR-NOT no
XOR-NOT no

Matched
0 I2
1 I3
2 I4
3 I5
4 I6
5 XOR70
6 I1
7 I2

Selected
0 I2
1 I3
2 I4
3 I5
4 I6
5 XOR70
6 I1
7 I2

Applying to 11010010
Input
0 1
1 1
2 0
3 1
4 0
5 0
6 1
7 0
Output
0 I2 = 0
1 I3 = 1
2 I4 = 0
3 I5 = 0
4 I6 = 1
5 XOR70 = XOR(0,1) = 1
6 I1 = 1
7 I2 = 0

I will now return the answer in \boxed{}
The answer in \boxed{–} is \boxed{01001110}