We need to deduce the transformation by matching the example outputs.
I will put my final answer inside \boxed{}.

Output 0: 10000000
0 1
1 0
2 0
3 0
4 0
5 0
6 0
7 0

Output 1: 00000010
0 0
1 0
2 0
3 0
4 0
5 0
6 1
7 0

Output 2: 10000100
0 1
1 0
2 0
3 0
4 0
5 1
6 0
7 0

Output 3: 00000000
0 0
1 0
2 0
3 0
4 0
5 0
6 0
7 0

Output 4: 10000000
0 1
1 0
2 0
3 0
4 0
5 0
6 0
7 0

Output 5: 10000010
0 1
1 0
2 0
3 0
4 0
5 0
6 1
7 0

Output 6: 00000010
0 0
1 0
2 0
3 0
4 0
5 0
6 1
7 0

Output bit columns (with bitsum as hash)
0 1010110 4
1 0000000 a
2 0000000 a
3 0000000 a
4 0000000 a
5 0010000 1
6 0100011 3
7 0000000 a

Input 0: 10100001
0 1
1 0
2 1
3 0
4 0
5 0
6 0
7 1

Input 1: 10100100
0 1
1 0
2 1
3 0
4 0
5 1
6 0
7 0

Input 2: 01011101
0 0
1 1
2 0
3 1
4 1
5 1
6 0
7 1

Input 3: 10000110
0 1
1 0
2 0
3 0
4 0
5 1
6 1
7 0

Input 4: 01000011
0 0
1 1
2 0
3 0
4 0
5 0
6 1
7 1

Input 5: 00111101
0 0
1 0
2 1
3 1
4 1
5 1
6 0
7 1

Input 6: 00110100
0 0
1 0
2 1
3 1
4 0
5 1
6 0
7 0

When matching output
x: not in operator
y: wrong position

Identity
0 1101000 3
1 0010100 2
2 1100011 4
3 0010011 3
4 0010010 2
5 0111011 5
6 0001100 2
7 1010110 4 match 0

Matching output
0 7
1 absent
2 absent
3 absent
4 absent
5 absent
6 absent
7 absent

Left
7 0x
Best: I7: 1

Right
none
Best: none

NOT
0 0010111 4
1 1101011 5
2 0011100 3
3 1101100 4
4 1101101 5
5 1000100 2
6 1110011 5
7 0101001 3

Matching output
0 absent
1 absent
2 absent
3 absent
4 absent
5 absent
6 absent
7 absent

Left
none
Best: none

Right
none
Best: none

Constant
0 0000000 a match 1 2 3 4 7
1 1111111 a

Matching output
0 absent
1 C0
2 C0
3 C0
4 C0
5 absent
6 absent
7 C0

Left
none
Best: none

Right
0
Best: C0: 1

AND
01 10 0000000 a match 1 2 3 4 7
12 21 0000000 a match 1 2 3 4 7
23 32 0000011 2
34 43 0010010 2
45 54 0010010 2
56 65 0001000 1
67 76 0000100 1
70 07 1000000 1

02 20 1100000 2
13 31 0010000 1 match 5
24 42 0000010 1
35 53 0010011 3
46 64 0000000 a match 1 2 3 4 7
57 75 0010010 2
60 06 0001000 1
71 17 0010100 2

03 30 0000000 a match 1 2 3 4 7
14 41 0010000 1 match 5
25 52 0100011 3 match 6
36 63 0000000 a match 1 2 3 4 7
47 74 0010010 2
50 05 0101000 2
61 16 0000100 1
72 27 1000010 2

04 40 0000000 a match 1 2 3 4 7
15 51 0010000 1 match 5
26 62 0000000 a match 1 2 3 4 7
37 73 0010010 2

Matching output
0 absent
1 01 10 12 21 46 64 03 30 36 63 04 40 26 62
2 01 10 12 21 46 64 03 30 36 63 04 40 26 62
3 01 10 12 21 46 64 03 30 36 63 04 40 26 62
4 01 10 12 21 46 64 03 30 36 63 04 40 26 62
5 13 31 14 41 15 51
6 25 52
7 01 10 12 21 46 64 03 30 36 63 04 40 26 62

Left
none
Best: none

Right
01 70x
10 07x
12 01y
21 10y
46 35x
64 53x
03 72x
30 27x
36 25 14 03 72x
63 52 41 30 27x
04 73x
40 37x
26 15y
62 51y
Best: AND36 25 14 03: 4

OR
01 10 1111100 5
12 21 1110111 6
23 32 1110011 5
34 43 0010011 3
45 54 0111011 5
56 65 0111111 6
67 76 1011110 5
70 07 1111110 6

02 20 1101011 5
13 31 0010111 4
24 42 1110011 5
35 53 0111011 5
46 64 0011110 4
57 75 1111111 a
60 06 1101100 4
71 17 1010110 4 match 0

03 30 1111011 6
14 41 0010110 3
25 52 1111011 6
36 63 0011111 5
47 74 1010110 4 match 0
50 05 1111011 6
61 16 0011100 3
72 27 1110111 6

04 40 1111010 5
15 51 0111111 6
26 62 1101111 6
37 73 1010111 5

Matching output
0 71 17 47 74
1 absent
2 absent
3 absent
4 absent
5 absent
6 absent
7 absent

Left
71 02x
17 20x
47 50x
74 05x
Best: OR71: 1

Right
none
Best: none

XOR
01 10 1111100 5
12 21 1110111 6
23 32 1110000 3
34 43 0000001 1
45 54 0101001 3
56 65 0110111 5
67 76 1011010 4
70 07 0111110 5

02 20 0001011 3
13 31 0000111 3
24 42 1110001 4
35 53 0101000 2
46 64 0011110 4
57 75 1101101 5
60 06 1100100 3
71 17 1000010 2

03 30 1111011 6
14 41 0000110 2
25 52 1011000 3
36 63 0011111 5
47 74 1000100 2
50 05 1010011 4
61 16 0011000 2
72 27 0110101 4

04 40 1111010 5
15 51 0101111 5
26 62 1101111 6
37 73 1000101 3

Matching output
0 absent
1 absent
2 absent
3 absent
4 absent
5 absent
6 absent
7 absent

Left
none
Best: none

Right
none
Best: none

AND-NOT
01 1101000 3
12 0010100 2
23 1100000 2
34 0000001 1
45 0000000 a match 1 2 3 4 7
56 0110011 4
67 0001000 1
70 0010110 3

02 0001000 1
13 0000100 1
24 1100001 3
35 0000000 a match 1 2 3 4 7
46 0010010 2
57 0101001 3
60 0000100 1
71 1000010 2

03 1101000 3
14 0000100 1
25 1000000 1
36 0010011 3
47 0000000 a match 1 2 3 4 7
50 0010011 3
61 0001000 1
72 0010100 2

04 1101000 3
15 0000100 1
26 1100011 4
37 0000001 1
40 0010010 2
51 0101011 4
62 0001100 2
73 1000100 2

05 1000000 1
16 0010000 1 match 5
27 0100001 2
30 0010011 3
41 0000010 1
52 0011000 2
63 0001100 2
74 1000100 2

06 1100000 2
17 0000000 a match 1 2 3 4 7
20 0000011 2
31 0000011 2
42 0010000 1 match 5
53 0101000 2
64 0001100 2
75 1000100 2

07 0101000 2
10 0010100 2
21 1100011 4
32 0010000 1 match 5
43 0000000 a match 1 2 3 4 7
54 0101001 3
65 0000100 1
76 1010010 3

Matching output
0 absent
1 45 35 47 17 43
2 45 35 47 17 43
3 45 35 47 17 43
4 45 35 47 17 43
5 16 42 32
6 absent
7 45 35 47 17 43

Left
none
Best: none

Right
45 34x
35 24x
47 36x
17 06x
43 32y
Best: AND-NOT45: 1

OR-NOT
01 1101011 5
12 0011100 3
23 1101111 6
34 1111111 a
45 1010110 4 match 0
56 1111011 6
67 0101101 4
70 1010111 5

02 1111100 5
13 1111100 5
24 1101111 6
35 1010111 5
46 1110011 5
57 0111011 5
60 0011111 5
71 1111111 a

03 1101100 4
14 1111101 6
25 1100111 5
36 1110011 5
47 0111011 5
50 0111111 6
61 1101111 6
72 1011110 5

04 1101101 5
15 1010100 3
26 1110011 5
37 0111011 5
40 0010111 4
51 1111011 6
62 0011100 3
73 1111110 6

05 1101100 4
16 1110111 6
27 1101011 5
30 0010111 4
41 1111011 6
52 0111111 6
63 1101100 4
74 1111111 a

06 1111011 6
17 0111101 5
20 1110111 6
31 1111011 6
42 0011110 4
53 1111111 a
64 1101101 5
75 1010110 4 match 0

07 1101001 4
10 0010111 4
21 1101011 5
32 0011111 5
43 1111110 6
54 1111111 a
65 1001100 3
76 1110111 6

Matching output
0 45 75
1 absent
2 absent
3 absent
4 absent
5 absent
6 absent
7 absent

Left
45 56x
75 06x
Best: OR-NOT45: 1

Right
none
Best: none

XOR-NOT
01 0000011 2
12 0001000 1
23 0001111 4
34 1111110 6
45 1010110 4 match 0
56 1001000 2
67 0100101 3
70 1000001 2

02 1110100 4
13 1111000 4
24 0001110 3
35 1010111 5
46 1100001 3
57 0010010 2
60 0011011 4
71 0111101 5

03 0000100 1
14 1111001 5
25 0100111 4
36 1100000 2
47 0111011 5
50 0101100 3
61 1100111 5
72 1001010 3

04 0000101 2
15 1010000 2
26 0010000 1 match 5
37 0111010 4
40 0000101 2
51 1010000 2
62 0010000 1 match 5
73 0111010 4

05 0101100 3
16 1100111 5
27 1001010 3
30 0000100 1
41 1111001 5
52 0100111 4
63 1100000 2
74 0111011 5

06 0011011 4
17 0111101 5
20 1110100 4
31 1111000 4
42 0001110 3
53 1010111 5
64 1100001 3
75 0010010 2

07 1000001 2
10 0000011 2
21 0001000 1
32 0001111 4
43 1111110 6
54 1010110 4 match 0
65 1001000 2
76 0100101 3

Matching output
0 45 54
1 absent
2 absent
3 absent
4 absent
5 26 62
6 absent
7 absent

Left
45 56x
54 65x
Best: XOR-NOT45: 1

Right
none
Best: none

Selecting

Lefts
Identity I7: 1
NOT none
Constant none
AND none
OR OR71: 1
XOR none
AND-NOT none
OR-NOT OR-NOT45: 1
XOR-NOT XOR-NOT45: 1

Rights
Identity none
NOT none
Constant C0: 1
AND AND36 25 14 03: 4
OR none
XOR none
AND-NOT AND-NOT45: 1
OR-NOT none
XOR-NOT none

Left longest: 1
Right longest: 4

Right winner: Identity no, NOT no, Constant no, AND yes, OR no, XOR no, AND-NOT no, OR-NOT no, XOR-NOT no
Left winner: Identity yes, NOT no, Constant no, AND no, OR no, XOR no, AND-NOT no, OR-NOT no, XOR-NOT no

Best right: AND36 25 14 03: 4
Best left: I7: 1

Truncated right: AND36 25 14 03: 4
Truncated left: I7: 1

Tentative from right
7 AND36
6 AND25
5 AND14
4 AND03
3 pending
2 pending
1 pending
0 pending

Tentative
0 I7
1 pending
2 pending
3 pending
4 AND03
5 AND14
6 AND25
7 AND36

Preferred from right
7 AND36
6 AND25
5 AND14
4 AND03
3 ?72
2 ?61
1 ?50
0 I7

Preferred from left
0 I7
1 ?50
2 ?61
3 ?72
4 AND03
5 AND14
6 AND25
7 AND36

Preferred
0 I7
1 ?50 ?05
2 ?61 ?16
3 ?72 ?27
4 AND03
5 AND14
6 AND25
7 AND36

Matching
0 I7
1 ?50 ?05 - Identity absent, NOT absent, Constant C0, AND absent, OR absent, XOR absent, AND-NOT absent, OR-NOT absent, XOR-NOT absent
2 ?61 ?16 - Identity absent, NOT absent, Constant C0, AND absent, OR absent, XOR absent, AND-NOT absent, OR-NOT absent, XOR-NOT absent
3 ?72 ?27 - Identity absent, NOT absent, Constant C0, AND absent, OR absent, XOR absent, AND-NOT absent, OR-NOT absent, XOR-NOT absent
4 AND03
5 AND14
6 AND25
7 AND36

Perfect match
Identity no
NOT no
Constant yes
AND no
OR no
XOR no
AND-NOT no
OR-NOT no
XOR-NOT no

Matched
0 I7
1 C0
2 C0
3 C0
4 AND03
5 AND14
6 AND25
7 AND36

Selected
0 I7
1 C0
2 C0
3 C0
4 AND03
5 AND14
6 AND25
7 AND36

Applying to 01101011
Input
0 0
1 1
2 1
3 0
4 1
5 0
6 1
7 1
Output
0 I7 = 1
1 C0 = 0
2 C0 = 0
3 C0 = 0
4 AND03 = AND(0,0) = 0
5 AND14 = AND(1,1) = 1
6 AND25 = AND(1,0) = 0
7 AND36 = AND(0,1) = 0

I will now return the answer in \boxed{}
The answer in \boxed{–} is \boxed{10000100}