We need to deduce the transformation by matching the example outputs.
I will put my final answer inside \boxed{}.

Output 0: 10111101
0 1
1 0
2 1
3 1
4 1
5 1
6 0
7 1

Output 1: 01101010
0 0
1 1
2 1
3 0
4 1
5 0
6 1
7 0

Output 2: 01011010
0 0
1 1
2 0
3 1
4 1
5 0
6 1
7 0

Output 3: 00111011
0 0
1 0
2 1
3 1
4 1
5 0
6 1
7 1

Output 4: 00110111
0 0
1 0
2 1
3 1
4 0
5 1
6 1
7 1

Output 5: 11010111
0 1
1 1
2 0
3 1
4 0
5 1
6 1
7 1

Output 6: 11011111
0 1
1 1
2 0
3 1
4 1
5 1
6 1
7 1

Output 7: 10101011
0 1
1 0
2 1
3 0
4 1
5 0
6 1
7 1

Output bit columns (with bitsum as hash)
0 10000111 4
1 01100110 4
2 11011001 5
3 10111110 6
4 11110011 6
5 10001110 4
6 01111111 7
7 10011111 6

Input 0: 10001110
0 1
1 0
2 0
3 0
4 1
5 1
6 1
7 0

Input 1: 11010111
0 1
1 1
2 0
3 1
4 0
5 1
6 1
7 1

Input 2: 01010111
0 0
1 1
2 0
3 1
4 0
5 1
6 1
7 1

Input 3: 10010011
0 1
1 0
2 0
3 1
4 0
5 0
6 1
7 1

Input 4: 10100011
0 1
1 0
2 1
3 0
4 0
5 0
6 1
7 1

Input 5: 10110000
0 1
1 0
2 1
3 1
4 0
5 0
6 0
7 0

Input 6: 10000000
0 1
1 0
2 0
3 0
4 0
5 0
6 0
7 0

Input 7: 00010001
0 0
1 0
2 0
3 1
4 0
5 0
6 0
7 1

When matching output
x: not in operator
y: wrong position

Identity
0 11011110 6
1 01100000 2
2 00001100 2
3 01110101 5
4 10000000 1
5 11100000 3
6 11111000 5
7 01111001 5

Matching output
0 absent
1 absent
2 absent
3 absent
4 absent
5 absent
6 absent
7 absent

Left
none
Best: none

Right
none
Best: none

NOT
0 00100001 2
1 10011111 6 match 7
2 11110011 6 match 4
3 10001010 3
4 01111111 7 match 6
5 00011111 5
6 00000111 3
7 10000110 3

Matching output
0 absent
1 absent
2 absent
3 absent
4 2
5 absent
6 4
7 1

Left
none
Best: none

Right
1 0x
Best: NOT1: 1

Constant
0 00000000 a
1 11111111 a

Matching output
0 absent
1 absent
2 absent
3 absent
4 absent
5 absent
6 absent
7 absent

Left
none
Best: none

Right
none
Best: none

AND
01 10 01000000 1
12 21 00000000 a
23 32 00000100 1
34 43 00000000 a
45 54 10000000 1
56 65 11100000 3
67 76 01111000 4
70 07 01011000 3

02 20 00001100 2
13 31 01100000 2
24 42 00000000 a
35 53 01100000 2
46 64 10000000 1
57 75 01100000 2
60 06 11011000 4
71 17 01100000 2

03 30 01010100 3
14 41 00000000 a
25 52 00000000 a
36 63 01110000 3
47 74 00000000 a
50 05 11000000 2
61 16 01100000 2
72 27 00001000 1

04 40 10000000 1
15 51 01100000 2
26 62 00001000 1
37 73 01110001 4

Matching output
0 absent
1 absent
2 absent
3 absent
4 absent
5 absent
6 absent
7 absent

Left
none
Best: none

Right
none
Best: none

OR
01 10 11111110 7
12 21 01101100 4
23 32 01111101 6
34 43 11110101 6
45 54 11100000 3
56 65 11111000 5
67 76 11111001 6
70 07 11111111 a

02 20 11011110 6
13 31 01110101 5
24 42 10001100 3
35 53 11110101 6
46 64 11111000 5
57 75 11111001 6
60 06 11111110 7
71 17 01111001 5

03 30 11111111 a
14 41 11100000 3
25 52 11101100 5
36 63 11111101 7
47 74 11111001 6
50 05 11111110 7
61 16 11111000 5
72 27 01111101 6

04 40 11011110 6
15 51 11100000 3
26 62 11111100 6
37 73 01111101 6

Matching output
0 absent
1 absent
2 absent
3 absent
4 absent
5 absent
6 absent
7 absent

Left
none
Best: none

Right
none
Best: none

XOR
01 10 10111110 6 match 3
12 21 01101100 4
23 32 01111001 5
34 43 11110101 6
45 54 01100000 2
56 65 00011000 2
67 76 10000001 2
70 07 10100111 5

02 20 11010010 4
13 31 00010101 3
24 42 10001100 3
35 53 10010101 4
46 64 01111000 4
57 75 10011001 4
60 06 00100110 3
71 17 00011001 3

03 30 10101011 5
14 41 11100000 3
25 52 11101100 5
36 63 10001101 4
47 74 11111001 6
50 05 00111110 5
61 16 10011000 3
72 27 01110101 5

04 40 01011110 5
15 51 10000000 1
26 62 11110100 5
37 73 00001100 2

Matching output
0 absent
1 absent
2 absent
3 01 10
4 absent
5 absent
6 absent
7 absent

Left
none
Best: none

Right
none
Best: none

AND-NOT
01 10011110 5
12 01100000 2
23 00001000 1
34 01110101 5
45 00000000 a
56 00000000 a
67 10000000 1
70 00100001 2

02 11010010 4
13 00000000 a
24 00001100 2
35 00010101 3
46 00000000 a
57 10000000 1
60 00100000 1
71 00011001 3

03 10001010 3
14 01100000 2
25 00001100 2
36 00000101 2
47 10000000 1
50 00100000 1
61 10011000 3
72 01110001 4

04 01011110 5
15 00000000 a
26 00000100 1
37 00000100 1
40 00000000 a
51 10000000 1
62 11110000 4
73 00001000 1

05 00011110 4
16 00000000 a
27 00000100 1
30 00100001 2
41 10000000 1
52 11100000 3
63 10001000 2
74 01111001 5

06 00000110 2
17 00000000 a
20 00000000 a
31 00010101 3
42 10000000 1
53 10000000 1
64 01111000 4
75 00011001 3

07 10000110 3
10 00100000 1
21 00001100 2
32 01110001 4
43 10000000 1
54 01100000 2
65 00011000 2
76 00000001 1

Matching output
0 absent
1 absent
2 absent
3 absent
4 absent
5 absent
6 absent
7 absent

Left
none
Best: none

Right
none
Best: none

OR-NOT
01 11011111 7
12 11110011 6 match 4
23 10001110 4 match 5
34 01111111 7 match 6
45 10011111 6 match 7
56 11100111 6
67 11111110 7
70 01111001 5

02 11111111 a
13 11101010 5
24 01111111 7 match 6
35 01111111 7 match 6
46 10000111 4 match 0
57 11100110 5
60 11111001 6
71 11111111 a

03 11011110 6
14 01111111 7 match 6
25 00011111 5
36 01110111 6
47 10000110 3
50 11100001 4
61 11111111 a
72 11111011 7

04 11111111 a
15 01111111 7 match 6
26 00001111 4
37 11110111 7
40 10100001 3
51 11111111 a
62 11111011 7
73 11111011 7

05 11011111 7
16 01100111 5
27 10001110 4 match 5
30 01110101 5
41 10011111 6 match 7
52 11110011 6 match 4
63 11111010 6
74 01111111 7 match 6

06 11011111 7
17 11100110 5
20 00101101 4
31 11111111 a
42 11110011 6 match 4
53 11101010 5
64 11111111 a
75 01111111 7 match 6

07 11011110 6
10 01100001 3
21 10011111 6 match 7
32 11110111 7
43 10001010 3
54 11111111 a
65 11111111 a
76 01111111 7 match 6

Matching output
0 46
1 absent
2 absent
3 absent
4 12 52 42
5 23 27
6 34 24 35 14 15 74 75 76
7 45 41 21

Left
46 57x
Best: OR-NOT46: 1

Right
45 34 23 12 01x
41 30x
21 10x
Best: OR-NOT45 34 23 12: 4

XOR-NOT
01 01000001 2
12 10010011 4
23 10000110 3
34 00001010 2
45 10011111 6 match 7
56 11100111 6
67 01111110 6
70 01011000 3

02 00101101 4
13 11101010 5
24 01110011 5
35 01101010 4
46 10000111 4 match 0
57 01100110 4 match 1
60 11011001 5 match 2
71 11100110 5

03 01010100 3
14 00011111 5
25 00010011 3
36 01110010 4
47 00000110 2
50 11000001 3
61 01100111 5
72 10001010 3

04 10100001 3
15 01111111 7 match 6
26 00001011 3
37 11110011 6 match 4
40 10100001 3
51 01111111 7 match 6
62 00001011 3
73 11110011 6 match 4

05 11000001 3
16 01100111 5
27 10001010 3
30 01010100 3
41 00011111 5
52 00010011 3
63 01110010 4
74 00000110 2

06 11011001 5 match 2
17 11100110 5
20 00101101 4
31 11101010 5
42 01110011 5
53 01101010 4
64 10000111 4 match 0
75 01100110 4 match 1

07 01011000 3
10 01000001 2
21 10010011 4
32 10000110 3
43 00001010 2
54 10011111 6 match 7
65 11100111 6
76 01111110 6

Matching output
0 46 64
1 57 75
2 60 06
3 absent
4 37 73
5 absent
6 15 51
7 45 54

Left
46 57 60 71x
64 75 06 17x
Best: XOR-NOT46 57 60: 3

Right
45 34x
54 43x
Best: XOR-NOT45: 1

Selecting

Lefts
Identity none
NOT none
Constant none
AND none
OR none
XOR none
AND-NOT none
OR-NOT OR-NOT46: 1
XOR-NOT XOR-NOT46 57 60: 3

Rights
Identity none
NOT NOT1: 1
Constant none
AND none
OR none
XOR none
AND-NOT none
OR-NOT OR-NOT45 34 23 12: 4
XOR-NOT XOR-NOT45: 1

Left longest: 3
Right longest: 4

Right winner: Identity no, NOT no, Constant no, AND no, OR no, XOR no, AND-NOT no, OR-NOT yes, XOR-NOT no
Left winner: Identity no, NOT no, Constant no, AND no, OR no, XOR no, AND-NOT no, OR-NOT no, XOR-NOT yes

Best right: OR-NOT45 34 23 12: 4
Best left: XOR-NOT46 57 60: 3

Truncated right: OR-NOT45 34 23 12: 4
Truncated left: XOR-NOT46 57 60: 3

Tentative from right
7 OR-NOT45
6 OR-NOT34
5 OR-NOT23
4 OR-NOT12
3 pending
2 pending
1 pending
0 pending

Tentative
0 XOR-NOT46
1 XOR-NOT57
2 XOR-NOT60
3 pending
4 OR-NOT12
5 OR-NOT23
6 OR-NOT34
7 OR-NOT45

Preferred from right
7 OR-NOT45
6 OR-NOT34
5 OR-NOT23
4 OR-NOT12
3 ?01
2 XOR-NOT60
1 XOR-NOT57
0 XOR-NOT46

Preferred from left
0 XOR-NOT46
1 XOR-NOT57
2 XOR-NOT60
3 ?01
4 OR-NOT12
5 OR-NOT23
6 OR-NOT34
7 OR-NOT45

Preferred
0 XOR-NOT46
1 XOR-NOT57
2 XOR-NOT60
3 ?01 ?10
4 OR-NOT12
5 OR-NOT23
6 OR-NOT34
7 OR-NOT45

Matching
0 XOR-NOT46
1 XOR-NOT57
2 XOR-NOT60
3 ?01 ?10 - Identity absent, NOT absent, Constant absent, AND absent, OR absent, XOR01, AND-NOT absent, OR-NOT absent, XOR-NOT absent
4 OR-NOT12
5 OR-NOT23
6 OR-NOT34
7 OR-NOT45

Perfect match
Identity no
NOT no
Constant no
AND no
OR no
XOR yes
AND-NOT no
OR-NOT no
XOR-NOT no

Matched
0 XOR-NOT46
1 XOR-NOT57
2 XOR-NOT60
3 XOR01
4 OR-NOT12
5 OR-NOT23
6 OR-NOT34
7 OR-NOT45

Selected
0 XOR-NOT46
1 XOR-NOT57
2 XOR-NOT60
3 XOR01
4 OR-NOT12
5 OR-NOT23
6 OR-NOT34
7 OR-NOT45

Applying to 10110101
Input
0 1
1 0
2 1
3 1
4 0
5 1
6 0
7 1
Output
0 XOR-NOT46 = XOR(0,NOT(0)) = 1
1 XOR-NOT57 = XOR(1,NOT(1)) = 1
2 XOR-NOT60 = XOR(0,NOT(1)) = 0
3 XOR01 = XOR(1,0) = 1
4 OR-NOT12 = OR(0,NOT(1)) = 0
5 OR-NOT23 = OR(1,NOT(1)) = 1
6 OR-NOT34 = OR(1,NOT(0)) = 1
7 OR-NOT45 = OR(0,NOT(1)) = 0

I will now return the answer in \boxed{}
The answer in \boxed{–} is \boxed{11010110}