We need to deduce the transformation by matching the example outputs.
I will put my final answer inside \boxed{}.

Output 0: 00110000
0 0
1 0
2 1
3 1
4 0
5 0
6 0
7 0

Output 1: 01101011
0 0
1 1
2 1
3 0
4 1
5 0
6 1
7 1

Output 2: 10010010
0 1
1 0
2 0
3 1
4 0
5 0
6 1
7 0

Output 3: 00111111
0 0
1 0
2 1
3 1
4 1
5 1
6 1
7 1

Output 4: 00101101
0 0
1 0
2 1
3 0
4 1
5 1
6 0
7 1

Output 5: 11101011
0 1
1 1
2 1
3 0
4 1
5 0
6 1
7 1

Output 6: 11010111
0 1
1 1
2 0
3 1
4 0
5 1
6 1
7 1

Output 7: 11001111
0 1
1 1
2 0
3 0
4 1
5 1
6 1
7 1

Output bit columns (with bitsum as hash)
0 00100111 4
1 01000111 4
2 11011100 5
3 10110010 4
4 01011101 5
5 00011011 4
6 01110111 6
7 01011111 6

Input 0: 00001100
0 0
1 0
2 0
3 0
4 1
5 1
6 0
7 0

Input 1: 10011010
0 1
1 0
2 0
3 1
4 1
5 0
6 1
7 0

Input 2: 00100100
0 0
1 0
2 1
3 0
4 0
5 1
6 0
7 0

Input 3: 11001111
0 1
1 1
2 0
3 0
4 1
5 1
6 1
7 1

Input 4: 01001010
0 0
1 1
2 0
3 0
4 1
5 0
6 1
7 0

Input 5: 00111010
0 0
1 0
2 1
3 1
4 1
5 0
6 1
7 0

Input 6: 00110101
0 0
1 0
2 1
3 1
4 0
5 1
6 0
7 1

Input 7: 00110011
0 0
1 0
2 1
3 1
4 0
5 0
6 1
7 1

When matching output
x: not in operator
y: wrong position

Identity
0 01010000 2
1 00011000 2
2 00100111 4 match 0
3 01000111 4 match 1
4 11011100 5 match 2
5 10110010 4 match 3
6 01011101 5 match 4
7 00010011 3

Matching output
0 2
1 3
2 4
3 5
4 6
5 absent
6 absent
7 absent

Left
2 3 4 5 6 7x
Best: I2 3 4 5 6: 5

Right
none
Best: none

NOT
0 10101111 6
1 11100111 6
2 11011000 4
3 10111000 4
4 00100011 3
5 01001101 4
6 10100010 3
7 11101100 5

Matching output
0 absent
1 absent
2 absent
3 absent
4 absent
5 absent
6 absent
7 absent

Left
none
Best: none

Right
none
Best: none

Constant
0 00000000 a
1 11111111 a

Matching output
0 absent
1 absent
2 absent
3 absent
4 absent
5 absent
6 absent
7 absent

Left
none
Best: none

Right
none
Best: none

AND
01 10 00010000 1
12 21 00000000 a
23 32 00000111 3
34 43 01000100 2
45 54 10010000 2
56 65 00010000 1
67 76 00010001 2
70 07 00010000 1

02 20 00000000 a
13 31 00000000 a
24 42 00000100 1
35 53 00000010 1
46 64 01011100 4
57 75 00010010 2
60 06 01010000 2
71 17 00010000 1

03 30 01000000 1
14 41 00011000 2
25 52 00100010 2
36 63 01000101 3
47 74 00010000 1
50 05 00010000 1
61 16 00011000 2
72 27 00000011 2

04 40 01010000 2
15 51 00010000 1
26 62 00000101 2
37 73 00000011 2

Matching output
0 absent
1 absent
2 absent
3 absent
4 absent
5 absent
6 absent
7 absent

Left
none
Best: none

Right
none
Best: none

OR
01 10 01011000 3
12 21 00111111 6
23 32 01100111 5
34 43 11011111 7
45 54 11111110 7
56 65 11111111 a
67 76 01011111 6 match 7
70 07 01010011 4

02 20 01110111 6 match 6
13 31 01011111 6 match 7
24 42 11111111 a
35 53 11110111 7
46 64 11011101 6
57 75 10110011 5
60 06 01011101 5 match 4
71 17 00011011 4 match 5

03 30 01010111 5
14 41 11011100 5 match 2
25 52 10110111 6
36 63 01011111 6 match 7
47 74 11011111 7
50 05 11110010 5
61 16 01011101 5 match 4
72 27 00110111 5

04 40 11011100 5 match 2
15 51 10111010 5
26 62 01111111 7
37 73 01010111 5

Matching output
0 absent
1 absent
2 14 41 04 40
3 absent
4 60 06 61 16
5 71 17
6 02 20
7 67 76 13 31 36 63

Left
none
Best: none

Right
67 56x
76 65x
13 02 71 60 57x
31 20 17 06 75x
36 25x
63 52x
Best: OR13 02 71 60: 4

XOR
01 10 01001000 2
12 21 00111111 6
23 32 01100000 2
34 43 10011011 5
45 54 01101110 5
56 65 11101111 7
67 76 01001110 4
70 07 01000011 3

02 20 01110111 6 match 6
13 31 01011111 6 match 7
24 42 11111011 7
35 53 11110101 6
46 64 10000001 2
57 75 10100001 3
60 06 00001101 3
71 17 00001011 3

03 30 00010111 4
14 41 11000100 3
25 52 10010101 4
36 63 00011010 3
47 74 11001111 6
50 05 11100010 4
61 16 01000101 3
72 27 00110100 3

04 40 10001100 3
15 51 10101010 4
26 62 01111010 5
37 73 01010100 3

Matching output
0 absent
1 absent
2 absent
3 absent
4 absent
5 absent
6 02 20
7 13 31

Left
none
Best: none

Right
13 02 71x
31 20 17x
Best: XOR13 02: 2

AND-NOT
01 01000000 1
12 00011000 2
23 00100000 1
34 00000011 2
45 01001100 3
56 10100010 3
67 01001100 3
70 00000011 2

02 01010000 2
13 00011000 2
24 00100011 3
35 01000101 3
46 10000000 1
57 10100000 2
60 00001101 3
71 00000011 2

03 00010000 1
14 00000000 a
25 00000101 2
36 00000010 1
47 11001100 4
50 10100010 3
61 01000101 3
72 00010000 1

04 00000000 a
15 00001000 1
26 00100010 2
37 01000100 2
40 10001100 3
51 10100010 3
62 01011000 3
73 00010000 1

05 01000000 1
16 00000000 a
27 00100100 2
30 00000111 3
41 11000100 3
52 10010000 2
63 00011000 2
74 00000011 2

06 00000000 a
17 00001000 1
20 00100111 4 match 0
31 01000111 4 match 1
42 11011000 4
53 10110000 3
64 00000001 1
75 00000001 1

07 01000000 1
10 00001000 1
21 00100111 4 match 0
32 01000000 1
43 10011000 3
54 00100010 2
65 01001101 4
76 00000010 1

Matching output
0 20 21
1 31
2 absent
3 absent
4 absent
5 absent
6 absent
7 absent

Left
20 31 42x
21 32x
Best: AND-NOT20 31: 2

Right
none
Best: none

OR-NOT
01 11110111 7
12 11011000 4
23 10111111 7
34 01100111 5
45 11011101 6
56 10110010 4 match 3
67 11111101 7
70 10111111 7

02 11011000 4
13 10111000 4
24 00100111 4 match 0
35 01001111 5
46 11111110 7
57 11111110 7
60 11111111 a
71 11110111 7

03 11111000 5
14 00111011 5
25 01101111 6
36 11100111 6
47 11111100 6
50 10111111 7
61 11111111 a
72 11011011 6

04 01110011 5
15 01011101 5 match 4
26 10100111 5
37 11101111 7
40 11111111 a
51 11110111 7
62 11011101 6
73 10111011 6

05 01011101 5 match 4
16 10111010 5
27 11101111 7
30 11101111 7
41 11111111 a
52 11111010 6
63 11111101 7
74 00110011 4

06 11110010 5
17 11111100 6
20 10101111 6
31 11100111 6
42 11011100 5 match 2
53 10111010 5
64 01111111 7
75 01011111 6 match 7

07 11111100 6
10 10111111 7
21 11100111 6
32 11011111 7
43 11111100 6
54 10110011 5
65 01011101 5 match 4
76 10110011 5

Matching output
0 24
1 absent
2 42
3 56
4 15 05 65
5 absent
6 absent
7 75

Left
24 35x
Best: OR-NOT24: 1

Right
75 64x
Best: OR-NOT75: 1

XOR-NOT
01 10110111 6
12 11000000 2
23 10011111 6
34 01100100 3
45 10010001 3
56 00010000 1
67 10110001 4
70 10111100 5

02 10001000 2
13 10100000 2
24 00000100 1
35 00001010 2
46 01111110 6
57 01011110 5
60 11110010 5
71 11110100 5

03 11101000 4
14 00111011 5
25 01101010 4
36 11100101 5
47 00110000 2
50 00011101 4
61 10111010 5
72 11001011 5

04 01110011 5
15 01010101 4
26 10000101 3
37 10101011 5
40 01110011 5
51 01010101 4
62 10000101 3
73 10101011 5

05 00011101 4
16 10111010 5
27 11001011 5
30 11101000 4
41 00111011 5
52 01101010 4
63 11100101 5
74 00110000 2

06 11110010 5
17 11110100 5
20 10001000 2
31 10100000 2
42 00000100 1
53 00001010 2
64 01111110 6
75 01011110 5

07 10111100 5
10 10110111 6
21 11000000 2
32 10011111 6
43 01100100 3
54 10010001 3
65 00010000 1
76 10110001 4

Matching output
0 absent
1 absent
2 absent
3 absent
4 absent
5 absent
6 absent
7 absent

Left
none
Best: none

Right
none
Best: none

Selecting

Lefts
Identity I2 3 4 5 6: 5
NOT none
Constant none
AND none
OR none
XOR none
AND-NOT AND-NOT20 31: 2
OR-NOT OR-NOT24: 1
XOR-NOT none

Rights
Identity none
NOT none
Constant none
AND none
OR OR13 02 71 60: 4
XOR XOR13 02: 2
AND-NOT none
OR-NOT OR-NOT75: 1
XOR-NOT none

Left longest: 5
Right longest: 4

Left winner: Identity yes, NOT no, Constant no, AND no, OR no, XOR no, AND-NOT no, OR-NOT no, XOR-NOT no
Right winner: Identity no, NOT no, Constant no, AND no, OR yes, XOR no, AND-NOT no, OR-NOT no, XOR-NOT no

Best left: I2 3 4 5 6: 5
Best right: OR13 02 71 60: 4

Truncated left: I2 3 4 5 6: 5
Truncated right: OR13 02 71: 3 truncated

Tentative from right
7 OR13
6 OR02
5 OR71
4 pending
3 pending
2 pending
1 pending
0 pending

Tentative
0 I2
1 I3
2 I4
3 I5
4 I6
5 OR71
6 OR02
7 OR13

Preferred from left
0 I2
1 I3
2 I4
3 I5
4 I6
5 OR71
6 OR02
7 OR13

Preferred from right
7 OR13
6 OR02
5 OR71
4 I6
3 I5
2 I4
1 I3
0 I2

Preferred
0 I2
1 I3
2 I4
3 I5
4 I6
5 OR71
6 OR02
7 OR13

Matching
0 I2
1 I3
2 I4
3 I5
4 I6
5 OR71
6 OR02
7 OR13

Perfect match
Identity no
NOT no
Constant no
AND no
OR no
XOR no
AND-NOT no
OR-NOT no
XOR-NOT no

Matched
0 I2
1 I3
2 I4
3 I5
4 I6
5 OR71
6 OR02
7 OR13

Selected
0 I2
1 I3
2 I4
3 I5
4 I6
5 OR71
6 OR02
7 OR13

Applying to 11110000
Input
0 1
1 1
2 1
3 1
4 0
5 0
6 0
7 0
Output
0 I2 = 1
1 I3 = 1
2 I4 = 0
3 I5 = 0
4 I6 = 0
5 OR71 = OR(0,1) = 1
6 OR02 = OR(1,1) = 1
7 OR13 = OR(1,1) = 1

I will now return the answer in \boxed{}
The answer in \boxed{–} is \boxed{11000111}