We need to deduce the transformation by matching the example outputs.
I will put my final answer inside \boxed{}.

Output 0: 00110101
0 0
1 0
2 1
3 1
4 0
5 1
6 0
7 1

Output 1: 00000110
0 0
1 0
2 0
3 0
4 0
5 1
6 1
7 0

Output 2: 00100110
0 0
1 0
2 1
3 0
4 0
5 1
6 1
7 0

Output 3: 11100111
0 1
1 1
2 1
3 0
4 0
5 1
6 1
7 1

Output 4: 10000111
0 1
1 0
2 0
3 0
4 0
5 1
6 1
7 1

Output 5: 00001110
0 0
1 0
2 0
3 0
4 1
5 1
6 1
7 0

Output 6: 11111001
0 1
1 1
2 1
3 1
4 1
5 0
6 0
7 1

Output 7: 01110110
0 0
1 1
2 1
3 1
4 0
5 1
6 1
7 0

Output 8: 11010001
0 1
1 1
2 0
3 1
4 0
5 0
6 0
7 1

Output 9: 01000010
0 0
1 1
2 0
3 0
4 0
5 0
6 1
7 0

Output bit columns (with bitsum as hash)
0 0001101010 4
1 0001001111 5
2 1011001100 5
3 1000001110 4
4 0000011000 2
5 1111110100 7
6 0111110101 7
7 1001101010 5

Input 0: 00100011
0 0
1 0
2 1
3 0
4 0
5 0
6 1
7 1

Input 1: 11010100
0 1
1 1
2 0
3 1
4 0
5 1
6 0
7 0

Input 2: 11011010
0 1
1 1
2 0
3 1
4 1
5 0
6 1
7 0

Input 3: 10000101
0 1
1 0
2 0
3 0
4 0
5 1
6 0
7 1

Input 4: 00010100
0 0
1 0
2 0
3 1
4 0
5 1
6 0
7 0

Input 5: 01010111
0 0
1 1
2 0
3 1
4 0
5 1
6 1
7 1

Input 6: 00000001
0 0
1 0
2 0
3 0
4 0
5 0
6 0
7 1

Input 7: 01000011
0 0
1 1
2 0
3 0
4 0
5 0
6 1
7 1

Input 8: 00001101
0 0
1 0
2 0
3 0
4 1
5 1
6 0
7 1

Input 9: 01001010
0 0
1 1
2 0
3 0
4 1
5 0
6 1
7 0

When matching output
x: not in operator
y: wrong position

Identity
0 0111000000 3
1 0110010101 5
2 1000000000 1
3 0110110000 4
4 0010000011 3
5 0101110010 5
6 1010010101 5
7 1001011110 6

Matching output
0 absent
1 absent
2 absent
3 absent
4 absent
5 absent
6 absent
7 absent

Left
none
Best: none

Right
none
Best: none

NOT
0 1000111111 7
1 1001101010 5 match 7
2 0111111111 9
3 1001001111 6
4 1101111100 7
5 1010001101 5
6 0101101010 5
7 0110100001 4

Matching output
0 absent
1 absent
2 absent
3 absent
4 absent
5 absent
6 absent
7 1

Left
none
Best: none

Right
1 0x
Best: NOT1: 1

Constant
0 0000000000 a
1 1111111111 a

Matching output
0 absent
1 absent
2 absent
3 absent
4 absent
5 absent
6 absent
7 absent

Left
none
Best: none

Right
none
Best: none

AND
01 10 0110000000 2
12 21 0000000000 a
23 32 0000000000 a
34 43 0010000000 1
45 54 0000000010 1
56 65 0000010000 1
67 76 1000010100 3
70 07 0001000000 1

02 20 0000000000 a
13 31 0110010000 3
24 42 0000000000 a
35 53 0100110000 3
46 64 0010000001 2
57 75 0001010010 3
60 06 0010000000 1
71 17 0000010100 2

03 30 0110000000 2
14 41 0010000001 2
25 52 0000000000 a
36 63 0010010000 2
47 74 0000000010 1
50 05 0101000000 2
61 16 0010010101 4
72 27 1000000000 1

04 40 0010000000 1
15 51 0100010000 2
26 62 1000000000 1
37 73 0000010000 1

Matching output
0 absent
1 absent
2 absent
3 absent
4 absent
5 absent
6 absent
7 absent

Left
none
Best: none

Right
none
Best: none

OR
01 10 0111010101 6
12 21 1110010101 6
23 32 1110110000 5
34 43 0110110011 6
45 54 0111110011 7
56 65 1111110111 9
67 76 1011011111 8
70 07 1111011110 8

02 20 1111000000 4
13 31 0110110101 6
24 42 1010000011 4
35 53 0111110010 6
46 64 1010010111 6
57 75 1101111110 8
60 06 1111010101 7
71 17 1111011111 9

03 30 0111110000 5
14 41 0110010111 6
25 52 1101110010 6
36 63 1110110101 7
47 74 1011011111 8
50 05 0111110010 6
61 16 1110010101 6
72 27 1001011110 6

04 40 0111000011 5
15 51 0111110111 8
26 62 1010010101 5
37 73 1111111110 9

Matching output
0 absent
1 absent
2 absent
3 absent
4 absent
5 absent
6 absent
7 absent

Left
none
Best: none

Right
none
Best: none

XOR
01 10 0001010101 4
12 21 1110010101 6
23 32 1110110000 5
34 43 0100110011 5
45 54 0111110001 6
56 65 1111100111 8
67 76 0011001011 5
70 07 1110011110 7

02 20 1111000000 4
13 31 0000100101 3
24 42 1010000011 4
35 53 0011000010 3
46 64 1000010110 4
57 75 1100101100 5
60 06 1101010101 6
71 17 1111001011 7

03 30 0001110000 3
14 41 0100010110 4
25 52 1101110010 6
36 63 1100100101 5
47 74 1011011101 7
50 05 0010110010 4
61 16 1100000000 2
72 27 0001011110 5

04 40 0101000011 4
15 51 0011100111 6
26 62 0010010101 4
37 73 1111101110 8

Matching output
0 absent
1 absent
2 absent
3 absent
4 absent
5 absent
6 absent
7 absent

Left
none
Best: none

Right
none
Best: none

AND-NOT
01 0001000000 1
12 0110010101 5
23 1000000000 1
34 0100110000 3
45 0010000001 2
56 0101100010 4
67 0010000001 2
70 1000011110 5

02 0111000000 3
13 0000000101 2
24 1000000000 1
35 0010000000 1
46 0000000010 1
57 0100100000 2
60 1000010101 4
71 1001001010 4

03 0001000000 1
14 0100010100 3
25 1000000000 1
36 0100100000 2
47 0010000001 2
50 0000110010 3
61 1000000000 1
72 0001011110 5

04 0101000000 2
15 0010000101 3
26 0000000000 a
37 0110100000 3
40 0000000011 2
51 0001100010 3
62 0010010101 4
73 1001001110 5

05 0010000000 1
16 0100000000 1
27 0000000000 a
30 0000110000 2
41 0000000010 1
52 0101110010 5
63 1000000101 3
74 1001011100 5

06 0101000000 2
17 0110000001 3
20 1000000000 1
31 0000100000 1
42 0010000011 3
53 0001000010 2
64 1000010100 3
75 1000001100 3

07 0110000000 2
10 0000010101 3
21 1000000000 1
32 0110110000 4
43 0000000011 2
54 0101110000 4
65 1010000101 4
76 0001001010 3

Matching output
0 absent
1 absent
2 absent
3 absent
4 absent
5 absent
6 absent
7 absent

Left
none
Best: none

Right
none
Best: none

OR-NOT
01 1111101010 7
12 0111111111 9
23 1001001111 6
34 1111111100 8
45 1010001111 6
56 0101111010 6
67 1110110101 7
70 1001111111 8

02 0111111111 9
13 1111011111 9
24 1101111100 7
35 1110111101 8
46 0111101011 7
57 0111110011 7
60 1010111111 8
71 1001111110 7

03 1111001111 8
14 1111111101 9
25 1010001101 5
36 0111111010 7
47 0110100011 5
50 1101111111 9
61 1011111111 9
72 1111111111 a

04 1111111100 8
15 1110011101 7
26 1101101010 6
37 0110110001 5
40 1010111111 8
51 1101111010 7
62 1111111111 a
73 1001011111 7

05 1111001101 7
16 0111111111 9
27 1110100001 5
30 1110111111 9
41 1011101011 7
52 0111111111 9
63 1011011111 8
74 1101111110 8

06 0111101010 6
17 0110110101 6
20 1000111111 7
31 1111111010 8
42 0111111111 9
53 1101111111 9
64 1111111101 9
75 1011011111 8

07 0111100001 5
10 1110111111 9
21 1001101010 5 match 7
32 0111111111 9
43 1011001111 7
54 1101111110 8
65 1010011101 6
76 1101111110 8

Matching output
0 absent
1 absent
2 absent
3 absent
4 absent
5 absent
6 absent
7 21

Left
none
Best: none

Right
21 10x
Best: OR-NOT21: 1

XOR-NOT
01 1110101010 6
12 0001101010 4 match 0
23 0001001111 5 match 1
34 1011001100 5 match 2
45 1000001110 4 match 3
56 0000011000 2 match 4
67 1100110100 5
70 0001100001 3

02 0000111111 6
13 1111011010 7
24 0101111100 6
35 1100111101 7
46 0111101001 6
57 0011010011 5
60 0010101010 4
71 0000110100 3

03 1110001111 7
14 1011101001 6
25 0010001101 4
36 0011011010 5
47 0100100010 3
50 1101001101 6
61 0011111111 8
72 1110100001 5

04 1010111100 6
15 1100011000 4
26 1101101010 6
37 0000010001 2
40 1010111100 6
51 1100011000 4
62 1101101010 6
73 0000010001 2

05 1101001101 6
16 0011111111 8
27 1110100001 5
30 1110001111 7
41 1011101001 6
52 0010001101 4
63 0011011010 5
74 0100100010 3

06 0010101010 4
17 0000110100 3
20 0000111111 6
31 1111011010 7
42 0101111100 6
53 1100111101 7
64 0111101001 6
75 0011010011 5

07 0001100001 3
10 1110101010 6
21 0001101010 4 match 0
32 0001001111 5 match 1
43 1011001100 5 match 2
54 1000001110 4 match 3
65 0000011000 2 match 4
76 1100110100 5

Matching output
0 12 21
1 23 32
2 34 43
3 45 54
4 56 65
5 absent
6 absent
7 absent

Left
12 23 34 45 56 67x
21 32 43 54 65 76x
Best: XOR-NOT12 23 34 45 56: 5

Right
none
Best: none

Selecting

Lefts
Identity none
NOT none
Constant none
AND none
OR none
XOR none
AND-NOT none
OR-NOT none
XOR-NOT XOR-NOT12 23 34 45 56: 5

Rights
Identity none
NOT NOT1: 1
Constant none
AND none
OR none
XOR none
AND-NOT none
OR-NOT OR-NOT21: 1
XOR-NOT none

Left longest: 5
Right longest: 1

Left winner: Identity no, NOT no, Constant no, AND no, OR no, XOR no, AND-NOT no, OR-NOT no, XOR-NOT yes
Right winner: Identity no, NOT yes, Constant no, AND no, OR no, XOR no, AND-NOT no, OR-NOT no, XOR-NOT no

Best left: XOR-NOT12 23 34 45 56: 5
Best right: NOT1: 1

Truncated left: XOR-NOT12 23 34 45 56: 5
Truncated right: NOT1: 1

Tentative from right
7 NOT1
6 pending
5 pending
4 pending
3 pending
2 pending
1 pending
0 pending

Tentative
0 XOR-NOT12
1 XOR-NOT23
2 XOR-NOT34
3 XOR-NOT45
4 XOR-NOT56
5 pending
6 pending
7 NOT1

Preferred from left
0 XOR-NOT12
1 XOR-NOT23
2 XOR-NOT34
3 XOR-NOT45
4 XOR-NOT56
5 ?67
6 ?70
7 NOT1

Preferred from right
7 NOT1
6 ?70
5 ?67
4 XOR-NOT56
3 XOR-NOT45
2 XOR-NOT34
1 XOR-NOT23
0 XOR-NOT12

Preferred
0 XOR-NOT12
1 XOR-NOT23
2 XOR-NOT34
3 XOR-NOT45
4 XOR-NOT56
5 ?67 ?76
6 ?70 ?07
7 NOT1

Matching
0 XOR-NOT12
1 XOR-NOT23
2 XOR-NOT34
3 XOR-NOT45
4 XOR-NOT56
5 ?67 ?76 - Identity absent, NOT absent, Constant absent, AND absent, OR absent, XOR absent, AND-NOT absent, OR-NOT absent, XOR-NOT absent
6 ?70 ?07 - Identity absent, NOT absent, Constant absent, AND absent, OR absent, XOR absent, AND-NOT absent, OR-NOT absent, XOR-NOT absent
7 NOT1

Perfect match
Identity no
NOT no
Constant no
AND no
OR no
XOR no
AND-NOT no
OR-NOT no
XOR-NOT no

Matched
0 XOR-NOT12
1 XOR-NOT23
2 XOR-NOT34
3 XOR-NOT45
4 XOR-NOT56
5 none
6 none
7 NOT1

Selected
0 XOR-NOT12
1 XOR-NOT23
2 XOR-NOT34
3 XOR-NOT45
4 XOR-NOT56
5 default 1
6 default 1
7 NOT1

Applying to 01011011
Input
0 0
1 1
2 0
3 1
4 1
5 0
6 1
7 1
Output
0 XOR-NOT12 = XOR(1,NOT(0)) = 0
1 XOR-NOT23 = XOR(0,NOT(1)) = 0
2 XOR-NOT34 = XOR(1,NOT(1)) = 1
3 XOR-NOT45 = XOR(1,NOT(0)) = 0
4 XOR-NOT56 = XOR(0,NOT(1)) = 0
5 default 1 = 1
6 default 1 = 1
7 NOT1 = NOT(1) = 0

I will now return the answer in \boxed{}
The answer in \boxed{–} is \boxed{00100110}