We need to deduce the transformation by matching the example outputs.
I will put my final answer inside \boxed{}.

Output 0: 00000000
0 0
1 0
2 0
3 0
4 0
5 0
6 0
7 0

Output 1: 00100000
0 0
1 0
2 1
3 0
4 0
5 0
6 0
7 0

Output 2: 10000010
0 1
1 0
2 0
3 0
4 0
5 0
6 1
7 0

Output 3: 01010101
0 0
1 1
2 0
3 1
4 0
5 1
6 0
7 1

Output 4: 01010000
0 0
1 1
2 0
3 1
4 0
5 0
6 0
7 0

Output 5: 00000000
0 0
1 0
2 0
3 0
4 0
5 0
6 0
7 0

Output 6: 01110101
0 0
1 1
2 1
3 1
4 0
5 1
6 0
7 1

Output 7: 01000000
0 0
1 1
2 0
3 0
4 0
5 0
6 0
7 0

Output 8: 00000000
0 0
1 0
2 0
3 0
4 0
5 0
6 0
7 0

Output bit columns (with bitsum as hash)
0 001000000 1
1 000110110 4
2 010000100 2
3 000110100 3
4 000000000 a
5 000100100 2
6 001000000 1
7 000100100 2

Input 0: 10001001
0 1
1 0
2 0
3 0
4 1
5 0
6 0
7 1

Input 1: 01110010
0 0
1 1
2 1
3 1
4 0
5 0
6 1
7 0

Input 2: 11000101
0 1
1 1
2 0
3 0
4 0
5 1
6 0
7 1

Input 3: 10111010
0 1
1 0
2 1
3 1
4 1
5 0
6 1
7 0

Input 4: 10111001
0 1
1 0
2 1
3 1
4 1
5 0
6 0
7 1

Input 5: 00000010
0 0
1 0
2 0
3 0
4 0
5 0
6 1
7 0

Input 6: 11111010
0 1
1 1
2 1
3 1
4 1
5 0
6 1
7 0

Input 7: 10110000
0 1
1 0
2 1
3 1
4 0
5 0
6 0
7 0

Input 8: 00010010
0 0
1 0
2 0
3 1
4 0
5 0
6 1
7 0

When matching output
x: not in operator
y: wrong position

Identity
0 101110110 6
1 011000100 3
2 010110110 5
3 010110111 6
4 100110100 4
5 001000000 1 match 0 6
6 010101101 5
7 101010000 3

Matching output
0 5
1 absent
2 absent
3 absent
4 absent
5 absent
6 5
7 absent

Left
5 6x
Best: I5: 1

Right
none
Best: none

NOT
0 010001001 3
1 100111011 6
2 101001001 4
3 101001000 3
4 011001011 5
5 110111111 8
6 101010010 4
7 010101111 6

Matching output
0 absent
1 absent
2 absent
3 absent
4 absent
5 absent
6 absent
7 absent

Left
none
Best: none

Right
none
Best: none

Constant
0 000000000 a match 4
1 111111111 a

Matching output
0 absent
1 absent
2 absent
3 absent
4 C0
5 absent
6 absent
7 absent

Left
none
Best: none

Right
none
Best: none

AND
01 10 001000100 2
12 21 010000100 2 match 2
23 32 010110110 5
34 43 000110100 3 match 3
45 54 000000000 a match 4
56 65 000000000 a match 4
67 76 000000000 a match 4
70 07 101010000 3

02 20 000110110 4 match 1
13 31 010000100 2 match 2
24 42 000110100 3 match 3
35 53 000000000 a match 4
46 64 000100100 2 match 5 7
57 75 001000000 1 match 0 6
60 06 000100100 2 match 5 7
71 17 001000000 1 match 0 6

03 30 000110110 4 match 1
14 41 000000100 1
25 52 000000000 a match 4
36 63 010100101 4
47 74 100010000 2
50 05 001000000 1 match 0 6
61 16 010000100 2 match 2
72 27 000010000 1

04 40 100110100 4
15 51 001000000 1 match 0 6
26 62 010100100 3
37 73 000010000 1

Matching output
0 57 75 71 17 50 05 15 51
1 02 20 03 30
2 12 21 13 31 61 16
3 34 43 24 42
4 45 54 56 65 67 76 35 53 25 52
5 46 64 60 06
6 57 75 71 17 50 05 15 51
7 46 64 60 06

Left
57 60y
75 06y
71 02 13 24 35 46 57 60
17 20 31 42 53 64 75 06
50 61y
05 16y
15 26x
51 62x
Best: AND71 02 13 24 35 46 57 60: 8

Right
46 35y
64 53y
60 57 46 35 24 13 02 71
06 75 64 53 42 31 20 17
Best: AND60 57 46 35 24 13 02 71: 8

OR
01 10 111110110 7
12 21 011110110 6
23 32 010110111 6
34 43 110110111 7
45 54 101110100 5
56 65 011101101 6
67 76 111111101 8
70 07 101110110 6

02 20 111110110 7
13 31 011110111 7
24 42 110110110 6
35 53 011110111 7
46 64 110111101 7
57 75 101010000 3
60 06 111111111 a
71 17 111010100 5

03 30 111110111 8
14 41 111110100 6
25 52 011110110 6
36 63 010111111 7
47 74 101110100 5
50 05 101110110 6
61 16 011101101 6
72 27 111110110 7

04 40 101110110 6
15 51 011000100 3
26 62 010111111 7
37 73 111110111 8

Matching output
0 absent
1 absent
2 absent
3 absent
4 absent
5 absent
6 absent
7 absent

Left
none
Best: none

Right
none
Best: none

XOR
01 10 110110010 5
12 21 001110010 4
23 32 000000001 1
34 43 110000011 4
45 54 101110100 5
56 65 011101101 6
67 76 111111101 8
70 07 000100110 3

02 20 111000000 3
13 31 001110011 5
24 42 110000010 3
35 53 011110111 7
46 64 110011001 5
57 75 100010000 2
60 06 111011011 7
71 17 110010100 4

03 30 111000001 4
14 41 111110000 5
25 52 011110110 6
36 63 000011010 3
47 74 001100100 3
50 05 100110110 5
61 16 001101001 4
72 27 111100110 6

04 40 001000010 2
15 51 010000100 2 match 2
26 62 000011011 4
37 73 111100111 7

Matching output
0 absent
1 absent
2 15 51
3 absent
4 absent
5 absent
6 absent
7 absent

Left
none
Best: none

Right
none
Best: none

AND-NOT
01 100110010 4
12 001000000 1 match 0 6
23 000000000 a match 4
34 010000011 3
45 100110100 4
56 001000000 1 match 0 6
67 010101101 5
70 000000000 a match 4

02 101000000 2
13 001000000 1 match 0 6
24 010000010 2
35 010110111 6
46 100010000 2
57 000000000 a match 4
60 010001001 3
71 100010000 2

03 101000000 2
14 011000000 2
25 010110110 5
36 000010010 2
47 000100100 2 match 5 7
50 000000000 a match 4
61 000101001 3
72 101000000 2

04 001000010 2
15 010000100 2 match 2
26 000010010 2
37 010100111 5
40 000000000 a match 4
51 000000000 a match 4
62 000001001 2
73 101000000 2

05 100110110 5
16 001000000 1 match 0 6
27 010100110 4
30 010000001 2
41 100110000 3
52 001000000 1 match 0 6
63 000001000 1
74 001000000 1 match 0 6

06 101010010 4
17 010000100 2 match 2
20 010000000 1
31 000110011 4
42 100000000 1
53 001000000 1 match 0 6
64 010001001 3
75 100010000 2

07 000100110 3
10 010000000 1
21 000110010 3
32 000000001 1
43 100000000 1
54 001000000 1 match 0 6
65 010101101 5
76 101010000 3

Matching output
0 12 56 13 16 52 74 53 54
1 absent
2 15 17
3 absent
4 23 70 57 50 40 51
5 47
6 12 56 13 16 52 74 53 54
7 47

Left
12 23y
56 67x
13 24x
16 27x
52 63x
74 05x
53 64x
54 65x
Best: AND-NOT12: 1

Right
47 36x
Best: AND-NOT47: 1

OR-NOT
01 101111111 8
12 111001101 6
23 111111110 8
34 011111111 8
45 110111111 8
56 101010010 4
67 010101111 6
70 111011001 6

02 101111111 8
13 111001100 5
24 011111111 8
35 110111111 8
46 101110110 6
57 011101111 7
60 010101101 5
71 101111011 7

03 101111110 7
14 011001111 6
25 110111111 8
36 111110111 8
47 110111111 8
50 011001001 4
61 110111111 8
72 101011001 5

04 111111111 a
15 111111111 a
26 111110110 7
37 010111111 7
40 110111101 7
51 101111011 7
62 111101101 7
73 101011000 4

05 111111111 a
16 111010110 6
27 010111111 7
30 010111111 7
41 100111111 7
52 101001001 4
63 111101101 7
74 111011011 7

06 101110110 6
17 011101111 7
20 010111111 7
31 110111111 8
42 101111101 7
53 101001000 3
64 011101111 7
75 111111111 a

07 111111111 a
10 011001101 5
21 110111111 8
32 111111111 a
43 101111100 6
54 011001011 5
65 110111111 8
76 101010010 4

Matching output
0 absent
1 absent
2 absent
3 absent
4 absent
5 absent
6 absent
7 absent

Left
none
Best: none

Right
none
Best: none

XOR-NOT
01 001001101 4
12 110001101 5
23 111111110 8
34 001111100 5
45 010001011 4
56 100010010 3
67 000000010 1
70 111011001 6

02 000111111 6
13 110001100 4
24 001111101 6
35 100001000 2
46 001100110 4
57 011101111 7
60 000100100 2 match 5 7
71 001101011 5

03 000111110 5
14 000001111 4
25 100001001 3
36 111100101 6
47 110011011 6
50 011001001 4
61 110010110 5
72 000011001 3

04 110111101 7
15 101111011 7
26 111100100 5
37 000011000 2
40 110111101 7
51 101111011 7
62 111100100 5
73 000011000 2

05 011001001 4
16 110010110 5
27 000011001 3
30 000111110 5
41 000001111 4
52 100001001 3
63 111100101 6
74 110011011 6

06 000100100 2 match 5 7
17 001101011 5
20 000111111 6
31 110001100 4
42 001111101 6
53 100001000 2
64 001100110 4
75 011101111 7

07 111011001 6
10 001001101 4
21 110001101 5
32 111111110 8
43 001111100 5
54 010001011 4
65 100010010 3
76 000000010 1

Matching output
0 absent
1 absent
2 absent
3 absent
4 absent
5 60 06
6 absent
7 60 06

Left
none
Best: none

Right
60 57x
06 75x
Best: XOR-NOT60: 1

Selecting

Lefts
Identity I5: 1
NOT none
Constant none
AND AND71 02 13 24 35 46 57 60: 8
OR none
XOR none
AND-NOT AND-NOT12: 1
OR-NOT none
XOR-NOT none

Rights
Identity none
NOT none
Constant none
AND AND60 57 46 35 24 13 02 71: 8
OR none
XOR none
AND-NOT AND-NOT47: 1
OR-NOT none
XOR-NOT XOR-NOT60: 1

Left longest: 8
Right longest: 8

Left winner: Identity no, NOT no, Constant no, AND yes, OR no, XOR no, AND-NOT no, OR-NOT no, XOR-NOT no
Right winner: Identity no, NOT no, Constant no, AND yes, OR no, XOR no, AND-NOT no, OR-NOT no, XOR-NOT no

Best left: AND71 02 13 24 35 46 57 60: 8
Best right: AND60 57 46 35 24 13 02 71: 8

Truncated left: AND71 02 13 24 35 46 57 60: 8
Truncated right: none truncated

Tentative from right
7 pending
6 pending
5 pending
4 pending
3 pending
2 pending
1 pending
0 pending

Tentative
0 AND71
1 AND02
2 AND13
3 AND24
4 AND35
5 AND46
6 AND57
7 AND60

Preferred from left
0 AND71
1 AND02
2 AND13
3 AND24
4 AND35
5 AND46
6 AND57
7 AND60

Preferred from right
7 AND60
6 AND57
5 AND46
4 AND35
3 AND24
2 AND13
1 AND02
0 AND71

Preferred
0 AND71
1 AND02
2 AND13
3 AND24
4 AND35
5 AND46
6 AND57
7 AND60

Matching
0 AND71
1 AND02
2 AND13
3 AND24
4 AND35
5 AND46
6 AND57
7 AND60

Perfect match
Identity no
NOT no
Constant no
AND no
OR no
XOR no
AND-NOT no
OR-NOT no
XOR-NOT no

Matched
0 AND71
1 AND02
2 AND13
3 AND24
4 AND35
5 AND46
6 AND57
7 AND60

Selected
0 AND71
1 AND02
2 AND13
3 AND24
4 AND35
5 AND46
6 AND57
7 AND60

Applying to 11110000
Input
0 1
1 1
2 1
3 1
4 0
5 0
6 0
7 0
Output
0 AND71 = AND(0,1) = 0
1 AND02 = AND(1,1) = 1
2 AND13 = AND(1,1) = 1
3 AND24 = AND(1,0) = 0
4 AND35 = AND(1,0) = 0
5 AND46 = AND(0,0) = 0
6 AND57 = AND(0,0) = 0
7 AND60 = AND(0,1) = 0

I will now return the answer in \boxed{}
The answer in \boxed{–} is \boxed{01100000}