We need to deduce the transformation by matching the example outputs.
I will put my final answer inside \boxed{}.

Output 0: 01001101
0 0
1 1
2 0
3 0
4 1
5 1
6 0
7 1

Output 1: 10100001
0 1
1 0
2 1
3 0
4 0
5 0
6 0
7 1

Output 2: 01100111
0 0
1 1
2 1
3 0
4 0
5 1
6 1
7 1

Output 3: 11001101
0 1
1 1
2 0
3 0
4 1
5 1
6 0
7 1

Output 4: 10111011
0 1
1 0
2 1
3 1
4 1
5 0
6 1
7 1

Output 5: 11000110
0 1
1 1
2 0
3 0
4 0
5 1
6 1
7 0

Output 6: 01001010
0 0
1 1
2 0
3 0
4 1
5 0
6 1
7 0

Output 7: 10111001
0 1
1 0
2 1
3 1
4 1
5 0
6 0
7 1

Output 8: 00000011
0 0
1 0
2 0
3 0
4 0
5 0
6 1
7 1

Output 9: 10110011
0 1
1 0
2 1
3 1
4 0
5 0
6 1
7 1

Output bit columns (with bitsum as hash)
0 0101110101 6
1 1011011000 5
2 0110100101 5
3 0000100101 3
4 1001101100 5
5 1011010000 4
6 0010111011 6
7 1111100111 8

Input 0: 10101100
0 1
1 0
2 1
3 0
4 1
5 1
6 0
7 0

Input 1: 11011101
0 1
1 1
2 0
3 1
4 1
5 1
6 0
7 1

Input 2: 10111000
0 1
1 0
2 1
3 1
4 1
5 0
6 0
7 0

Input 3: 11101000
0 1
1 1
2 1
3 0
4 1
5 0
6 0
7 0

Input 4: 01011000
0 0
1 1
2 0
3 1
4 1
5 0
6 0
7 0

Input 5: 01100101
0 0
1 1
2 1
3 0
4 0
5 1
6 0
7 1

Input 6: 00100111
0 0
1 0
2 1
3 0
4 0
5 1
6 1
7 1

Input 7: 01011001
0 0
1 1
2 0
3 1
4 1
5 0
6 0
7 1

Input 8: 10001001
0 1
1 0
2 0
3 0
4 1
5 0
6 0
7 1

Input 9: 01011100
0 0
1 1
2 0
3 1
4 1
5 1
6 0
7 0

When matching output
x: not in operator
y: wrong position

Identity
0 1111000010 5
1 0101110101 6 match 0
2 1011011000 5 match 1
3 0110100101 5 match 2
4 1111100111 8 match 7
5 1100011001 5
6 0000001000 1
7 0100011110 5

Matching output
0 1
1 2
2 3
3 absent
4 absent
5 absent
6 absent
7 4

Left
1 2 3 4y
Best: I1 2 3: 3

Right
4 3y
Best: I4: 1

NOT
0 0000111101 5
1 1010001010 4
2 0100100111 5
3 1001011010 5
4 0000011000 2
5 0011100110 5
6 1111110111 9
7 1011100001 5

Matching output
0 absent
1 absent
2 absent
3 absent
4 absent
5 absent
6 absent
7 absent

Left
none
Best: none

Right
none
Best: none

Constant
0 0000000000 a
1 1111111111 a

Matching output
0 absent
1 absent
2 absent
3 absent
4 absent
5 absent
6 absent
7 absent

Left
none
Best: none

Right
none
Best: none

AND
01 10 0101000000 2
12 21 0001010000 2
23 32 0010000000 1
34 43 0110100101 5 match 2
45 54 1100000001 3
56 65 0000001000 1
67 76 0000001000 1
70 07 0100000010 2

02 20 1011000000 3
13 31 0100100101 4
24 42 1011000000 3
35 53 0100000001 2
46 64 0000000000 a
57 75 0100011000 3
60 06 0000000000 a
71 17 0100010100 3

03 30 0110000000 2
14 41 0101100101 5
25 52 1000011000 3
36 63 0000000000 a
47 74 0100000110 3
50 05 1100000000 2
61 16 0000000000 a
72 27 0000011000 2

04 40 1111000010 5
15 51 0100010001 3
26 62 0000001000 1
37 73 0100000100 2

Matching output
0 absent
1 absent
2 34 43
3 absent
4 absent
5 absent
6 absent
7 absent

Left
none
Best: none

Right
none
Best: none

OR
01 10 1111110111 9
12 21 1111111101 9
23 32 1111111101 9
34 43 1111100111 8 match 7
45 54 1111111111 a
56 65 1100011001 5
67 76 0100011110 5
70 07 1111011110 8

02 20 1111011010 7
13 31 0111110101 7
24 42 1111111111 a
35 53 1110111101 8
46 64 1111101111 9
57 75 1100011111 7
60 06 1111001010 6
71 17 0101111111 8

03 30 1111100111 8 match 7
14 41 1111110111 9
25 52 1111011001 7
36 63 0110101101 6
47 74 1111111111 a
50 05 1111011011 8
61 16 0101111101 7
72 27 1111011110 8

04 40 1111100111 8 match 7
15 51 1101111101 8
26 62 1011011000 5 match 1
37 73 0110111111 8

Matching output
0 absent
1 26 62
2 absent
3 absent
4 absent
5 absent
6 absent
7 34 43 03 30 04 40

Left
none
Best: none

Right
34 23x
43 32x
03 72x
30 27x
04 73x
40 37x
Best: OR34: 1

XOR
01 10 1010110111 7
12 21 1110101101 7
23 32 1101111101 8
34 43 1001000010 3
45 54 0011111110 7
56 65 1100010001 4
67 76 0100010110 4
70 07 1011011100 6

02 20 0100011010 4
13 31 0011010000 3
24 42 0100111111 7
35 53 1010111100 6
46 64 1111101111 9
57 75 1000000111 4
60 06 1111001010 6
71 17 0001101011 5

03 30 1001100111 6
14 41 1010010010 4
25 52 0111000001 4
36 63 0110101101 6
47 74 1011111001 7
50 05 0011011011 6
61 16 0101111101 7
72 27 1111000110 6

04 40 0000100101 3 match 3
15 51 1001101100 5 match 4
26 62 1011010000 4 match 5
37 73 0010111011 6 match 6

Matching output
0 absent
1 absent
2 absent
3 04 40
4 15 51
5 26 62
6 37 73
7 absent

Left
none
Best: none

Right
none
Best: none

AND-NOT
01 1010000010 3
12 0100100101 4
23 1001011000 4
34 0000000000 a
45 0011100110 5
56 1100010001 4
67 0000000000 a
70 0000011100 3

02 0100000010 2
13 0001010000 2
24 0000011000 2
35 0010100100 3
46 1111100111 8 match 7
57 1000000001 2
60 0000001000 1
71 0000001010 2

03 1001000010 3
14 0000010000 1
25 0011000000 2
36 0110100101 5 match 2
47 1011100001 5
50 0000011001 3
61 0000001000 1
72 0100000110 3

04 0000000000 a
15 0001100100 3
26 1011010000 4 match 5
37 0010100001 3
40 0000100101 3 match 3
51 1000001000 2
62 0000000000 a
73 0000011010 3

05 0011000010 3
16 0101110101 6 match 0
27 1011000000 3
30 0000100101 3 match 3
41 1010000010 3
52 0100000001 2
63 0000001000 1
74 0000011000 2

06 1111000010 5
17 0001100001 3
20 0000011000 2
31 0010000000 1
42 0100100111 5
53 1000011000 3
64 0000001000 1
75 0000000110 2

07 1011000000 3
10 0000110101 4
21 1010001000 3
32 0100100101 4
43 1001000010 3
54 0000011000 2
65 0000000000 a
76 0100010110 4

Matching output
0 16
1 absent
2 36
3 40 30
4 absent
5 26
6 absent
7 46

Left
16 27x
Best: AND-NOT16: 1

Right
46 35x
Best: AND-NOT46: 1

OR-NOT
01 1111001010 6
12 0101110111 7
23 1011011010 6
34 0110111101 7
45 1111100111 8 match 7
56 1111111111 a
67 1011101001 6
70 0100111111 7

02 1111100111 8 match 7
13 1101111111 9
24 1011011000 5 match 1
35 0111100111 7
46 1111110111 9
57 1111111001 8
60 0000111101 5
71 1110011110 7

03 1111011010 7
14 0101111101 7
25 1011111110 8
36 1111110111 9
47 1111100111 8 match 7
50 1100111101 7
61 1010001010 4
72 0100111111 7

04 1111011010 7
15 0111110111 8
26 1111111111 a
37 1111100101 7
40 1111111111 a
51 1110011011 7
62 0100101111 6
73 1101011110 7

05 1111100110 7
16 1111110111 9
27 1011111001 7
30 0110111101 7
41 1111101111 9
52 1100111111 8
63 1001011010 5
74 0100011110 5

06 1111110111 9
17 1111110101 8
20 1011111101 8
31 1110101111 8
42 1111100111 8 match 7
53 1101011011 7
64 0000011000 2
75 0111111110 8

07 1111100011 7
10 0101111101 7
21 1011011010 6
32 0110100111 6
43 1111111111 a
54 1100011001 5
65 0011101110 6
76 1111111111 a

Matching output
0 absent
1 24
2 absent
3 absent
4 absent
5 absent
6 absent
7 45 02 47 42

Left
none
Best: none

Right
45 34x
02 71x
47 36x
42 31x
Best: OR-NOT45: 1

XOR-NOT
01 0101001000 3
12 0001010010 3
23 0010000010 2
34 0110111101 7
45 1100000001 3
56 0011101110 6
67 1011101001 6
70 0100100011 4

02 1011100101 6
13 1100101111 7
24 1011000000 3
35 0101000011 4
46 0000010000 1
57 0111111000 6
60 0000110101 4
71 1110010100 5

03 0110011000 4
14 0101101101 6
25 1000111110 6
36 1001010010 4
47 0100000110 3
50 1100100100 4
61 1010000010 3
72 0000111001 4

04 1111011010 7
15 0110010011 5
26 0100101111 6
37 1101000100 4
40 1111011010 7
51 0110010011 5
62 0100101111 6
73 1101000100 4

05 1100100100 4
16 1010000010 3
27 0000111001 4
30 0110011000 4
41 0101101101 6
52 1000111110 6
63 1001010010 4
74 0100000110 3

06 0000110101 4
17 1110010100 5
20 1011100101 6
31 1100101111 7
42 1011000000 3
53 0101000011 4
64 0000010000 1
75 0111111000 6

07 0100100011 4
10 0101001000 3
21 0001010010 3
32 0010000010 2
43 0110111101 7
54 1100000001 3
65 0011101110 6
76 1011101001 6

Matching output
0 absent
1 absent
2 absent
3 absent
4 absent
5 absent
6 absent
7 absent

Left
none
Best: none

Right
none
Best: none

Selecting

Lefts
Identity I1 2 3: 3
NOT none
Constant none
AND none
OR none
XOR none
AND-NOT AND-NOT16: 1
OR-NOT none
XOR-NOT none

Rights
Identity I4: 1
NOT none
Constant none
AND none
OR OR34: 1
XOR none
AND-NOT AND-NOT46: 1
OR-NOT OR-NOT45: 1
XOR-NOT none

Left longest: 3
Right longest: 1

Left winner: Identity yes, NOT no, Constant no, AND no, OR no, XOR no, AND-NOT no, OR-NOT no, XOR-NOT no
Right winner: Identity yes, NOT no, Constant no, AND no, OR no, XOR no, AND-NOT no, OR-NOT no, XOR-NOT no

Best left: I1 2 3: 3
Best right: I4: 1

Truncated left: I1 2 3: 3
Truncated right: I4: 1

Tentative from right
7 I4
6 pending
5 pending
4 pending
3 pending
2 pending
1 pending
0 pending

Tentative
0 I1
1 I2
2 I3
3 pending
4 pending
5 pending
6 pending
7 I4

Preferred from left
0 I1
1 I2
2 I3
3 ?4?
4 ?5?
5 ?6?
6 ?7?
7 I4

Preferred from right
7 I4
6 ?73
5 ?62
4 ?51
3 ?40
2 I3
1 I2
0 I1

Preferred
0 I1
1 I2
2 I3
3 ?40 ?04
4 ?51 ?15
5 ?62 ?26
6 ?73 ?37
7 I4

Matching
0 I1
1 I2
2 I3
3 ?40 ?04 - Identity absent, NOT absent, Constant absent, AND absent, OR absent, XOR40, AND-NOT40, OR-NOT absent, XOR-NOT absent
4 ?51 ?15 - Identity absent, NOT absent, Constant absent, AND absent, OR absent, XOR51, AND-NOT absent, OR-NOT absent, XOR-NOT absent
5 ?62 ?26 - Identity absent, NOT absent, Constant absent, AND absent, OR absent, XOR62, AND-NOT26, OR-NOT absent, XOR-NOT absent
6 ?73 ?37 - Identity absent, NOT absent, Constant absent, AND absent, OR absent, XOR73, AND-NOT absent, OR-NOT absent, XOR-NOT absent
7 I4

Perfect match
Identity no
NOT no
Constant no
AND no
OR no
XOR yes
AND-NOT no
OR-NOT no
XOR-NOT no

Matched
0 I1
1 I2
2 I3
3 XOR40
4 XOR51
5 XOR62
6 XOR73
7 I4

Selected
0 I1
1 I2
2 I3
3 XOR40
4 XOR51
5 XOR62
6 XOR73
7 I4

Applying to 00010000
Input
0 0
1 0
2 0
3 1
4 0
5 0
6 0
7 0
Output
0 I1 = 0
1 I2 = 0
2 I3 = 1
3 XOR40 = XOR(0,0) = 0
4 XOR51 = XOR(0,0) = 0
5 XOR62 = XOR(0,0) = 0
6 XOR73 = XOR(0,1) = 1
7 I4 = 0

I will now return the answer in \boxed{}
The answer in \boxed{–} is \boxed{00100010}