We need to deduce the transformation by matching the example outputs.
I will put my final answer inside \boxed{}.

Output 0: 00011011
0 0
1 0
2 0
3 1
4 1
5 0
6 1
7 1

Output 1: 00110101
0 0
1 0
2 1
3 1
4 0
5 1
6 0
7 1

Output 2: 00011001
0 0
1 0
2 0
3 1
4 1
5 0
6 0
7 1

Output 3: 00100110
0 0
1 0
2 1
3 0
4 0
5 1
6 1
7 0

Output 4: 00001011
0 0
1 0
2 0
3 0
4 1
5 0
6 1
7 1

Output 5: 00101001
0 0
1 0
2 1
3 0
4 1
5 0
6 0
7 1

Output 6: 00000110
0 0
1 0
2 0
3 0
4 0
5 1
6 1
7 0

Output 7: 00000011
0 0
1 0
2 0
3 0
4 0
5 0
6 1
7 1

Output bit columns (with bitsum as hash)
0 00000000 a
1 00000000 a
2 01010100 3
3 11100000 3
4 10101100 4
5 01010010 3
6 10011011 5
7 11101101 6

Input 0: 01101101
0 0
1 1
2 1
3 0
4 1
5 1
6 0
7 1

Input 1: 11010111
0 1
1 1
2 0
3 1
4 0
5 1
6 1
7 1

Input 2: 01100100
0 0
1 1
2 1
3 0
4 0
5 1
6 0
7 0

Input 3: 10011001
0 1
1 0
2 0
3 1
4 1
5 0
6 0
7 1

Input 4: 00101101
0 0
1 0
2 1
3 0
4 1
5 1
6 0
7 1

Input 5: 10100110
0 1
1 0
2 1
3 0
4 0
5 1
6 1
7 0

Input 6: 00011010
0 0
1 0
2 0
3 1
4 1
5 0
6 1
7 0

Input 7: 00001101
0 0
1 0
2 0
3 0
4 1
5 1
6 0
7 1

When matching output
x: not in operator
y: wrong position

Identity
0 01010100 3 match 2
1 11100000 3 match 3
2 10101100 4 match 4
3 01010010 3 match 5
4 10011011 5 match 6
5 11101101 6 match 7
6 01000110 3
7 11011001 5

Matching output
0 absent
1 absent
2 0
3 1
4 2
5 3
6 4
7 5

Left
none
Best: none

Right
5 4 3 2 1 0 7x
Best: I5 4 3 2 1 0: 6

NOT
0 10101011 5
1 00011111 5
2 01010011 4
3 10101101 5
4 01100100 3
5 00010010 2
6 10111001 5
7 00100110 3

Matching output
0 absent
1 absent
2 absent
3 absent
4 absent
5 absent
6 absent
7 absent

Left
none
Best: none

Right
none
Best: none

Constant
0 00000000 a match 0 1
1 11111111 a

Matching output
0 C0
1 C0
2 absent
3 absent
4 absent
5 absent
6 absent
7 absent

Left
0 0
Best: C0 0: 2

Right
none
Best: none

AND
01 10 01000000 1
12 21 10100000 2
23 32 00000000 a match 0 1
34 43 00010010 2
45 54 10001001 3
56 65 01000100 2
67 76 01000000 1
70 07 01010000 2

02 20 00000100 1
13 31 01000000 1
24 42 10001000 2
35 53 01000000 1
46 64 00000010 1
57 75 11001001 4
60 06 01000100 2
71 17 11000000 2

03 30 01010000 2
14 41 10000000 1
25 52 10101100 4 match 4
36 63 01000010 2
47 74 10011001 4
50 05 01000100 2
61 16 01000000 1
72 27 10001000 2

04 40 00010000 1
15 51 11100000 3 match 3
26 62 00000100 1
37 73 01010000 2

Matching output
0 23 32
1 23 32
2 absent
3 15 51
4 25 52
5 absent
6 absent
7 absent

Left
23 34x
32 43x
Best: AND23: 1

Right
none
Best: none

OR
01 10 11110100 5
12 21 11101100 5
23 32 11111110 7
34 43 11011011 6
45 54 11111111 a
56 65 11101111 7
67 76 11011111 7
70 07 11011101 6

02 20 11111100 6
13 31 11110010 5
24 42 10111111 7
35 53 11111111 a
46 64 11011111 7
57 75 11111101 7
60 06 01010110 4
71 17 11111001 6

03 30 01010110 4
14 41 11111011 7
25 52 11101101 6 match 7
36 63 01010110 4
47 74 11011011 6
50 05 11111101 7
61 16 11100110 5
72 27 11111101 7

04 40 11011111 7
15 51 11101101 6 match 7
26 62 11101110 6
37 73 11011011 6

Matching output
0 absent
1 absent
2 absent
3 absent
4 absent
5 absent
6 absent
7 25 52 15 51

Left
none
Best: none

Right
25 14x
52 41x
15 04x
51 40x
Best: OR25: 1

XOR
01 10 10110100 4
12 21 01001100 3
23 32 11111110 7
34 43 11001001 4
45 54 01110110 5
56 65 10101011 5
67 76 10011111 6
70 07 10001101 4

02 20 11111000 5
13 31 10110010 4
24 42 00110111 5
35 53 10111111 7
46 64 11011101 6
57 75 00110100 3
60 06 00010010 2
71 17 00111001 4

03 30 00000110 2
14 41 01111011 6
25 52 01000001 2
36 63 00010100 2
47 74 01000010 2
50 05 10111001 5
61 16 10100110 4
72 27 01110101 5

04 40 11001111 6
15 51 00001101 3
26 62 11101010 5
37 73 10001011 4

Matching output
0 absent
1 absent
2 absent
3 absent
4 absent
5 absent
6 absent
7 absent

Left
none
Best: none

Right
none
Best: none

AND-NOT
01 00010100 2
12 01000000 1
23 10101100 4 match 4
34 01000000 1
45 00010010 2
56 10101001 4
67 00000110 2
70 10001001 3

02 01010000 2
13 10100000 2
24 00100100 2
35 00010010 2
46 10011001 4
57 00100100 2
60 00000010 1
71 00011001 3

03 00000100 1
14 01100000 2
25 00000000 a match 0 1
36 00010000 1
47 00000010 1
50 10101001 4
61 00000110 2
72 01010001 3

04 01000100 2
15 00000000 a match 0 1
26 10101000 3
37 00000010 1
40 10001011 4
51 00001101 3
62 01000010 2
73 10001001 3

05 00010000 1
16 10100000 2
27 00100100 2
30 00000010 1
41 00011011 4
52 01000001 2
63 00000100 1
74 01000000 1

06 00010000 1
17 00100000 1
20 10101000 3
31 00010010 2
42 00010011 3
53 10101101 5
64 01000100 2
75 00010000 1

07 00000100 1
10 10100000 2
21 00001100 2
32 01010010 3 match 5
43 10001001 3
54 01100100 3
65 00000010 1
76 10011001 4

Matching output
0 25 15
1 25 15
2 absent
3 absent
4 23
5 32
6 absent
7 absent

Left
25 36x
15 26x
Best: AND-NOT25: 1

Right
none
Best: none

OR-NOT
01 01011111 6
12 11110011 6
23 10101101 5
34 01110110 5
45 10011011 5 match 6
56 11111101 7
67 01100110 4
70 11111011 7

02 01010111 5
13 11101101 6 match 7
24 11101100 5
35 01010010 3 match 5
46 10111011 6
57 11101111 7
60 11101111 7
71 11011111 7

03 11111101 7
14 11100100 4
25 10111110 6
36 11111011 7
47 10111111 7
50 11101111 7
61 01011111 6
72 11011011 6

04 01110100 4
15 11110010 5
26 10111101 6
37 01110110 5
40 10111011 6
51 11111111 a
62 01010111 5
73 11111101 7

05 01010110 4
16 11111001 6
27 10101110 5
30 11111011 7
41 10011111 6
52 11111111 a
63 11101111 7
74 11111101 7

06 11111101 7
17 11100110 5
20 10101111 6
31 01011111 6
42 11011011 6
53 11101101 6 match 7
64 01100110 4
75 11011011 6

07 01110110 5
10 11101011 6
21 10111111 7
32 01010011 4
43 10111111 7
54 11101101 6 match 7
65 01010110 4
76 11111001 6

Matching output
0 absent
1 absent
2 absent
3 absent
4 absent
5 35
6 45
7 13 53 54

Left
none
Best: none

Right
13 02x
53 42x
54 43x
Best: OR-NOT13: 1

XOR-NOT
01 01001011 4
12 10110011 5
23 00000001 1
34 00110110 4
45 10001001 3
56 01010100 3 match 2
67 01100000 2
70 01110010 4

02 00000111 3
13 01001101 4
24 11001000 3
35 01000000 1
46 00100010 2
57 11001011 5
60 11101101 6 match 7
71 11000110 4

03 11111001 6
14 10000100 2
25 10111110 6
36 11101011 6
47 10111101 6
50 01000110 3
61 01011001 4
72 10001010 3

04 00110000 2
15 11110010 5
26 00010101 3
37 01110100 4
40 00110000 2
51 11110010 5
62 00010101 3
73 01110100 4

05 01000110 3
16 01011001 4
27 10001010 3
30 11111001 6
41 10000100 2
52 10111110 6
63 11101011 6
74 10111101 6

06 11101101 6 match 7
17 11000110 4
20 00000111 3
31 01001101 4
42 11001000 3
53 01000000 1
64 00100010 2
75 11001011 5

07 01110010 4
10 01001011 4
21 10110011 5
32 00000001 1
43 00110110 4
54 10001001 3
65 01010100 3 match 2
76 01100000 2

Matching output
0 absent
1 absent
2 56 65
3 absent
4 absent
5 absent
6 absent
7 60 06

Left
none
Best: none

Right
60 57x
06 75x
Best: XOR-NOT60: 1

Selecting

Lefts
Identity none
NOT none
Constant C0 0: 2
AND AND23: 1
OR none
XOR none
AND-NOT AND-NOT25: 1
OR-NOT none
XOR-NOT none

Rights
Identity I5 4 3 2 1 0: 6
NOT none
Constant none
AND none
OR OR25: 1
XOR none
AND-NOT none
OR-NOT OR-NOT13: 1
XOR-NOT XOR-NOT60: 1

Left longest: 2
Right longest: 6

Right winner: Identity yes, NOT no, Constant no, AND no, OR no, XOR no, AND-NOT no, OR-NOT no, XOR-NOT no
Left winner: Identity no, NOT no, Constant yes, AND no, OR no, XOR no, AND-NOT no, OR-NOT no, XOR-NOT no

Best right: I5 4 3 2 1 0: 6
Best left: C0 0: 2

Truncated right: I5 4 3 2 1 0: 6
Truncated left: C0 0: 2

Tentative from right
7 I5
6 I4
5 I3
4 I2
3 I1
2 I0
1 pending
0 pending

Tentative
0 C0
1 C0
2 I0
3 I1
4 I2
5 I3
6 I4
7 I5

Preferred from right
7 I5
6 I4
5 I3
4 I2
3 I1
2 I0
1 C0
0 C0

Preferred from left
0 C0
1 C0
2 I0
3 I1
4 I2
5 I3
6 I4
7 I5

Preferred
0 C0
1 C0
2 I0
3 I1
4 I2
5 I3
6 I4
7 I5

Matching
0 C0
1 C0
2 I0
3 I1
4 I2
5 I3
6 I4
7 I5

Perfect match
Identity no
NOT no
Constant no
AND no
OR no
XOR no
AND-NOT no
OR-NOT no
XOR-NOT no

Matched
0 C0
1 C0
2 I0
3 I1
4 I2
5 I3
6 I4
7 I5

Selected
0 C0
1 C0
2 I0
3 I1
4 I2
5 I3
6 I4
7 I5

Applying to 01000001
Input
0 0
1 1
2 0
3 0
4 0
5 0
6 0
7 1
Output
0 C0 = 0
1 C0 = 0
2 I0 = 0
3 I1 = 1
4 I2 = 0
5 I3 = 0
6 I4 = 0
7 I5 = 0

I will now return the answer in \boxed{}
The answer in \boxed{–} is \boxed{00010000}