We need to deduce the transformation by matching the example outputs.
I will put my final answer inside \boxed{}.

Output 0: 00000000
0 0
1 0
2 0
3 0
4 0
5 0
6 0
7 0

Output 1: 00000000
0 0
1 0
2 0
3 0
4 0
5 0
6 0
7 0

Output 2: 10000000
0 1
1 0
2 0
3 0
4 0
5 0
6 0
7 0

Output 3: 00100000
0 0
1 0
2 1
3 0
4 0
5 0
6 0
7 0

Output 4: 01000000
0 0
1 1
2 0
3 0
4 0
5 0
6 0
7 0

Output 5: 01000000
0 0
1 1
2 0
3 0
4 0
5 0
6 0
7 0

Output 6: 01000000
0 0
1 1
2 0
3 0
4 0
5 0
6 0
7 0

Output bit columns (with bitsum as hash)
0 0010000 1
1 0000111 3
2 0001000 1
3 0000000 a
4 0000000 a
5 0000000 a
6 0000000 a
7 0000000 a

Input 0: 10111000
0 1
1 0
2 1
3 1
4 1
5 0
6 0
7 0

Input 1: 11100001
0 1
1 1
2 1
3 0
4 0
5 0
6 0
7 1

Input 2: 01100101
0 0
1 1
2 1
3 0
4 0
5 1
6 0
7 1

Input 3: 10011001
0 1
1 0
2 0
3 1
4 1
5 0
6 0
7 1

Input 4: 11100010
0 1
1 1
2 1
3 0
4 0
5 0
6 1
7 0

Input 5: 10110010
0 1
1 0
2 1
3 1
4 0
5 0
6 1
7 0

Input 6: 10101010
0 1
1 0
2 1
3 0
4 1
5 0
6 1
7 0

When matching output
x: not in operator
y: wrong position

Identity
0 1101111 6
1 0110100 3
2 1110111 6
3 1001010 3
4 1001001 3
5 0010000 1 match 0
6 0000111 3 match 1
7 0111000 3

Matching output
0 5
1 6
2 absent
3 absent
4 absent
5 absent
6 absent
7 absent

Left
5 6 7x
Best: I5 6: 2

Right
none
Best: none

NOT
0 0010000 1 match 0
1 1001011 4
2 0001000 1 match 2
3 0110101 4
4 0110110 4
5 1101111 6
6 1111000 4
7 1000111 4

Matching output
0 0
1 absent
2 2
3 absent
4 absent
5 absent
6 absent
7 absent

Left
0 1x
Best: NOT0: 1

Right
none
Best: none

Constant
0 0000000 a match 3 4 5 6 7
1 1111111 a

Matching output
0 absent
1 absent
2 absent
3 C0
4 C0
5 C0
6 C0
7 C0

Left
none
Best: none

Right
0 0 0 0 0
Best: C0 0 0 0 0: 5

AND
01 10 0100100 2
12 21 0110100 3
23 32 1000010 2
34 43 1001000 2
45 54 0000000 a match 3 4 5 6 7
56 65 0000000 a match 3 4 5 6 7
67 76 0000000 a match 3 4 5 6 7
70 07 0101000 2

02 20 1100111 5
13 31 0000000 a match 3 4 5 6 7
24 42 1000001 2
35 53 0000000 a match 3 4 5 6 7
46 64 0000001 1
57 75 0010000 1 match 0
60 06 0000111 3 match 1
71 17 0110000 2

03 30 1001010 3
14 41 0000000 a match 3 4 5 6 7
25 52 0010000 1 match 0
36 63 0000010 1
47 74 0001000 1 match 2
50 05 0000000 a match 3 4 5 6 7
61 16 0000100 1
72 27 0110000 2

04 40 1001001 3
15 51 0010000 1 match 0
26 62 0000111 3 match 1
37 73 0001000 1 match 2

Matching output
0 57 75 25 52 15 51
1 60 06 26 62
2 47 74 37 73
3 45 54 56 65 67 76 13 31 35 53 14 41 50 05
4 45 54 56 65 67 76 13 31 35 53 14 41 50 05
5 45 54 56 65 67 76 13 31 35 53 14 41 50 05
6 45 54 56 65 67 76 13 31 35 53 14 41 50 05
7 45 54 56 65 67 76 13 31 35 53 14 41 50 05

Left
57 60 71x
75 06 17x
25 36x
52 63x
15 26 37 40x
51 62 73 04x
Best: AND15 26 37: 3

Right
45 34x
54 43x
56 45 34x
65 54 43x
67 56 45 34x
76 65 54 43x
13 02x
31 20x
35 24x
53 42x
14 03x
41 30x
50 47y
05 74y
Best: AND67 56 45: 3

OR
01 10 1111111 a
12 21 1110111 6
23 32 1111111 a
34 43 1001011 4
45 54 1011001 4
56 65 0010111 4
67 76 0111111 6
70 07 1111111 a

02 20 1111111 a
13 31 1111110 6
24 42 1111111 a
35 53 1011010 4
46 64 1001111 5
57 75 0111000 3
60 06 1101111 6
71 17 0111100 4

03 30 1101111 6
14 41 1111101 6
25 52 1110111 6
36 63 1001111 5
47 74 1111001 5
50 05 1111111 a
61 16 0110111 5
72 27 1111111 a

04 40 1101111 6
15 51 0110100 3
26 62 1110111 6
37 73 1111010 5

Matching output
0 absent
1 absent
2 absent
3 absent
4 absent
5 absent
6 absent
7 absent

Left
none
Best: none

Right
none
Best: none

XOR
01 10 1011011 5
12 21 1000011 3
23 32 0111101 5
34 43 0000011 2
45 54 1011001 4
56 65 0010111 4
67 76 0111111 6
70 07 1010111 5

02 20 0011000 2
13 31 1111110 6
24 42 0111110 5
35 53 1011010 4
46 64 1001110 4
57 75 0101000 2
60 06 1101000 3
71 17 0001100 2

03 30 0100101 3
14 41 1111101 6
25 52 1100111 5
36 63 1001101 4
47 74 1110001 4
50 05 1111111 a
61 16 0110011 4
72 27 1001111 5

04 40 0100110 3
15 51 0100100 2
26 62 1110000 3
37 73 1110010 4

Matching output
0 absent
1 absent
2 absent
3 absent
4 absent
5 absent
6 absent
7 absent

Left
none
Best: none

Right
none
Best: none

AND-NOT
01 1001011 4
12 0000000 a match 3 4 5 6 7
23 0110101 4
34 0000010 1
45 1001001 3
56 0010000 1 match 0
67 0000111 3 match 1
70 0010000 1 match 0

02 0001000 1 match 2
13 0110100 3
24 0110110 4
35 1001010 3
46 1001000 2
57 0000000 a match 3 4 5 6 7
60 0000000 a match 3 4 5 6 7
71 0001000 1 match 2

03 0100101 3
14 0110100 3
25 1100111 5
36 1001000 2
47 1000001 2
50 0010000 1 match 0
61 0000011 2
72 0001000 1 match 2

04 0100110 3
15 0100100 2
26 1110000 3
37 1000010 2
40 0000000 a match 3 4 5 6 7
51 0000000 a match 3 4 5 6 7
62 0000000 a match 3 4 5 6 7
73 0110000 2

05 1101111 6
16 0110000 2
27 1000111 4
30 0000000 a match 3 4 5 6 7
41 1001001 3
52 0000000 a match 3 4 5 6 7
63 0000101 2
74 0110000 2

06 1101000 3
17 0000100 1
20 0010000 1 match 0
31 1001010 3
42 0001000 1 match 2
53 0010000 1 match 0
64 0000110 2
75 0101000 2

07 1000111 4
10 0010000 1 match 0
21 1000011 3
32 0001000 1 match 2
43 0000001 1
54 0010000 1 match 0
65 0000111 3 match 1
76 0111000 3

Matching output
0 56 70 50 20 53 10 54
1 67 65
2 02 71 72 42 32
3 12 57 60 40 51 62 30 52
4 12 57 60 40 51 62 30 52
5 12 57 60 40 51 62 30 52
6 12 57 60 40 51 62 30 52
7 12 57 60 40 51 62 30 52

Left
56 67 70y
70 01x
50 61x
20 31x
53 64x
10 21x
54 65 76x
Best: AND-NOT56 67: 2

Right
12 01x
57 46x
60 57 46x
40 37x
51 40 37x
62 51 40 37x
30 27x
52 41x
Best: AND-NOT62 51 40: 3

OR-NOT
01 1101111 6
12 0111100 4
23 1110111 6
34 1111110 6
45 1101111 6
56 1111000 4
67 1000111 4
70 0111000 3

02 1101111 6
13 0110101 4
24 1110111 6
35 1101111 6
46 1111001 5
57 1010111 5
60 0010111 4
71 1111011 6

03 1111111 a
14 0110110 4
25 1111111 a
36 1111010 5
47 1001111 5
50 0010000 1 match 0
61 1001111 5
72 0111000 3

04 1111111 a
15 1111111 a
26 1111111 a
37 1001111 5
40 1011001 4
51 1011011 5
62 0001111 4
73 0111101 5

05 1101111 6
16 1111100 5
27 1110111 6
30 1011010 4
41 1001011 4
52 0011000 2
63 0110111 5
74 0111110 5

06 1111111 a
17 1110111 6
20 1110111 6
31 1001011 4
42 1001001 3
53 0110101 4
64 0110111 5
75 1111111 a

07 1101111 6
10 0110100 3
21 1111111 a
32 1001010 3
43 1111101 6
54 0110110 4
65 1101111 6
76 1111000 4

Matching output
0 50
1 absent
2 absent
3 absent
4 absent
5 absent
6 absent
7 absent

Left
50 61x
Best: OR-NOT50: 1

Right
none
Best: none

XOR-NOT
01 0100100 2
12 0111100 4
23 1000010 2
34 1111100 5
45 0100110 3
56 1101000 3
67 1000000 1
70 0101000 2

02 1100111 5
13 0000001 1
24 1000001 2
35 0100101 3
46 0110001 3
57 1010111 5
60 0010111 4
71 1110011 5

03 1011010 4
14 0000010 1
25 0011000 2
36 0110010 3
47 0001110 3
50 0000000 a match 3 4 5 6 7
61 1001100 3
72 0110000 2

04 1011001 4
15 1011011 5
26 0001111 4
37 0001101 3
40 1011001 4
51 1011011 5
62 0001111 4
73 0001101 3

05 0000000 a match 3 4 5 6 7
16 1001100 3
27 0110000 2
30 1011010 4
41 0000010 1
52 0011000 2
63 0110010 3
74 0001110 3

06 0010111 4
17 1110011 5
20 1100111 5
31 0000001 1
42 1000001 2
53 0100101 3
64 0110001 3
75 1010111 5

07 0101000 2
10 0100100 2
21 0111100 4
32 1000010 2
43 1111100 5
54 0100110 3
65 1101000 3
76 1000000 1

Matching output
0 absent
1 absent
2 absent
3 50 05
4 50 05
5 50 05
6 50 05
7 50 05

Left
none
Best: none

Right
50 47x
05 74x
Best: XOR-NOT50: 1

Selecting

Lefts
Identity I5 6: 2
NOT NOT0: 1
Constant none
AND AND15 26 37: 3
OR none
XOR none
AND-NOT AND-NOT56 67: 2
OR-NOT OR-NOT50: 1
XOR-NOT none

Rights
Identity none
NOT none
Constant C0 0 0 0 0: 5
AND AND67 56 45: 3
OR none
XOR none
AND-NOT AND-NOT62 51 40: 3
OR-NOT none
XOR-NOT XOR-NOT50: 1

Left longest: 3
Right longest: 5

Right winner: Identity no, NOT no, Constant yes, AND no, OR no, XOR no, AND-NOT no, OR-NOT no, XOR-NOT no
Left winner: Identity no, NOT no, Constant no, AND yes, OR no, XOR no, AND-NOT no, OR-NOT no, XOR-NOT no

Best right: C0 0 0 0 0: 5
Best left: AND15 26 37: 3

Truncated right: C0 0 0 0 0: 5
Truncated left: AND15 26 37: 3

Tentative from right
7 C0
6 C0
5 C0
4 C0
3 C0
2 pending
1 pending
0 pending

Tentative
0 AND15
1 AND26
2 AND37
3 C0
4 C0
5 C0
6 C0
7 C0

Preferred from right
7 C0
6 C0
5 C0
4 C0
3 C0
2 AND37
1 AND26
0 AND15

Preferred from left
0 AND15
1 AND26
2 AND37
3 C0
4 C0
5 C0
6 C0
7 C0

Preferred
0 AND15
1 AND26
2 AND37
3 C0
4 C0
5 C0
6 C0
7 C0

Matching
0 AND15
1 AND26
2 AND37
3 C0
4 C0
5 C0
6 C0
7 C0

Perfect match
Identity no
NOT no
Constant no
AND no
OR no
XOR no
AND-NOT no
OR-NOT no
XOR-NOT no

Matched
0 AND15
1 AND26
2 AND37
3 C0
4 C0
5 C0
6 C0
7 C0

Selected
0 AND15
1 AND26
2 AND37
3 C0
4 C0
5 C0
6 C0
7 C0

Applying to 01001111
Input
0 0
1 1
2 0
3 0
4 1
5 1
6 1
7 1
Output
0 AND15 = AND(1,1) = 1
1 AND26 = AND(0,1) = 0
2 AND37 = AND(0,1) = 0
3 C0 = 0
4 C0 = 0
5 C0 = 0
6 C0 = 0
7 C0 = 0

I will now return the answer in \boxed{}
The answer in \boxed{–} is \boxed{10000000}