We need to deduce the transformation by matching the example outputs.
I will put my final answer inside \boxed{}.

Output 0: 01110111
0 0
1 1
2 1
3 1
4 0
5 1
6 1
7 1

Output 1: 00000000
0 0
1 0
2 0
3 0
4 0
5 0
6 0
7 0

Output 2: 00010001
0 0
1 0
2 0
3 1
4 0
5 0
6 0
7 1

Output 3: 00100010
0 0
1 0
2 1
3 0
4 0
5 0
6 1
7 0

Output 4: 00100010
0 0
1 0
2 1
3 0
4 0
5 0
6 1
7 0

Output 5: 00000000
0 0
1 0
2 0
3 0
4 0
5 0
6 0
7 0

Output 6: 10001000
0 1
1 0
2 0
3 0
4 1
5 0
6 0
7 0

Output 7: 00000000
0 0
1 0
2 0
3 0
4 0
5 0
6 0
7 0

Output bit columns (with bitsum as hash)
0 00000010 1
1 10000000 1
2 10011000 3
3 10100000 2
4 00000010 1
5 10000000 1
6 10011000 3
7 10100000 2

Input 0: 11111110
0 1
1 1
2 1
3 1
4 1
5 1
6 1
7 0

Input 1: 00100000
0 0
1 0
2 1
3 0
4 0
5 0
6 0
7 0

Input 2: 00100010
0 0
1 0
2 1
3 0
4 0
5 0
6 1
7 0

Input 3: 01000111
0 0
1 1
2 0
3 0
4 0
5 1
6 1
7 1

Input 4: 01001101
0 0
1 1
2 0
3 0
4 1
5 1
6 0
7 1

Input 5: 00110100
0 0
1 0
2 1
3 1
4 0
5 1
6 0
7 0

Input 6: 01010011
0 0
1 1
2 0
3 1
4 0
5 0
6 1
7 1

Input 7: 01111000
0 0
1 1
2 1
3 1
4 1
5 0
6 0
7 0

When matching output
x: not in operator
y: wrong position

Identity
0 10000000 1 match 1 5
1 10011011 5
2 11100101 5
3 10000111 4
4 10001001 3
5 10011100 4
6 10110010 4
7 00011010 3

Matching output
0 absent
1 0
2 absent
3 absent
4 absent
5 0
6 absent
7 absent

Left
none
Best: none

Right
none
Best: none

NOT
0 01111111 7
1 01100100 3
2 00011010 3
3 01111000 4
4 01110110 5
5 01100011 4
6 01001101 4
7 11100101 5

Matching output
0 absent
1 absent
2 absent
3 absent
4 absent
5 absent
6 absent
7 absent

Left
none
Best: none

Right
none
Best: none

Constant
0 00000000 a
1 11111111 a

Matching output
0 absent
1 absent
2 absent
3 absent
4 absent
5 absent
6 absent
7 absent

Left
none
Best: none

Right
none
Best: none

AND
01 10 10000000 1 match 1 5
12 21 10000001 2
23 32 10000101 3
34 43 10000001 2
45 54 10001000 2
56 65 10010000 2
67 76 00010010 2
70 07 00000000 a

02 20 10000000 1 match 1 5
13 31 10000011 3
24 42 10000001 2
35 53 10000100 2
46 64 10000000 1 match 1 5
57 75 00011000 2
60 06 10000000 1 match 1 5
71 17 00011010 3

03 30 10000000 1 match 1 5
14 41 10001001 3
25 52 10000100 2
36 63 10000010 2
47 74 00001000 1
50 05 10000000 1 match 1 5
61 16 10010010 3
72 27 00000000 a

04 40 10000000 1 match 1 5
15 51 10011000 3 match 2 6
26 62 10100000 2 match 3 7
37 73 00000010 1 match 0 4

Matching output
0 37 73
1 01 10 02 20 46 64 60 06 03 30 50 05 04 40
2 15 51
3 26 62
4 37 73
5 01 10 02 20 46 64 60 06 03 30 50 05 04 40
6 15 51
7 26 62

Left
37 40 51 62 73 04 15 26
73 04 15 26 37 40 51 62
Best: AND37 40 51 62 73 04 15 26: 8

Right
26 15 04 73 62 51 40 37
62 51 40 37 26 15 04 73
Best: AND26 15 04 73 62 51 40 37: 8

OR
01 10 10011011 5
12 21 11111111 a
23 32 11100111 6
34 43 10001111 5
45 54 10011101 5
56 65 10111110 6
67 76 10111010 5
70 07 10011010 4

02 20 11100101 5
13 31 10011111 6
24 42 11101101 6
35 53 10011111 6
46 64 10111011 6
57 75 10011110 5
60 06 10110010 4
71 17 10011011 5

03 30 10000111 4
14 41 10011011 5
25 52 11111101 7
36 63 10110111 6
47 74 10011011 5
50 05 10011100 4
61 16 10111011 6
72 27 11111111 a

04 40 10001001 3
15 51 10011111 6
26 62 11110111 7
37 73 10011111 6

Matching output
0 absent
1 absent
2 absent
3 absent
4 absent
5 absent
6 absent
7 absent

Left
none
Best: none

Right
none
Best: none

XOR
01 10 00011011 4
12 21 01111110 6
23 32 01100010 3
34 43 00001110 3
45 54 00010101 3
56 65 00101110 4
67 76 10101000 3
70 07 10011010 4

02 20 01100101 4
13 31 00011100 3
24 42 01101100 4
35 53 00011011 4
46 64 00111011 5
57 75 10000110 3
60 06 00110010 3
71 17 10000001 2

03 30 00000111 3
14 41 00010010 2
25 52 01111001 5
36 63 00110101 4
47 74 10010011 4
50 05 00011100 3
61 16 00101001 3
72 27 11111111 a

04 40 00001001 2
15 51 00000111 3
26 62 01010111 5
37 73 10011101 5

Matching output
0 absent
1 absent
2 absent
3 absent
4 absent
5 absent
6 absent
7 absent

Left
none
Best: none

Right
none
Best: none

AND-NOT
01 00000000 a
12 00011010 3
23 01100000 2
34 00000110 2
45 00000001 1
56 00001100 2
67 10100000 2 match 3 7
70 00011010 3

02 00000000 a
13 00011000 2
24 01100100 3
35 00000011 2
46 00001001 2
57 10000100 2
60 00110010 3
71 00000000 a

03 00000000 a
14 00010010 2
25 01100001 3
36 00000101 2
47 10000001 2
50 00011100 3
61 00100000 1
72 00011010 3

04 00000000 a
15 00000011 2
26 01000101 3
37 10000101 3
40 00001001 2
51 00000100 1
62 00010010 2
73 00011000 2

05 00000000 a
16 00001001 2
27 11100101 5
30 00000111 3
41 00000000 a
52 00011000 2
63 00110000 2
74 00010010 2

06 00000000 a
17 10000001 2
20 01100101 4
31 00000100 1
42 00001000 1
53 00011000 2
64 00110010 3
75 00000010 1 match 0 4

07 10000000 1 match 1 5
10 00011011 4
21 01100100 3
32 00000010 1 match 0 4
43 00001000 1
54 00010100 2
65 00100010 2
76 00001000 1

Matching output
0 75 32
1 07
2 absent
3 67
4 75 32
5 07
6 absent
7 67

Left
75 06x
32 43x
Best: AND-NOT75: 1

Right
67 56x
Best: AND-NOT67: 1

OR-NOT
01 11100100 4
12 10011011 5
23 11111101 7
34 11110111 7
45 11101011 6
56 11011101 6
67 11110111 7
70 01111111 7

02 10011010 4
13 11111011 7
24 11110111 7
35 11100111 6
46 11001101 5
57 11111101 7
60 11111111 a
71 01111110 6

03 11111000 5
14 11111111 a
25 11100111 6
36 11001111 6
47 11101101 6
50 11111111 a
61 11110110 6
72 00011010 3

04 11110110 6
15 11111011 7
26 11101101 6
37 11100111 6
40 11111111 a
51 11111100 6
62 10111010 5
73 01111010 5

05 11100011 5
16 11011111 7
27 11100101 5
30 11111111 a
41 11101101 6
52 10011110 5
63 11111010 6
74 01111110 6

06 11001101 5
17 11111111 a
20 11111111 a
31 11100111 6
42 10011011 5
53 11111100 6
64 11110110 6
75 01111011 6

07 11100101 5
10 11111111 a
21 11100101 5
32 10011111 6
43 11111001 6
54 11111110 7
65 11110011 6
76 01011111 6

Matching output
0 absent
1 absent
2 absent
3 absent
4 absent
5 absent
6 absent
7 absent

Left
none
Best: none

Right
none
Best: none

XOR-NOT
01 11100100 4
12 10000001 2
23 10011101 5
34 11110001 5
45 11101010 5
56 11010001 4
67 01010111 5
70 01100101 4

02 10011010 4
13 11100011 5
24 10010011 4
35 11100100 4
46 11000100 3
57 01111001 5
60 11001101 5
71 01111110 6

03 11111000 5
14 11101101 6
25 10000110 3
36 11001010 4
47 01101100 4
50 11100011 5
61 11010110 5
72 00000000 a

04 11110110 6
15 11111000 5
26 10101000 3
37 01100010 3
40 11110110 6
51 11111000 5
62 10101000 3
73 01100010 3

05 11100011 5
16 11010110 5
27 00000000 a
30 11111000 5
41 11101101 6
52 10000110 3
63 11001010 4
74 01101100 4

06 11001101 5
17 01111110 6
20 10011010 4
31 11100011 5
42 10010011 4
53 11100100 4
64 11000100 3
75 01111001 5

07 01100101 4
10 11100100 4
21 10000001 2
32 10011101 5
43 11110001 5
54 11101010 5
65 11010001 4
76 01010111 5

Matching output
0 absent
1 absent
2 absent
3 absent
4 absent
5 absent
6 absent
7 absent

Left
none
Best: none

Right
none
Best: none

Selecting

Lefts
Identity none
NOT none
Constant none
AND AND37 40 51 62 73 04 15 26: 8
OR none
XOR none
AND-NOT AND-NOT75: 1
OR-NOT none
XOR-NOT none

Rights
Identity none
NOT none
Constant none
AND AND26 15 04 73 62 51 40 37: 8
OR none
XOR none
AND-NOT AND-NOT67: 1
OR-NOT none
XOR-NOT none

Left longest: 8
Right longest: 8

Left winner: Identity no, NOT no, Constant no, AND yes, OR no, XOR no, AND-NOT no, OR-NOT no, XOR-NOT no
Right winner: Identity no, NOT no, Constant no, AND yes, OR no, XOR no, AND-NOT no, OR-NOT no, XOR-NOT no

Best left: AND37 40 51 62 73 04 15 26: 8
Best right: AND26 15 04 73 62 51 40 37: 8

Truncated left: AND37 40 51 62 73 04 15 26: 8
Truncated right: none truncated

Tentative from right
7 pending
6 pending
5 pending
4 pending
3 pending
2 pending
1 pending
0 pending

Tentative
0 AND37
1 AND40
2 AND51
3 AND62
4 AND73
5 AND04
6 AND15
7 AND26

Preferred from left
0 AND37
1 AND40
2 AND51
3 AND62
4 AND73
5 AND04
6 AND15
7 AND26

Preferred from right
7 AND26
6 AND15
5 AND04
4 AND73
3 AND62
2 AND51
1 AND40
0 AND37

Preferred
0 AND37
1 AND40
2 AND51
3 AND62
4 AND73
5 AND04
6 AND15
7 AND26

Matching
0 AND37
1 AND40
2 AND51
3 AND62
4 AND73
5 AND04
6 AND15
7 AND26

Perfect match
Identity no
NOT no
Constant no
AND no
OR no
XOR no
AND-NOT no
OR-NOT no
XOR-NOT no

Matched
0 AND37
1 AND40
2 AND51
3 AND62
4 AND73
5 AND04
6 AND15
7 AND26

Selected
0 AND37
1 AND40
2 AND51
3 AND62
4 AND73
5 AND04
6 AND15
7 AND26

Applying to 00101111
Input
0 0
1 0
2 1
3 0
4 1
5 1
6 1
7 1
Output
0 AND37 = AND(0,1) = 0
1 AND40 = AND(1,0) = 0
2 AND51 = AND(1,0) = 0
3 AND62 = AND(1,1) = 1
4 AND73 = AND(1,0) = 0
5 AND04 = AND(0,1) = 0
6 AND15 = AND(0,1) = 0
7 AND26 = AND(1,1) = 1

I will now return the answer in \boxed{}
The answer in \boxed{–} is \boxed{00010001}