We need to deduce the transformation by matching the example outputs.
I will put my final answer inside \boxed{}.

Output 0: 00100011
0 0
1 0
2 1
3 0
4 0
5 0
6 1
7 1

Output 1: 01100000
0 0
1 1
2 1
3 0
4 0
5 0
6 0
7 0

Output 2: 00000001
0 0
1 0
2 0
3 0
4 0
5 0
6 0
7 1

Output 3: 01100010
0 0
1 1
2 1
3 0
4 0
5 0
6 1
7 0

Output 4: 01100000
0 0
1 1
2 1
3 0
4 0
5 0
6 0
7 0

Output 5: 00000001
0 0
1 0
2 0
3 0
4 0
5 0
6 0
7 1

Output 6: 10000001
0 1
1 0
2 0
3 0
4 0
5 0
6 0
7 1

Output 7: 11000000
0 1
1 1
2 0
3 0
4 0
5 0
6 0
7 0

Output bit columns (with bitsum as hash)
0 00000011 2
1 01011001 4
2 11011000 4
3 00000000 a
4 00000000 a
5 00000000 a
6 10010000 2
7 10100110 4

Input 0: 11110001
0 1
1 1
2 1
3 1
4 0
5 0
6 0
7 1

Input 1: 00001011
0 0
1 0
2 0
3 0
4 1
5 0
6 1
7 1

Input 2: 01010000
0 0
1 1
2 0
3 1
4 0
5 0
6 0
7 0

Input 3: 10110011
0 1
1 0
2 1
3 1
4 0
5 0
6 1
7 1

Input 4: 00010011
0 0
1 0
2 0
3 1
4 0
5 0
6 1
7 1

Input 5: 01101000
0 0
1 1
2 1
3 0
4 1
5 0
6 0
7 0

Input 6: 01011100
0 0
1 1
2 0
3 1
4 1
5 1
6 0
7 0

Input 7: 00111110
0 0
1 0
2 1
3 1
4 1
5 1
6 1
7 0

When matching output
x: not in operator
y: wrong position

Identity
0 10010000 2 match 6
1 10100110 4 match 7
2 10010101 4
3 10111011 6
4 01000111 4
5 00000011 2 match 0
6 01011001 4 match 1
7 11011000 4 match 2

Matching output
0 5
1 6
2 7
3 absent
4 absent
5 absent
6 0
7 1

Left
5 6 7 0y
Best: I5 6 7: 3

Right
1 0 7y
Best: I1 0: 2

NOT
0 01101111 6
1 01011001 4 match 1
2 01101010 4
3 01000100 2
4 10111000 4
5 11111100 6
6 10100110 4 match 7
7 00100111 4

Matching output
0 absent
1 1
2 absent
3 absent
4 absent
5 absent
6 absent
7 6

Left
none
Best: none

Right
6 5x
Best: NOT6: 1

Constant
0 00000000 a match 3 4 5
1 11111111 a

Matching output
0 absent
1 absent
2 absent
3 C0
4 C0
5 C0
6 absent
7 absent

Left
none
Best: none

Right
none
Best: none

AND
01 10 10000000 1
12 21 10000100 2
23 32 10010001 3
34 43 00000011 2 match 0
45 54 00000011 2 match 0
56 65 00000001 1
67 76 01011000 3
70 07 10010000 2 match 6

02 20 10010000 2 match 6
13 31 10100010 3
24 42 00000101 2
35 53 00000011 2 match 0
46 64 01000001 2
57 75 00000000 a match 3 4 5
60 06 00010000 1
71 17 10000000 1

03 30 10010000 2 match 6
14 41 00000110 2
25 52 00000001 1
36 63 00011001 3
47 74 01000000 1
50 05 00000000 a match 3 4 5
61 16 00000000 a match 3 4 5
72 27 10010000 2 match 6

04 40 00000000 a match 3 4 5
15 51 00000010 1
26 62 00010001 2
37 73 10011000 3

Matching output
0 34 43 45 54 35 53
1 absent
2 absent
3 57 75 50 05 61 16 04 40
4 57 75 50 05 61 16 04 40
5 57 75 50 05 61 16 04 40
6 70 07 02 20 03 30 72 27
7 absent

Left
34 45y
43 54y
45 56x
54 65x
35 46x
53 64x
Best: AND34: 1

Right
none
Best: none

OR
01 10 10110110 5
12 21 10110111 6
23 32 10111111 7
34 43 11111111 a
45 54 01000111 4
56 65 01011011 5
67 76 11011001 5
70 07 11011000 4 match 2

02 20 10010101 4
13 31 10111111 7
24 42 11010111 6
35 53 10111011 6
46 64 01011111 6
57 75 11011011 6
60 06 11011001 5
71 17 11111110 7

03 30 10111011 6
14 41 11100111 6
25 52 10010111 5
36 63 11111011 7
47 74 11011111 7
50 05 10010011 4
61 16 11111111 a
72 27 11011101 6

04 40 11010111 6
15 51 10100111 5
26 62 11011101 6
37 73 11111011 7

Matching output
0 absent
1 absent
2 70 07
3 absent
4 absent
5 absent
6 absent
7 absent

Left
none
Best: none

Right
none
Best: none

XOR
01 10 00110110 4
12 21 00110011 4
23 32 00101110 4
34 43 11111100 6
45 54 01000100 2
56 65 01011010 4
67 76 10000001 2
70 07 01001000 2

02 20 00000101 2
13 31 00011101 4
24 42 11010010 4
35 53 10111000 4
46 64 00011110 4
57 75 11011011 6
60 06 11001001 4
71 17 01111110 6

03 30 00101011 4
14 41 11100001 4
25 52 10010110 4
36 63 11100010 4
47 74 10011111 6
50 05 10010011 4
61 16 11111111 a
72 27 01001101 4

04 40 11010111 6
15 51 10100101 4
26 62 11001100 4
37 73 01100011 4

Matching output
0 absent
1 absent
2 absent
3 absent
4 absent
5 absent
6 absent
7 absent

Left
none
Best: none

Right
none
Best: none

AND-NOT
01 00010000 1
12 00100010 2
23 00000100 1
34 10111000 4
45 01000100 2
56 00000010 1
67 00000001 1
70 01001000 2

02 00000000 a match 3 4 5
13 00000100 1
24 10010000 2 match 6
35 10111000 4
46 00000110 2
57 00000011 2 match 0
60 01001001 3
71 01011000 3

03 00000000 a match 3 4 5
14 10100000 2
25 10010100 3
36 10100010 3
47 00000111 3
50 00000011 2 match 0
61 01011001 4 match 1
72 01001000 2

04 10010000 2 match 6
15 10100100 3
26 10000100 2
37 00100011 3
40 01000111 4
51 00000001 1
62 01001000 2
73 01000000 1

05 10010000 2 match 6
16 10100110 4 match 7
27 00000101 2
30 00101011 4
41 01000001 2
52 00000010 1
63 01000000 1
74 10011000 3

06 10000000 1
17 00100110 3
20 00000101 2
31 00011001 3
42 01000010 2
53 00000000 a match 3 4 5
64 00011000 2
75 11011000 4 match 2

07 00000000 a match 3 4 5
10 00100110 3
21 00010001 2
32 00101010 3
43 01000100 2
54 00000000 a match 3 4 5
65 01011000 3
76 10000000 1

Matching output
0 57 50
1 61
2 75
3 02 03 53 07 54
4 02 03 53 07 54
5 02 03 53 07 54
6 24 04 05
7 16

Left
57 60x
50 61 72x
Best: AND-NOT50 61: 2

Right
16 05 74x
Best: AND-NOT16 05: 2

OR-NOT
01 11011001 5
12 11101110 6
23 11010101 5
34 10111011 6
45 11111111 a
56 10100111 5
67 01111111 7
70 11111111 a

02 11111010 6
13 11100110 5
24 10111101 6
35 11111111 a
46 11100111 6
57 00100111 4
60 01111111 7
71 11011001 5

03 11010100 4
14 10111110 6
25 11111101 7
36 10111111 7
47 01100111 5
50 01101111 6
61 01011001 4 match 1
72 11111010 6

04 10111000 4
15 11111110 7
26 10110111 6
37 10111111 7
40 01101111 6
51 01011011 5
62 01111011 6
73 11011100 5

05 11111100 6
16 10100110 4 match 7
27 10110111 6
30 11111111 a
41 01011111 6
52 01101011 5
63 01011101 5
74 11111000 5

06 10110110 5
17 10100111 5
20 11111111 a
31 11111011 7
42 01101111 6
53 01000111 4
64 11111001 6
75 11111100 6

07 10110111 6
10 11101111 7
21 11011101 6
32 11111011 7
43 01000111 4
54 10111011 6
65 11111101 7
76 11111110 7

Matching output
0 absent
1 61
2 absent
3 absent
4 absent
5 absent
6 absent
7 16

Left
none
Best: none

Right
16 05x
Best: OR-NOT16: 1

XOR-NOT
01 11001001 4
12 11001100 4
23 11010001 4
34 00000011 2 match 0
45 10111011 6
56 10100101 4
67 01111110 6
70 10110111 6

02 11111010 6
13 11100010 4
24 00101101 4
35 01000111 4
46 11100001 4
57 00100100 2
60 00110110 4
71 10000001 2

03 11010100 4
14 00011110 4
25 01101001 4
36 00011101 4
47 01100000 2
50 01101100 4
61 00000000 a match 3 4 5
72 10110010 4

04 00101000 2
15 01011010 4
26 00110011 4
37 10011100 4
40 00101000 2
51 01011010 4
62 00110011 4
73 10011100 4

05 01101100 4
16 00000000 a match 3 4 5
27 10110010 4
30 11010100 4
41 00011110 4
52 01101001 4
63 00011101 4
74 01100000 2

06 00110110 4
17 10000001 2
20 11111010 6
31 11100010 4
42 00101101 4
53 01000111 4
64 11100001 4
75 00100100 2

07 10110111 6
10 11001001 4
21 11001100 4
32 11010001 4
43 00000011 2 match 0
54 10111011 6
65 10100101 4
76 01111110 6

Matching output
0 34 43
1 absent
2 absent
3 61 16
4 61 16
5 61 16
6 absent
7 absent

Left
34 45x
43 54x
Best: XOR-NOT34: 1

Right
none
Best: none

Selecting

Lefts
Identity I5 6 7: 3
NOT none
Constant none
AND AND34: 1
OR none
XOR none
AND-NOT AND-NOT50 61: 2
OR-NOT none
XOR-NOT XOR-NOT34: 1

Rights
Identity I1 0: 2
NOT NOT6: 1
Constant none
AND none
OR none
XOR none
AND-NOT AND-NOT16 05: 2
OR-NOT OR-NOT16: 1
XOR-NOT none

Left longest: 3
Right longest: 2

Left winner: Identity yes, NOT no, Constant no, AND no, OR no, XOR no, AND-NOT no, OR-NOT no, XOR-NOT no
Right winner: Identity yes, NOT no, Constant no, AND no, OR no, XOR no, AND-NOT no, OR-NOT no, XOR-NOT no

Best left: I5 6 7: 3
Best right: I1 0: 2

Truncated left: I5 6 7: 3
Truncated right: I1 0: 2

Tentative from right
7 I1
6 I0
5 pending
4 pending
3 pending
2 pending
1 pending
0 pending

Tentative
0 I5
1 I6
2 I7
3 pending
4 pending
5 pending
6 I0
7 I1

Preferred from left
0 I5
1 I6
2 I7
3 ?0?
4 ?1?
5 ?2?
6 I0
7 I1

Preferred from right
7 I1
6 I0
5 ?27
4 ?16
3 ?05
2 I7
1 I6
0 I5

Preferred
0 I5
1 I6
2 I7
3 ?05 ?50
4 ?16 ?61
5 ?27 ?72
6 I0
7 I1

Matching
0 I5
1 I6
2 I7
3 ?05 ?50 - Identity absent, NOT absent, Constant C0, AND05, OR absent, XOR absent, AND-NOT absent, OR-NOT absent, XOR-NOT absent
4 ?16 ?61 - Identity absent, NOT absent, Constant C0, AND16, OR absent, XOR absent, AND-NOT absent, OR-NOT absent, XOR-NOT16
5 ?27 ?72 - Identity absent, NOT absent, Constant C0, AND absent, OR absent, XOR absent, AND-NOT absent, OR-NOT absent, XOR-NOT absent
6 I0
7 I1

Perfect match
Identity no
NOT no
Constant yes
AND no
OR no
XOR no
AND-NOT no
OR-NOT no
XOR-NOT no

Matched
0 I5
1 I6
2 I7
3 C0
4 C0
5 C0
6 I0
7 I1

Selected
0 I5
1 I6
2 I7
3 C0
4 C0
5 C0
6 I0
7 I1

Applying to 01000101
Input
0 0
1 1
2 0
3 0
4 0
5 1
6 0
7 1
Output
0 I5 = 1
1 I6 = 0
2 I7 = 1
3 C0 = 0
4 C0 = 0
5 C0 = 0
6 I0 = 0
7 I1 = 1

I will now return the answer in \boxed{}
The answer in \boxed{–} is \boxed{10100001}