We need to deduce the transformation by matching the example outputs.
I will put my final answer inside \boxed{}.

Output 0: 00111110
0 0
1 0
2 1
3 1
4 1
5 1
6 1
7 0

Output 1: 00010010
0 0
1 0
2 0
3 1
4 0
5 0
6 1
7 0

Output 2: 10001010
0 1
1 0
2 0
3 0
4 1
5 0
6 1
7 0

Output 3: 10011000
0 1
1 0
2 0
3 1
4 1
5 0
6 0
7 0

Output 4: 00110110
0 0
1 0
2 1
3 1
4 0
5 1
6 1
7 0

Output 5: 10011100
0 1
1 0
2 0
3 1
4 1
5 1
6 0
7 0

Output 6: 11111101
0 1
1 1
2 1
3 1
4 1
5 1
6 0
7 1

Output 7: 10110100
0 1
1 0
2 1
3 1
4 0
5 1
6 0
7 0

Output 8: 01101101
0 0
1 1
2 1
3 0
4 1
5 1
6 0
7 1

Output 9: 01000111
0 0
1 1
2 0
3 0
4 0
5 1
6 1
7 1

Output bit columns (with bitsum as hash)
0 0011011100 5
1 0000001011 3
2 1000101110 5
3 1101111100 7
4 1011011010 6
5 1000111111 7
6 1110100001 5
7 0000001011 3

Input 0: 00011111
0 0
1 0
2 0
3 1
4 1
5 1
6 1
7 1

Input 1: 00001001
0 0
1 0
2 0
3 0
4 1
5 0
6 0
7 1

Input 2: 11000110
0 1
1 1
2 0
3 0
4 0
5 1
6 1
7 0

Input 3: 11001111
0 1
1 1
2 0
3 0
4 1
5 1
6 1
7 1

Input 4: 10011001
0 1
1 0
2 0
3 1
4 1
5 0
6 0
7 1

Input 5: 11001101
0 1
1 1
2 0
3 0
4 1
5 1
6 0
7 1

Input 6: 01111111
0 0
1 1
2 1
3 1
4 1
5 1
6 1
7 1

Input 7: 01011011
0 0
1 1
2 0
3 1
4 1
5 0
6 1
7 1

Input 8: 10110100
0 1
1 0
2 1
3 1
4 0
5 1
6 0
7 0

Input 9: 10100001
0 1
1 0
2 1
3 0
4 0
5 0
6 0
7 1

When matching output
x: not in operator
y: wrong position

Identity
0 0011110011 6
1 0011011100 5 match 0
2 0000001011 3 match 1 7
3 1000101110 5 match 2
4 1101111100 7 match 3
5 1011011010 6 match 4
6 1011001100 5
7 1101111101 8

Matching output
0 1
1 2
2 3
3 4
4 5
5 absent
6 absent
7 2

Left
1 2 3 4 5 6x
Best: I1 2 3 4 5: 5

Right
2 1y
Best: I2: 1

NOT
0 1100001100 4
1 1100100011 5
2 1111110100 7
3 0111010001 5
4 0010000011 3
5 0100100101 4
6 0100110011 5
7 0010000010 2

Matching output
0 absent
1 absent
2 absent
3 absent
4 absent
5 absent
6 absent
7 absent

Left
none
Best: none

Right
none
Best: none

Constant
0 0000000000 a
1 1111111111 a

Matching output
0 absent
1 absent
2 absent
3 absent
4 absent
5 absent
6 absent
7 absent

Left
none
Best: none

Right
none
Best: none

AND
01 10 0011010000 3
12 21 0000001000 1
23 32 0000001010 2
34 43 1000101100 4
45 54 1001011000 4
56 65 1011001000 4
67 76 1001001100 4
70 07 0001110001 4

02 20 0000000011 2
13 31 0000001100 2
24 42 0000001000 1
35 53 1000001010 3
46 64 1001001100 4
57 75 1001011000 4
60 06 0011000000 2
71 17 0001011100 4

03 30 0000100010 2
14 41 0001011100 4
25 52 0000001010 2
36 63 1000001100 3
47 74 1101111100 7 match 3
50 05 0011010010 4
61 16 0011001100 4
72 27 0000001001 2

04 40 0001110000 3
15 51 0011011000 4
26 62 0000001000 1
37 73 1000101100 4

Matching output
0 absent
1 absent
2 absent
3 47 74
4 absent
5 absent
6 absent
7 absent

Left
none
Best: none

Right
none
Best: none

OR
01 10 0011111111 8
12 21 0011011111 7
23 32 1000101111 6
34 43 1101111110 8
45 54 1111111110 9
56 65 1011011110 7
67 76 1111111101 9
70 07 1111111111 a

02 20 0011111011 7
13 31 1011111110 8
24 42 1101111111 9
35 53 1011111110 8
46 64 1111111100 8
57 75 1111111111 a
60 06 1011111111 9
71 17 1111111101 9

03 30 1011111111 9
14 41 1111111100 8
25 52 1011011011 7
36 63 1011101110 7
47 74 1101111101 8
50 05 1011111011 8
61 16 1011011100 6
72 27 1101111111 9

04 40 1111111111 a
15 51 1011011110 7
26 62 1011001111 7
37 73 1101111111 9

Matching output
0 absent
1 absent
2 absent
3 absent
4 absent
5 absent
6 absent
7 absent

Left
none
Best: none

Right
none
Best: none

XOR
01 10 0000101111 5
12 21 0011010111 6
23 32 1000100101 4
34 43 0101010010 4
45 54 0110100110 5
56 65 0000010110 3
67 76 0110110001 5
70 07 1110001110 6

02 20 0011111000 5
13 31 1011110010 6
24 42 1101110111 8
35 53 0011110100 5
46 64 0110110000 4
57 75 0110100111 6
60 06 1000111111 7 match 5
71 17 1110100001 5 match 6

03 30 1011011101 7
14 41 1110100000 4
25 52 1011010001 5
36 63 0011100010 4
47 74 0000000001 1
50 05 1000101001 4
61 16 1000010000 2
72 27 1101110110 7

04 40 1110001111 7
15 51 1000000110 3
26 62 1011000111 6
37 73 0101010011 5

Matching output
0 absent
1 absent
2 absent
3 absent
4 absent
5 60 06
6 71 17
7 absent

Left
none
Best: none

Right
none
Best: none

AND-NOT
01 0000100011 3
12 0011010100 4
23 0000000001 1
34 0000000010 1
45 0100100100 3
56 0000010010 2
67 0010000000 1
70 1100001100 4

02 0011110000 4
13 0011010000 3
24 0000000011 2
35 0000100100 2
46 0100110000 3
57 0010000010 2
60 1000001100 3
71 1100100001 4

03 0011010001 4
14 0010000000 1
25 0000000001 1
36 0000100010 2
47 0000000000 a
50 1000001000 2
61 1000000000 1
72 1101110100 6

04 0010000011 3
15 0000000100 1
26 0000000011 2
37 0000000010 1
40 1100001100 4
51 1000000010 2
62 1011000100 4
73 0101010001 4

05 0000100001 2
16 0000010000 1
27 0000000010 1
30 1000001100 3
41 1100100000 3
52 1011010000 4
63 0011000000 2
74 0000000001 1

06 0000110011 4
17 0010000000 1
20 0000001000 1
31 1000100010 3
42 1101110100 6
53 0011010000 3
64 0010000000 1
75 0100100101 4

07 0010000010 2
10 0000001100 2
21 0000000011 2
32 1000100100 3
43 0101010000 3
54 0010000010 2
65 0000000100 1
76 0100110001 4

Matching output
0 absent
1 absent
2 absent
3 absent
4 absent
5 absent
6 absent
7 absent

Left
none
Best: none

Right
none
Best: none

OR-NOT
01 1111110011 8
12 1111111100 8
23 0111011011 7
34 1010101111 7
45 1101111101 8
56 1111111011 9
67 1011001110 6
70 1101111101 8

02 1111110111 9
13 0111011101 7
24 0010001011 4
35 1100101111 7
46 1101111111 9
57 1011011010 6 match 4
60 1111001100 6
71 1101111111 9

03 0111110011 7
14 0011011111 7
25 0100101111 6
36 1100111111 8
47 1111111110 9
50 1111011110 8
61 1111101111 9
72 1111111101 9

04 0011110011 6
15 0111111101 8
26 0100111011 6
37 1010101110 6
40 1101111100 7 match 3
51 1111111011 9
62 1111111100 8
73 1111111101 9

05 0111110111 8
16 0111111111 9
27 0010001011 4
30 1100101110 6
41 1101111111 9
52 1111111110 9
63 1111011101 8
74 1111111111 a

06 0111110011 7
17 0011011110 6
20 1100001111 6
31 1100101111 7
42 1111111100 8
53 1111011011 8
64 1011001111 7
75 1101111101 8

07 0011110011 6
10 1111011100 7
21 1100101011 6
32 1111111110 9
43 1111111101 9
54 1011011011 7
65 1111101101 8
76 1101111111 9

Matching output
0 absent
1 absent
2 absent
3 40
4 57
5 absent
6 absent
7 absent

Left
none
Best: none

Right
none
Best: none

XOR-NOT
01 1111010000 5
12 1100101000 4
23 0111011010 6
34 1010101101 6
45 1001011001 5
56 1111101001 7
67 1001001110 5
70 0001110001 4

02 1100000111 5
13 0100001101 4
24 0010001000 2
35 1100001011 5
46 1001001111 6
57 1001011000 4
60 0111000000 3
71 0001011110 5

03 0100100010 3
14 0001011111 6
25 0100101110 5
36 1100011101 6
47 1111111110 9
50 0111010110 6
61 0111101111 8
72 0010001001 3

04 0001110000 3
15 0111111001 7
26 0100111000 4
37 1010101100 5
40 0001110000 3
51 0111111001 7
62 0100111000 4
73 1010101100 5

05 0111010110 6
16 0111101111 8
27 0010001001 3
30 0100100010 3
41 0001011111 6
52 0100101110 5
63 1100011101 6
74 1111111110 9

06 0111000000 3
17 0001011110 5
20 1100000111 5
31 0100001101 4
42 0010001000 2
53 1100001011 5
64 1001001111 6
75 1001011000 4

07 0001110001 4
10 1111010000 5
21 1100101000 4
32 0111011010 6
43 1010101101 6
54 1001011001 5
65 1111101001 7
76 1001001110 5

Matching output
0 absent
1 absent
2 absent
3 absent
4 absent
5 absent
6 absent
7 absent

Left
none
Best: none

Right
none
Best: none

Selecting

Lefts
Identity I1 2 3 4 5: 5
NOT none
Constant none
AND none
OR none
XOR none
AND-NOT none
OR-NOT none
XOR-NOT none

Rights
Identity I2: 1
NOT none
Constant none
AND none
OR none
XOR none
AND-NOT none
OR-NOT none
XOR-NOT none

Left longest: 5
Right longest: 1

Left winner: Identity yes, NOT no, Constant no, AND no, OR no, XOR no, AND-NOT no, OR-NOT no, XOR-NOT no
Right winner: Identity yes, NOT no, Constant no, AND no, OR no, XOR no, AND-NOT no, OR-NOT no, XOR-NOT no

Best left: I1 2 3 4 5: 5
Best right: I2: 1

Truncated left: I1 2 3 4 5: 5
Truncated right: I2: 1

Tentative from right
7 I2
6 pending
5 pending
4 pending
3 pending
2 pending
1 pending
0 pending

Tentative
0 I1
1 I2
2 I3
3 I4
4 I5
5 pending
6 pending
7 I2

Preferred from left
0 I1
1 I2
2 I3
3 I4
4 I5
5 ?6?
6 ?7?
7 I2

Preferred from right
7 I2
6 ?71
5 ?60
4 I5
3 I4
2 I3
1 I2
0 I1

Preferred
0 I1
1 I2
2 I3
3 I4
4 I5
5 ?60 ?06
6 ?71 ?17
7 I2

Matching
0 I1
1 I2
2 I3
3 I4
4 I5
5 ?60 ?06 - Identity absent, NOT absent, Constant absent, AND absent, OR absent, XOR60, AND-NOT absent, OR-NOT absent, XOR-NOT absent
6 ?71 ?17 - Identity absent, NOT absent, Constant absent, AND absent, OR absent, XOR71, AND-NOT absent, OR-NOT absent, XOR-NOT absent
7 I2

Perfect match
Identity no
NOT no
Constant no
AND no
OR no
XOR yes
AND-NOT no
OR-NOT no
XOR-NOT no

Matched
0 I1
1 I2
2 I3
3 I4
4 I5
5 XOR60
6 XOR71
7 I2

Selected
0 I1
1 I2
2 I3
3 I4
4 I5
5 XOR60
6 XOR71
7 I2

Applying to 00010111
Input
0 0
1 0
2 0
3 1
4 0
5 1
6 1
7 1
Output
0 I1 = 0
1 I2 = 0
2 I3 = 1
3 I4 = 0
4 I5 = 1
5 XOR60 = XOR(1,0) = 1
6 XOR71 = XOR(1,0) = 1
7 I2 = 0

I will now return the answer in \boxed{}
The answer in \boxed{–} is \boxed{00101110}