We need to deduce the transformation by matching the example outputs.
I will put my final answer inside \boxed{}.

Output 0: 00110110
0 0
1 0
2 1
3 1
4 0
5 1
6 1
7 0

Output 1: 01111111
0 0
1 1
2 1
3 1
4 1
5 1
6 1
7 1

Output 2: 11111000
0 1
1 1
2 1
3 1
4 1
5 0
6 0
7 0

Output 3: 11101011
0 1
1 1
2 1
3 0
4 1
5 0
6 1
7 1

Output 4: 00111001
0 0
1 0
2 1
3 1
4 1
5 0
6 0
7 1

Output 5: 10111110
0 1
1 0
2 1
3 1
4 1
5 1
6 1
7 0

Output 6: 10011110
0 1
1 0
2 0
3 1
4 1
5 1
6 1
7 0

Output 7: 10101111
0 1
1 0
2 1
3 0
4 1
5 1
6 1
7 1

Output bit columns (with bitsum as hash)
0 00110111 5
1 01110000 3
2 11111101 7
3 11101110 6
4 01111111 7
5 11000111 5
6 11010111 6
7 01011001 4

Input 0: 11011011
0 1
1 1
2 0
3 1
4 1
5 0
6 1
7 1

Input 1: 10011101
0 1
1 0
2 0
3 1
4 1
5 1
6 0
7 1

Input 2: 11000001
0 1
1 1
2 0
3 0
4 0
5 0
6 0
7 1

Input 3: 00101011
0 0
1 0
2 1
3 0
4 1
5 0
6 1
7 1

Input 4: 10100101
0 1
1 0
2 1
3 0
4 0
5 1
6 0
7 1

Input 5: 01111011
0 0
1 1
2 1
3 1
4 1
5 0
6 1
7 1

Input 6: 01111001
0 0
1 1
2 1
3 1
4 1
5 0
6 0
7 1

Input 7: 00010001
0 0
1 0
2 0
3 1
4 0
5 0
6 0
7 1

When matching output
x: not in operator
y: wrong position

Identity
0 11101000 4
1 10100110 4
2 00011110 4
3 11000111 5 match 5
4 11010110 5
5 01001000 2
6 10010100 3
7 11111111 a

Matching output
0 absent
1 absent
2 absent
3 absent
4 absent
5 3
6 absent
7 absent

Left
none
Best: none

Right
none
Best: none

NOT
0 00010111 4
1 01011001 4 match 7
2 11100001 4
3 00111000 3
4 00101001 3
5 10110111 6
6 01101011 5
7 00000000 a

Matching output
0 absent
1 absent
2 absent
3 absent
4 absent
5 absent
6 absent
7 1

Left
none
Best: none

Right
1 0x
Best: NOT1: 1

Constant
0 00000000 a
1 11111111 a

Matching output
0 absent
1 absent
2 absent
3 absent
4 absent
5 absent
6 absent
7 absent

Left
none
Best: none

Right
none
Best: none

AND
01 10 10100000 2
12 21 00000110 2
23 32 00000110 2
34 43 11000110 4
45 54 01000000 1
56 65 00000000 a
67 76 10010100 3
70 07 11101000 4

02 20 00001000 1
13 31 10000110 3
24 42 00010110 3
35 53 01000000 1
46 64 10010100 3
57 75 01001000 2
60 06 10000000 1
71 17 10100110 4

03 30 11000000 2
14 41 10000110 3
25 52 00001000 1
36 63 10000100 2
47 74 11010110 5
50 05 01001000 2
61 16 10000100 2
72 27 00011110 4

04 40 11000000 2
15 51 00000000 a
26 62 00010100 2
37 73 11000111 5 match 5

Matching output
0 absent
1 absent
2 absent
3 absent
4 absent
5 37 73
6 absent
7 absent

Left
none
Best: none

Right
none
Best: none

OR
01 10 11101110 6 match 3
12 21 10111110 6
23 32 11011111 7
34 43 11010111 6 match 6
45 54 11011110 6
56 65 11011100 5
67 76 11111111 a
70 07 11111111 a

02 20 11111110 7
13 31 11100111 6
24 42 11011110 6
35 53 11001111 6
46 64 11010110 5
57 75 11111111 a
60 06 11111100 6
71 17 11111111 a

03 30 11101111 7
14 41 11110110 6
25 52 01011110 5
36 63 11010111 6 match 6
47 74 11111111 a
50 05 11101000 4
61 16 10110110 5
72 27 11111111 a

04 40 11111110 7
15 51 11101110 6 match 3
26 62 10011110 5
37 73 11111111 a

Matching output
0 absent
1 absent
2 absent
3 01 10 15 51
4 absent
5 absent
6 34 43 36 63
7 absent

Left
none
Best: none

Right
none
Best: none

XOR
01 10 01001110 4
12 21 10111000 4
23 32 11011001 5
34 43 00010001 2
45 54 10011110 5
56 65 11011100 5
67 76 01101011 5
70 07 00010111 4

02 20 11110110 6
13 31 01100001 3
24 42 11001000 3
35 53 10001111 5
46 64 01000010 2
57 75 10110111 6
60 06 01111100 5
71 17 01011001 4 match 7

03 30 00101111 5
14 41 01110000 3 match 1
25 52 01010110 4
36 63 01010011 4
47 74 00101001 3
50 05 10100000 2
61 16 00110010 3
72 27 11100001 4

04 40 00111110 5
15 51 11101110 6 match 3
26 62 10001010 3
37 73 00111000 3

Matching output
0 absent
1 14 41
2 absent
3 15 51
4 absent
5 absent
6 absent
7 71 17

Left
none
Best: none

Right
71 60x
17 06x
Best: XOR71: 1

AND-NOT
01 01001000 2
12 10100000 2
23 00011000 2
34 00000001 1
45 10010110 4
56 01001000 2
67 00000000 a
70 00010111 4

02 11100000 3
13 00100000 1
24 00001000 1
35 10000111 4
46 01000010 2
57 00000000 a
60 00010100 2
71 01011001 4 match 7

03 00101000 2
14 00100000 1
25 00010110 3
36 01000011 3
47 00000000 a
50 00000000 a
61 00010000 1
72 11100001 4

04 00101000 2
15 10100110 4
26 00001010 2
37 00000000 a
40 00010110 3
51 01001000 2
62 10000000 1
73 00111000 3

05 10100000 2
16 00100010 2
27 00000000 a
30 00000111 3
41 01010000 2
52 01000000 1
63 00010000 1
74 00101001 3

06 01101000 3
17 00000000 a
20 00010110 3
31 01000001 2
42 11000000 2
53 00001000 1
64 00000000 a
75 10110111 6

07 00000000 a
10 00000110 2
21 00011000 2
32 11000001 3
43 00010000 1
54 00001000 1
65 10010100 3
76 01101011 5

Matching output
0 absent
1 absent
2 absent
3 absent
4 absent
5 absent
6 absent
7 71

Left
none
Best: none

Right
71 60x
Best: AND-NOT71: 1

OR-NOT
01 11111001 6
12 11100111 6
23 00111110 5
34 11101111 7
45 11110111 7
56 01101011 5
67 10010100 3
70 11111111 a

02 11101001 5
13 10111110 6
24 00111111 6
35 11110111 7
46 11111111 a
57 01001000 2
60 10010111 5
71 11111111 a

03 11111000 5
14 10101111 6
25 10111111 7
36 11101111 7
47 11010110 5
50 01011111 6
61 11011101 6
72 11111111 a

04 11101001 5
15 10110111 6
26 01111111 7 match 4
37 11000111 5 match 5
40 11010111 6 match 6
51 01011001 4 match 7
62 11110101 6
73 11111111 a

05 11111111 a
16 11101111 7
27 00011110 4
30 11010111 6 match 6
41 11011111 7
52 11101001 5
63 10111100 5
74 11111111 a

06 11101011 6
17 10100110 4
20 00011111 5
31 11011111 7
42 11110111 7
53 01111000 4
64 10111101 6
75 11111111 a

07 11101000 4
10 10110111 6
21 01011111 6
32 11100111 6
43 11111110 7
54 01101001 4
65 10110111 6
76 11111111 a

Matching output
0 absent
1 absent
2 absent
3 absent
4 26
5 37
6 40 30
7 51

Left
none
Best: none

Right
51 40 37 26 15x
Best: OR-NOT51 40 37 26: 4

XOR-NOT
01 10110001 4
12 01000111 4
23 00100110 3
34 11101110 6 match 3
45 01100001 3
56 00100011 3
67 10010100 3
70 11101000 4

02 00001001 2
13 10011110 5
24 00110111 5 match 0
35 01110000 3 match 1
46 10111101 6
57 01001000 2
60 10000011 3
71 10100110 4

03 11010000 3
14 10001111 5
25 10101001 4
36 10101100 4
47 11010110 5
50 01011111 6
61 11001101 5
72 00011110 4

04 11000001 3
15 00010001 2
26 01110101 5
37 11000111 5 match 5
40 11000001 3
51 00010001 2
62 01110101 5
73 11000111 5 match 5

05 01011111 6
16 11001101 5
27 00011110 4
30 11010000 3
41 10001111 5
52 10101001 4
63 10101100 4
74 11010110 5

06 10000011 3
17 10100110 4
20 00001001 2
31 10011110 5
42 00110111 5 match 0
53 01110000 3 match 1
64 10111101 6
75 01001000 2

07 11101000 4
10 10110001 4
21 01000111 4
32 00100110 3
43 11101110 6 match 3
54 01100001 3
65 00100011 3
76 10010100 3

Matching output
0 24 42
1 35 53
2 absent
3 34 43
4 absent
5 37 73
6 absent
7 absent

Left
24 35 46x
42 53 64x
Best: XOR-NOT24 35: 2

Right
none
Best: none

Selecting

Lefts
Identity none
NOT none
Constant none
AND none
OR none
XOR none
AND-NOT none
OR-NOT none
XOR-NOT XOR-NOT24 35: 2

Rights
Identity none
NOT NOT1: 1
Constant none
AND none
OR none
XOR XOR71: 1
AND-NOT AND-NOT71: 1
OR-NOT OR-NOT51 40 37 26: 4
XOR-NOT none

Left longest: 2
Right longest: 4

Right winner: Identity no, NOT no, Constant no, AND no, OR no, XOR no, AND-NOT no, OR-NOT yes, XOR-NOT no
Left winner: Identity no, NOT no, Constant no, AND no, OR no, XOR no, AND-NOT no, OR-NOT no, XOR-NOT yes

Best right: OR-NOT51 40 37 26: 4
Best left: XOR-NOT24 35: 2

Truncated right: OR-NOT51 40 37 26: 4
Truncated left: XOR-NOT24 35: 2

Tentative from right
7 OR-NOT51
6 OR-NOT40
5 OR-NOT37
4 OR-NOT26
3 pending
2 pending
1 pending
0 pending

Tentative
0 XOR-NOT24
1 XOR-NOT35
2 pending
3 pending
4 OR-NOT26
5 OR-NOT37
6 OR-NOT40
7 OR-NOT51

Preferred from right
7 OR-NOT51
6 OR-NOT40
5 OR-NOT37
4 OR-NOT26
3 ?15
2 ?04
1 XOR-NOT35
0 XOR-NOT24

Preferred from left
0 XOR-NOT24
1 XOR-NOT35
2 ?04
3 ?15
4 OR-NOT26
5 OR-NOT37
6 OR-NOT40
7 OR-NOT51

Preferred
0 XOR-NOT24
1 XOR-NOT35
2 ?04 ?40
3 ?15 ?51
4 OR-NOT26
5 OR-NOT37
6 OR-NOT40
7 OR-NOT51

Matching
0 XOR-NOT24
1 XOR-NOT35
2 ?04 ?40 - Identity absent, NOT absent, Constant absent, AND absent, OR absent, XOR absent, AND-NOT absent, OR-NOT absent, XOR-NOT absent
3 ?15 ?51 - Identity absent, NOT absent, Constant absent, AND absent, OR15, XOR15, AND-NOT absent, OR-NOT absent, XOR-NOT absent
4 OR-NOT26
5 OR-NOT37
6 OR-NOT40
7 OR-NOT51

Perfect match
Identity no
NOT no
Constant no
AND no
OR no
XOR no
AND-NOT no
OR-NOT no
XOR-NOT no

Matched
0 XOR-NOT24
1 XOR-NOT35
2 none
3 OR15 XOR15
4 OR-NOT26
5 OR-NOT37
6 OR-NOT40
7 OR-NOT51

Selected
0 XOR-NOT24
1 XOR-NOT35
2 default 1
3 OR15
4 OR-NOT26
5 OR-NOT37
6 OR-NOT40
7 OR-NOT51

Applying to 00000101
Input
0 0
1 0
2 0
3 0
4 0
5 1
6 0
7 1
Output
0 XOR-NOT24 = XOR(0,NOT(0)) = 1
1 XOR-NOT35 = XOR(0,NOT(1)) = 0
2 default 1 = 1
3 OR15 = OR(0,1) = 1
4 OR-NOT26 = OR(0,NOT(0)) = 1
5 OR-NOT37 = OR(0,NOT(1)) = 0
6 OR-NOT40 = OR(0,NOT(0)) = 1
7 OR-NOT51 = OR(1,NOT(0)) = 1

I will now return the answer in \boxed{}
The answer in \boxed{–} is \boxed{10111011}