We need to deduce the transformation by matching the example outputs.
I will put my final answer inside \boxed{}.

Output 0: 11001000
0 1
1 1
2 0
3 0
4 1
5 0
6 0
7 0

Output 1: 11011000
0 1
1 1
2 0
3 1
4 1
5 0
6 0
7 0

Output 2: 00010000
0 0
1 0
2 0
3 1
4 0
5 0
6 0
7 0

Output 3: 00011000
0 0
1 0
2 0
3 1
4 1
5 0
6 0
7 0

Output 4: 00110000
0 0
1 0
2 1
3 1
4 0
5 0
6 0
7 0

Output 5: 00110100
0 0
1 0
2 1
3 1
4 0
5 1
6 0
7 0

Output 6: 11001100
0 1
1 1
2 0
3 0
4 1
5 1
6 0
7 0

Output bit columns (with bitsum as hash)
0 1100001 3
1 1100001 3
2 0000110 2
3 0111110 5
4 1101001 4
5 0000011 2
6 0000000 a
7 0000000 a

Input 0: 01110010
0 0
1 1
2 1
3 1
4 0
5 0
6 1
7 0

Input 1: 11110110
0 1
1 1
2 1
3 1
4 0
5 1
6 1
7 0

Input 2: 10000100
0 1
1 0
2 0
3 0
4 0
5 1
6 0
7 0

Input 3: 11000110
0 1
1 1
2 0
3 0
4 0
5 1
6 1
7 0

Input 4: 01001100
0 0
1 1
2 0
3 0
4 1
5 1
6 0
7 0

Input 5: 11001101
0 1
1 1
2 0
3 0
4 1
5 1
6 0
7 1

Input 6: 11110011
0 1
1 1
2 1
3 1
4 0
5 0
6 1
7 1

When matching output
x: not in operator
y: wrong position

Identity
0 0111011 5
1 1101111 6
2 1100001 3 match 0 1
3 1100001 3 match 0 1
4 0000110 2 match 2
5 0111110 5 match 3
6 1101001 4 match 4
7 0000011 2 match 5

Matching output
0 2 3
1 2 3
2 4
3 5
4 6
5 7
6 absent
7 absent

Left
2 3 4 5 6 7 0x
3 4y
Best: I2 3 4 5 6 7: 6

Right
none
Best: none

NOT
0 1000100 2
1 0010000 1
2 0011110 4
3 0011110 4
4 1111001 5
5 1000001 2
6 0010110 3
7 1111100 5

Matching output
0 absent
1 absent
2 absent
3 absent
4 absent
5 absent
6 absent
7 absent

Left
none
Best: none

Right
none
Best: none

Constant
0 0000000 a match 6 7
1 1111111 a

Matching output
0 absent
1 absent
2 absent
3 absent
4 absent
5 absent
6 C0
7 C0

Left
none
Best: none

Right
0 0
Best: C0 0: 2

AND
01 10 0101011 4
12 21 1100001 3 match 0 1
23 32 1100001 3 match 0 1
34 43 0000000 a match 6 7
45 54 0000110 2 match 2
56 65 0101000 2
67 76 0000001 1
70 07 0000011 2 match 5

02 20 0100001 2
13 31 1100001 3 match 0 1
24 42 0000000 a match 6 7
35 53 0100000 1
46 64 0000000 a match 6 7
57 75 0000010 1
60 06 0101001 3
71 17 0000011 2 match 5

03 30 0100001 2
14 41 0000110 2 match 2
25 52 0100000 1
36 63 1100001 3 match 0 1
47 74 0000010 1
50 05 0111010 4
61 16 1101001 4 match 4
72 27 0000001 1

04 40 0000010 1
15 51 0101110 4
26 62 1100001 3 match 0 1
37 73 0000001 1

Matching output
0 12 21 23 32 13 31 36 63 26 62
1 12 21 23 32 13 31 36 63 26 62
2 45 54 14 41
3 absent
4 61 16
5 70 07 71 17
6 34 43 24 42 46 64
7 34 43 24 42 46 64

Left
12 23 34y
21 32 43y
23 34y
32 43y
13 24y
31 42y
36 47x
63 74x
26 37x
62 73x
Best: AND12 23: 2

Right
34 23y
43 32y
24 13y
42 31y
46 35x
64 53x
Best: AND34: 1

OR
01 10 1111111 a
12 21 1101111 6
23 32 1100001 3 match 0 1
34 43 1100111 5
45 54 0111110 5 match 3
56 65 1111111 a
67 76 1101011 5
70 07 0111011 5

02 20 1111011 6
13 31 1101111 6
24 42 1100111 5
35 53 1111111 a
46 64 1101111 6
57 75 0111111 6
60 06 1111011 6
71 17 1101111 6

03 30 1111011 6
14 41 1101111 6
25 52 1111111 a
36 63 1101001 4 match 4
47 74 0000111 3
50 05 0111111 6
61 16 1101111 6
72 27 1100011 4

04 40 0111111 6
15 51 1111111 a
26 62 1101001 4 match 4
37 73 1100011 4

Matching output
0 23 32
1 23 32
2 absent
3 45 54
4 36 63 26 62
5 absent
6 absent
7 absent

Left
23 34x
32 43x
Best: OR23: 1

Right
none
Best: none

XOR
01 10 1010100 3
12 21 0001110 3
23 32 0000000 a match 6 7
34 43 1100111 5
45 54 0111000 3
56 65 1010111 5
67 76 1101010 4
70 07 0111000 3

02 20 1011010 4
13 31 0001110 3
24 42 1100111 5
35 53 1011111 6
46 64 1101111 6
57 75 0111101 5
60 06 1010010 3
71 17 1101100 4

03 30 1011010 4
14 41 1101001 4 match 4
25 52 1011111 6
36 63 0001000 1
47 74 0000101 2
50 05 0000101 2
61 16 0000110 2 match 2
72 27 1100010 3

04 40 0111101 5
15 51 1010001 3
26 62 0001000 1
37 73 1100010 3

Matching output
0 absent
1 absent
2 61 16
3 absent
4 14 41
5 absent
6 23 32
7 23 32

Left
none
Best: none

Right
23 12x
32 21x
Best: XOR23: 1

AND-NOT
01 0010000 1
12 0001110 3
23 0000000 a match 6 7
34 1100001 3 match 0 1
45 0000000 a match 6 7
56 0010110 3
67 1101000 3
70 0000000 a match 6 7

02 0011010 3
13 0001110 3
24 1100001 3 match 0 1
35 1000001 2
46 0000110 2 match 2
57 0111100 4
60 1000000 1
71 0000000 a match 6 7

03 0011010 3
14 1101001 4 match 4
25 1000001 2
36 0000000 a match 6 7
47 0000100 1
50 0000100 1
61 0000000 a match 6 7
72 0000010 1

04 0111001 4
15 1000001 2
26 0000000 a match 6 7
37 1100000 2
40 0000100 1
51 0010000 1
62 0001000 1
73 0000010 1

05 0000001 1
16 0000110 2 match 2
27 1100000 2
30 1000000 1
41 0000000 a match 6 7
52 0011110 4
63 0001000 1
74 0000001 1

06 0010010 2
17 1101100 4
20 1000000 1
31 0000000 a match 6 7
42 0000110 2 match 2
53 0011110 4
64 1101001 4 match 4
75 0000001 1

07 0111000 3
10 1000100 2
21 0000000 a match 6 7
32 0000000 a match 6 7
43 0000110 2 match 2
54 0111000 3
65 1000001 2
76 0000010 1

Matching output
0 34 24
1 34 24
2 46 16 42 43
3 absent
4 14 64
5 absent
6 23 45 70 71 36 61 26 41 31 21 32
7 23 45 70 71 36 61 26 41 31 21 32

Left
34 45y
24 35x
Best: AND-NOT34: 1

Right
23 12x
45 34y
70 67x
71 60x
36 25x
61 50x
26 15x
41 30x
31 20x
21 10x
32 21 10x
Best: AND-NOT32 21: 2

OR-NOT
01 0111011 5
12 1111111 a
23 1111111 a
34 1111001 5
45 1000111 4
56 0111110 5 match 3
67 1111101 6
70 1000111 4

02 0111111 6
13 1111111 a
24 1111001 5
35 1100001 3 match 0 1
46 0010110 3
57 1111110 6
60 1101101 5
71 0010011 3

03 0111111 6
14 1111111 a
25 1100001 3 match 0 1
36 1110111 6
47 1111110 6
50 1111110 6
61 1111001 5
72 0011111 5

04 1111011 6
15 1101111 6
26 1110111 6
37 1111101 6
40 1000110 3
51 0111110 5 match 3
62 1111111 a
73 0011111 5

05 1111011 6
16 1111111 a
27 1111101 6
30 1100101 4
41 0010110 3
52 0111110 5 match 3
63 1111111 a
74 1111011 6

06 0111111 6
17 1111111 a
20 1100101 4
31 1110001 4
42 0011110 4
53 0111110 5 match 3
64 1111001 5
75 1000011 3

07 1111111 a
10 1101111 6
21 1110001 4
32 1111111 a
43 0011110 4
54 1111111 a
65 1101001 4 match 4
76 0010111 4

Matching output
0 35 25
1 35 25
2 absent
3 56 51 52 53
4 65
5 absent
6 absent
7 absent

Left
35 46x
25 36x
Best: OR-NOT35: 1

Right
none
Best: none

XOR-NOT
01 0101011 4
12 1110001 4
23 1111111 a
34 0011000 2
45 1000111 4
56 0101000 2
67 0010101 3
70 1000111 4

02 0100101 3
13 1110001 4
24 0011000 2
35 0100000 1
46 0010000 1
57 1000010 2
60 0101101 4
71 0010011 3

03 0100101 3
14 0010110 3
25 0100000 1
36 1110111 6
47 1111010 5
50 1111010 5
61 1111001 5
72 0011101 4

04 1000010 2
15 0101110 4
26 1110111 6
37 0011101 4
40 1000010 2
51 0101110 4
62 1110111 6
73 0011101 4

05 1111010 5
16 1111001 5
27 0011101 4
30 0100101 3
41 0010110 3
52 0100000 1
63 1110111 6
74 1111010 5

06 0101101 4
17 0010011 3
20 0100101 3
31 1110001 4
42 0011000 2
53 0100000 1
64 0010000 1
75 1000010 2

07 1000111 4
10 0101011 4
21 1110001 4
32 1111111 a
43 0011000 2
54 1000111 4
65 0101000 2
76 0010101 3

Matching output
0 absent
1 absent
2 absent
3 absent
4 absent
5 absent
6 absent
7 absent

Left
none
Best: none

Right
none
Best: none

Selecting

Lefts
Identity I2 3 4 5 6 7: 6
NOT none
Constant none
AND AND12 23: 2
OR OR23: 1
XOR none
AND-NOT AND-NOT34: 1
OR-NOT OR-NOT35: 1
XOR-NOT none

Rights
Identity none
NOT none
Constant C0 0: 2
AND AND34: 1
OR none
XOR XOR23: 1
AND-NOT AND-NOT32 21: 2
OR-NOT none
XOR-NOT none

Left longest: 6
Right longest: 2

Left winner: Identity yes, NOT no, Constant no, AND no, OR no, XOR no, AND-NOT no, OR-NOT no, XOR-NOT no
Right winner: Identity no, NOT no, Constant yes, AND no, OR no, XOR no, AND-NOT no, OR-NOT no, XOR-NOT no

Best left: I2 3 4 5 6 7: 6
Best right: C0 0: 2

Truncated left: I2 3 4 5 6 7: 6
Truncated right: C0 0: 2

Tentative from right
7 C0
6 C0
5 pending
4 pending
3 pending
2 pending
1 pending
0 pending

Tentative
0 I2
1 I3
2 I4
3 I5
4 I6
5 I7
6 C0
7 C0

Preferred from left
0 I2
1 I3
2 I4
3 I5
4 I6
5 I7
6 C0
7 C0

Preferred from right
7 C0
6 C0
5 I7
4 I6
3 I5
2 I4
1 I3
0 I2

Preferred
0 I2
1 I3
2 I4
3 I5
4 I6
5 I7
6 C0
7 C0

Matching
0 I2
1 I3
2 I4
3 I5
4 I6
5 I7
6 C0
7 C0

Perfect match
Identity no
NOT no
Constant no
AND no
OR no
XOR no
AND-NOT no
OR-NOT no
XOR-NOT no

Matched
0 I2
1 I3
2 I4
3 I5
4 I6
5 I7
6 C0
7 C0

Selected
0 I2
1 I3
2 I4
3 I5
4 I6
5 I7
6 C0
7 C0

Applying to 01001001
Input
0 0
1 1
2 0
3 0
4 1
5 0
6 0
7 1
Output
0 I2 = 0
1 I3 = 0
2 I4 = 1
3 I5 = 0
4 I6 = 0
5 I7 = 1
6 C0 = 0
7 C0 = 0

I will now return the answer in \boxed{}
The answer in \boxed{–} is \boxed{00100100}