We need to deduce the transformation by matching the example outputs.
I will put my final answer inside \boxed{}.

Output 0: 00100000
0 0
1 0
2 1
3 0
4 0
5 0
6 0
7 0

Output 1: 00100000
0 0
1 0
2 1
3 0
4 0
5 0
6 0
7 0

Output 2: 01110100
0 0
1 1
2 1
3 1
4 0
5 1
6 0
7 0

Output 3: 10100010
0 1
1 0
2 1
3 0
4 0
5 0
6 1
7 0

Output 4: 10001010
0 1
1 0
2 0
3 0
4 1
5 0
6 1
7 0

Output 5: 11101110
0 1
1 1
2 1
3 0
4 1
5 1
6 1
7 0

Output 6: 11000111
0 1
1 1
2 0
3 0
4 0
5 1
6 1
7 1

Output 7: 01001000
0 0
1 1
2 0
3 0
4 1
5 0
6 0
7 0

Output 8: 11110111
0 1
1 1
2 1
3 1
4 0
5 1
6 1
7 1

Output 9: 00010101
0 0
1 0
2 0
3 1
4 0
5 1
6 0
7 1

Output bit columns (with bitsum as hash)
0 0001111010 5
1 0010011110 5
2 1111010010 6
3 0010000011 3
4 0000110100 3
5 0010011011 5
6 0001111010 5
7 0000001011 3

Input 0: 00000001
0 0
1 0
2 0
3 0
4 0
5 0
6 0
7 1

Input 1: 01000000
0 0
1 1
2 0
3 0
4 0
5 0
6 0
7 0

Input 2: 11101000
0 1
1 1
2 1
3 0
4 1
5 0
6 0
7 0

Input 3: 01000100
0 0
1 1
2 0
3 0
4 0
5 1
6 0
7 0

Input 4: 01010101
0 0
1 1
2 0
3 1
4 0
5 1
6 0
7 1

Input 5: 10011101
0 1
1 0
2 0
3 1
4 1
5 1
6 0
7 1

Input 6: 01001111
0 0
1 1
2 0
3 0
4 1
5 1
6 1
7 1

Input 7: 11010001
0 1
1 1
2 0
3 1
4 0
5 0
6 0
7 1

Input 8: 01101110
0 0
1 1
2 1
3 0
4 1
5 1
6 1
7 0

Input 9: 10101010
0 1
1 0
2 1
3 0
4 1
5 0
6 1
7 0

When matching output
x: not in operator
y: wrong position

Identity
0 0010010101 4
1 0111101110 7
2 0010000011 3 match 3
3 0000110100 3 match 4
4 0010011011 5 match 5
5 0001111010 5 match 0 6
6 0000001011 3 match 7
7 1000111100 5

Matching output
0 5
1 absent
2 absent
3 2
4 3
5 4
6 5
7 6

Left
5 6y
Best: I5: 1

Right
6 5 4 3 2 1x
Best: I6 5 4 3 2: 5

NOT
0 1101101010 6
1 1000010001 3
2 1101111100 7
3 1111001011 7
4 1101100100 5
5 1110000101 5
6 1111110100 7
7 0111000011 5

Matching output
0 absent
1 absent
2 absent
3 absent
4 absent
5 absent
6 absent
7 absent

Left
none
Best: none

Right
none
Best: none

Constant
0 0000000000 a
1 1111111111 a

Matching output
0 absent
1 absent
2 absent
3 absent
4 absent
5 absent
6 absent
7 absent

Left
none
Best: none

Right
none
Best: none

AND
01 10 0010000100 2
12 21 0010000010 2
23 32 0000000000 a
34 43 0000010000 1
45 54 0000011010 3
56 65 0000001010 2
67 76 0000001000 1
70 07 0000010100 2

02 20 0010000001 2
13 31 0000100100 2
24 42 0010000011 3 match 3
35 53 0000110000 2
46 64 0000001011 3 match 7
57 75 0000111000 3
60 06 0000000001 1
71 17 0000101100 3

03 30 0000010100 2
14 41 0010001010 3
25 52 0000000010 1
36 63 0000000000 a
47 74 0000011000 2
50 05 0000010000 1
61 16 0000001010 2
72 27 0000000000 a

04 40 0010010001 3
15 51 0001101010 4
26 62 0000000011 2
37 73 0000110100 3 match 4

Matching output
0 absent
1 absent
2 absent
3 24 42
4 37 73
5 absent
6 absent
7 46 64

Left
none
Best: none

Right
46 35x
64 53x
Best: AND46: 1

OR
01 10 0111111111 9
12 21 0111101111 8
23 32 0010110111 6
34 43 0010111111 7
45 54 0011111011 7
56 65 0001111011 6
67 76 1000111111 7
70 07 1010111101 7

02 20 0010010111 5
13 31 0111111110 8
24 42 0010011011 5 match 5
35 53 0001111110 6
46 64 0010011011 5 match 5
57 75 1001111110 7
60 06 0010011111 6
71 17 1111111110 9

03 30 0010110101 5
14 41 0111111111 9
25 52 0011111011 7
36 63 0000111111 6
47 74 1010111111 8
50 05 0011111111 8
61 16 0111101111 8
72 27 1010111111 8

04 40 0010011111 6
15 51 0111111110 8
26 62 0010001011 4
37 73 1000111100 5

Matching output
0 absent
1 absent
2 absent
3 absent
4 absent
5 24 42 46 64
6 absent
7 absent

Left
none
Best: none

Right
none
Best: none

XOR
01 10 0101111011 7
12 21 0101101101 6
23 32 0010110111 6
34 43 0010101111 6
45 54 0011100001 4
56 65 0001110001 4
67 76 1000110111 6
70 07 1010101001 5

02 20 0000010110 3
13 31 0111011010 6
24 42 0000011000 2
35 53 0001001110 4
46 64 0010010000 2
57 75 1001000110 4
60 06 0010011110 5 match 1
71 17 1111010010 6 match 2

03 30 0010100001 3
14 41 0101110101 6
25 52 0011111001 6
36 63 0000111111 6
47 74 1010100111 6
50 05 0011101111 7
61 16 0111100101 6
72 27 1010111111 8

04 40 0000001110 3
15 51 0110010100 4
26 62 0010001000 2
37 73 1000001000 2

Matching output
0 absent
1 60 06
2 71 17
3 absent
4 absent
5 absent
6 absent
7 absent

Left
none
Best: none

Right
none
Best: none

AND-NOT
01 0000010001 2
12 0101101100 5
23 0010000011 3 match 3
34 0000100100 2
45 0010000001 2
56 0001110000 3
67 0000000011 2
70 1000101000 3

02 0000010100 2
13 0111001010 5
24 0000000000 a
35 0000000100 1
46 0010010000 2
57 0001000010 2
60 0000001010 2
71 1000010000 2

03 0010000001 2
14 0101100100 4
25 0010000001 2
36 0000110100 3 match 4
47 0010000011 3 match 3
50 0001101010 4
61 0000000001 1
72 1000111100 5

04 0000000100 1
15 0110000100 3
26 0010000000 1
37 0000000000 a
40 0000001010 2
51 0000010000 1
62 0000001000 1
73 1000001000 2

05 0010000101 3
16 0111100100 5
27 0010000011 3 match 3
30 0000100000 1
41 0000010001 2
52 0001111000 4
63 0000001011 3 match 7
74 1000100100 3

06 0010010100 3
17 0111000010 4
20 0000000010 1
31 0000010000 1
42 0000011000 2
53 0001001010 3
64 0000000000 a
75 1000000100 2

07 0010000001 2
10 0101101010 5
21 0000000001 1
32 0000110100 3 match 4
43 0010001011 4
54 0001100000 2
65 0000000001 1
76 1000110100 4

Matching output
0 absent
1 absent
2 absent
3 23 47 27
4 36 32
5 absent
6 absent
7 63

Left
none
Best: none

Right
63 52x
Best: AND-NOT63: 1

OR-NOT
01 1010010101 5
12 1111111110 9
23 1111001011 7
34 1101110100 6
45 1110011111 8
56 1111111110 9
67 0111001011 6
70 1101111110 8

02 1111111101 9
13 1111101111 9
24 1111100111 8
35 1110110101 7
46 1111111111 a
57 0111111011 8
60 1101101011 7
71 1000111101 6

03 1111011111 9
14 1111101110 8
25 1110000111 6
36 1111110100 7
47 0111011011 7
50 1101111010 7
61 1000011011 5
72 1101111100 7

04 1111110101 8
15 1111101111 9
26 1111110111 9
37 0111110111 8
40 1111111011 9
51 1001111011 7
62 1101111111 9
73 1111111111 a

05 1110010101 6
16 1111111110 9
27 0111000011 5
30 1101111110 8
41 1010011011 6
52 1101111110 8
63 1111001011 7
74 1101111100 7

06 1111110101 8
17 0111101111 8
20 1111101011 8
31 1000110101 5
42 1111111111 a
53 1111111011 9
64 1101101111 8
75 1110111101 8

07 0111010111 7
10 1111101110 8
21 1010010011 5
32 1101111100 7
43 1111011011 8
54 1101111110 8
65 1110001111 7
76 1111111100 8

Matching output
0 absent
1 absent
2 absent
3 absent
4 absent
5 absent
6 absent
7 absent

Left
none
Best: none

Right
none
Best: none

XOR-NOT
01 1010000100 3
12 1010010010 4
23 1101001000 4
34 1101010000 4
45 1100011110 6
56 1110001110 6
67 0111001000 4
70 0101010110 5

02 1111101001 7
13 1000100101 4
24 1111100111 8
35 1110110001 6
46 1101101111 8
57 0110111001 6
60 1101100001 5
71 0000101101 4

03 1101011110 7
14 1010001010 4
25 1100000110 4
36 1111000000 4
47 0101011000 4
50 1100010000 3
61 1000011010 4
72 0101000000 2

04 1111110001 7
15 1001101011 6
26 1101110111 8
37 0111110111 8
40 1111110001 7
51 1001101011 6
62 1101110111 8
73 0111110111 8

05 1100010000 3
16 1000011010 4
27 0101000000 2
30 1101011110 7
41 1010001010 4
52 1100000110 4
63 1111000000 4
74 0101011000 4

06 1101100001 5
17 0000101101 4
20 1111101001 7
31 1000100101 4
42 1111100111 8
53 1110110001 6
64 1101101111 8
75 0110111001 6

07 0101010110 5
10 1010000100 3
21 1010010010 4
32 1101001000 4
43 1101010000 4
54 1100011110 6
65 1110001110 6
76 0111001000 4

Matching output
0 absent
1 absent
2 absent
3 absent
4 absent
5 absent
6 absent
7 absent

Left
none
Best: none

Right
none
Best: none

Selecting

Lefts
Identity I5: 1
NOT none
Constant none
AND none
OR none
XOR none
AND-NOT none
OR-NOT none
XOR-NOT none

Rights
Identity I6 5 4 3 2: 5
NOT none
Constant none
AND AND46: 1
OR none
XOR none
AND-NOT AND-NOT63: 1
OR-NOT none
XOR-NOT none

Left longest: 1
Right longest: 5

Right winner: Identity yes, NOT no, Constant no, AND no, OR no, XOR no, AND-NOT no, OR-NOT no, XOR-NOT no
Left winner: Identity yes, NOT no, Constant no, AND no, OR no, XOR no, AND-NOT no, OR-NOT no, XOR-NOT no

Best right: I6 5 4 3 2: 5
Best left: I5: 1

Truncated right: I6 5 4 3 2: 5
Truncated left: I5: 1

Tentative from right
7 I6
6 I5
5 I4
4 I3
3 I2
2 pending
1 pending
0 pending

Tentative
0 I5
1 pending
2 pending
3 I2
4 I3
5 I4
6 I5
7 I6

Preferred from right
7 I6
6 I5
5 I4
4 I3
3 I2
2 ??1
1 ??0
0 I5

Preferred from left
0 I5
1 ?60
2 ?71
3 I2
4 I3
5 I4
6 I5
7 I6

Preferred
0 I5
1 ?60 ?06
2 ?71 ?17
3 I2
4 I3
5 I4
6 I5
7 I6

Matching
0 I5
1 ?60 ?06 - Identity absent, NOT absent, Constant absent, AND absent, OR absent, XOR60, AND-NOT absent, OR-NOT absent, XOR-NOT absent
2 ?71 ?17 - Identity absent, NOT absent, Constant absent, AND absent, OR absent, XOR71, AND-NOT absent, OR-NOT absent, XOR-NOT absent
3 I2
4 I3
5 I4
6 I5
7 I6

Perfect match
Identity no
NOT no
Constant no
AND no
OR no
XOR yes
AND-NOT no
OR-NOT no
XOR-NOT no

Matched
0 I5
1 XOR60
2 XOR71
3 I2
4 I3
5 I4
6 I5
7 I6

Selected
0 I5
1 XOR60
2 XOR71
3 I2
4 I3
5 I4
6 I5
7 I6

Applying to 01111001
Input
0 0
1 1
2 1
3 1
4 1
5 0
6 0
7 1
Output
0 I5 = 0
1 XOR60 = XOR(0,0) = 0
2 XOR71 = XOR(1,1) = 0
3 I2 = 1
4 I3 = 1
5 I4 = 1
6 I5 = 0
7 I6 = 0

I will now return the answer in \boxed{}
The answer in \boxed{–} is \boxed{00011100}