We need to deduce the transformation by matching the example outputs.
I will put my final answer inside \boxed{}.

Output 0: 00101000
0 0
1 0
2 1
3 0
4 1
5 0
6 0
7 0

Output 1: 00011000
0 0
1 0
2 0
3 1
4 1
5 0
6 0
7 0

Output 2: 01000000
0 0
1 1
2 0
3 0
4 0
5 0
6 0
7 0

Output 3: 00010000
0 0
1 0
2 0
3 1
4 0
5 0
6 0
7 0

Output 4: 00111000
0 0
1 0
2 1
3 1
4 1
5 0
6 0
7 0

Output 5: 10101000
0 1
1 0
2 1
3 0
4 1
5 0
6 0
7 0

Output 6: 00000000
0 0
1 0
2 0
3 0
4 0
5 0
6 0
7 0

Output 7: 00001000
0 0
1 0
2 0
3 0
4 1
5 0
6 0
7 0

Output 8: 01110000
0 0
1 1
2 1
3 1
4 0
5 0
6 0
7 0

Output 9: 00010000
0 0
1 0
2 0
3 1
4 0
5 0
6 0
7 0

Output bit columns (with bitsum as hash)
0 0000010000 1
1 0010000010 2
2 1000110010 4
3 0101100011 5
4 1100110100 5
5 0000000000 a
6 0000000000 a
7 0000000000 a

Input 0: 11001101
0 1
1 1
2 0
3 0
4 1
5 1
6 0
7 1

Input 1: 11000011
0 1
1 1
2 0
3 0
4 0
5 0
6 1
7 1

Input 2: 00101010
0 0
1 0
2 1
3 0
4 1
5 0
6 1
7 0

Input 3: 10010011
0 1
1 0
2 0
3 1
4 0
5 0
6 1
7 1

Input 4: 11000111
0 1
1 1
2 0
3 0
4 0
5 1
6 1
7 1

Input 5: 01110101
0 0
1 1
2 1
3 1
4 0
5 1
6 0
7 1

Input 6: 10000100
0 1
1 0
2 0
3 0
4 0
5 1
6 0
7 0

Input 7: 01101001
0 0
1 1
2 1
3 0
4 1
5 0
6 0
7 1

Input 8: 10101111
0 1
1 0
2 1
3 0
4 1
5 1
6 1
7 1

Input 9: 10100010
0 1
1 0
2 1
3 0
4 0
5 0
6 1
7 0

When matching output
x: not in operator
y: wrong position

Identity
0 1101101011 7
1 1100110100 5 match 4
2 0010010111 5
3 0001010000 2
4 1010000110 4
5 1000111010 5
6 0111100011 6
7 1101110110 7

Matching output
0 absent
1 absent
2 absent
3 absent
4 1
5 absent
6 absent
7 absent

Left
none
Best: none

Right
none
Best: none

NOT
0 0010010100 3
1 0011001011 5
2 1101101000 5
3 1110101111 8
4 0101111001 6
5 0111000101 5
6 1000011100 4
7 0010001001 3

Matching output
0 absent
1 absent
2 absent
3 absent
4 absent
5 absent
6 absent
7 absent

Left
none
Best: none

Right
none
Best: none

Constant
0 0000000000 a match 5 6 7
1 1111111111 a

Matching output
0 absent
1 absent
2 absent
3 absent
4 absent
5 C0
6 C0
7 C0

Left
none
Best: none

Right
0 0 0
Best: C0 0 0: 3

AND
01 10 1100100000 3
12 21 0000010100 2
23 32 0000010000 1 match 0
34 43 0000000000 a match 5 6 7
45 54 1000000010 2
56 65 0000100010 2
67 76 0101100010 4
70 07 1101100010 5

02 20 0000000011 2
13 31 0000010000 1 match 0
24 42 0010000110 3
35 53 0000010000 1 match 0
46 64 0010000010 2 match 1
57 75 1000110010 4 match 2
60 06 0101100011 5 match 3
71 17 1100110100 5 match 4

03 30 0001000000 1
14 41 1000000100 2
25 52 0000010010 2
36 63 0001000000 1
47 74 1000000110 3
50 05 1000101010 4
61 16 0100100000 2
72 27 0000010110 3

04 40 1000000010 2
15 51 1000110000 3
26 62 0010000011 3
37 73 0001010000 2

Matching output
0 23 32 13 31 35 53
1 46 64
2 57 75
3 60 06
4 71 17
5 34 43
6 34 43
7 34 43

Left
23 34y
32 43y
13 24x
31 42x
35 46 57 60 71 02x
53 64 75 06 17 20x
Best: AND35 46 57 60 71: 5

Right
34 23y
43 32y
Best: AND34: 1

OR
01 10 1101111111 9
12 21 1110110111 8
23 32 0011010111 6
34 43 1011010110 6
45 54 1010111110 7
56 65 1111111011 9
67 76 1111110111 9
70 07 1101111111 9

02 20 1111111111 a
13 31 1101110100 6
24 42 1010010111 6
35 53 1001111010 6
46 64 1111100111 8
57 75 1101111110 8
60 06 1111101011 8
71 17 1101110110 7

03 30 1101111011 8
14 41 1110110110 7
25 52 1010111111 8
36 63 0111110011 7
47 74 1111110110 8
50 05 1101111011 8
61 16 1111110111 9
72 27 1111110111 9

04 40 1111101111 9
15 51 1100111110 7
26 62 0111110111 8
37 73 1101110110 7

Matching output
0 absent
1 absent
2 absent
3 absent
4 absent
5 absent
6 absent
7 absent

Left
none
Best: none

Right
none
Best: none

XOR
01 10 0001011111 6
12 21 1110100011 6
23 32 0011000111 5
34 43 1011010110 6
45 54 0010111100 5
56 65 1111011001 7
67 76 1010010101 5
70 07 0000011101 4

02 20 1111111100 8
13 31 1101100100 5
24 42 1000010001 3
35 53 1001101010 5
46 64 1101100101 6
57 75 0101001100 4
60 06 1010001000 3
71 17 0001000010 2

03 30 1100111011 7
14 41 0110110010 5
25 52 1010101101 6
36 63 0110110011 6
47 74 0111110000 5
50 05 0101010001 4
61 16 1011010111 7
72 27 1111100001 6

04 40 0111101101 7
15 51 0100001110 4
26 62 0101110100 5
37 73 1100100110 5

Matching output
0 absent
1 absent
2 absent
3 absent
4 absent
5 absent
6 absent
7 absent

Left
none
Best: none

Right
none
Best: none

AND-NOT
01 0001001011 4
12 1100100000 3
23 0010000111 4
34 0001010000 2
45 0010000100 2
56 1000011000 3
67 0010000001 2
70 0000010100 2

02 1101101000 5
13 1100100100 4
24 0000010001 2
35 0001000000 1
46 1000000100 2
57 0000001000 1
60 0010000000 1
71 0001000010 2

03 1100101011 6
14 0100110000 3
25 0010000101 3
36 0000010000 1 match 0
47 0010000000 1
50 0000010000 1 match 0
61 0011000011 4
72 1101100000 4

04 0101101001 5
15 0100000100 2
26 0000010100 2
37 0000000000 a match 5 6 7
40 0010000100 2
51 0000001010 2
62 0101100000 3
73 1100100110 5

05 0101000001 3
16 1000010100 3
27 0010000001 2
30 0000010000 1 match 0
41 0010000010 2 match 1
52 1000101000 3
63 0110100011 5
74 0101110000 4

06 1000001000 2
17 0000000000 a match 5 6 7
20 0010010100 3
31 0001000000 1
42 1000000000 1
53 1000101010 4
64 0101100001 4
75 0101000100 3

07 0000001001 2
10 0000010100 2
21 0010000011 3
32 0001000000 1
43 1010000110 4
54 0000111000 3
65 0111000001 4
76 1000010100 3

Matching output
0 36 50 30
1 41
2 absent
3 absent
4 absent
5 37 17
6 37 17
7 37 17

Left
36 47x
50 61x
30 41 52x
Best: AND-NOT30 41: 2

Right
37 26x
17 06x
Best: AND-NOT37: 1

OR-NOT
01 1111101011 8
12 1101111100 7
23 1110111111 9
34 0101111001 6
45 1111000111 7
56 1000111110 6
67 0111101011 7
70 1111110110 8

02 1101101011 7
13 1110111111 9
24 0111111111 9
35 0111010101 6
46 1010011110 6
57 1010111011 7
60 0111110111 8
71 1111111111 a

03 1111101111 9
14 1101111101 8
25 0111010111 7
36 1001011100 5
47 1010001111 6
50 1010111110 7
61 0111101011 7
72 1101111110 8

04 1101111011 8
15 1111110101 8
26 1010011111 7
37 0011011001 5
40 1010010110 5
51 1011111011 8
62 1111101011 8
73 1111111111 a

05 1111101111 9
16 1100111100 6
27 0010011111 6
30 0011010100 4
41 1011001111 7
52 1101111010 7
63 1111101111 9
74 1101111111 9

06 1101111111 9
17 1110111101 8
20 0010010111 5
31 0011011011 6
42 1111101110 8
53 1110111111 9
64 0111111011 8
75 1111110111 9

07 1111101011 8
10 1110110100 6
21 0011011111 7
32 1101111000 6
43 1110101111 8
54 1101111011 8
65 0111100111 7
76 1101111110 8

Matching output
0 absent
1 absent
2 absent
3 absent
4 absent
5 absent
6 absent
7 absent

Left
none
Best: none

Right
none
Best: none

XOR-NOT
01 1110100000 4
12 0001011100 4
23 1100111000 5
34 0100101001 4
45 1101000011 5
56 0000100110 3
67 0101101010 5
70 1111100010 6

02 0000000011 2
13 0010011011 5
24 0111101110 7
35 0110010101 5
46 0010011010 4
57 1010110011 6
60 0101110111 7
71 1110111101 8

03 0011000100 3
14 1001001101 5
25 0101010010 4
36 1001001100 4
47 1000001111 5
50 1010101110 6
61 0100101000 3
72 0000011110 4

04 1000010010 3
15 1011110001 6
26 1010001011 5
37 0011011001 5
40 1000010010 3
51 1011110001 6
62 1010001011 5
73 0011011001 5

05 1010101110 6
16 0100101000 3
27 0000011110 4
30 0011000100 3
41 1001001101 5
52 0101010010 4
63 1001001100 4
74 1000001111 5

06 0101110111 7
17 1110111101 8
20 0000000011 2
31 0010011011 5
42 0111101110 7
53 0110010101 5
64 0010011010 4
75 1010110011 6

07 1111100010 6
10 1110100000 4
21 0001011100 4
32 1100111000 5
43 0100101001 4
54 1101000011 5
65 0000100110 3
76 0101101010 5

Matching output
0 absent
1 absent
2 absent
3 absent
4 absent
5 absent
6 absent
7 absent

Left
none
Best: none

Right
none
Best: none

Selecting

Lefts
Identity none
NOT none
Constant none
AND AND35 46 57 60 71: 5
OR none
XOR none
AND-NOT AND-NOT30 41: 2
OR-NOT none
XOR-NOT none

Rights
Identity none
NOT none
Constant C0 0 0: 3
AND AND34: 1
OR none
XOR none
AND-NOT AND-NOT37: 1
OR-NOT none
XOR-NOT none

Left longest: 5
Right longest: 3

Left winner: Identity no, NOT no, Constant no, AND yes, OR no, XOR no, AND-NOT no, OR-NOT no, XOR-NOT no
Right winner: Identity no, NOT no, Constant yes, AND no, OR no, XOR no, AND-NOT no, OR-NOT no, XOR-NOT no

Best left: AND35 46 57 60 71: 5
Best right: C0 0 0: 3

Truncated left: AND35 46 57 60 71: 5
Truncated right: C0 0 0: 3

Tentative from right
7 C0
6 C0
5 C0
4 pending
3 pending
2 pending
1 pending
0 pending

Tentative
0 AND35
1 AND46
2 AND57
3 AND60
4 AND71
5 C0
6 C0
7 C0

Preferred from left
0 AND35
1 AND46
2 AND57
3 AND60
4 AND71
5 C0
6 C0
7 C0

Preferred from right
7 C0
6 C0
5 C0
4 AND71
3 AND60
2 AND57
1 AND46
0 AND35

Preferred
0 AND35
1 AND46
2 AND57
3 AND60
4 AND71
5 C0
6 C0
7 C0

Matching
0 AND35
1 AND46
2 AND57
3 AND60
4 AND71
5 C0
6 C0
7 C0

Perfect match
Identity no
NOT no
Constant no
AND no
OR no
XOR no
AND-NOT no
OR-NOT no
XOR-NOT no

Matched
0 AND35
1 AND46
2 AND57
3 AND60
4 AND71
5 C0
6 C0
7 C0

Selected
0 AND35
1 AND46
2 AND57
3 AND60
4 AND71
5 C0
6 C0
7 C0

Applying to 01010001
Input
0 0
1 1
2 0
3 1
4 0
5 0
6 0
7 1
Output
0 AND35 = AND(1,0) = 0
1 AND46 = AND(0,0) = 0
2 AND57 = AND(0,1) = 0
3 AND60 = AND(0,0) = 0
4 AND71 = AND(1,1) = 1
5 C0 = 0
6 C0 = 0
7 C0 = 0

I will now return the answer in \boxed{}
The answer in \boxed{–} is \boxed{00001000}