We need to deduce the transformation by matching the example outputs.
I will put my final answer inside \boxed{}.

Output 0: 00010000
0 0
1 0
2 0
3 1
4 0
5 0
6 0
7 0

Output 1: 00010100
0 0
1 0
2 0
3 1
4 0
5 1
6 0
7 0

Output 2: 11101001
0 1
1 1
2 1
3 0
4 1
5 0
6 0
7 1

Output 3: 10111111
0 1
1 0
2 1
3 1
4 1
5 1
6 1
7 1

Output 4: 11110001
0 1
1 1
2 1
3 1
4 0
5 0
6 0
7 1

Output 5: 10010000
0 1
1 0
2 0
3 1
4 0
5 0
6 0
7 0

Output 6: 10111001
0 1
1 0
2 1
3 1
4 1
5 0
6 0
7 1

Output 7: 11111001
0 1
1 1
2 1
3 1
4 1
5 0
6 0
7 1

Output bit columns (with bitsum as hash)
0 00111111 6
1 00101001 3
2 00111011 5
3 11011111 7
4 00110011 4
5 01010000 2
6 00010000 1
7 00111011 5

Input 0: 10100001
0 1
1 0
2 1
3 0
4 0
5 0
6 0
7 1

Input 1: 01100001
0 0
1 1
2 1
3 0
4 0
5 0
6 0
7 1

Input 2: 11011110
0 1
1 1
2 0
3 1
4 1
5 1
6 1
7 0

Input 3: 11111011
0 1
1 1
2 1
3 1
4 1
5 0
6 1
7 1

Input 4: 10011111
0 1
1 0
2 0
3 1
4 1
5 1
6 1
7 1

Input 5: 01001001
0 0
1 1
2 0
3 0
4 1
5 0
6 0
7 1

Input 6: 11011011
0 1
1 1
2 0
3 1
4 1
5 0
6 1
7 1

Input 7: 11011111
0 1
1 1
2 0
3 1
4 1
5 1
6 1
7 1

When matching output
x: not in operator
y: wrong position

Identity
0 10111011 6
1 01110111 6
2 11010000 3
3 00111011 5 match 2 7
4 00111111 6 match 0
5 00101001 3 match 1
6 00111011 5 match 2 7
7 11011111 7 match 3

Matching output
0 4
1 5
2 3 6
3 7
4 absent
5 absent
6 absent
7 3 6

Left
4 5 6 7 0x
Best: I4 5 6 7: 4

Right
3 2x
6 5y
Best: I3: 1

NOT
0 01000100 2
1 10001000 2
2 00101111 5
3 11000100 3
4 11000000 2
5 11010110 5
6 11000100 3
7 00100000 1

Matching output
0 absent
1 absent
2 absent
3 absent
4 absent
5 absent
6 absent
7 absent

Left
none
Best: none

Right
none
Best: none

Constant
0 00000000 a
1 11111111 a

Matching output
0 absent
1 absent
2 absent
3 absent
4 absent
5 absent
6 absent
7 absent

Left
none
Best: none

Right
none
Best: none

AND
01 10 00110011 4 match 4
12 21 01010000 2 match 5
23 32 00010000 1 match 6
34 43 00111011 5 match 2 7
45 54 00101001 3 match 1
56 65 00101001 3 match 1
67 76 00011011 4
70 07 10011011 5

02 20 10010000 2
13 31 00110011 4 match 4
24 42 00010000 1 match 6
35 53 00101001 3 match 1
46 64 00111011 5 match 2 7
57 75 00001001 2
60 06 00111011 5 match 2 7
71 17 01010111 5

03 30 00111011 5 match 2 7
14 41 00110111 5
25 52 00000000 a
36 63 00111011 5 match 2 7
47 74 00011111 5
50 05 00101001 3 match 1
61 16 00110011 4 match 4
72 27 11010000 3

04 40 00111011 5 match 2 7
15 51 00100001 2
26 62 00010000 1 match 6
37 73 00011011 4

Matching output
0 absent
1 45 54 56 65 35 53 50 05
2 34 43 46 64 60 06 03 30 36 63 04 40
3 absent
4 01 10 13 31 61 16
5 12 21
6 23 32 24 42 26 62
7 34 43 46 64 60 06 03 30 36 63 04 40

Left
none
Best: none

Right
34 23 12 01 70x
43 32 21 10 07x
46 35y
64 53y
60 57x
06 75x
03 72x
30 27x
36 25x
63 52x
04 73x
40 37x
Best: AND34 23 12 01: 4

OR
01 10 11111111 a
12 21 11110111 7
23 32 11111011 7
34 43 00111111 6 match 0
45 54 00111111 6 match 0
56 65 00111011 5 match 2 7
67 76 11111111 a
70 07 11111111 a

02 20 11111011 7
13 31 01111111 7
24 42 11111111 a
35 53 00111011 5 match 2 7
46 64 00111111 6 match 0
57 75 11111111 a
60 06 10111011 6
71 17 11111111 a

03 30 10111011 6
14 41 01111111 7
25 52 11111001 6
36 63 00111011 5 match 2 7
47 74 11111111 a
50 05 10111011 6
61 16 01111111 7
72 27 11011111 7 match 3

04 40 10111111 7
15 51 01111111 7
26 62 11111011 7
37 73 11111111 a

Matching output
0 34 43 45 54 46 64
1 absent
2 56 65 35 53 36 63
3 72 27
4 absent
5 absent
6 absent
7 56 65 35 53 36 63

Left
34 45y
43 54y
45 56y
54 65y
46 57x
64 75x
Best: OR34: 1

Right
56 45y
65 54y
35 24x
53 42x
36 25x
63 52x
Best: OR56: 1

XOR
01 10 11001100 4
12 21 10100111 5
23 32 11101011 6
34 43 00000100 1
45 54 00010110 3
56 65 00010010 2
67 76 11100100 4
70 07 01100100 3

02 20 01101011 5
13 31 01001100 3
24 42 11101111 7
35 53 00010010 2
46 64 00000100 1
57 75 11110110 6
60 06 10000000 1
71 17 10101000 3

03 30 10000000 1
14 41 01001000 2
25 52 11111001 6
36 63 00000000 a
47 74 11100000 3
50 05 10010010 3
61 16 01001100 3
72 27 00001111 4

04 40 10000100 2
15 51 01011110 5
26 62 11101011 6
37 73 11100100 4

Matching output
0 absent
1 absent
2 absent
3 absent
4 absent
5 absent
6 absent
7 absent

Left
none
Best: none

Right
none
Best: none

AND-NOT
01 10001000 2
12 00100111 4
23 11000000 2
34 00000000 a
45 00010110 3
56 00000000 a
67 00100000 1
70 01000100 2

02 00101011 4
13 01000100 2
24 11000000 2
35 00010010 2
46 00000100 1
57 00100000 1
60 00000000 a
71 10001000 2

03 10000000 1
14 01000000 1
25 11010000 3
36 00000000 a
47 00100000 1
50 00000000 a
61 00001000 1
72 00001111 4

04 10000000 1
15 01010110 4
26 11000000 2
37 00100000 1
40 00000100 1
51 00001000 1
62 00101011 4
73 11000100 3

05 10010010 3
16 01000100 2
27 00000000 a
30 00000000 a
41 00001000 1
52 00101001 3 match 1
63 00000000 a
74 11000000 2

06 10000000 1
17 00100000 1
20 01000000 1
31 00001000 1
42 00101111 5
53 00000000 a
64 00000000 a
75 11010110 5

07 00100000 1
10 01000100 2
21 10000000 1
32 00101011 4
43 00000100 1
54 00000000 a
65 00010010 2
76 11000100 3

Matching output
0 absent
1 52
2 absent
3 absent
4 absent
5 absent
6 absent
7 absent

Left
none
Best: none

Right
none
Best: none

OR-NOT
01 10111011 6
12 01111111 7
23 11010100 4
34 11111011 7
45 11111111 a
56 11101101 6
67 00111011 5 match 2 7
70 11011111 7 match 3

02 10111111 7
13 11110111 7
24 11010000 3
35 11111111 a
46 11111111 a
57 00101001 3 match 1
60 01111111 7
71 11011111 7 match 3

03 11111111 a
14 11110111 7
25 11010110 5
36 11111111 a
47 00111111 6 match 0
50 01101101 5
61 10111011 6
72 11111111 a

04 11111011 7
15 11110111 7
26 11010100 4
37 00111011 5 match 2 7
40 01111111 7
51 10101001 4
62 00111111 6 match 0
73 11011111 7 match 3

05 11111111 a
16 11110111 7
27 11110000 4
30 01111111 7
41 10111111 7
52 00101111 5
63 11111111 a
74 11011111 7 match 3

06 11111111 a
17 01110111 6
20 11010100 4
31 10111011 6
42 00111111 6 match 0
53 11101101 6
64 11111011 7
75 11011111 7 match 3

07 10111011 6
10 01110111 6
21 11011000 4
32 00111111 6 match 0
43 11111111 a
54 11101001 5
65 11111111 a
76 11011111 7 match 3

Matching output
0 47 62 42 32
1 57
2 67 37
3 70 71 73 74 75 76
4 absent
5 absent
6 absent
7 67 37

Left
47 50x
62 73y
42 53x
32 43x
Best: OR-NOT47: 1

Right
67 56x
37 26x
Best: OR-NOT67: 1

XOR-NOT
01 00110011 4 match 4
12 01011000 3
23 00010100 2
34 11111011 7
45 11101001 5
56 11101101 6
67 00011011 4
70 10011011 5

02 10010100 3
13 10110011 5
24 00010000 1 match 6
35 11101101 6
46 11111011 7
57 00001001 2
60 01111111 7
71 01010111 5

03 01111111 7
14 10110111 6
25 00000110 2
36 11111111 a
47 00011111 5
50 01101101 5
61 10110011 5
72 11110000 4

04 01111011 6
15 10100001 3
26 00010100 2
37 00011011 4
40 01111011 6
51 10100001 3
62 00010100 2
73 00011011 4

05 01101101 5
16 10110011 5
27 11110000 4
30 01111111 7
41 10110111 6
52 00000110 2
63 11111111 a
74 00011111 5

06 01111111 7
17 01010111 5
20 10010100 3
31 10110011 5
42 00010000 1 match 6
53 11101101 6
64 11111011 7
75 00001001 2

07 10011011 5
10 00110011 4 match 4
21 01011000 3
32 00010100 2
43 11111011 7
54 11101001 5
65 11101101 6
76 00011011 4

Matching output
0 absent
1 absent
2 absent
3 absent
4 01 10
5 absent
6 24 42
7 absent

Left
none
Best: none

Right
none
Best: none

Selecting

Lefts
Identity I4 5 6 7: 4
NOT none
Constant none
AND none
OR OR34: 1
XOR none
AND-NOT none
OR-NOT OR-NOT47: 1
XOR-NOT none

Rights
Identity I3: 1
NOT none
Constant none
AND AND34 23 12 01: 4
OR OR56: 1
XOR none
AND-NOT none
OR-NOT OR-NOT67: 1
XOR-NOT none

Left longest: 4
Right longest: 4

Left winner: Identity yes, NOT no, Constant no, AND no, OR no, XOR no, AND-NOT no, OR-NOT no, XOR-NOT no
Right winner: Identity no, NOT no, Constant no, AND yes, OR no, XOR no, AND-NOT no, OR-NOT no, XOR-NOT no

Best left: I4 5 6 7: 4
Best right: AND34 23 12 01: 4

Truncated left: I4 5 6 7: 4
Truncated right: AND34 23 12 01: 4

Tentative from right
7 AND34
6 AND23
5 AND12
4 AND01
3 pending
2 pending
1 pending
0 pending

Tentative
0 I4
1 I5
2 I6
3 I7
4 AND01
5 AND12
6 AND23
7 AND34

Preferred from left
0 I4
1 I5
2 I6
3 I7
4 AND01
5 AND12
6 AND23
7 AND34

Preferred from right
7 AND34
6 AND23
5 AND12
4 AND01
3 I7
2 I6
1 I5
0 I4

Preferred
0 I4
1 I5
2 I6
3 I7
4 AND01
5 AND12
6 AND23
7 AND34

Matching
0 I4
1 I5
2 I6
3 I7
4 AND01
5 AND12
6 AND23
7 AND34

Perfect match
Identity no
NOT no
Constant no
AND no
OR no
XOR no
AND-NOT no
OR-NOT no
XOR-NOT no

Matched
0 I4
1 I5
2 I6
3 I7
4 AND01
5 AND12
6 AND23
7 AND34

Selected
0 I4
1 I5
2 I6
3 I7
4 AND01
5 AND12
6 AND23
7 AND34

Applying to 10010000
Input
0 1
1 0
2 0
3 1
4 0
5 0
6 0
7 0
Output
0 I4 = 0
1 I5 = 0
2 I6 = 0
3 I7 = 0
4 AND01 = AND(1,0) = 0
5 AND12 = AND(0,0) = 0
6 AND23 = AND(0,1) = 0
7 AND34 = AND(1,0) = 0

I will now return the answer in \boxed{}
The answer in \boxed{–} is \boxed{00000000}