We need to deduce the transformation by matching the example outputs.
I will put my final answer inside \boxed{}.

Output 0: 10000100
0 1
1 0
2 0
3 0
4 0
5 1
6 0
7 0

Output 1: 10001010
0 1
1 0
2 0
3 0
4 1
5 0
6 1
7 0

Output 2: 01111011
0 0
1 1
2 1
3 1
4 1
5 0
6 1
7 1

Output 3: 11001101
0 1
1 1
2 0
3 0
4 1
5 1
6 0
7 1

Output 4: 01111000
0 0
1 1
2 1
3 1
4 1
5 0
6 0
7 0

Output 5: 01100101
0 0
1 1
2 1
3 0
4 0
5 1
6 0
7 1

Output 6: 11001111
0 1
1 1
2 0
3 0
4 1
5 1
6 1
7 1

Output 7: 00001010
0 0
1 0
2 0
3 0
4 1
5 0
6 1
7 0

Output 8: 10001001
0 1
1 0
2 0
3 0
4 1
5 0
6 0
7 1

Output 9: 10000001
0 1
1 0
2 0
3 0
4 0
5 0
6 0
7 1

Output bit columns (with bitsum as hash)
0 1101001011 6
1 0011111000 5
2 0010110000 3
3 0010100000 2
4 0111101110 7
5 1001011000 4
6 0110001100 4
7 0011011011 6

Input 0: 11111110
0 1
1 1
2 1
3 1
4 1
5 1
6 1
7 0

Input 1: 01101111
0 0
1 1
2 1
3 0
4 1
5 1
6 1
7 1

Input 2: 01010100
0 0
1 1
2 0
3 1
4 0
5 1
6 0
7 0

Input 3: 10100111
0 1
1 0
2 1
3 0
4 0
5 1
6 1
7 1

Input 4: 11000110
0 1
1 1
2 0
3 0
4 0
5 1
6 1
7 0

Input 5: 00011010
0 0
1 0
2 0
3 1
4 1
5 0
6 1
7 0

Input 6: 01111100
0 0
1 1
2 1
3 1
4 1
5 1
6 0
7 0

Input 7: 10010000
0 1
1 0
2 0
3 1
4 0
5 0
6 0
7 0

Input 8: 11111101
0 1
1 1
2 1
3 1
4 1
5 1
6 0
7 1

Input 9: 10110110
0 1
1 0
2 1
3 1
4 0
5 1
6 1
7 0

When matching output
x: not in operator
y: wrong position

Identity
0 1001100111 6
1 1110101010 6
2 1101001011 6 match 0
3 1010011111 7
4 1100011010 5
5 1111101011 8
6 1101110001 6
7 0101000010 3

Matching output
0 2
1 absent
2 absent
3 absent
4 absent
5 absent
6 absent
7 absent

Left
2 3x
Best: I2: 1

Right
none
Best: none

NOT
0 0110011000 4
1 0001010101 4
2 0010110100 4
3 0101100000 3
4 0011100101 5
5 0000010100 2
6 0010001110 4
7 1010111101 7

Matching output
0 absent
1 absent
2 absent
3 absent
4 absent
5 absent
6 absent
7 absent

Left
none
Best: none

Right
none
Best: none

Constant
0 0000000000 a
1 1111111111 a

Matching output
0 absent
1 absent
2 absent
3 absent
4 absent
5 absent
6 absent
7 absent

Left
none
Best: none

Right
none
Best: none

AND
01 10 1000100010 3
12 21 1100001010 4
23 32 1000001011 4
34 43 1000011010 4
45 54 1100001010 4
56 65 1101100001 5
67 76 0101000000 2
70 07 0001000010 2

02 20 1001000011 4
13 31 1010001010 4
24 42 1100001010 4
35 53 1010001011 5
46 64 1100010000 3
57 75 0101000010 3
60 06 1001100001 4
71 17 0100000010 2

03 30 1000000111 4
14 41 1100001010 4
25 52 1101001011 6 match 0
36 63 1000010001 3
47 74 0100000010 2
50 05 1001100011 5
61 16 1100100000 3
72 27 0101000010 3

04 40 1000000010 2
15 51 1110101010 6
26 62 1101000001 4
37 73 0000000010 1

Matching output
0 25 52
1 absent
2 absent
3 absent
4 absent
5 absent
6 absent
7 absent

Left
25 36x
52 63x
Best: AND25: 1

Right
none
Best: none

OR
01 10 1111101111 9
12 21 1111101011 8
23 32 1111011111 9
34 43 1110011111 8
45 54 1111111011 9
56 65 1111111011 9
67 76 1101110011 7
70 07 1101100111 7

02 20 1101101111 8
13 31 1110111111 9
24 42 1101011011 7
35 53 1111111111 a
46 64 1101111011 8
57 75 1111101011 8
60 06 1101110111 8
71 17 1111101010 7

03 30 1011111111 9
14 41 1110111010 7
25 52 1111101011 8
36 63 1111111111 a
47 74 1101011010 6
50 05 1111101111 9
61 16 1111111011 9
72 27 1101001011 6 match 0

04 40 1101111111 9
15 51 1111101011 8
26 62 1101111011 8
37 73 1111011111 9

Matching output
0 72 27
1 absent
2 absent
3 absent
4 absent
5 absent
6 absent
7 absent

Left
72 03x
27 30x
Best: OR72: 1

Right
none
Best: none

XOR
01 10 0111001101 6
12 21 0011100001 4
23 32 0111010100 5
34 43 0110000101 4
45 54 0011110001 5
56 65 0010011010 4
67 76 1000110011 5
70 07 1100100101 5

02 20 0100101100 4
13 31 0100110101 5
24 42 0001010001 3
35 53 0101110100 5
46 64 0001101011 5
57 75 1010101001 5
60 06 0100010110 4
71 17 1011101000 5

03 30 0011111000 5 match 1
14 41 0010110000 3 match 2
25 52 0010100000 2 match 3
36 63 0111101110 7 match 4
47 74 1001011000 4 match 5
50 05 0110001100 4 match 6
61 16 0011011011 6 match 7
72 27 1000001001 3

04 40 0101111101 7
15 51 0001000001 2
26 62 0000111010 4
37 73 1111011101 8

Matching output
0 absent
1 03 30
2 14 41
3 25 52
4 36 63
5 47 74
6 50 05
7 61 16

Left
none
Best: none

Right
61 50 47 36 25 14 03 72x
16 05 74 63 52 41 30 27x
Best: XOR61 50 47 36 25 14 03: 7

AND-NOT
01 0001000101 3
12 0010100000 2 match 3
23 0101000000 2
34 0010000101 3
45 0000010000 1
56 0010001010 3
67 1000110001 4
70 0100000000 1

02 0000100100 2
13 0100100000 2
24 0001000001 2
35 0000010100 2
46 0000001010 2
57 1010101001 5
60 0100010000 2
71 0001000000 1

03 0001100000 2
14 0010100000 2 match 3
25 0000000000 a
36 0010001110 4
47 1000011000 3
50 0110001000 3
61 0001010001 3
72 0000000000 a

04 0001100101 4
15 0000000000 a
26 0000001010 2
37 1010011101 6
40 0100011000 3
51 0001000001 2
62 0000110000 2
73 0101000000 2

05 0000000100 1
16 0010001010 3
27 1000001001 3
30 0010011000 3
41 0000010000 1
52 0010100000 2 match 3
63 0101100000 3
74 0001000000 1

06 0000000110 2
17 1010101000 4
20 0100001000 2
31 0000010101 3
42 0000010000 1
53 0101100000 3
64 0001100001 3
75 0000000000 a

07 1000100101 4
10 0110001000 3
21 0001000001 2
32 0010010100 3
43 0100000000 1
54 0011100001 4
65 0000010000 1
76 0000000010 1

Matching output
0 absent
1 absent
2 absent
3 12 14 52
4 absent
5 absent
6 absent
7 absent

Left
none
Best: none

Right
none
Best: none

OR-NOT
01 1001110111 7
12 1110111110 8
23 1101101011 7
34 1011111111 9
45 1100011110 6
56 1111101111 9
67 1111111101 9
70 0111011010 6

02 1011110111 8
13 1111101010 7
24 1111101111 9
35 1010011111 7
46 1110011110 7
57 1111111111 a
60 1111111001 8
71 0101010111 6

03 1101100111 7
14 1111101111 9
25 1101011111 8
36 1010011111 7
47 1110111111 9
50 1111111011 9
61 1101110101 7
72 0111110110 7

04 1011100111 7
15 1110111110 8
26 1111001111 8
37 1010111111 8
40 1110011010 6
51 1111111111 a
62 1111110101 8
73 0101100010 4

05 1001110111 7
16 1110101110 7
27 1111111111 a
30 1110011111 8
41 1101011111 8
52 1111111111 a
63 1101110001 6
74 0111100111 7

06 1011101111 8
17 1110111111 9
20 1111011011 8
31 1011011111 8
42 1110111110 8
53 1111101011 8
64 1111110101 8
75 0101010110 5

07 1011111111 9
10 1110111010 7
21 1101011111 8
32 1010111111 8
43 1101111010 7
54 1111101111 9
65 1101110101 7
76 0111001110 6

Matching output
0 absent
1 absent
2 absent
3 absent
4 absent
5 absent
6 absent
7 absent

Left
none
Best: none

Right
none
Best: none

XOR-NOT
01 1000110010 4
12 1100011110 6
23 1000101011 5
34 1001111010 6
45 1100001110 5
56 1101100101 6
67 0111001100 5
70 0011011010 5

02 1011010011 6
13 1011001010 5
24 1110101110 7
35 1010001011 5
46 1110010100 5
57 0101010110 5
60 1011101001 6
71 0100010111 5

03 1100000111 5
14 1101001111 7
25 1101011111 8
36 1000010001 3
47 0110100111 6
50 1001110011 6
61 1100100100 4
72 0111110110 7

04 1010000010 3
15 1110111110 8
26 1111000101 6
37 0000100010 2
40 1010000010 3
51 1110111110 8
62 1111000101 6
73 0000100010 2

05 1001110011 6
16 1100100100 4
27 0111110110 7
30 1100000111 5
41 1101001111 7
52 1101011111 8
63 1000010001 3
74 0110100111 6

06 1011101001 6
17 0100010111 5
20 1011010011 6
31 1011001010 5
42 1110101110 7
53 1010001011 5
64 1110010100 5
75 0101010110 5

07 0011011010 5
10 1000110010 4
21 1100011110 6
32 1000101011 5
43 1001111010 6
54 1100001110 5
65 1101100101 6
76 0111001100 5

Matching output
0 absent
1 absent
2 absent
3 absent
4 absent
5 absent
6 absent
7 absent

Left
none
Best: none

Right
none
Best: none

Selecting

Lefts
Identity I2: 1
NOT none
Constant none
AND AND25: 1
OR OR72: 1
XOR none
AND-NOT none
OR-NOT none
XOR-NOT none

Rights
Identity none
NOT none
Constant none
AND none
OR none
XOR XOR61 50 47 36 25 14 03: 7
AND-NOT none
OR-NOT none
XOR-NOT none

Left longest: 1
Right longest: 7

Right winner: Identity no, NOT no, Constant no, AND no, OR no, XOR yes, AND-NOT no, OR-NOT no, XOR-NOT no
Left winner: Identity yes, NOT no, Constant no, AND no, OR no, XOR no, AND-NOT no, OR-NOT no, XOR-NOT no

Best right: XOR61 50 47 36 25 14 03: 7
Best left: I2: 1

Truncated right: XOR61 50 47 36 25 14 03: 7
Truncated left: I2: 1

Tentative from right
7 XOR61
6 XOR50
5 XOR47
4 XOR36
3 XOR25
2 XOR14
1 XOR03
0 pending

Tentative
0 I2
1 XOR03
2 XOR14
3 XOR25
4 XOR36
5 XOR47
6 XOR50
7 XOR61

Preferred from right
7 XOR61
6 XOR50
5 XOR47
4 XOR36
3 XOR25
2 XOR14
1 XOR03
0 I2

Preferred from left
0 I2
1 XOR03
2 XOR14
3 XOR25
4 XOR36
5 XOR47
6 XOR50
7 XOR61

Preferred
0 I2
1 XOR03
2 XOR14
3 XOR25
4 XOR36
5 XOR47
6 XOR50
7 XOR61

Matching
0 I2
1 XOR03
2 XOR14
3 XOR25
4 XOR36
5 XOR47
6 XOR50
7 XOR61

Perfect match
Identity no
NOT no
Constant no
AND no
OR no
XOR no
AND-NOT no
OR-NOT no
XOR-NOT no

Matched
0 I2
1 XOR03
2 XOR14
3 XOR25
4 XOR36
5 XOR47
6 XOR50
7 XOR61

Selected
0 I2
1 XOR03
2 XOR14
3 XOR25
4 XOR36
5 XOR47
6 XOR50
7 XOR61

Applying to 10111111
Input
0 1
1 0
2 1
3 1
4 1
5 1
6 1
7 1
Output
0 I2 = 1
1 XOR03 = XOR(1,1) = 0
2 XOR14 = XOR(0,1) = 1
3 XOR25 = XOR(1,1) = 0
4 XOR36 = XOR(1,1) = 0
5 XOR47 = XOR(1,1) = 0
6 XOR50 = XOR(1,1) = 0
7 XOR61 = XOR(1,0) = 1

I will now return the answer in \boxed{}
The answer in \boxed{–} is \boxed{10100001}