We need to deduce the transformation by matching the example outputs.
I will put my final answer inside \boxed{}.

Output 0: 01100100
0 0
1 1
2 1
3 0
4 0
5 1
6 0
7 0

Output 1: 00000000
0 0
1 0
2 0
3 0
4 0
5 0
6 0
7 0

Output 2: 01010100
0 0
1 1
2 0
3 1
4 0
5 1
6 0
7 0

Output 3: 00100000
0 0
1 0
2 1
3 0
4 0
5 0
6 0
7 0

Output 4: 10101000
0 1
1 0
2 1
3 0
4 1
5 0
6 0
7 0

Output 5: 10011000
0 1
1 0
2 0
3 1
4 1
5 0
6 0
7 0

Output 6: 00000000
0 0
1 0
2 0
3 0
4 0
5 0
6 0
7 0

Output 7: 10001000
0 1
1 0
2 0
3 0
4 1
5 0
6 0
7 0

Output 8: 00000000
0 0
1 0
2 0
3 0
4 0
5 0
6 0
7 0

Output 9: 00000000
0 0
1 0
2 0
3 0
4 0
5 0
6 0
7 0

Output bit columns (with bitsum as hash)
0 0000110100 3
1 1010000000 2
2 1001100000 3
3 0010010000 2
4 0000110100 3
5 1010000000 2
6 0000000000 a
7 0000000000 a

Input 0: 11011001
0 1
1 1
2 0
3 1
4 1
5 0
6 0
7 1

Input 1: 00100000
0 0
1 0
2 1
3 0
4 0
5 0
6 0
7 0

Input 2: 11010101
0 1
1 1
2 0
3 1
4 0
5 1
6 0
7 1

Input 3: 10011000
0 1
1 0
2 0
3 1
4 1
5 0
6 0
7 0

Input 4: 10111010
0 1
1 0
2 1
3 1
4 1
5 0
6 1
7 0

Input 5: 11110110
0 1
1 1
2 1
3 1
4 0
5 1
6 1
7 0

Input 6: 00001110
0 0
1 0
2 0
3 0
4 1
5 1
6 1
7 0

Input 7: 00101010
0 0
1 0
2 1
3 0
4 1
5 0
6 1
7 0

Input 8: 10100000
0 1
1 0
2 1
3 0
4 0
5 0
6 0
7 0

Input 9: 01011010
0 0
1 1
2 0
3 1
4 1
5 0
6 1
7 0

When matching output
x: not in operator
y: wrong position

Identity
0 1011110010 6
1 1010010001 4
2 0100110110 5
3 1011110001 6
4 1001101101 6
5 0010011000 3
6 0000111101 5
7 1010000000 2 match 1 5

Matching output
0 absent
1 7
2 absent
3 absent
4 absent
5 7
6 absent
7 absent

Left
none
Best: none

Right
none
Best: none

NOT
0 0100001101 4
1 0101101110 6
2 1011001001 5
3 0100001110 4
4 0110010010 4
5 1101100111 7
6 1111000010 5
7 0101111111 8

Matching output
0 absent
1 absent
2 absent
3 absent
4 absent
5 absent
6 absent
7 absent

Left
none
Best: none

Right
none
Best: none

Constant
0 0000000000 a match 6 7
1 1111111111 a

Matching output
0 absent
1 absent
2 absent
3 absent
4 absent
5 absent
6 C0
7 C0

Left
none
Best: none

Right
0 0
Best: C0 0: 2

AND
01 10 1010010000 3
12 21 0000010000 1
23 32 0000110000 2
34 43 1001100001 4
45 54 0000001000 1
56 65 0000011000 2
67 76 0000000000 a match 6 7
70 07 1010000000 2 match 1 5

02 20 0000110010 3
13 31 1010010001 4
24 42 0000100100 2
35 53 0010010000 2 match 3
46 64 0000101101 4
57 75 0010000000 1
60 06 0000110000 2
71 17 1010000000 2 match 1 5

03 30 1011110000 5
14 41 1000000001 2
25 52 0000010000 1
36 63 0000110001 3
47 74 1000000000 1
50 05 0010010000 2 match 3
61 16 0000010001 2
72 27 0000000000 a match 6 7

04 40 1001100000 3 match 2
15 51 0010010000 2 match 3
26 62 0000110100 3 match 0 4
37 73 1010000000 2 match 1 5

Matching output
0 26 62
1 70 07 71 17 37 73
2 04 40
3 35 53 50 05 15 51
4 26 62
5 70 07 71 17 37 73
6 67 76 72 27
7 67 76 72 27

Left
26 37 40 51 62 73 04y
62 73 04 15 26 37 40y
Best: AND26 37 40 51 62 73: 6

Right
67 56x
76 65x
72 61x
27 16x
Best: AND67: 1

OR
01 10 1011110011 7
12 21 1110110111 8
23 32 1111110111 9
34 43 1011111101 8
45 54 1011111101 8
56 65 0010111101 6
67 76 1010111101 7
70 07 1011110010 6

02 20 1111110110 8
13 31 1011110001 6
24 42 1101111111 9
35 53 1011111001 7
46 64 1001111101 7
57 75 1010011000 4
60 06 1011111111 9
71 17 1010010001 4

03 30 1011110011 7
14 41 1011111101 8
25 52 0110111110 7
36 63 1011111101 8
47 74 1011101101 7
50 05 1011111010 7
61 16 1010111101 7
72 27 1110110110 7

04 40 1011111111 9
15 51 1010011001 5
26 62 0100111111 7
37 73 1011110001 6

Matching output
0 absent
1 absent
2 absent
3 absent
4 absent
5 absent
6 absent
7 absent

Left
none
Best: none

Right
none
Best: none

XOR
01 10 0001100011 4
12 21 1110100111 7
23 32 1111000111 7
34 43 0010011100 4
45 54 1011110101 7
56 65 0010100101 4
67 76 1010111101 7
70 07 0001110010 4

02 20 1111000100 5
13 31 0001100000 2
24 42 1101011011 7
35 53 1001101001 5
46 64 1001010000 3
57 75 1000011000 3
60 06 1011001111 7
71 17 0000010001 2

03 30 0000000011 2
14 41 0011111100 6
25 52 0110101110 6
36 63 1011001100 5
47 74 0011101101 6
50 05 1001101010 5
61 16 1010101100 5
72 27 1110110110 7

04 40 0010011111 6
15 51 1000001001 3
26 62 0100001011 4
37 73 0001110001 4

Matching output
0 absent
1 absent
2 absent
3 absent
4 absent
5 absent
6 absent
7 absent

Left
none
Best: none

Right
none
Best: none

AND-NOT
01 0001100010 3
12 1010000001 3
23 0100000110 3
34 0010010000 2 match 3
45 1001100101 5
56 0010000000 1
67 0000111101 5
70 0000000000 a match 6 7

02 1011000000 3
13 0000000000 a match 6 7
24 0100010010 3
35 1001100001 4
46 1001000000 2
57 0000011000 2
60 0000001101 3
71 0000000000 a match 6 7

03 0000000010 1
14 0010010000 2 match 3
25 0100100110 4
36 1011000000 3
47 0001101101 5
50 0000001000 1
61 0000101100 3
72 1010000000 2 match 1 5

04 0010010010 3
15 1000000001 2
26 0100000010 2
37 0001110001 4
40 0000001101 3
51 0000001000 1
62 0000001001 2
73 0000000000 a match 6 7

05 1001100010 4
16 1010000000 2 match 1 5
27 0100110110 5
30 0000000001 1
41 0001101100 4
52 0010001000 2
63 0000001100 2
74 0010000000 1

06 1011000010 4
17 0000010001 2
20 0100000100 2
31 0001100000 2
42 1001001001 4
53 0000001000 1
64 0000010000 1
75 1000000000 1

07 0001110010 4
10 0000000001 1
21 0100100110 4
32 1011000001 4
43 0000001100 2
54 0010010000 2 match 3
65 0000100101 3
76 1010000000 2 match 1 5

Matching output
0 absent
1 72 16 76
2 absent
3 34 14 54
4 absent
5 72 16 76
6 70 13 71 73
7 70 13 71 73

Left
none
Best: none

Right
70 67x
13 02x
71 60x
73 62x
Best: AND-NOT70: 1

OR-NOT
01 1111111110 9
12 1011011001 6
23 0100111110 6
34 1111110011 8
45 1101101111 8
56 1111011010 7
67 0101111111 8
70 1110001101 6

02 1011111011 8
13 1110011111 8
24 0110110110 6
35 1111110111 9
46 1111101111 9
57 0111111111 9
60 0100111101 6
71 1111101110 8

03 1111111110 9
14 1110010011 6
25 1101110111 8
36 1111110011 8
47 1101111111 9
50 0110011101 6
61 0101111111 8
72 1011001001 5

04 1111110010 7
15 1111110111 9
26 1111110110 8
37 1111111111 a
40 1101101101 7
51 0111111110 8
62 1011111101 8
73 1110001110 6

05 1111110111 9
16 1111010011 7
27 0101111111 8
30 1111111101 9
41 1101101111 8
52 1011011001 6
63 0100111111 7
74 1110010010 5

06 1111110010 7
17 1111111111 a
20 0100111111 7
31 1111111111 a
42 1011101101 7
53 0110011110 6
64 0110111111 8
75 1111100111 8

07 1111111111 a
10 1110011101 7
21 0101111110 7
32 1011111001 7
43 1101101111 8
54 0110011010 5
65 1101111111 9
76 1111000010 5

Matching output
0 absent
1 absent
2 absent
3 absent
4 absent
5 absent
6 absent
7 absent

Left
none
Best: none

Right
none
Best: none

XOR-NOT
01 1110011100 6
12 0001011000 3
23 0000111000 3
34 1101100011 6
45 0100001010 3
56 1101011010 6
67 0101000010 3
70 1110001101 6

02 0000111011 5
13 1110011111 8
24 0010100100 3
35 0110010110 5
46 0110101111 7
57 0111100111 7
60 0100110000 3
71 1111101110 8

03 1111111100 8
14 1100000011 4
25 1001010001 4
36 0100110011 5
47 1100010010 4
50 0110010101 5
61 0101010011 5
72 0001001001 3

04 1101100000 4
15 0111110110 7
26 1011110100 6
37 1110001110 6
40 1101100000 4
51 0111110110 7
62 1011110100 6
73 1110001110 6

05 0110010101 5
16 0101010011 5
27 0001001001 3
30 1111111100 8
41 1100000011 4
52 1001010001 4
63 0100110011 5
74 1100010010 4

06 0100110000 3
17 1111101110 8
20 0000111011 5
31 1110011111 8
42 0010100100 3
53 0110010110 5
64 0110101111 7
75 0111100111 7

07 1110001101 6
10 1110011100 6
21 0001011000 3
32 0000111000 3
43 1101100011 6
54 0100001010 3
65 1101011010 6
76 0101000010 3

Matching output
0 absent
1 absent
2 absent
3 absent
4 absent
5 absent
6 absent
7 absent

Left
none
Best: none

Right
none
Best: none

Selecting

Lefts
Identity none
NOT none
Constant none
AND AND26 37 40 51 62 73: 6
OR none
XOR none
AND-NOT none
OR-NOT none
XOR-NOT none

Rights
Identity none
NOT none
Constant C0 0: 2
AND AND67: 1
OR none
XOR none
AND-NOT AND-NOT70: 1
OR-NOT none
XOR-NOT none

Left longest: 6
Right longest: 2

Left winner: Identity no, NOT no, Constant no, AND yes, OR no, XOR no, AND-NOT no, OR-NOT no, XOR-NOT no
Right winner: Identity no, NOT no, Constant yes, AND no, OR no, XOR no, AND-NOT no, OR-NOT no, XOR-NOT no

Best left: AND26 37 40 51 62 73: 6
Best right: C0 0: 2

Truncated left: AND26 37 40 51 62 73: 6
Truncated right: C0 0: 2

Tentative from right
7 C0
6 C0
5 pending
4 pending
3 pending
2 pending
1 pending
0 pending

Tentative
0 AND26
1 AND37
2 AND40
3 AND51
4 AND62
5 AND73
6 C0
7 C0

Preferred from left
0 AND26
1 AND37
2 AND40
3 AND51
4 AND62
5 AND73
6 C0
7 C0

Preferred from right
7 C0
6 C0
5 AND73
4 AND62
3 AND51
2 AND40
1 AND37
0 AND26

Preferred
0 AND26
1 AND37
2 AND40
3 AND51
4 AND62
5 AND73
6 C0
7 C0

Matching
0 AND26
1 AND37
2 AND40
3 AND51
4 AND62
5 AND73
6 C0
7 C0

Perfect match
Identity no
NOT no
Constant no
AND no
OR no
XOR no
AND-NOT no
OR-NOT no
XOR-NOT no

Matched
0 AND26
1 AND37
2 AND40
3 AND51
4 AND62
5 AND73
6 C0
7 C0

Selected
0 AND26
1 AND37
2 AND40
3 AND51
4 AND62
5 AND73
6 C0
7 C0

Applying to 10100001
Input
0 1
1 0
2 1
3 0
4 0
5 0
6 0
7 1
Output
0 AND26 = AND(1,0) = 0
1 AND37 = AND(0,1) = 0
2 AND40 = AND(0,1) = 0
3 AND51 = AND(0,0) = 0
4 AND62 = AND(0,1) = 0
5 AND73 = AND(1,0) = 0
6 C0 = 0
7 C0 = 0

I will now return the answer in \boxed{}
The answer in \boxed{–} is \boxed{00000000}