We need to deduce the transformation by matching the example outputs.
I will put my final answer inside \boxed{}.

Output 0: 10011111
0 1
1 0
2 0
3 1
4 1
5 1
6 1
7 1

Output 1: 10100111
0 1
1 0
2 1
3 0
4 0
5 1
6 1
7 1

Output 2: 10101111
0 1
1 0
2 1
3 0
4 1
5 1
6 1
7 1

Output 3: 11111111
0 1
1 1
2 1
3 1
4 1
5 1
6 1
7 1

Output 4: 00100011
0 0
1 0
2 1
3 0
4 0
5 0
6 1
7 1

Output 5: 10111011
0 1
1 0
2 1
3 1
4 1
5 0
6 1
7 1

Output 6: 11010011
0 1
1 1
2 0
3 1
4 0
5 0
6 1
7 1

Output 7: 10111101
0 1
1 0
2 1
3 1
4 1
5 1
6 0
7 1

Output bit columns (with bitsum as hash)
0 11110111 7
1 00010010 2
2 01111101 6
3 10010111 5
4 10110101 5
5 11110001 5
6 11111110 7
7 11111111 a

Input 0: 11011001
0 1
1 1
2 0
3 1
4 1
5 0
6 0
7 1

Input 1: 00101010
0 0
1 0
2 1
3 0
4 1
5 0
6 1
7 0

Input 2: 01111010
0 0
1 1
2 1
3 1
4 1
5 0
6 1
7 0

Input 3: 01011111
0 0
1 1
2 0
3 1
4 1
5 1
6 1
7 1

Input 4: 00010010
0 0
1 0
2 0
3 1
4 0
5 0
6 1
7 0

Input 5: 10011011
0 1
1 0
2 0
3 1
4 1
5 0
6 1
7 1

Input 6: 00011101
0 0
1 0
2 0
3 1
4 1
5 1
6 0
7 1

Input 7: 11001011
0 1
1 1
2 0
3 0
4 1
5 0
6 1
7 1

When matching output
x: not in operator
y: wrong position

Identity
0 10000101 3
1 10110001 4
2 01100000 2
3 10111110 6
4 11110111 7 match 0
5 00010010 2 match 1
6 01111101 6 match 2
7 10010111 5 match 3

Matching output
0 4
1 5
2 6
3 7
4 absent
5 absent
6 absent
7 absent

Left
4 5 6 7 0x
Best: I4 5 6 7: 4

Right
none
Best: none

NOT
0 01111010 5
1 01001110 4
2 10011111 6
3 01000001 2
4 00001000 1
5 11101101 6
6 10000010 2
7 01101000 3

Matching output
0 absent
1 absent
2 absent
3 absent
4 absent
5 absent
6 absent
7 absent

Left
none
Best: none

Right
none
Best: none

Constant
0 00000000 a
1 11111111 a match 7

Matching output
0 absent
1 absent
2 absent
3 absent
4 absent
5 absent
6 absent
7 C1

Left
none
Best: none

Right
1
Best: C1: 1

AND
01 10 10000001 2
12 21 00100000 1
23 32 00100000 1
34 43 10110110 5
45 54 00010010 2 match 1
56 65 00010000 1
67 76 00010101 3
70 07 10000101 3

02 20 00000000 a
13 31 10110000 3
24 42 01100000 2
35 53 00010010 2 match 1
46 64 01110101 5
57 75 00010010 2 match 1
60 06 00000101 2
71 17 10010001 3

03 30 10000100 2
14 41 10110001 4
25 52 00000000 a
36 63 00111100 4
47 74 10010111 5 match 3
50 05 00000000 a
61 16 00110001 3
72 27 00000000 a

04 40 10000101 3
15 51 00010000 1
26 62 01100000 2
37 73 10010110 4

Matching output
0 absent
1 45 54 35 53 57 75
2 absent
3 47 74
4 absent
5 absent
6 absent
7 absent

Left
none
Best: none

Right
none
Best: none

OR
01 10 10110101 5 match 4
12 21 11110001 5 match 5
23 32 11111110 7 match 6
34 43 11111111 a match 7
45 54 11110111 7 match 0
56 65 01111111 7
67 76 11111111 a match 7
70 07 10010111 5 match 3

02 20 11100101 5
13 31 10111111 7
24 42 11110111 7 match 0
35 53 10111110 6
46 64 11111111 a match 7
57 75 10010111 5 match 3
60 06 11111101 7
71 17 10110111 6

03 30 10111111 7
14 41 11110111 7 match 0
25 52 01110010 4
36 63 11111111 a match 7
47 74 11110111 7 match 0
50 05 10010111 5 match 3
61 16 11111101 7
72 27 11110111 7 match 0

04 40 11110111 7 match 0
15 51 10110011 5
26 62 01111101 6 match 2
37 73 10111111 7

Matching output
0 45 54 24 42 14 41 47 74 72 27 04 40
1 absent
2 26 62
3 70 07 57 75 50 05
4 01 10
5 12 21
6 23 32
7 34 43 67 76 46 64 36 63

Left
45 56x
54 65x
24 35x
42 53x
14 25x
41 52x
47 50y
74 05y
72 03x
27 30x
04 15x
40 51x
Best: OR45: 1

Right
34 23 12 01 70 67y
43 32 21 10 07 76y
67 56x
76 65x
46 35x
64 53x
36 25x
63 52x
Best: OR34 23 12 01 70: 5

XOR
01 10 00110100 3
12 21 11010001 4
23 32 11011110 6
34 43 01001001 3
45 54 11100101 5
56 65 01101111 6
67 76 11101010 5
70 07 00010010 2 match 1

02 20 11100101 5
13 31 00001111 4
24 42 10010111 5 match 3
35 53 10101100 4
46 64 10001010 3
57 75 10000101 3
60 06 11111000 5
71 17 00100110 3

03 30 00111011 5
14 41 01000110 3
25 52 01110010 4
36 63 11000011 4
47 74 01100000 2
50 05 10010111 5 match 3
61 16 11001100 4
72 27 11110111 7 match 0

04 40 01110010 4
15 51 10100011 4
26 62 00011101 4
37 73 00101001 3

Matching output
0 72 27
1 70 07
2 absent
3 24 42 50 05
4 absent
5 absent
6 absent
7 absent

Left
72 03x
27 30x
Best: XOR72: 1

Right
none
Best: none

AND-NOT
01 00000100 1
12 10010001 3
23 01000000 1
34 00001000 1
45 11100101 5
56 00000010 1
67 01101000 3
70 00010010 2 match 1

02 10000101 3
13 00000001 1
24 00000000 a
35 10101100 4
46 10000010 2
57 00000000 a
60 01111000 4
71 00000110 2

03 00000001 1
14 00000000 a
25 01100000 2
36 10000010 2
47 01100000 2
50 00010010 2 match 1
61 01001100 3
72 10010111 5 match 3

04 00000000 a
15 10100001 3
26 00000000 a
37 00101000 2
40 01110010 4
51 00000010 1
62 00011101 4
73 00000001 1

05 10000101 3
16 10000000 1
27 01100000 2
30 00111010 4
41 01000110 3
52 00010010 2 match 1
63 01000001 2
74 00000000 a

06 10000000 1
17 00100000 1
20 01100000 2
31 00001110 3
42 10010111 5 match 3
53 00000000 a
64 00001000 1
75 10000101 3

07 00000000 a
10 00110000 2
21 01000000 1
32 10011110 5
43 01000001 2
54 00000000 a
65 01101101 5
76 10000010 2

Matching output
0 absent
1 70 50 52
2 absent
3 72 42
4 absent
5 absent
6 absent
7 absent

Left
none
Best: none

Right
none
Best: none

OR-NOT
01 11001111 6
12 10111111 7
23 01100001 3
34 10111110 6
45 11111111 a match 7
56 10010010 3
67 01111101 6 match 2
70 11111111 a match 7

02 10011111 6
13 11110001 5 match 5
24 01101000 3
35 11111111 a match 7
46 11110111 7 match 0
57 01111010 5
60 01111111 7
71 11011111 7

03 11000101 4
14 10111001 5
25 11101101 6
36 10111110 6
47 11111111 a match 7
50 01111010 5
61 01111111 7
72 10011111 6

04 10001101 4
15 11111101 7
26 11100010 4
37 11111110 7 match 6
40 11111111 a match 7
51 01011110 5
62 11111111 a match 7
73 11010111 6

05 11101101 6
16 10110011 5
27 01101000 3
30 11111110 7 match 6
41 11111111 a match 7
52 10011111 6
63 01111101 6 match 2
74 10011111 6

06 10000111 4
17 11111001 6
20 01111010 5
31 11111110 7 match 6
42 11111111 a match 7
53 01010011 4
64 01111101 6 match 2
75 11111111 a match 7

07 11101101 6
10 11111011 7
21 01101110 5
32 10111111 7
43 11110111 7 match 0
54 00011010 3
65 11111101 7
76 10010111 5 match 3

Matching output
0 46 43
1 absent
2 67 63 64
3 76
4 absent
5 13
6 37 30 31
7 45 70 35 47 40 62 41 42 75

Left
46 57x
43 54x
Best: OR-NOT46: 1

Right
45 34x
70 67y
35 24x
47 36x
40 37 26x
62 51x
41 30 27x
42 31 20x
75 64y
Best: OR-NOT40 37: 2

XOR-NOT
01 11001011 5
12 00101110 4
23 00100001 2
34 10110110 5
45 00011010 3
56 10010000 2
67 00010101 3
70 11101101 6

02 00011010 3
13 11110000 4
24 01101000 3
35 01010011 4
46 01110101 5
57 01111010 5
60 00000111 3
71 11011001 5

03 11000100 3
14 10111001 5
25 10001101 4
36 00111100 4
47 10011111 6
50 01101000 3
61 00110011 4
72 00001000 1

04 10001101 4
15 01011100 4
26 11100010 4
37 11010110 5
40 10001101 4
51 01011100 4
62 11100010 4
73 11010110 5

05 01101000 3
16 00110011 4
27 00001000 1
30 11000100 3
41 10111001 5
52 10001101 4
63 00111100 4
74 10011111 6

06 00000111 3
17 11011001 5
20 00011010 3
31 11110000 4
42 01101000 3
53 01010011 4
64 01110101 5
75 01111010 5

07 11101101 6
10 11001011 5
21 00101110 4
32 00100001 2
43 10110110 5
54 00011010 3
65 10010000 2
76 00010101 3

Matching output
0 absent
1 absent
2 absent
3 absent
4 absent
5 absent
6 absent
7 absent

Left
none
Best: none

Right
none
Best: none

Selecting

Lefts
Identity I4 5 6 7: 4
NOT none
Constant none
AND none
OR OR45: 1
XOR XOR72: 1
AND-NOT none
OR-NOT OR-NOT46: 1
XOR-NOT none

Rights
Identity none
NOT none
Constant C1: 1
AND none
OR OR34 23 12 01 70: 5
XOR none
AND-NOT none
OR-NOT OR-NOT40 37: 2
XOR-NOT none

Left longest: 4
Right longest: 5

Right winner: Identity no, NOT no, Constant no, AND no, OR yes, XOR no, AND-NOT no, OR-NOT no, XOR-NOT no
Left winner: Identity yes, NOT no, Constant no, AND no, OR no, XOR no, AND-NOT no, OR-NOT no, XOR-NOT no

Best right: OR34 23 12 01 70: 5
Best left: I4 5 6 7: 4

Truncated right: OR34 23 12 01 70: 5
Truncated left: I4 5 6: 3 truncated

Tentative from right
7 OR34
6 OR23
5 OR12
4 OR01
3 OR70
2 pending
1 pending
0 pending

Tentative
0 I4
1 I5
2 I6
3 OR70
4 OR01
5 OR12
6 OR23
7 OR34

Preferred from right
7 OR34
6 OR23
5 OR12
4 OR01
3 OR70
2 I6
1 I5
0 I4

Preferred from left
0 I4
1 I5
2 I6
3 OR70
4 OR01
5 OR12
6 OR23
7 OR34

Preferred
0 I4
1 I5
2 I6
3 OR70
4 OR01
5 OR12
6 OR23
7 OR34

Matching
0 I4
1 I5
2 I6
3 OR70
4 OR01
5 OR12
6 OR23
7 OR34

Perfect match
Identity no
NOT no
Constant no
AND no
OR no
XOR no
AND-NOT no
OR-NOT no
XOR-NOT no

Matched
0 I4
1 I5
2 I6
3 OR70
4 OR01
5 OR12
6 OR23
7 OR34

Selected
0 I4
1 I5
2 I6
3 OR70
4 OR01
5 OR12
6 OR23
7 OR34

Applying to 01111111
Input
0 0
1 1
2 1
3 1
4 1
5 1
6 1
7 1
Output
0 I4 = 1
1 I5 = 1
2 I6 = 1
3 OR70 = OR(1,0) = 1
4 OR01 = OR(0,1) = 1
5 OR12 = OR(1,1) = 1
6 OR23 = OR(1,1) = 1
7 OR34 = OR(1,1) = 1

I will now return the answer in \boxed{}
The answer in \boxed{–} is \boxed{11111111}