We need to deduce the transformation by matching the example outputs.
I will put my final answer inside \boxed{}.

Output 0: 10111111
0 1
1 0
2 1
3 1
4 1
5 1
6 1
7 1

Output 1: 00011011
0 0
1 0
2 0
3 1
4 1
5 0
6 1
7 1

Output 2: 11011101
0 1
1 1
2 0
3 1
4 1
5 1
6 0
7 1

Output 3: 11101111
0 1
1 1
2 1
3 0
4 1
5 1
6 1
7 1

Output 4: 01010111
0 0
1 1
2 0
3 1
4 0
5 1
6 1
7 1

Output 5: 01011111
0 0
1 1
2 0
3 1
4 1
5 1
6 1
7 1

Output 6: 01010110
0 0
1 1
2 0
3 1
4 0
5 1
6 1
7 0

Output 7: 10111110
0 1
1 0
2 1
3 1
4 1
5 1
6 1
7 0

Output 8: 10011011
0 1
1 0
2 0
3 1
4 1
5 0
6 1
7 1

Output 9: 11011101
0 1
1 1
2 0
3 1
4 1
5 1
6 0
7 1

Output bit columns (with bitsum as hash)
0 1011000111 6
1 0011111001 6
2 1001000100 3
3 1110111111 9
4 1111010111 8
5 1011111101 8
6 1101111110 8
7 1111110011 8

Input 0: 11111101
0 1
1 1
2 1
3 1
4 1
5 1
6 0
7 1

Input 1: 01010010
0 0
1 1
2 0
3 1
4 0
5 0
6 1
7 0

Input 2: 00100011
0 0
1 0
2 1
3 0
4 0
5 0
6 1
7 1

Input 3: 00001000
0 0
1 0
2 0
3 0
4 1
5 0
6 0
7 0

Input 4: 10111110
0 1
1 0
2 1
3 1
4 1
5 1
6 1
7 0

Input 5: 11011000
0 1
1 1
2 0
3 1
4 1
5 0
6 0
7 0

Input 6: 10110110
0 1
1 0
2 1
3 1
4 0
5 1
6 1
7 0

Input 7: 11110101
0 1
1 1
2 1
3 1
4 0
5 1
6 0
7 1

Input 8: 00010010
0 0
1 0
2 0
3 1
4 0
5 0
6 1
7 0

Input 9: 01100111
0 0
1 1
2 1
3 0
4 0
5 1
6 1
7 1

When matching output
x: not in operator
y: wrong position

Identity
0 1000111100 5
1 1100010101 5
2 1010101101 6
3 1100111110 7
4 1001110000 4
5 1000101101 5
6 0110101011 6
7 1010000101 4

Matching output
0 absent
1 absent
2 absent
3 absent
4 absent
5 absent
6 absent
7 absent

Left
none
Best: none

Right
none
Best: none

NOT
0 0111000011 5
1 0011101010 5
2 0101010010 4
3 0011000001 3
4 0110001111 6
5 0111010010 5
6 1001010100 4
7 0101111010 6

Matching output
0 absent
1 absent
2 absent
3 absent
4 absent
5 absent
6 absent
7 absent

Left
none
Best: none

Right
none
Best: none

Constant
0 0000000000 a
1 1111111111 a

Matching output
0 absent
1 absent
2 absent
3 absent
4 absent
5 absent
6 absent
7 absent

Left
none
Best: none

Right
none
Best: none

AND
01 10 1000010100 3
12 21 1000000101 3
23 32 1000101100 4
34 43 1000110000 3
45 54 1000100000 2
56 65 0000101001 3
67 76 0010000001 2
70 07 1000000100 2

02 20 1000101100 4
13 31 1100010100 4
24 42 1000100000 2
35 53 1000101100 4
46 64 0000100000 1
57 75 1000000101 3
60 06 0000101000 2
71 17 1000000101 3

03 30 1000111100 5
14 41 1000010000 2
25 52 1000101101 5
36 63 0100101010 4
47 74 1000000000 1
50 05 1000101100 4
61 16 0100000001 2
72 27 1010000101 4

04 40 1000110000 3
15 51 1000000101 3
26 62 0010101001 4
37 73 1000000100 2

Matching output
0 absent
1 absent
2 absent
3 absent
4 absent
5 absent
6 absent
7 absent

Left
none
Best: none

Right
none
Best: none

OR
01 10 1100111101 7
12 21 1110111101 8
23 32 1110111111 9 match 3
34 43 1101111110 8 match 6
45 54 1001111101 7
56 65 1110101111 8
67 76 1110101111 8
70 07 1010111101 7

02 20 1010111101 7
13 31 1100111111 8
24 42 1011111101 8 match 5
35 53 1100111111 8
46 64 1111111011 9
57 75 1010101101 6
60 06 1110111111 9 match 3
71 17 1110010101 6

03 30 1100111110 7
14 41 1101110101 7
25 52 1010101101 6
36 63 1110111111 9 match 3
47 74 1011110101 7
50 05 1000111101 6
61 16 1110111111 9 match 3
72 27 1010101101 6

04 40 1001111100 6
15 51 1100111101 7
26 62 1110101111 8
37 73 1110111111 9 match 3

Matching output
0 absent
1 absent
2 absent
3 23 32 60 06 36 63 61 16 37 73
4 absent
5 24 42
6 34 43
7 absent

Left
none
Best: none

Right
none
Best: none

XOR
01 10 0100101001 4
12 21 0110111000 5
23 32 0110010011 5
34 43 0101001110 5
45 54 0001011101 5
56 65 1110000110 5
67 76 1100101110 6
70 07 0010111001 5

02 20 0010010001 3
13 31 0000101011 4
24 42 0011011101 6
35 53 0100010011 4
46 64 1111011011 8
57 75 0010101000 3
60 06 1110010111 7
71 17 0110010000 3

03 30 0100000010 2
14 41 0101100101 5
25 52 0010000000 1
36 63 1010010101 5
47 74 0011110101 6
50 05 0000010001 2
61 16 1010111110 7
72 27 0000101000 2

04 40 0001001100 3
15 51 0100111000 4
26 62 1100000110 4
37 73 0110111011 7

Matching output
0 absent
1 absent
2 absent
3 absent
4 absent
5 absent
6 absent
7 absent

Left
none
Best: none

Right
none
Best: none

AND-NOT
01 0000101000 2
12 0100010000 2
23 0010000001 2
34 0100001110 4
45 0001010000 2
56 1000000100 2
67 0100101010 4
70 0010000001 2

02 0000010000 1
13 0000000001 1
24 0010001101 4
35 0100010010 3
46 1001010000 3
57 0000101000 2
60 0110000011 4
71 0010000000 1

03 0000000000 a
14 0100000101 3
25 0010000000 1
36 1000010100 3
47 0001110000 3
50 0000000001 1
61 0010101010 4
72 0000000000 a

04 0000001100 2
15 0100010000 2
26 1000000100 2
37 0100111010 5
40 0001000000 1
51 0000101000 2
62 0100000010 2
73 0010000001 2

05 0000010000 1
16 1000010100 3
27 0000101000 2
30 0100000010 2
41 0001100000 2
52 0000000000 a
63 0010000001 2
74 0010000101 3

06 1000010100 3
17 0100010000 2
20 0010000001 2
31 0000101010 3
42 0001010000 2
53 0000000001 1
64 0110001011 5
75 0010000000 1

07 0000111000 3
10 0100000001 2
21 0010101000 3
32 0100010010 3
43 0001000000 1
54 0000001101 3
65 0110000010 3
76 1000000100 2

Matching output
0 absent
1 absent
2 absent
3 absent
4 absent
5 absent
6 absent
7 absent

Left
none
Best: none

Right
none
Best: none

OR-NOT
01 1011111110 8
12 1101010111 7
23 1011101101 7
34 1110111111 9 match 3
45 1111110010 7
56 1001111101 7
67 0111111011 8
70 1111000111 7

02 1101111110 8 match 6
13 1111010101 7
24 1110101111 8
35 1111111110 9
46 1001110100 5
57 1101111111 9
60 0111101011 7
71 1011101111 8

03 1011111101 8 match 5
14 1110011111 8
25 1111111111 a
36 1101111110 8 match 6
47 1101111010 7
50 1111101111 9
61 0111101011 7
72 1111010111 8 match 4

04 1110111111 9 match 3
15 1111010111 8 match 4
26 1011111101 8 match 5
37 1101111110 8 match 6
40 1111110011 8 match 7
51 1011101111 8
62 0111111011 8
73 1011000101 5

05 1111111110 9
16 1101010101 6
27 1111111111 a
30 1111111111 a
41 1011111010 7
52 1101111111 9
63 0111101011 7
74 1110001111 7

06 1001111100 6
17 1101111111 9
20 1111101111 9
31 1111111110 9
42 1101110010 6
53 1011101101 7
64 0110101111 7
75 1111010111 8 match 4

07 1101111110 8 match 6
10 1111010111 8 match 4
21 1011101111 8
32 1101111110 8 match 6
43 1011110001 6
54 1110101111 8
65 0111111011 8
76 1011010101 6

Matching output
0 absent
1 absent
2 absent
3 34 04
4 72 15 75 10
5 03 26
6 02 36 37 07 32
7 40

Left
none
Best: none

Right
40 37 26 15 04 73x
Best: OR-NOT40 37 26 15 04: 5

XOR-NOT
01 1011010110 6
12 1001000111 5
23 1001101100 5
34 1010110001 5
45 1110100010 5
56 0001111001 5
67 0011010001 4
70 1101000110 5

02 1101101110 7
13 1111010100 6
24 1100100010 4
35 1011101100 6
46 0000100100 2
57 1101010111 7
60 0001101000 3
71 1001101111 7

03 1011111101 8 match 5
14 1010011010 5
25 1101111111 9
36 0101101010 5
47 1100001010 4
50 1111101110 8
61 0101000001 3
72 1111010111 8 match 4

04 1110110011 7
15 1011000111 6 match 0
26 0011111001 6 match 1
37 1001000100 3 match 2
40 1110110011 7
51 1011000111 6 match 0
62 0011111001 6 match 1
73 1001000100 3 match 2

05 1111101110 8
16 0101000001 3
27 1111010111 8 match 4
30 1011111101 8 match 5
41 1010011010 5
52 1101111111 9
63 0101101010 5
74 1100001010 4

06 0001101000 3
17 1001101111 7
20 1101101110 7
31 1111010100 6
42 1100100010 4
53 1011101100 6
64 0000100100 2
75 1101010111 7

07 1101000110 5
10 1011010110 6
21 1001000111 5
32 1001101100 5
43 1010110001 5
54 1110100010 5
65 0001111001 5
76 0011010001 4

Matching output
0 15 51
1 26 62
2 37 73
3 absent
4 72 27
5 03 30
6 absent
7 absent

Left
15 26 37 40x
51 62 73 04x
Best: XOR-NOT15 26 37: 3

Right
none
Best: none

Selecting

Lefts
Identity none
NOT none
Constant none
AND none
OR none
XOR none
AND-NOT none
OR-NOT none
XOR-NOT XOR-NOT15 26 37: 3

Rights
Identity none
NOT none
Constant none
AND none
OR none
XOR none
AND-NOT none
OR-NOT OR-NOT40 37 26 15 04: 5
XOR-NOT none

Left longest: 3
Right longest: 5

Right winner: Identity no, NOT no, Constant no, AND no, OR no, XOR no, AND-NOT no, OR-NOT yes, XOR-NOT no
Left winner: Identity no, NOT no, Constant no, AND no, OR no, XOR no, AND-NOT no, OR-NOT no, XOR-NOT yes

Best right: OR-NOT40 37 26 15 04: 5
Best left: XOR-NOT15 26 37: 3

Truncated right: OR-NOT40 37 26 15 04: 5
Truncated left: XOR-NOT15 26 37: 3

Tentative from right
7 OR-NOT40
6 OR-NOT37
5 OR-NOT26
4 OR-NOT15
3 OR-NOT04
2 pending
1 pending
0 pending

Tentative
0 XOR-NOT15
1 XOR-NOT26
2 XOR-NOT37
3 OR-NOT04
4 OR-NOT15
5 OR-NOT26
6 OR-NOT37
7 OR-NOT40

Preferred from right
7 OR-NOT40
6 OR-NOT37
5 OR-NOT26
4 OR-NOT15
3 OR-NOT04
2 XOR-NOT37
1 XOR-NOT26
0 XOR-NOT15

Preferred from left
0 XOR-NOT15
1 XOR-NOT26
2 XOR-NOT37
3 OR-NOT04
4 OR-NOT15
5 OR-NOT26
6 OR-NOT37
7 OR-NOT40

Preferred
0 XOR-NOT15
1 XOR-NOT26
2 XOR-NOT37
3 OR-NOT04
4 OR-NOT15
5 OR-NOT26
6 OR-NOT37
7 OR-NOT40

Matching
0 XOR-NOT15
1 XOR-NOT26
2 XOR-NOT37
3 OR-NOT04
4 OR-NOT15
5 OR-NOT26
6 OR-NOT37
7 OR-NOT40

Perfect match
Identity no
NOT no
Constant no
AND no
OR no
XOR no
AND-NOT no
OR-NOT no
XOR-NOT no

Matched
0 XOR-NOT15
1 XOR-NOT26
2 XOR-NOT37
3 OR-NOT04
4 OR-NOT15
5 OR-NOT26
6 OR-NOT37
7 OR-NOT40

Selected
0 XOR-NOT15
1 XOR-NOT26
2 XOR-NOT37
3 OR-NOT04
4 OR-NOT15
5 OR-NOT26
6 OR-NOT37
7 OR-NOT40

Applying to 11100001
Input
0 1
1 1
2 1
3 0
4 0
5 0
6 0
7 1
Output
0 XOR-NOT15 = XOR(1,NOT(0)) = 0
1 XOR-NOT26 = XOR(1,NOT(0)) = 0
2 XOR-NOT37 = XOR(0,NOT(1)) = 0
3 OR-NOT04 = OR(1,NOT(0)) = 1
4 OR-NOT15 = OR(1,NOT(0)) = 1
5 OR-NOT26 = OR(1,NOT(0)) = 1
6 OR-NOT37 = OR(0,NOT(1)) = 0
7 OR-NOT40 = OR(0,NOT(1)) = 0

I will now return the answer in \boxed{}
The answer in \boxed{–} is \boxed{00011100}