We need to deduce the transformation by matching the example outputs.
I will put my final answer inside \boxed{}.

Output 0: 00100001
0 0
1 0
2 1
3 0
4 0
5 0
6 0
7 1

Output 1: 10110000
0 1
1 0
2 1
3 1
4 0
5 0
6 0
7 0

Output 2: 11110010
0 1
1 1
2 1
3 1
4 0
5 0
6 1
7 0

Output 3: 00100001
0 0
1 0
2 1
3 0
4 0
5 0
6 0
7 1

Output 4: 11110001
0 1
1 1
2 1
3 1
4 0
5 0
6 0
7 1

Output 5: 11100011
0 1
1 1
2 1
3 0
4 0
5 0
6 1
7 1

Output 6: 11010001
0 1
1 1
2 0
3 1
4 0
5 0
6 0
7 1

Output 7: 01110001
0 0
1 1
2 1
3 1
4 0
5 0
6 0
7 1

Output 8: 01000000
0 0
1 1
2 0
3 0
4 0
5 0
6 0
7 0

Output bit columns (with bitsum as hash)
0 011011100 5
1 001011111 6
2 111111010 7
3 011010110 5
4 000000000 a
5 000000000 a
6 001001000 2
7 100111110 6

Input 0: 01010010
0 0
1 1
2 0
3 1
4 0
5 0
6 1
7 0

Input 1: 00001011
0 0
1 0
2 0
3 0
4 1
5 0
6 1
7 1

Input 2: 10011111
0 1
1 0
2 0
3 1
4 1
5 1
6 1
7 1

Input 3: 01100010
0 0
1 1
2 1
3 0
4 0
5 0
6 1
7 0

Input 4: 01111111
0 0
1 1
2 1
3 1
4 1
5 1
6 1
7 1

Input 5: 11011110
0 1
1 1
2 0
3 1
4 1
5 1
6 1
7 0

Input 6: 01001101
0 0
1 1
2 0
3 0
4 1
5 1
6 0
7 1

Input 7: 01000111
0 0
1 1
2 0
3 0
4 0
5 1
6 1
7 1

Input 8: 00110100
0 0
1 0
2 1
3 1
4 0
5 1
6 0
7 0

When matching output
x: not in operator
y: wrong position

Identity
0 001001000 2 match 6
1 100111110 6 match 7
2 000110001 3
3 101011001 5
4 011011100 5 match 0
5 001011111 6 match 1
6 111111010 7 match 2
7 011010110 5 match 3

Matching output
0 4
1 5
2 6
3 7
4 absent
5 absent
6 0
7 1

Left
4 5 6 7 0y
Best: I4 5 6 7: 4

Right
1 0 7y
Best: I1 0: 2

NOT
0 110110111 7
1 011000001 3
2 111001110 6
3 010100110 4
4 100100011 4
5 110100000 3
6 000000101 2
7 100101001 4

Matching output
0 absent
1 absent
2 absent
3 absent
4 absent
5 absent
6 absent
7 absent

Left
none
Best: none

Right
none
Best: none

Constant
0 000000000 a match 4 5
1 111111111 a

Matching output
0 absent
1 absent
2 absent
3 absent
4 C0
5 C0
6 absent
7 absent

Left
none
Best: none

Right
none
Best: none

AND
01 10 000001000 1
12 21 000110000 2
23 32 000010001 2
34 43 001011000 3
45 54 001011100 4
56 65 001011010 4
67 76 011010010 4
70 07 001000000 1

02 20 000000000 a match 4 5
13 31 100011000 3
24 42 000010000 1
35 53 001011001 4
46 64 011011000 4
57 75 001010110 4
60 06 001001000 2 match 6
71 17 000010110 3

03 30 001001000 2 match 6
14 41 000011100 3
25 52 000010001 2
36 63 101011000 4
47 74 011010100 4
50 05 001001000 2 match 6
61 16 100111010 5
72 27 000010000 1

04 40 001001000 2 match 6
15 51 000011110 4
26 62 000110000 2
37 73 001010000 2

Matching output
0 absent
1 absent
2 absent
3 absent
4 02 20
5 02 20
6 60 06 03 30 50 05 04 40
7 absent

Left
none
Best: none

Right
none
Best: none

OR
01 10 101111110 7
12 21 100111111 7
23 32 101111001 6
34 43 111011101 7
45 54 011011111 7
56 65 111111111 a
67 76 111111110 8
70 07 011011110 6

02 20 001111001 5
13 31 101111111 8
24 42 011111101 7
35 53 101011111 7
46 64 111111110 8
57 75 011011111 7
60 06 111111010 7 match 2
71 17 111111110 8

03 30 101011001 5
14 41 111111110 8
25 52 001111111 7
36 63 111111011 8
47 74 011011110 6
50 05 001011111 6 match 1
61 16 111111110 8
72 27 011110111 7

04 40 011011100 5 match 0
15 51 101111111 8
26 62 111111011 8
37 73 111011111 8

Matching output
0 04 40
1 50 05
2 60 06
3 absent
4 absent
5 absent
6 absent
7 absent

Left
04 15x
40 51x
Best: OR04: 1

Right
none
Best: none

XOR
01 10 101110110 6
12 21 100001111 5
23 32 101101000 4
34 43 110000101 4
45 54 010000011 3
56 65 110100101 5
67 76 100101100 4
70 07 010011110 5

02 20 001111001 5
13 31 001100111 5
24 42 011101101 6
35 53 100000110 3
46 64 100100110 4
57 75 010001001 3
60 06 110110010 5
71 17 111101000 5

03 30 100010001 3
14 41 111100010 5
25 52 001101110 5
36 63 010100011 4
47 74 000001010 2
50 05 000010111 4
61 16 011000100 3
72 27 011100111 6

04 40 010010100 3
15 51 101100001 4
26 62 111001011 6
37 73 110001111 6

Matching output
0 absent
1 absent
2 absent
3 absent
4 absent
5 absent
6 absent
7 absent

Left
none
Best: none

Right
none
Best: none

AND-NOT
01 001000000 1
12 100001110 4
23 000100000 1
34 100000001 2
45 010000000 1
56 000000101 2
67 100101000 3
70 010010110 4

02 001001000 2 match 6
13 000100110 3
24 000100001 2
35 100000000 1
46 000000100 1
57 000001001 2
60 110110010 5
71 011000000 2

03 000000000 a match 4 5
14 100100010 3
25 000100000 1
36 000000001 1
47 000001000 1
50 000010111 4
61 011000000 2
72 011000110 4

04 000000000 a match 4 5
15 100100000 2
26 000000001 1
37 100001001 3
40 010010100 3
51 001000001 2
62 111001010 5
73 010000110 3

05 000000000 a match 4 5
16 000000100 1
27 000100001 2
30 100010001 3
41 011000000 2
52 001001110 4
63 010100010 3
74 000000010 1

06 000000000 a match 4 5
17 100101000 3
20 000110001 3
31 001000001 2
42 011001100 4
53 000000110 2
64 100100010 3
75 010000000 1

07 000001000 1
10 100110110 5
21 000000001 1
32 101001000 3
43 010000100 2
54 000000011 2
65 110100000 3
76 000000100 1

Matching output
0 absent
1 absent
2 absent
3 absent
4 03 04 05 06
5 03 04 05 06
6 02
7 absent

Left
none
Best: none

Right
none
Best: none

OR-NOT
01 011001001 4
12 111111110 8
23 010110111 6
34 101111011 7
45 111111100 7
56 001011111 6 match 1
67 111111011 8
70 111110111 8

02 111001110 6
13 110111110 7
24 100110011 5
35 111111001 7
46 011011101 6
57 101111111 8
60 111111111 a
71 011010111 6

03 011101110 6
14 100111111 7
25 110110001 5
36 101011101 6
47 111111101 8
50 111111111 a
61 111111011 8
72 111011110 7

04 101101011 6
15 110111110 7
26 000110101 4
37 101111001 6
40 111111111 a
51 011011111 7
62 111111110 8
73 011110110 6

05 111101000 5
16 100111111 7
27 100111001 5
30 111111111 a
41 011011101 6
52 111011111 8
63 111111110 8
74 111110111 8

06 001001101 4
17 100111111 7
20 110110111 7
31 111011001 6
42 111011110 7
53 011111111 8
64 111111011 8
75 111110110 7

07 101101001 5
10 110111111 8
21 011110001 5
32 111011111 8
43 011111110 7
54 101111111 8
65 111111010 7 match 2
76 011010111 6

Matching output
0 absent
1 56
2 65
3 absent
4 absent
5 absent
6 absent
7 absent

Left
none
Best: none

Right
none
Best: none

XOR-NOT
01 010001001 3
12 011110000 4
23 010010111 5
34 001111010 5
45 101111100 6
56 001011010 4
67 011010011 5
70 101100001 4

02 110000110 4
13 110011000 4
24 100010010 3
35 011111001 6
46 011011001 5
57 101110110 6
60 001001101 4
71 000010111 4

03 011101110 6
14 000011101 4
25 110010001 4
36 101011100 5
47 111110101 7
50 111101000 5
61 100111011 6
72 100011000 3

04 101101011 6
15 010011110 5
26 000110100 3
37 001110000 3
40 101101011 6
51 010011110 5
62 000110100 3
73 001110000 3

05 111101000 5
16 100111011 6
27 100011000 3
30 011101110 6
41 000011101 4
52 110010001 4
63 101011100 5
74 111110101 7

06 001001101 4
17 000010111 4
20 110000110 4
31 110011000 4
42 100010010 3
53 011111001 6
64 011011001 5
75 101110110 6

07 101100001 4
10 010001001 3
21 011110000 4
32 010010111 5
43 001111010 5
54 101111100 6
65 001011010 4
76 011010011 5

Matching output
0 absent
1 absent
2 absent
3 absent
4 absent
5 absent
6 absent
7 absent

Left
none
Best: none

Right
none
Best: none

Selecting

Lefts
Identity I4 5 6 7: 4
NOT none
Constant none
AND none
OR OR04: 1
XOR none
AND-NOT none
OR-NOT none
XOR-NOT none

Rights
Identity I1 0: 2
NOT none
Constant none
AND none
OR none
XOR none
AND-NOT none
OR-NOT none
XOR-NOT none

Left longest: 4
Right longest: 2

Left winner: Identity yes, NOT no, Constant no, AND no, OR no, XOR no, AND-NOT no, OR-NOT no, XOR-NOT no
Right winner: Identity yes, NOT no, Constant no, AND no, OR no, XOR no, AND-NOT no, OR-NOT no, XOR-NOT no

Best left: I4 5 6 7: 4
Best right: I1 0: 2

Truncated left: I4 5 6 7: 4
Truncated right: I1 0: 2

Tentative from right
7 I1
6 I0
5 pending
4 pending
3 pending
2 pending
1 pending
0 pending

Tentative
0 I4
1 I5
2 I6
3 I7
4 pending
5 pending
6 I0
7 I1

Preferred from left
0 I4
1 I5
2 I6
3 I7
4 ?0?
5 ?1?
6 I0
7 I1

Preferred from right
7 I1
6 I0
5 ?17
4 ?06
3 I7
2 I6
1 I5
0 I4

Preferred
0 I4
1 I5
2 I6
3 I7
4 ?06 ?60
5 ?17 ?71
6 I0
7 I1

Matching
0 I4
1 I5
2 I6
3 I7
4 ?06 ?60 - Identity absent, NOT absent, Constant C0, AND absent, OR absent, XOR absent, AND-NOT06, OR-NOT absent, XOR-NOT absent
5 ?17 ?71 - Identity absent, NOT absent, Constant C0, AND absent, OR absent, XOR absent, AND-NOT absent, OR-NOT absent, XOR-NOT absent
6 I0
7 I1

Perfect match
Identity no
NOT no
Constant yes
AND no
OR no
XOR no
AND-NOT no
OR-NOT no
XOR-NOT no

Matched
0 I4
1 I5
2 I6
3 I7
4 C0
5 C0
6 I0
7 I1

Selected
0 I4
1 I5
2 I6
3 I7
4 C0
5 C0
6 I0
7 I1

Applying to 10001101
Input
0 1
1 0
2 0
3 0
4 1
5 1
6 0
7 1
Output
0 I4 = 1
1 I5 = 1
2 I6 = 0
3 I7 = 1
4 C0 = 0
5 C0 = 0
6 I0 = 1
7 I1 = 0

I will now return the answer in \boxed{}
The answer in \boxed{–} is \boxed{11010010}