We need to deduce the transformation by matching the example outputs.
I will put my final answer inside \boxed{}.

Output 0: 11010110
0 1
1 1
2 0
3 1
4 0
5 1
6 1
7 0

Output 1: 00111111
0 0
1 0
2 1
3 1
4 1
5 1
6 1
7 1

Output 2: 01011111
0 0
1 1
2 0
3 1
4 1
5 1
6 1
7 1

Output 3: 00011000
0 0
1 0
2 0
3 1
4 1
5 0
6 0
7 0

Output 4: 11011111
0 1
1 1
2 0
3 1
4 1
5 1
6 1
7 1

Output 5: 00000101
0 0
1 0
2 0
3 0
4 0
5 1
6 0
7 1

Output 6: 01001001
0 0
1 1
2 0
3 0
4 1
5 0
6 0
7 1

Output 7: 00010000
0 0
1 0
2 0
3 1
4 0
5 0
6 0
7 0

Output 8: 01111001
0 0
1 1
2 1
3 1
4 1
5 0
6 0
7 1

Output 9: 00001000
0 0
1 0
2 0
3 0
4 1
5 0
6 0
7 0

Output bit columns (with bitsum as hash)
0 1000100000 2
1 1010101010 5
2 0100000010 2
3 1111100110 7
4 0111101011 7
5 1110110000 5
6 1110100000 4
7 0110111010 6

Input 0: 00100100
0 0
1 0
2 1
3 0
4 0
5 1
6 0
7 0

Input 1: 01100011
0 0
1 1
2 1
3 0
4 0
5 0
6 1
7 1

Input 2: 11000010
0 1
1 1
2 0
3 0
4 0
5 0
6 1
7 0

Input 3: 00011100
0 0
1 0
2 0
3 1
4 1
5 1
6 0
7 0

Input 4: 10000000
0 1
1 0
2 0
3 0
4 0
5 0
6 0
7 0

Input 5: 10101010
0 1
1 0
2 1
3 0
4 1
5 0
6 1
7 0

Input 6: 11111001
0 1
1 1
2 1
3 1
4 1
5 0
6 0
7 1

Input 7: 00111100
0 0
1 0
2 1
3 1
4 1
5 1
6 0
7 0

Input 8: 00111001
0 0
1 0
2 1
3 1
4 1
5 0
6 0
7 1

Input 9: 01011100
0 0
1 1
2 0
3 1
4 1
5 1
6 0
7 0

When matching output
x: not in operator
y: wrong position

Identity
0 0010111000 4
1 0110001001 4
2 1100011110 6
3 0001001111 5
4 0001011111 6
5 1001000101 4
6 0110010000 3
7 0100001010 3

Matching output
0 absent
1 absent
2 absent
3 absent
4 absent
5 absent
6 absent
7 absent

Left
none
Best: none

Right
none
Best: none

NOT
0 1101000111 6
1 1001110110 6
2 0011100001 4
3 1110110000 5 match 5
4 1110100000 4 match 6
5 0110111010 6 match 7
6 1001101111 7
7 1011110101 7

Matching output
0 absent
1 absent
2 absent
3 absent
4 absent
5 3
6 4
7 5

Left
none
Best: none

Right
5 4 3 2x
Best: NOT5 4 3: 3

Constant
0 0000000000 a
1 1111111111 a

Matching output
0 absent
1 absent
2 absent
3 absent
4 absent
5 absent
6 absent
7 absent

Left
none
Best: none

Right
none
Best: none

AND
01 10 0010001000 2
12 21 0100001000 2
23 32 0000001110 3
34 43 0001001111 5
45 54 0001000101 3
56 65 0000000000 a
67 76 0100000000 1
70 07 0000001000 1

02 20 0000011000 2
13 31 0000001001 2
24 42 0000011110 4
35 53 0001000101 3
46 64 0000010000 1
57 75 0000000000 a
60 06 0010010000 2
71 17 0100001000 2

03 30 0000001000 1
14 41 0000001001 2
25 52 1000000100 2
36 63 0000000000 a
47 74 0000001010 2
50 05 0000000000 a
61 16 0110000000 2
72 27 0100001010 3

04 40 0000011000 2
15 51 0000000001 1
26 62 0100010000 2
37 73 0000001010 2

Matching output
0 absent
1 absent
2 absent
3 absent
4 absent
5 absent
6 absent
7 absent

Left
none
Best: none

Right
none
Best: none

OR
01 10 0110111001 6
12 21 1110011111 8
23 32 1101011111 8
34 43 0001011111 6
45 54 1001011111 7
56 65 1111010101 7
67 76 0110011010 5
70 07 0110111010 6 match 7

02 20 1110111110 8
13 31 0111001111 7
24 42 1101011111 8
35 53 1001001111 6
46 64 0111011111 8
57 75 1101001111 7
60 06 0110111000 5
71 17 0110001011 5

03 30 0011111111 8
14 41 0111011111 8
25 52 1101011111 8
36 63 0111011111 8
47 74 0101011111 7
50 05 1011111101 8
61 16 0110011001 5
72 27 1100011110 6

04 40 0011111111 8
15 51 1111001101 7
26 62 1110011110 7
37 73 0101001111 6

Matching output
0 absent
1 absent
2 absent
3 absent
4 absent
5 absent
6 absent
7 70 07

Left
none
Best: none

Right
70 67x
07 76x
Best: OR70: 1

XOR
01 10 0100110001 4
12 21 1010010111 6
23 32 1101010001 5
34 43 0000010000 1
45 54 1000011010 4
56 65 1111010101 7
67 76 0010011010 4
70 07 0110110010 5

02 20 1110100110 6
13 31 0111000110 5
24 42 1101000001 4
35 53 1000001010 3
46 64 0111001111 7
57 75 1101001111 7
60 06 0100101000 3
71 17 0010000011 3

03 30 0011110111 7
14 41 0111010110 6
25 52 0101011011 6
36 63 0111011111 8
47 74 0101010101 5
50 05 1011111101 8
61 16 0000011001 3
72 27 1000010100 3

04 40 0011100111 6
15 51 1111001100 6
26 62 1010001110 5
37 73 0101000101 4

Matching output
0 absent
1 absent
2 absent
3 absent
4 absent
5 absent
6 absent
7 absent

Left
none
Best: none

Right
none
Best: none

AND-NOT
01 0000110000 2
12 0010000001 2
23 1100010000 3
34 0000000000 a
45 0000011010 3
56 1001000101 4
67 0010010000 2
70 0100000010 2 match 2

02 0010100000 2
13 0110000000 2
24 1100000000 2
35 0000001010 2
46 0001001111 5
57 1001000101 4
60 0100000000 1
71 0000000010 1

03 0010110000 3
14 0110000000 2
25 0100011010 4
36 0001001111 5
47 0001010101 4
50 1001000101 4
61 0000010000 1
72 0000000000 a

04 0010100000 2
15 0110001000 3
26 1000001110 4
37 0001000101 3
40 0001000111 4
51 1001000100 3
62 0010000000 1
73 0100000000 1

05 0010111000 4
16 0000001001 2
27 1000010100 3
30 0001000111 4
41 0001010110 4
52 0001000001 2
63 0110010000 3
74 0100000000 1

06 0000101000 2
17 0010000001 2
20 1100000110 4
31 0001000110 3
42 0001000001 2
53 1000000000 1
64 0110000000 2
75 0100001010 3

07 0010110000 3
10 0100000001 2
21 1000010110 4
32 0001000001 2
43 0000010000 1
54 1000000000 1
65 0110010000 3
76 0000001010 2

Matching output
0 absent
1 absent
2 70
3 absent
4 absent
5 absent
6 absent
7 absent

Left
none
Best: none

Right
none
Best: none

OR-NOT
01 1011111110 8
12 0111101001 6
23 1110111110 8
34 1111101111 9
45 0111111111 9
56 1001101111 7
67 1111110101 8
70 1101001111 7

02 0011111001 6
13 1110111001 7
24 1110111110 8
35 0111111111 9
46 1001111111 8
57 1011110101 7
60 1111010111 8
71 1101111110 8

03 1110111000 6
14 1110101001 6
25 1110111110 8
36 1001101111 7
47 1011111111 9
50 1101000111 6
61 1111110110 8
72 0111101011 7 match 4

04 1110111000 6
15 0110111011 7
26 1101111111 9
37 1011111111 9
40 1101011111 8
51 1001110111 7
62 0111110001 6
73 1110111010 7

05 0110111010 6 match 7
16 1111101111 9
27 1111111111 a
30 1101001111 7
41 1001111111 8
52 1011100101 6
63 1110110000 5 match 5
74 1110101010 6

06 1011111111 9
17 1111111101 9
20 1101011111 8
31 1001111111 8
42 0011111111 8
53 1111110101 8
64 1110110000 5 match 5
75 0110111010 6 match 7

07 1011111101 8
10 1111001111 8
21 1101111110 8
32 0011101111 7
43 1111111111 a
54 1111100101 7
65 0110111010 6 match 7
76 1101101111 8

Matching output
0 absent
1 absent
2 absent
3 absent
4 72
5 63 64
6 absent
7 05 75 65

Left
none
Best: none

Right
05 74x
75 64y
65 54x
Best: OR-NOT05: 1

XOR-NOT
01 1011001110 6
12 0101101000 4
23 0010101110 5
34 1111101111 9
45 0111100101 6
56 0000101010 3
67 1101100101 6
70 1001001101 5

02 0001011001 4
13 1000111001 5
24 0010111110 6
35 0111110101 7
46 1000110000 3
57 0010110000 3
60 1011010111 7
71 1101111100 7

03 1100001000 3
14 1000101001 4
25 1010100100 4
36 1000100000 2 match 0
47 1010101010 5 match 1
50 0100000010 2 match 2
61 1111100110 7 match 3
72 0111101011 7 match 4

04 1100011000 4
15 0000110011 4
26 0101110001 5
37 1010111010 6
40 1100011000 4
51 0000110011 4
62 0101110001 5
73 1010111010 6

05 0100000010 2 match 2
16 1111100110 7 match 3
27 0111101011 7 match 4
30 1100001000 3
41 1000101001 4
52 1010100100 4
63 1000100000 2 match 0
74 1010101010 5 match 1

06 1011010111 7
17 1101111100 7
20 0001011001 4
31 1000111001 5
42 0010111110 6
53 0111110101 7
64 1000110000 3
75 0010110000 3

07 1001001101 5
10 1011001110 6
21 0101101000 4
32 0010101110 5
43 1111101111 9
54 0111100101 6
65 0000101010 3
76 1101100101 6

Matching output
0 36 63
1 47 74
2 50 05
3 61 16
4 72 27
5 absent
6 absent
7 absent

Left
36 47 50 61 72 03x
63 74 05 16 27 30x
Best: XOR-NOT36 47 50 61 72: 5

Right
none
Best: none

Selecting

Lefts
Identity none
NOT none
Constant none
AND none
OR none
XOR none
AND-NOT none
OR-NOT none
XOR-NOT XOR-NOT36 47 50 61 72: 5

Rights
Identity none
NOT NOT5 4 3: 3
Constant none
AND none
OR OR70: 1
XOR none
AND-NOT none
OR-NOT OR-NOT05: 1
XOR-NOT none

Left longest: 5
Right longest: 3

Left winner: Identity no, NOT no, Constant no, AND no, OR no, XOR no, AND-NOT no, OR-NOT no, XOR-NOT yes
Right winner: Identity no, NOT yes, Constant no, AND no, OR no, XOR no, AND-NOT no, OR-NOT no, XOR-NOT no

Best left: XOR-NOT36 47 50 61 72: 5
Best right: NOT5 4 3: 3

Truncated left: XOR-NOT36 47 50 61 72: 5
Truncated right: NOT5 4 3: 3

Tentative from right
7 NOT5
6 NOT4
5 NOT3
4 pending
3 pending
2 pending
1 pending
0 pending

Tentative
0 XOR-NOT36
1 XOR-NOT47
2 XOR-NOT50
3 XOR-NOT61
4 XOR-NOT72
5 NOT3
6 NOT4
7 NOT5

Preferred from left
0 XOR-NOT36
1 XOR-NOT47
2 XOR-NOT50
3 XOR-NOT61
4 XOR-NOT72
5 NOT3
6 NOT4
7 NOT5

Preferred from right
7 NOT5
6 NOT4
5 NOT3
4 XOR-NOT72
3 XOR-NOT61
2 XOR-NOT50
1 XOR-NOT47
0 XOR-NOT36

Preferred
0 XOR-NOT36
1 XOR-NOT47
2 XOR-NOT50
3 XOR-NOT61
4 XOR-NOT72
5 NOT3
6 NOT4
7 NOT5

Matching
0 XOR-NOT36
1 XOR-NOT47
2 XOR-NOT50
3 XOR-NOT61
4 XOR-NOT72
5 NOT3
6 NOT4
7 NOT5

Perfect match
Identity no
NOT no
Constant no
AND no
OR no
XOR no
AND-NOT no
OR-NOT no
XOR-NOT no

Matched
0 XOR-NOT36
1 XOR-NOT47
2 XOR-NOT50
3 XOR-NOT61
4 XOR-NOT72
5 NOT3
6 NOT4
7 NOT5

Selected
0 XOR-NOT36
1 XOR-NOT47
2 XOR-NOT50
3 XOR-NOT61
4 XOR-NOT72
5 NOT3
6 NOT4
7 NOT5

Applying to 11101010
Input
0 1
1 1
2 1
3 0
4 1
5 0
6 1
7 0
Output
0 XOR-NOT36 = XOR(0,NOT(1)) = 0
1 XOR-NOT47 = XOR(1,NOT(0)) = 0
2 XOR-NOT50 = XOR(0,NOT(1)) = 0
3 XOR-NOT61 = XOR(1,NOT(1)) = 1
4 XOR-NOT72 = XOR(0,NOT(1)) = 0
5 NOT3 = NOT(0) = 1
6 NOT4 = NOT(1) = 0
7 NOT5 = NOT(0) = 1

I will now return the answer in \boxed{}
The answer in \boxed{–} is \boxed{00010101}