We need to deduce the transformation by matching the example outputs.
I will put my final answer inside \boxed{}.

Output 0: 00000111
0 0
1 0
2 0
3 0
4 0
5 1
6 1
7 1

Output 1: 00101001
0 0
1 0
2 1
3 0
4 1
5 0
6 0
7 1

Output 2: 01010100
0 0
1 1
2 0
3 1
4 0
5 1
6 0
7 0

Output 3: 00011110
0 0
1 0
2 0
3 1
4 1
5 1
6 1
7 0

Output 4: 10000000
0 1
1 0
2 0
3 0
4 0
5 0
6 0
7 0

Output 5: 00000111
0 0
1 0
2 0
3 0
4 0
5 1
6 1
7 1

Output 6: 01000000
0 0
1 1
2 0
3 0
4 0
5 0
6 0
7 0

Output 7: 00001110
0 0
1 0
2 0
3 0
4 1
5 1
6 1
7 0

Output 8: 10001000
0 1
1 0
2 0
3 0
4 1
5 0
6 0
7 0

Output bit columns (with bitsum as hash)
0 000010001 2
1 001000100 2
2 010000000 1
3 001100000 2
4 010100011 4
5 101101010 5
6 100101010 4
7 110001000 3

Input 0: 00111110
0 0
1 0
2 1
3 1
4 1
5 1
6 1
7 0

Input 1: 11010010
0 1
1 1
2 0
3 1
4 0
5 0
6 1
7 0

Input 2: 11101001
0 1
1 1
2 1
3 0
4 1
5 0
6 0
7 1

Input 3: 10111100
0 1
1 0
2 1
3 1
4 1
5 1
6 0
7 0

Input 4: 00000001
0 0
1 0
2 0
3 0
4 0
5 0
6 0
7 1

Input 5: 00111111
0 0
1 0
2 1
3 1
4 1
5 1
6 1
7 1

Input 6: 10000000
0 1
1 0
2 0
3 0
4 0
5 0
6 0
7 0

Input 7: 00011100
0 0
1 0
2 0
3 1
4 1
5 1
6 0
7 0

Input 8: 00011001
0 0
1 0
2 0
3 1
4 1
5 0
6 0
7 1

When matching output
x: not in operator
y: wrong position

Identity
0 011100100 4
1 011000000 2
2 101101000 4
3 110101011 6
4 101101011 6
5 100101010 4 match 6
6 110001000 3 match 7
7 001011001 4

Matching output
0 absent
1 absent
2 absent
3 absent
4 absent
5 absent
6 5
7 6

Left
none
Best: none

Right
6 5 4x
Best: I6 5: 2

NOT
0 100011011 5
1 100111111 7
2 010010111 5
3 001010100 3
4 010010100 3
5 011010101 5
6 001110111 6
7 110100110 5

Matching output
0 absent
1 absent
2 absent
3 absent
4 absent
5 absent
6 absent
7 absent

Left
none
Best: none

Right
none
Best: none

Constant
0 000000000 a
1 111111111 a

Matching output
0 absent
1 absent
2 absent
3 absent
4 absent
5 absent
6 absent
7 absent

Left
none
Best: none

Right
none
Best: none

AND
01 10 011000000 2
12 21 001000000 1
23 32 100101000 3
34 43 100101011 5
45 54 100101010 4 match 6
56 65 100001000 2
67 76 000001000 1
70 07 001000000 1

02 20 001100000 2 match 3
13 31 010000000 1 match 2
24 42 101101000 4
35 53 100101010 4 match 6
46 64 100001000 2
57 75 000001000 1
60 06 010000000 1 match 2
71 17 001000000 1

03 30 010100000 2
14 41 001000000 1
25 52 100101000 3
36 63 110001000 3 match 7
47 74 001001001 3
50 05 000100000 1
61 16 010000000 1 match 2
72 27 001001000 2

04 40 001100000 2 match 3
15 51 000000000 a
26 62 100001000 2
37 73 000001001 2

Matching output
0 absent
1 absent
2 13 31 60 06 61 16
3 02 20 04 40
4 absent
5 absent
6 45 54 35 53
7 36 63

Left
none
Best: none

Right
36 25x
63 52x
Best: AND36: 1

OR
01 10 011100100 4
12 21 111101000 5
23 32 111101011 7
34 43 111101011 7
45 54 101101011 6
56 65 110101010 5
67 76 111011001 6
70 07 011111101 7

02 20 111101100 6
13 31 111101011 7
24 42 101101011 6
35 53 110101011 6
46 64 111101011 7
57 75 101111011 7
60 06 111101100 6
71 17 011011001 5

03 30 111101111 8
14 41 111101011 7
25 52 101101010 5 match 5
36 63 110101011 6
47 74 101111011 7
50 05 111101110 7
61 16 111001000 4
72 27 101111001 6

04 40 111101111 8
15 51 111101010 6
26 62 111101000 5
37 73 111111011 8

Matching output
0 absent
1 absent
2 absent
3 absent
4 absent
5 25 52
6 absent
7 absent

Left
none
Best: none

Right
none
Best: none

XOR
01 10 000100100 2
12 21 110101000 4
23 32 011000011 4
34 43 011000000 2
45 54 001000001 2
56 65 010100010 3
67 76 111010001 5
70 07 010111101 6

02 20 110001100 4
13 31 101101011 6
24 42 000000011 2
35 53 010000001 2
46 64 011100011 5
57 75 101110011 6
60 06 101101100 5
71 17 010011001 4

03 30 101001111 6
14 41 110101011 6
25 52 001000010 2
36 63 000100011 3
47 74 100110010 4
50 05 111001110 6
61 16 101001000 3
72 27 100110001 4

04 40 110001111 6
15 51 111101010 6
26 62 011100000 3
37 73 111110010 6

Matching output
0 absent
1 absent
2 absent
3 absent
4 absent
5 absent
6 absent
7 absent

Left
none
Best: none

Right
none
Best: none

AND-NOT
01 000100100 2
12 010000000 1 match 2
23 001000000 1
34 010000000 1 match 2
45 001000001 2
56 000100010 2
67 110000000 2
70 000011001 3

02 010000100 2
13 001000000 1
24 000000000 a
35 010000001 2
46 001100011 4
57 100100010 3
60 100001000 2
71 000011001 3

03 001000100 2 match 1
14 010000000 1 match 2
25 001000000 1
36 000100011 3
47 100100010 3
50 100001010 3
61 100001000 2
72 000010001 2 match 0

04 010000100 2
15 011000000 2
26 001100000 2 match 3
37 110100010 4
40 100001011 4
51 100101010 4 match 6
62 010000000 1 match 2
73 001010000 2

05 011000100 3
16 001000000 1
27 100100000 2
30 100001011 4
41 100101011 5
52 000000010 1
63 000000000 a
74 000010000 1

06 001100100 3
17 010000000 1 match 2
20 100001000 2
31 100101011 5
42 000000011 2
53 000000000 a
64 010000000 1 match 2
75 001010001 3

07 010100100 3
10 000000000 a
21 100101000 3
32 010000011 3
43 001000000 1
54 000000000 a
65 010000000 1 match 2
76 001010001 3

Matching output
0 72
1 03
2 12 34 14 62 17 64 65
3 26
4 absent
5 absent
6 51
7 absent

Left
72 03 14 25x
Best: AND-NOT72 03 14: 3

Right
none
Best: none

OR-NOT
01 111111111 a
12 011010111 6
23 101111100 6
34 110111111 8
45 111111111 a
56 101111111 8
67 110101110 6
70 101011011 6

02 011110111 7
13 011010100 4
24 111111100 7
35 111111111 a
46 101111111 8
57 110101110 6
60 110011011 6
71 101111111 8

03 011110100 5
14 011010100 4
25 111111101 8
36 111111111 a
47 111101111 8
50 100111011 6
61 110111111 8
72 011011111 7

04 011110100 5
15 011010101 5
26 101111111 8
37 110101111 7
40 101111011 7
51 100111111 7
62 110011111 7
73 001011101 5

05 011110101 6
16 011110111 7
27 111101110 7
30 110111011 7
41 101111111 8
52 110111111 8
63 111011100 6
74 011011101 6

06 011110111 7
17 111100110 6
20 101111011 7
31 110111111 8
42 111111111 a
53 101111110 7
64 110011100 5
75 011011101 6

07 111100110 6
10 111011011 7
21 101111111 8
32 110111111 8
43 101111111 8
54 110111110 7
65 111011101 7
76 001111111 7

Matching output
0 absent
1 absent
2 absent
3 absent
4 absent
5 absent
6 absent
7 absent

Left
none
Best: none

Right
none
Best: none

XOR-NOT
01 111011011 7
12 001010111 5
23 100111100 5
34 100111111 7
45 110111110 7
56 101011101 6
67 000101110 4
70 101000010 3

02 001110011 5
13 010010100 3
24 111111100 7
35 101111110 7
46 100011100 4
57 010001100 3
60 010010011 4
71 101100110 5

03 010110000 3
14 001010100 3
25 110111101 7
36 111011100 6
47 011001101 5
50 000110001 3
61 010110111 6
72 011001110 5

04 001110000 3
15 000010101 3
26 100011111 6
37 000001101 3
40 001110000 3
51 000010101 3
62 100011111 6
73 000001101 3

05 000110001 3
16 010110111 6
27 011001110 5
30 010110000 3
41 001010100 3
52 110111101 7
63 111011100 6
74 011001101 5

06 010010011 4
17 101100110 5
20 001110011 5
31 010010100 3
42 111111100 7
53 101111110 7
64 100011100 4
75 010001100 3

07 101000010 3
10 111011011 7
21 001010111 5
32 100111100 5
43 100111111 7
54 110111110 7
65 101011101 6
76 000101110 4

Matching output
0 absent
1 absent
2 absent
3 absent
4 absent
5 absent
6 absent
7 absent

Left
none
Best: none

Right
none
Best: none

Selecting

Lefts
Identity none
NOT none
Constant none
AND none
OR none
XOR none
AND-NOT AND-NOT72 03 14: 3
OR-NOT none
XOR-NOT none

Rights
Identity I6 5: 2
NOT none
Constant none
AND AND36: 1
OR none
XOR none
AND-NOT none
OR-NOT none
XOR-NOT none

Left longest: 3
Right longest: 2

Left winner: Identity no, NOT no, Constant no, AND no, OR no, XOR no, AND-NOT yes, OR-NOT no, XOR-NOT no
Right winner: Identity yes, NOT no, Constant no, AND no, OR no, XOR no, AND-NOT no, OR-NOT no, XOR-NOT no

Best left: AND-NOT72 03 14: 3
Best right: I6 5: 2

Truncated left: AND-NOT72 03 14: 3
Truncated right: I6 5: 2

Tentative from right
7 I6
6 I5
5 pending
4 pending
3 pending
2 pending
1 pending
0 pending

Tentative
0 AND-NOT72
1 AND-NOT03
2 AND-NOT14
3 pending
4 pending
5 pending
6 I5
7 I6

Preferred from left
0 AND-NOT72
1 AND-NOT03
2 AND-NOT14
3 ?25
4 ?36
5 ?47
6 I5
7 I6

Preferred from right
7 I6
6 I5
5 ?47
4 ?36
3 ?25
2 AND-NOT14
1 AND-NOT03
0 AND-NOT72

Preferred
0 AND-NOT72
1 AND-NOT03
2 AND-NOT14
3 ?25 ?52
4 ?36 ?63
5 ?47 ?74
6 I5
7 I6

Matching
0 AND-NOT72
1 AND-NOT03
2 AND-NOT14
3 ?25 ?52 - Identity absent, NOT absent, Constant absent, AND absent, OR absent, XOR absent, AND-NOT absent, OR-NOT absent, XOR-NOT absent
4 ?36 ?63 - Identity absent, NOT absent, Constant absent, AND absent, OR absent, XOR absent, AND-NOT absent, OR-NOT absent, XOR-NOT absent
5 ?47 ?74 - Identity absent, NOT absent, Constant absent, AND absent, OR absent, XOR absent, AND-NOT absent, OR-NOT absent, XOR-NOT absent
6 I5
7 I6

Perfect match
Identity no
NOT no
Constant no
AND no
OR no
XOR no
AND-NOT no
OR-NOT no
XOR-NOT no

Matched
0 AND-NOT72
1 AND-NOT03
2 AND-NOT14
3 none
4 none
5 none
6 I5
7 I6

Selected
0 AND-NOT72
1 AND-NOT03
2 AND-NOT14
3 default 1
4 default 1
5 default 1
6 I5
7 I6

Applying to 01100000
Input
0 0
1 1
2 1
3 0
4 0
5 0
6 0
7 0
Output
0 AND-NOT72 = AND(0,NOT(1)) = 0
1 AND-NOT03 = AND(0,NOT(0)) = 0
2 AND-NOT14 = AND(1,NOT(0)) = 1
3 default 1 = 1
4 default 1 = 1
5 default 1 = 1
6 I5 = 0
7 I6 = 0

I will now return the answer in \boxed{}
The answer in \boxed{–} is \boxed{00111100}