We need to deduce the transformation by matching the example outputs.
I will put my final answer inside \boxed{}.

Output 0: 11111111
0 1
1 1
2 1
3 1
4 1
5 1
6 1
7 1

Output 1: 01011111
0 0
1 1
2 0
3 1
4 1
5 1
6 1
7 1

Output 2: 11111011
0 1
1 1
2 1
3 1
4 1
5 0
6 1
7 1

Output 3: 11111010
0 1
1 1
2 1
3 1
4 1
5 0
6 1
7 0

Output 4: 11111111
0 1
1 1
2 1
3 1
4 1
5 1
6 1
7 1

Output 5: 01111111
0 0
1 1
2 1
3 1
4 1
5 1
6 1
7 1

Output 6: 01010000
0 0
1 1
2 0
3 1
4 0
5 0
6 0
7 0

Output 7: 11111111
0 1
1 1
2 1
3 1
4 1
5 1
6 1
7 1

Output 8: 00001111
0 0
1 0
2 0
3 0
4 1
5 1
6 1
7 1

Output bit columns (with bitsum as hash)
0 101110010 5
1 111111110 8
2 101111010 6
3 111111110 8
4 111111011 8
5 110011011 6
6 111111011 8
7 111011011 7

Input 0: 11111011
0 1
1 1
2 1
3 1
4 1
5 0
6 1
7 1

Input 1: 10101101
0 1
1 0
2 1
3 0
4 1
5 1
6 0
7 1

Input 2: 11100101
0 1
1 1
2 1
3 0
4 0
5 1
6 0
7 1

Input 3: 01110001
0 0
1 1
2 1
3 1
4 0
5 0
6 0
7 1

Input 4: 01110110
0 0
1 1
2 1
3 1
4 0
5 1
6 1
7 0

Input 5: 10111011
0 1
1 0
2 1
3 1
4 1
5 0
6 1
7 1

Input 6: 00100000
0 0
1 0
2 1
3 0
4 0
5 0
6 0
7 0

Input 7: 11011001
0 1
1 1
2 0
3 1
4 1
5 0
6 0
7 1

Input 8: 00000110
0 0
1 0
2 0
3 0
4 0
5 1
6 1
7 0

When matching output
x: not in operator
y: wrong position

Identity
0 111001010 5
1 101110010 5 match 0
2 111111100 7
3 100111010 5
4 110001010 4
5 011010001 4
6 100011001 4
7 111101010 6

Matching output
0 1
1 absent
2 absent
3 absent
4 absent
5 absent
6 absent
7 absent

Left
1 2x
Best: I1: 1

Right
none
Best: none

NOT
0 000110101 4
1 010001101 4
2 000000011 2
3 011000101 4
4 001110101 5
5 100101110 5
6 011100110 5
7 000010101 3

Matching output
0 absent
1 absent
2 absent
3 absent
4 absent
5 absent
6 absent
7 absent

Left
none
Best: none

Right
none
Best: none

Constant
0 000000000 a
1 111111111 a

Matching output
0 absent
1 absent
2 absent
3 absent
4 absent
5 absent
6 absent
7 absent

Left
none
Best: none

Right
none
Best: none

AND
01 10 101000010 3
12 21 101110000 4
23 32 100111000 4
34 43 100001010 3
45 54 010000000 1
56 65 000010001 2
67 76 100001000 2
70 07 111001010 5

02 20 111001000 4
13 31 100110010 4
24 42 110001000 3
35 53 000010000 1
46 64 100001000 2
57 75 011000000 2
60 06 100001000 2
71 17 101100010 4

03 30 100001010 3
14 41 100000010 2
25 52 011010000 3
36 63 100011000 3
47 74 110001010 4
50 05 011000000 2
61 16 100010000 2
72 27 111101000 5

04 40 110001010 4
15 51 001010000 2
26 62 100011000 3
37 73 100101010 4

Matching output
0 absent
1 absent
2 absent
3 absent
4 absent
5 absent
6 absent
7 absent

Left
none
Best: none

Right
none
Best: none

OR
01 10 111111010 7
12 21 111111110 8 match 1 3
23 32 111111110 8 match 1 3
34 43 110111010 6
45 54 111011011 7 match 7
56 65 111011001 6
67 76 111111011 8 match 4 6
70 07 111101010 6

02 20 111111110 8 match 1 3
13 31 101111010 6 match 2
24 42 111111110 8 match 1 3
35 53 111111011 8 match 4 6
46 64 110011011 6 match 5
57 75 111111011 8 match 4 6
60 06 111011011 7 match 7
71 17 111111010 7

03 30 111111010 7
14 41 111111010 7
25 52 111111101 8
36 63 100111011 6
47 74 111101010 6
50 05 111011011 7 match 7
61 16 101111011 7
72 27 111111110 8 match 1 3

04 40 111001010 5
15 51 111110011 7
26 62 111111101 8
37 73 111111010 7

Matching output
0 absent
1 12 21 23 32 02 20 24 42 72 27
2 13 31
3 12 21 23 32 02 20 24 42 72 27
4 67 76 35 53 57 75
5 46 64
6 67 76 35 53 57 75
7 45 54 60 06 50 05

Left
none
Best: none

Right
45 34x
54 43x
60 57 46 35 24 13 02 71x
06 75 64 53 42 31 20 17x
50 47x
05 74x
Best: OR60 57 46 35 24 13 02: 7

XOR
01 10 010111000 4
12 21 010001110 4
23 32 011000110 4
34 43 010110000 3
45 54 101011011 6
56 65 111001000 4
67 76 011110011 6
70 07 000100000 1

02 20 000110110 4
13 31 001001000 2
24 42 001110110 5
35 53 111101011 7
46 64 010010011 4
57 75 100111011 6
60 06 011010011 5
71 17 010011000 3

03 30 011110000 4
14 41 011111000 5
25 52 100101101 5
36 63 000100011 3
47 74 001100000 2
50 05 100011011 5
61 16 001101011 5
72 27 000010110 3

04 40 001000000 1
15 51 110100011 5
26 62 011100101 5
37 73 011010000 3

Matching output
0 absent
1 absent
2 absent
3 absent
4 absent
5 absent
6 absent
7 absent

Left
none
Best: none

Right
none
Best: none

AND-NOT
01 010001000 2
12 000000010 1
23 011000100 3
34 000110000 2
45 100001010 3
56 011000000 2
67 000010001 2
70 000100000 1

02 000000010 1
13 001000000 1
24 001110100 4
35 100101010 4
46 010000010 2
57 000010001 2
60 000010001 2
71 010001000 2

03 011000000 2
14 001110000 3
25 100101100 4
36 000100010 2
47 000000000 a
50 000010001 2
61 000001001 2
72 000000010 1

04 001000000 1
15 100100010 3
26 011100100 4
37 000010000 1
40 000000000 a
51 010000001 2
62 000000001 1
73 011000000 2

05 100001010 3
16 001100010 3
27 000010100 2
30 000110000 2
41 010001000 2
52 000000001 1
63 000000001 1
74 001100000 2

06 011000010 3
17 000010000 1
20 000110100 3
31 000001000 1
42 000000010 1
53 011000001 3
64 000010001 2
75 100101010 4

07 000000000 a
10 000110000 2
21 010001100 3
32 000000010 1
43 010000000 1
54 001010001 3
65 100001000 2
76 011100010 4

Matching output
0 absent
1 absent
2 absent
3 absent
4 absent
5 absent
6 absent
7 absent

Left
none
Best: none

Right
none
Best: none

OR-NOT
01 111001111 7
12 101110011 6
23 111111101 8
34 101111111 8
45 110101110 6
56 011110111 7
67 100011101 5
70 111111111 a

02 111001011 6
13 111110111 8
24 111111101 8
35 100111110 6
46 111101110 7
57 011010101 5
60 100111101 6
71 111101111 8

03 111001111 7
14 101110111 7
25 111111110 8 match 1 3
36 111111110 8 match 1 3
47 110011111 7
50 011110101 6
61 110011101 6
72 111101011 7

04 111111111 a
15 101111110 7
26 111111110 8 match 1 3
37 100111111 7
40 110111111 8
51 011011101 6
62 100011011 5
73 111101111 8

05 111101110 7
16 111110110 7
27 111111101 8
30 100111111 7
41 110001111 6
52 011010011 5
63 111011101 7
74 111111111 a

06 111101110 7
17 101110111 7
20 111111101 8
31 110111111 8
42 110001011 5
53 011010101 5
64 101111101 7
75 111101110 7

07 111011111 8
10 101110111 7
21 111111101 8
32 100111011 6
43 111001111 7
54 011110101 6
65 100111111 7
76 111101110 7

Matching output
0 absent
1 25 36 26
2 absent
3 25 36 26
4 absent
5 absent
6 absent
7 absent

Left
none
Best: none

Right
none
Best: none

XOR-NOT
01 101000111 5
12 101110001 5
23 100111001 5
34 101001111 6
45 010100100 3
56 000110111 5
67 100001100 3
70 111011111 8

02 111001001 5
13 110110111 7
24 110001001 4
35 000010100 2
46 101101100 5
57 011000100 3
60 100101100 4
71 101100111 6

03 100001111 5
14 100000111 4
25 011010010 4
36 111011100 6
47 110011111 7
50 011100100 4
61 110010100 4
72 111101001 6

04 110111111 8
15 001011100 4
26 100011010 4
37 100101111 6
40 110111111 8
51 001011100 4
62 100011010 4
73 100101111 6

05 011100100 4
16 110010100 4
27 111101001 6
30 100001111 5
41 100000111 4
52 011010010 4
63 111011100 6
74 110011111 7

06 100101100 4
17 101100111 6
20 111001001 5
31 110110111 7
42 110001001 4
53 000010100 2
64 101101100 5
75 011000100 3

07 111011111 8
10 101000111 5
21 101110001 5
32 100111001 5
43 101001111 6
54 010100100 3
65 000110111 5
76 100001100 3

Matching output
0 absent
1 absent
2 absent
3 absent
4 absent
5 absent
6 absent
7 absent

Left
none
Best: none

Right
none
Best: none

Selecting

Lefts
Identity I1: 1
NOT none
Constant none
AND none
OR none
XOR none
AND-NOT none
OR-NOT none
XOR-NOT none

Rights
Identity none
NOT none
Constant none
AND none
OR OR60 57 46 35 24 13 02: 7
XOR none
AND-NOT none
OR-NOT none
XOR-NOT none

Left longest: 1
Right longest: 7

Right winner: Identity no, NOT no, Constant no, AND no, OR yes, XOR no, AND-NOT no, OR-NOT no, XOR-NOT no
Left winner: Identity yes, NOT no, Constant no, AND no, OR no, XOR no, AND-NOT no, OR-NOT no, XOR-NOT no

Best right: OR60 57 46 35 24 13 02: 7
Best left: I1: 1

Truncated right: OR60 57 46 35 24 13 02: 7
Truncated left: I1: 1

Tentative from right
7 OR60
6 OR57
5 OR46
4 OR35
3 OR24
2 OR13
1 OR02
0 pending

Tentative
0 I1
1 OR02
2 OR13
3 OR24
4 OR35
5 OR46
6 OR57
7 OR60

Preferred from right
7 OR60
6 OR57
5 OR46
4 OR35
3 OR24
2 OR13
1 OR02
0 I1

Preferred from left
0 I1
1 OR02
2 OR13
3 OR24
4 OR35
5 OR46
6 OR57
7 OR60

Preferred
0 I1
1 OR02
2 OR13
3 OR24
4 OR35
5 OR46
6 OR57
7 OR60

Matching
0 I1
1 OR02
2 OR13
3 OR24
4 OR35
5 OR46
6 OR57
7 OR60

Perfect match
Identity no
NOT no
Constant no
AND no
OR no
XOR no
AND-NOT no
OR-NOT no
XOR-NOT no

Matched
0 I1
1 OR02
2 OR13
3 OR24
4 OR35
5 OR46
6 OR57
7 OR60

Selected
0 I1
1 OR02
2 OR13
3 OR24
4 OR35
5 OR46
6 OR57
7 OR60

Applying to 01101000
Input
0 0
1 1
2 1
3 0
4 1
5 0
6 0
7 0
Output
0 I1 = 1
1 OR02 = OR(0,1) = 1
2 OR13 = OR(1,0) = 1
3 OR24 = OR(1,1) = 1
4 OR35 = OR(0,0) = 0
5 OR46 = OR(1,0) = 1
6 OR57 = OR(0,0) = 0
7 OR60 = OR(0,0) = 0

I will now return the answer in \boxed{}
The answer in \boxed{–} is \boxed{11110100}