We need to deduce the transformation by matching the example outputs.
I will put my final answer inside \boxed{}.

Output 0: 10000001
0 1
1 0
2 0
3 0
4 0
5 0
6 0
7 1

Output 1: 00000011
0 0
1 0
2 0
3 0
4 0
5 0
6 1
7 1

Output 2: 00001111
0 0
1 0
2 0
3 0
4 1
5 1
6 1
7 1

Output 3: 10000010
0 1
1 0
2 0
3 0
4 0
5 0
6 1
7 0

Output 4: 00010110
0 0
1 0
2 0
3 1
4 0
5 1
6 1
7 0

Output 5: 00001100
0 0
1 0
2 0
3 0
4 1
5 1
6 0
7 0

Output 6: 10100000
0 1
1 0
2 1
3 0
4 0
5 0
6 0
7 0

Output 7: 11000000
0 1
1 1
2 0
3 0
4 0
5 0
6 0
7 0

Output 8: 00000001
0 0
1 0
2 0
3 0
4 0
5 0
6 0
7 1

Output bit columns (with bitsum as hash)
0 100100110 4
1 000000010 1
2 000000100 1
3 000010000 1
4 001001000 2
5 001011000 3
6 011110000 4
7 111000001 4

Input 0: 11000110
0 1
1 1
2 0
3 0
4 0
5 1
6 1
7 0

Input 1: 00101101
0 0
1 0
2 1
3 0
4 1
5 1
6 0
7 1

Input 2: 11111110
0 1
1 1
2 1
3 1
4 1
5 1
6 1
7 0

Input 3: 01001011
0 0
1 1
2 0
3 0
4 1
5 0
6 1
7 1

Input 4: 01011000
0 0
1 1
2 0
3 1
4 1
5 0
6 0
7 0

Input 5: 00110010
0 0
1 0
2 1
3 1
4 0
5 0
6 1
7 0

Input 6: 11000010
0 1
1 1
2 0
3 0
4 0
5 0
6 1
7 0

Input 7: 00100011
0 0
1 0
2 1
3 0
4 0
5 0
6 1
7 1

Input 8: 00000100
0 0
1 0
2 0
3 0
4 0
5 1
6 0
7 0

When matching output
x: not in operator
y: wrong position

Identity
0 101000100 3
1 101110100 5
2 011001010 4
3 001011000 3 match 5
4 011110000 4 match 6
5 111000001 4 match 7
6 101101110 6
7 010100010 3

Matching output
0 absent
1 absent
2 absent
3 absent
4 absent
5 3
6 4
7 5

Left
none
Best: none

Right
5 4 3 2x
Best: I5 4 3: 3

NOT
0 010111011 6
1 010001011 4
2 100110101 5
3 110100111 6
4 100001111 5
5 000111110 5
6 010010001 3
7 101011101 6

Matching output
0 absent
1 absent
2 absent
3 absent
4 absent
5 absent
6 absent
7 absent

Left
none
Best: none

Right
none
Best: none

Constant
0 000000000 a
1 111111111 a

Matching output
0 absent
1 absent
2 absent
3 absent
4 absent
5 absent
6 absent
7 absent

Left
none
Best: none

Right
none
Best: none

AND
01 10 101000100 3
12 21 001000000 1
23 32 001001000 2 match 4
34 43 001010000 2
45 54 011000000 2
56 65 101000000 2
67 76 000100010 2
70 07 000000000 a

02 20 001000000 1
13 31 001010000 2
24 42 011000000 2
35 53 001000000 1
46 64 001100000 2
57 75 010000000 1
60 06 101000100 3
71 17 000100000 1

03 30 001000000 1
14 41 001110000 3
25 52 011000000 2
36 63 001001000 2 match 4
47 74 010100000 2
50 05 101000000 2
61 16 101100100 4
72 27 010000010 2

04 40 001000000 1
15 51 101000000 2
26 62 001001010 3
37 73 000000000 a

Matching output
0 absent
1 absent
2 absent
3 absent
4 23 32 36 63
5 absent
6 absent
7 absent

Left
none
Best: none

Right
none
Best: none

OR
01 10 101110100 5
12 21 111111110 8
23 32 011011010 5
34 43 011111000 5
45 54 111110001 6
56 65 111101111 8
67 76 111101110 7
70 07 111100110 6

02 20 111001110 6
13 31 101111100 6
24 42 011111010 6
35 53 111011001 6
46 64 111111110 8
57 75 111100011 6
60 06 101101110 6
71 17 111110110 7

03 30 101011100 5
14 41 111110100 6
25 52 111001011 6
36 63 101111110 7
47 74 011110010 5
50 05 111000101 5
61 16 101111110 7
72 27 011101010 5

04 40 111110100 6
15 51 111110101 7
26 62 111101110 7
37 73 011111010 6

Matching output
0 absent
1 absent
2 absent
3 absent
4 absent
5 absent
6 absent
7 absent

Left
none
Best: none

Right
none
Best: none

XOR
01 10 000110000 2
12 21 110111110 7
23 32 010010010 3
34 43 010101000 3
45 54 100110001 4
56 65 010101111 6
67 76 111001100 5
70 07 111100110 6

02 20 110001110 5
13 31 100101100 4
24 42 000111010 4
35 53 110011001 5
46 64 110011110 6
57 75 101100011 5
60 06 000101010 3
71 17 111010110 6

03 30 100011100 4
14 41 110000100 3
25 52 100001011 4
36 63 100110110 5
47 74 001010010 3
50 05 010000101 3
61 16 000011010 3
72 27 001101000 3

04 40 110110100 5
15 51 010110101 5
26 62 110100100 4
37 73 011111010 6

Matching output
0 absent
1 absent
2 absent
3 absent
4 absent
5 absent
6 absent
7 absent

Left
none
Best: none

Right
none
Best: none

AND-NOT
01 000000000 a
12 100110100 4
23 010000010 2
34 000001000 1
45 000110000 2
56 010000001 2
67 101001100 4
70 010100010 3

02 100000100 2
13 100100100 3
24 000001010 2
35 000011000 2
46 010010000 2
57 101000001 3
60 000101010 3
71 010000010 2

03 100000100 2
14 100000100 2
25 000001010 2
36 000010000 1 match 3
47 001010000 2
50 010000001 2
61 000001010 2
72 000100000 1

04 100000100 2
15 000110100 3
26 010000000 1
37 001011000 3 match 5
40 010110000 3
51 010000001 2
62 100100100 3
73 010100010 3

05 000000100 1 match 2
16 000010000 1 match 3
27 001001000 2 match 4
30 000011000 2
41 010000000 1
52 100000001 2
63 100100110 4 match 0
74 000000010 1 match 1

06 000000000 a
17 101010100 4
20 010001010 3
31 000001000 1
42 000110000 2
53 110000001 3
64 100001110 4
75 000100010 2

07 101000100 3
10 000110000 2
21 010001010 3
32 000010000 1 match 3
43 010100000 2
54 100000001 2
65 000101110 4
76 010000000 1

Matching output
0 63
1 74
2 05
3 36 16 32
4 27
5 37
6 absent
7 absent

Left
63 74 05 16 27 30x
Best: AND-NOT63 74 05 16 27: 5

Right
none
Best: none

OR-NOT
01 111001111 7
12 101110101 6
23 111101111 8
34 101011111 7
45 011111110 7
56 111010001 5
67 101111111 8
70 010111011 6

02 101110101 6
13 111110111 8
24 111001111 7
35 001111110 6
46 011110001 5
57 111011101 7
60 111111111 a
71 010101011 5

03 111100111 7
14 101111111 8
25 011111110 7
36 011011001 5
47 111111101 8
50 111111011 8
61 111101111 8
72 110110111 7

04 101001111 6
15 101111110 7
26 011011011 6
37 101011101 6
40 011111011 7
51 111001011 6
62 101111111 8
73 110100111 6

05 101111110 7
16 111110101 7
27 111011111 8
30 011111011 7
41 011111011 7
52 111110101 7
63 111101111 8
74 110101111 7

06 111010101 6
17 101111101 7
20 011111011 7
31 011011011 6
42 111110101 7
53 111100111 7
64 101101111 7
75 010111110 6

07 101011101 6
10 111111111 a
21 011001011 5
32 101111101 7
43 111110111 8
54 111001111 7
65 101111110 7
76 010110011 5

Matching output
0 absent
1 absent
2 absent
3 absent
4 absent
5 absent
6 absent
7 absent

Left
none
Best: none

Right
none
Best: none

XOR-NOT
01 111001111 7
12 001000001 2
23 101101101 6
34 101010111 6
45 011001110 5
56 101010000 3
67 000110011 4
70 000011001 3

02 001110001 4
13 011010011 5
24 111000101 5
35 001100110 4
46 001100001 3
57 010011100 4
60 111010101 6
71 000101001 3

03 011100011 5
14 001111011 6
25 011110100 5
36 011001001 4
47 110101101 6
50 101111010 6
61 111100101 6
72 110010111 6

04 001001011 4
15 101001010 4
26 001011011 5
37 100000101 3
40 001001011 4
51 101001010 4
62 001011011 5
73 100000101 3

05 101111010 6
16 111100101 6
27 110010111 6
30 011100011 5
41 001111011 6
52 011110100 5
63 011001001 4
74 110101101 6

06 111010101 6
17 000101001 3
20 001110001 4
31 011010011 5
42 111000101 5
53 001100110 4
64 001100001 3
75 010011100 4

07 000011001 3
10 111001111 7
21 001000001 2
32 101101101 6
43 101010111 6
54 011001110 5
65 101010000 3
76 000110011 4

Matching output
0 absent
1 absent
2 absent
3 absent
4 absent
5 absent
6 absent
7 absent

Left
none
Best: none

Right
none
Best: none

Selecting

Lefts
Identity none
NOT none
Constant none
AND none
OR none
XOR none
AND-NOT AND-NOT63 74 05 16 27: 5
OR-NOT none
XOR-NOT none

Rights
Identity I5 4 3: 3
NOT none
Constant none
AND none
OR none
XOR none
AND-NOT none
OR-NOT none
XOR-NOT none

Left longest: 5
Right longest: 3

Left winner: Identity no, NOT no, Constant no, AND no, OR no, XOR no, AND-NOT yes, OR-NOT no, XOR-NOT no
Right winner: Identity yes, NOT no, Constant no, AND no, OR no, XOR no, AND-NOT no, OR-NOT no, XOR-NOT no

Best left: AND-NOT63 74 05 16 27: 5
Best right: I5 4 3: 3

Truncated left: AND-NOT63 74 05 16 27: 5
Truncated right: I5 4 3: 3

Tentative from right
7 I5
6 I4
5 I3
4 pending
3 pending
2 pending
1 pending
0 pending

Tentative
0 AND-NOT63
1 AND-NOT74
2 AND-NOT05
3 AND-NOT16
4 AND-NOT27
5 I3
6 I4
7 I5

Preferred from left
0 AND-NOT63
1 AND-NOT74
2 AND-NOT05
3 AND-NOT16
4 AND-NOT27
5 I3
6 I4
7 I5

Preferred from right
7 I5
6 I4
5 I3
4 AND-NOT27
3 AND-NOT16
2 AND-NOT05
1 AND-NOT74
0 AND-NOT63

Preferred
0 AND-NOT63
1 AND-NOT74
2 AND-NOT05
3 AND-NOT16
4 AND-NOT27
5 I3
6 I4
7 I5

Matching
0 AND-NOT63
1 AND-NOT74
2 AND-NOT05
3 AND-NOT16
4 AND-NOT27
5 I3
6 I4
7 I5

Perfect match
Identity no
NOT no
Constant no
AND no
OR no
XOR no
AND-NOT no
OR-NOT no
XOR-NOT no

Matched
0 AND-NOT63
1 AND-NOT74
2 AND-NOT05
3 AND-NOT16
4 AND-NOT27
5 I3
6 I4
7 I5

Selected
0 AND-NOT63
1 AND-NOT74
2 AND-NOT05
3 AND-NOT16
4 AND-NOT27
5 I3
6 I4
7 I5

Applying to 00110111
Input
0 0
1 0
2 1
3 1
4 0
5 1
6 1
7 1
Output
0 AND-NOT63 = AND(1,NOT(1)) = 0
1 AND-NOT74 = AND(1,NOT(0)) = 1
2 AND-NOT05 = AND(0,NOT(1)) = 0
3 AND-NOT16 = AND(0,NOT(1)) = 0
4 AND-NOT27 = AND(1,NOT(1)) = 0
5 I3 = 1
6 I4 = 0
7 I5 = 1

I will now return the answer in \boxed{}
The answer in \boxed{–} is \boxed{01000101}