We need to deduce the transformation by matching the example outputs.
I will put my final answer inside \boxed{}.

Output 0: 10110111
0 1
1 0
2 1
3 1
4 0
5 1
6 1
7 1

Output 1: 01001010
0 0
1 1
2 0
3 0
4 1
5 0
6 1
7 0

Output 2: 10100001
0 1
1 0
2 1
3 0
4 0
5 0
6 0
7 1

Output 3: 11001101
0 1
1 1
2 0
3 0
4 1
5 1
6 0
7 1

Output 4: 11000001
0 1
1 1
2 0
3 0
4 0
5 0
6 0
7 1

Output 5: 01100000
0 0
1 1
2 1
3 0
4 0
5 0
6 0
7 0

Output 6: 10000111
0 1
1 0
2 0
3 0
4 0
5 1
6 1
7 1

Output 7: 01010110
0 0
1 1
2 0
3 1
4 0
5 1
6 1
7 0

Output 8: 10110101
0 1
1 0
2 1
3 1
4 0
5 1
6 0
7 1

Output 9: 01101010
0 0
1 1
2 1
3 0
4 1
5 0
6 1
7 0

Output bit columns (with bitsum as hash)
0 1011101010 6
1 0101110101 6
2 1010010011 5
3 1000000110 3
4 0101000001 3
5 1001001110 5
6 1100001101 5
7 1011101010 6

Input 0: 11110111
0 1
1 1
2 1
3 1
4 0
5 1
6 1
7 1

Input 1: 00101001
0 0
1 0
2 1
3 0
4 1
5 0
6 0
7 1

Input 2: 00010100
0 0
1 0
2 0
3 1
4 0
5 1
6 0
7 0

Input 3: 11011000
0 1
1 1
2 0
3 1
4 1
5 0
6 0
7 0

Input 4: 10011001
0 1
1 0
2 0
3 1
4 1
5 0
6 0
7 1

Input 5: 00001100
0 0
1 0
2 0
3 0
4 1
5 1
6 0
7 0

Input 6: 01110000
0 0
1 1
2 1
3 1
4 0
5 0
6 0
7 0

Input 7: 11101011
0 1
1 1
2 1
3 0
4 1
5 0
6 1
7 1

Input 8: 11010111
0 1
1 1
2 0
3 1
4 0
5 1
6 1
7 1

Input 9: 00101101
0 0
1 0
2 1
3 0
4 1
5 1
6 0
7 1

When matching output
x: not in operator
y: wrong position

Identity
0 1001100110 5
1 1001001110 5 match 5
2 1100001101 5 match 6
3 1011101010 6 match 0 7
4 0101110101 6 match 1
5 1010010011 5 match 2
6 1000000110 3 match 3
7 1100100111 6

Matching output
0 3
1 4
2 5
3 6
4 absent
5 1
6 2
7 3

Left
3 4 5 6 7x
Best: I3 4 5 6: 4

Right
3 2 1 0x
Best: I3 2 1: 3

NOT
0 0110011001 5
1 0110110001 5
2 0011110010 5
3 0100010101 4
4 1010001010 4
5 0101101100 5
6 0111111001 7
7 0011011000 4

Matching output
0 absent
1 absent
2 absent
3 absent
4 absent
5 absent
6 absent
7 absent

Left
none
Best: none

Right
none
Best: none

Constant
0 0000000000 a
1 1111111111 a

Matching output
0 absent
1 absent
2 absent
3 absent
4 absent
5 absent
6 absent
7 absent

Left
none
Best: none

Right
none
Best: none

AND
01 10 1001000110 4
12 21 1000001100 3
23 32 1000001000 2
34 43 0001100000 2
45 54 0000010001 2
56 65 1000000010 2
67 76 1000000110 3 match 3
70 07 1000100110 4

02 20 1000000100 2
13 31 1001001010 4
24 42 0100000101 3
35 53 1010000010 3
46 64 0000000100 1
57 75 1000000011 3
60 06 1000000110 3 match 3
71 17 1000000110 3 match 3

03 30 1001100010 4
14 41 0001000100 2
25 52 1000000001 2
36 63 1000000010 2
47 74 0100100101 4
50 05 1000000010 2
61 16 1000000110 3 match 3
72 27 1100000101 4

04 40 0001100100 3
15 51 1000000010 2
26 62 1000000100 2
37 73 1000100010 3

Matching output
0 absent
1 absent
2 absent
3 67 76 60 06 71 17 61 16
4 absent
5 absent
6 absent
7 absent

Left
none
Best: none

Right
none
Best: none

OR
01 10 1001101110 6
12 21 1101001111 7
23 32 1111101111 9
34 43 1111111111 a
45 54 1111110111 9
56 65 1010010111 6
67 76 1100100111 6
70 07 1101100111 7

02 20 1101101111 8
13 31 1011101110 7
24 42 1101111101 8
35 53 1011111011 8
46 64 1101110111 8
57 75 1110110111 8
60 06 1001100110 5
71 17 1101101111 8

03 30 1011101110 7
14 41 1101111111 9
25 52 1110011111 8
36 63 1011101110 7
47 74 1101110111 8
50 05 1011110111 8
61 16 1001001110 5 match 5
72 27 1100101111 7

04 40 1101110111 8
15 51 1011011111 8
26 62 1100001111 6
37 73 1111101111 9

Matching output
0 absent
1 absent
2 absent
3 absent
4 absent
5 61 16
6 absent
7 absent

Left
none
Best: none

Right
none
Best: none

XOR
01 10 0000101000 2
12 21 0101000011 4
23 32 0111100111 7
34 43 1110011111 8
45 54 1111100110 7
56 65 0010010101 4
67 76 0100100001 3
70 07 0101000001 3 match 4

02 20 0101101011 6
13 31 0010100100 3
24 42 1001111000 5
35 53 0001111001 5
46 64 1101110011 7
57 75 0110110100 5
60 06 0001100000 2
71 17 0101101001 5

03 30 0010001100 3
14 41 1100111011 7
25 52 0110011110 6
36 63 0011101100 5
47 74 1001010010 4
50 05 0011110101 6
61 16 0001001000 2
72 27 0000101010 3

04 40 1100010011 5
15 51 0011011101 6
26 62 0100001011 4
37 73 0111001101 6

Matching output
0 absent
1 absent
2 absent
3 absent
4 70 07
5 absent
6 absent
7 absent

Left
none
Best: none

Right
none
Best: none

AND-NOT
01 0000100000 1
12 0001000010 2
23 0100000101 3
34 1010001010 4
45 0101100100 4
56 0010010001 3
67 0000000000 a
70 0100000001 2

02 0001100010 3
13 0000000100 1
24 1000001000 2
35 0001101000 3
46 0101110001 5
57 0010010000 2
60 0000000000 a
71 0100100001 3

03 0000000100 1
14 1000001010 3
25 0100001100 3
36 0011101000 4
47 0001010000 2
50 0010010001 3
61 0000000000 a
72 0000100010 2

04 1000000010 2
15 0001001100 3
26 0100001001 3
37 0011001000 3
40 0100010001 3
51 0010010001 3
62 0000000010 1
73 0100000101 3

05 0001100100 3
16 0001001000 2
27 0000001000 1
30 0010001000 2
41 0100110001 4
52 0010010010 3
63 0000000100 1
74 1000000010 2

06 0001100000 2
17 0001001000 2
20 0100001001 3
31 0010100000 2
42 0001110000 3
53 0000010001 2
64 1000000010 2
75 0100100100 3

07 0001000000 1
10 0000001000 1
21 0100000001 2
32 0011100010 4
43 0100010101 4
54 1010000010 3
65 0000000100 1
76 0100100001 3

Matching output
0 absent
1 absent
2 absent
3 absent
4 absent
5 absent
6 absent
7 absent

Left
none
Best: none

Right
none
Best: none

OR-NOT
01 1111110111 9
12 1011111110 8
23 1100011101 6
34 1011101010 6 match 0 7
45 0101111101 7
56 1111111011 9
67 1011011110 7
70 1110111111 9

02 1011110110 7
13 1101011111 8
24 1110001111 7
35 1111101110 8
46 0111111101 8
57 1011011011 7
60 1110011111 8
71 1110110111 8

03 1101110111 8
14 1011001110 6
25 1101101101 7
36 1111111011 9
47 0111111101 8
50 1110011011 7
61 1110110111 8
72 1111110111 9

04 1011101110 7
15 1101101110 7
26 1111111101 9
37 1011111010 7
40 0111111101 8
51 1110110011 7
62 1011110110 7
73 1100110111 7

05 1101101110 7
16 1111111111 a
27 1111011101 8
30 1111111011 9
41 0111110101 7
52 1011110011 7
63 1100010111 6
74 1110101111 8

06 1111111111 a
17 1011011110 7
20 1110011101 7
31 1111111011 9
42 0111110111 8
53 1110010111 7
64 1010001110 5
75 1101101111 8

07 1011111110 8
10 1111011111 9
21 1110111101 8
32 1011111010 7
43 0101110101 6 match 1
54 1010011011 6
65 1101101110 7
76 1111111111 a

Matching output
0 34
1 43
2 absent
3 absent
4 absent
5 absent
6 absent
7 34

Left
34 45x
Best: OR-NOT34: 1

Right
34 23x
Best: OR-NOT34: 1

XOR-NOT
01 1111010111 8
12 1010111100 6
23 1000011000 3
34 0001100000 2
45 0000011001 3
56 1101101010 6
67 1011011110 7
70 1010111110 7

02 1010010100 4
13 1101011011 7
24 0110000111 5
35 1110000110 5
46 0010001100 3
57 1001001011 5
60 1110011111 8
71 1010010110 5

03 1101110011 7
14 0011000100 3
25 1001100001 4
36 1100010011 5
47 0110101101 6
50 1100001010 4
61 1110110111 8
72 1111010101 7

04 0011101100 5
15 1100100010 4
26 1011110100 6
37 1000110010 4
40 0011101100 5
51 1100100010 4
62 1011110100 6
73 1000110010 4

05 1100001010 4
16 1110110111 8
27 1111010101 7
30 1101110011 7
41 0011000100 3
52 1001100001 4
63 1100010011 5
74 0110101101 6

06 1110011111 8
17 1010010110 5
20 1010010100 4
31 1101011011 7
42 0110000111 5
53 1110000110 5
64 0010001100 3
75 1001001011 5

07 1010111110 7
10 1111010111 8
21 1010111100 6
32 1000011000 3
43 0001100000 2
54 0000011001 3
65 1101101010 6
76 1011011110 7

Matching output
0 absent
1 absent
2 absent
3 absent
4 absent
5 absent
6 absent
7 absent

Left
none
Best: none

Right
none
Best: none

Selecting

Lefts
Identity I3 4 5 6: 4
NOT none
Constant none
AND none
OR none
XOR none
AND-NOT none
OR-NOT OR-NOT34: 1
XOR-NOT none

Rights
Identity I3 2 1: 3
NOT none
Constant none
AND none
OR none
XOR none
AND-NOT none
OR-NOT OR-NOT34: 1
XOR-NOT none

Left longest: 4
Right longest: 3

Left winner: Identity yes, NOT no, Constant no, AND no, OR no, XOR no, AND-NOT no, OR-NOT no, XOR-NOT no
Right winner: Identity yes, NOT no, Constant no, AND no, OR no, XOR no, AND-NOT no, OR-NOT no, XOR-NOT no

Best left: I3 4 5 6: 4
Best right: I3 2 1: 3

Truncated left: I3 4 5 6: 4
Truncated right: I3 2 1: 3

Tentative from right
7 I3
6 I2
5 I1
4 pending
3 pending
2 pending
1 pending
0 pending

Tentative
0 I3
1 I4
2 I5
3 I6
4 pending
5 I1
6 I2
7 I3

Preferred from left
0 I3
1 I4
2 I5
3 I6
4 ?7?
5 I1
6 I2
7 I3

Preferred from right
7 I3
6 I2
5 I1
4 ?70
3 I6
2 I5
1 I4
0 I3

Preferred
0 I3
1 I4
2 I5
3 I6
4 ?70 ?07
5 I1
6 I2
7 I3

Matching
0 I3
1 I4
2 I5
3 I6
4 ?70 ?07 - Identity absent, NOT absent, Constant absent, AND absent, OR absent, XOR70, AND-NOT absent, OR-NOT absent, XOR-NOT absent
5 I1
6 I2
7 I3

Perfect match
Identity no
NOT no
Constant no
AND no
OR no
XOR yes
AND-NOT no
OR-NOT no
XOR-NOT no

Matched
0 I3
1 I4
2 I5
3 I6
4 XOR70
5 I1
6 I2
7 I3

Selected
0 I3
1 I4
2 I5
3 I6
4 XOR70
5 I1
6 I2
7 I3

Applying to 00010011
Input
0 0
1 0
2 0
3 1
4 0
5 0
6 1
7 1
Output
0 I3 = 1
1 I4 = 0
2 I5 = 0
3 I6 = 1
4 XOR70 = XOR(1,0) = 1
5 I1 = 0
6 I2 = 0
7 I3 = 1

I will now return the answer in \boxed{}
The answer in \boxed{–} is \boxed{10011001}