We need to deduce the transformation by matching the example outputs.
I will put my final answer inside \boxed{}.

Output 0: 11101001
0 1
1 1
2 1
3 0
4 1
5 0
6 0
7 1

Output 1: 11100111
0 1
1 1
2 1
3 0
4 0
5 1
6 1
7 1

Output 2: 11010111
0 1
1 1
2 0
3 1
4 0
5 1
6 1
7 1

Output 3: 10000111
0 1
1 0
2 0
3 0
4 0
5 1
6 1
7 1

Output 4: 01010000
0 0
1 1
2 0
3 1
4 0
5 0
6 0
7 0

Output 5: 10001001
0 1
1 0
2 0
3 0
4 1
5 0
6 0
7 1

Output 6: 00001100
0 0
1 0
2 0
3 0
4 1
5 1
6 0
7 0

Output 7: 00000110
0 0
1 0
2 0
3 0
4 0
5 1
6 1
7 0

Output 8: 11000111
0 1
1 1
2 0
3 0
4 0
5 1
6 1
7 1

Output bit columns (with bitsum as hash)
0 111101001 6
1 111010001 5
2 110000000 2
3 001010000 2
4 100001100 3
5 011100111 6
6 011100011 5
7 111101001 6

Input 0: 10110011
0 1
1 0
2 1
3 1
4 0
5 0
6 1
7 1

Input 1: 00001110
0 0
1 0
2 0
3 0
4 1
5 1
6 1
7 0

Input 2: 01101110
0 0
1 1
2 1
3 0
4 1
5 1
6 1
7 0

Input 3: 11001110
0 1
1 1
2 0
3 0
4 1
5 1
6 1
7 0

Input 4: 10100000
0 1
1 0
2 1
3 0
4 0
5 0
6 0
7 0

Input 5: 01110011
0 0
1 1
2 1
3 1
4 0
5 0
6 1
7 1

Input 6: 00111001
0 0
1 0
2 1
3 1
4 1
5 0
6 0
7 1

Input 7: 10101101
0 1
1 0
2 1
3 0
4 1
5 1
6 0
7 1

Input 8: 01001110
0 0
1 1
2 0
3 0
4 1
5 1
6 1
7 0

When matching output
x: not in operator
y: wrong position

Identity
0 100110010 4
1 001101001 4
2 101011110 6
3 100001100 3 match 4
4 011100111 6 match 5
5 011100011 5 match 6
6 111101001 6 match 0 7
7 100001110 4

Matching output
0 6
1 absent
2 absent
3 absent
4 3
5 4
6 5
7 6

Left
6 7x
Best: I6: 1

Right
6 5 4 3 2x
Best: I6 5 4 3: 4

NOT
0 011001101 5
1 110010110 5
2 010100001 3
3 011110011 6
4 100011000 3
5 100011100 4
6 000010110 3
7 011110001 5

Matching output
0 absent
1 absent
2 absent
3 absent
4 absent
5 absent
6 absent
7 absent

Left
none
Best: none

Right
none
Best: none

Constant
0 000000000 a
1 111111111 a

Matching output
0 absent
1 absent
2 absent
3 absent
4 absent
5 absent
6 absent
7 absent

Left
none
Best: none

Right
none
Best: none

AND
01 10 000100000 1
12 21 001001000 2
23 32 100001100 3 match 4
34 43 000000100 1
45 54 011100011 5 match 6
56 65 011100001 4
67 76 100001000 2
70 07 100000010 2

02 20 100010010 3
13 31 000001000 1
24 42 001000110 3
35 53 000000000 a
46 64 011100001 4
57 75 000000010 1
60 06 100100000 2
71 17 000001000 1

03 30 100000000 1
14 41 001100001 3
25 52 001000010 2
36 63 100001000 2
47 74 000000110 2
50 05 000100010 2
61 16 001101001 4
72 27 100001110 4

04 40 000100010 2
15 51 001100001 3
26 62 101001000 3
37 73 100001100 3 match 4

Matching output
0 absent
1 absent
2 absent
3 absent
4 23 32 37 73
5 absent
6 45 54
7 absent

Left
none
Best: none

Right
none
Best: none

OR
01 10 101111011 7
12 21 101111111 8
23 32 101011110 6
34 43 111101111 8
45 54 011100111 6 match 5
56 65 111101011 7
67 76 111101111 8
70 07 100111110 6

02 20 101111110 7
13 31 101101101 6
24 42 111111111 a
35 53 111101111 8
46 64 111101111 8
57 75 111101111 8
60 06 111111011 8
71 17 101101111 7

03 30 100111110 6
14 41 011101111 7
25 52 111111111 a
36 63 111101101 7
47 74 111101111 8
50 05 111110011 7
61 16 111101001 6 match 0 7
72 27 101011110 6

04 40 111110111 8
15 51 011101011 6
26 62 111111111 a
37 73 100001110 4

Matching output
0 61 16
1 absent
2 absent
3 absent
4 absent
5 45 54
6 absent
7 61 16

Left
61 72x
16 27x
Best: OR61: 1

Right
61 50x
16 05x
Best: OR61: 1

XOR
01 10 101011011 6
12 21 100110111 6
23 32 001010010 3
34 43 111101011 7
45 54 000000100 1
56 65 100001010 3
67 76 011100111 6 match 5
70 07 000111100 4

02 20 001101100 4
13 31 101100101 5
24 42 110111001 6
35 53 111101111 8
46 64 100001110 4
57 75 111101101 7
60 06 011011011 6
71 17 101100111 6

03 30 000111110 5
14 41 010001110 4
25 52 110111101 7
36 63 011100101 5
47 74 111101001 6 match 0 7
50 05 111010001 5 match 1
61 16 110000000 2 match 2
72 27 001010000 2 match 3

04 40 111010101 6
15 51 010001010 3
26 62 010110111 6
37 73 000000010 1

Matching output
0 47 74
1 50 05
2 61 16
3 72 27
4 absent
5 67 76
6 absent
7 47 74

Left
47 50 61 72 03x
74 05 16 27 30x
Best: XOR47 50 61 72: 4

Right
47 36x
74 63x
Best: XOR47: 1

AND-NOT
01 100010010 3
12 000100001 2
23 001010010 3
34 100001000 2
45 000000100 1
56 000000010 1
67 011100001 4
70 000001100 2

02 000100000 1
13 001100001 3
24 100011000 3
35 100001100 3 match 4
46 000000110 2
57 011100001 4
60 011001001 4
71 100000110 3

03 000110010 3
14 000001000 1
25 100011100 4
36 000000100 1
47 011100001 4
50 011000001 3
61 110000000 2 match 2
72 000000000 a

04 100010000 2
15 000001000 1
26 000010110 3
37 000000000 a
40 011000101 4
51 010000010 2
62 010100001 3
73 000000010 1

05 100010000 2
16 000000000 a
27 001010000 2 match 3
30 000001100 2
41 010000110 3
52 010100001 3
63 011100001 4
74 100001000 2

06 000010010 2
17 001100001 3
20 001001100 3
31 100000100 2
42 010100001 3
53 011100011 5 match 6
64 100001000 2
75 100001100 3 match 4

07 000110000 2
10 001001001 3
21 100010110 4
32 000000000 a
43 011100011 5 match 6
54 000000000 a
65 100001000 2
76 000000110 2

Matching output
0 absent
1 absent
2 61
3 27
4 35 75
5 absent
6 53 43
7 absent

Left
none
Best: none

Right
none
Best: none

OR-NOT
01 110110110 6
12 011101001 5
23 111111111 a
34 100011100 4
45 111111111 a
56 011110111 7
67 111111001 7
70 111001111 7

02 110110011 6
13 011111011 7
24 101011110 6
35 100011100 4
46 011110111 7
57 011110011 6
60 111101101 7
71 110011110 6

03 111110011 7
14 101111001 6
25 101011110 6
36 100011110 5
47 011110111 7
50 011101111 7
61 111111111 a
72 110101111 7

04 100111010 5
15 101111101 7
26 101011110 6
37 111111101 8
40 011101111 7
51 111110111 8
62 111101001 6 match 0 7
73 111111111 a

05 100111110 6
16 001111111 7
27 111111111 a
30 111001101 6
41 111110111 8
52 011100011 5 match 6
63 111111011 8
74 100011110 5

06 100110110 5
17 011111001 6
20 111011111 8
31 110011110 6
42 011100111 6 match 5
53 011110011 6
64 111111001 7
75 100011110 5

07 111110011 7
10 011101101 6
21 111011110 7
32 110101101 6
43 011110111 7
54 111111011 8
65 111111101 8
76 100011110 5

Matching output
0 62
1 absent
2 absent
3 absent
4 absent
5 42
6 52
7 62

Left
62 73x
Best: OR-NOT62: 1

Right
62 51x
Best: OR-NOT62: 1

XOR-NOT
01 010100100 3
12 011001000 3
23 110101101 6
34 000010100 2
45 111111011 8
56 011110101 6
67 100011000 3
70 111000011 5

02 110010011 5
13 010011010 4
24 001000110 3
35 000010000 1
46 011110001 5
57 000010010 2
60 100100100 3
71 010011000 3

03 111000001 4
14 101110001 5
25 001000010 2
36 100011010 4
47 000010110 3
50 000101110 4
61 001111111 7
72 110101111 7

04 000101010 3
15 101110101 6
26 101001000 3
37 111111101 8
40 000101010 3
51 101110101 6
62 101001000 3
73 111111101 8

05 000101110 4
16 001111111 7
27 110101111 7
30 111000001 4
41 101110001 5
52 001000010 2
63 100011010 4
74 000010110 3

06 100100100 3
17 010011000 3
20 110010011 5
31 010011010 4
42 001000110 3
53 000010000 1
64 011110001 5
75 000010010 2

07 111000011 5
10 010100100 3
21 011001000 3
32 110101101 6
43 000010100 2
54 111111011 8
65 011110101 6
76 100011000 3

Matching output
0 absent
1 absent
2 absent
3 absent
4 absent
5 absent
6 absent
7 absent

Left
none
Best: none

Right
none
Best: none

Selecting

Lefts
Identity I6: 1
NOT none
Constant none
AND none
OR OR61: 1
XOR XOR47 50 61 72: 4
AND-NOT none
OR-NOT OR-NOT62: 1
XOR-NOT none

Rights
Identity I6 5 4 3: 4
NOT none
Constant none
AND none
OR OR61: 1
XOR XOR47: 1
AND-NOT none
OR-NOT OR-NOT62: 1
XOR-NOT none

Left longest: 4
Right longest: 4

Left winner: Identity no, NOT no, Constant no, AND no, OR no, XOR yes, AND-NOT no, OR-NOT no, XOR-NOT no
Right winner: Identity yes, NOT no, Constant no, AND no, OR no, XOR no, AND-NOT no, OR-NOT no, XOR-NOT no

Best left: XOR47 50 61 72: 4
Best right: I6 5 4 3: 4

Truncated left: XOR47 50 61 72: 4
Truncated right: I6 5 4 3: 4

Tentative from right
7 I6
6 I5
5 I4
4 I3
3 pending
2 pending
1 pending
0 pending

Tentative
0 XOR47
1 XOR50
2 XOR61
3 XOR72
4 I3
5 I4
6 I5
7 I6

Preferred from left
0 XOR47
1 XOR50
2 XOR61
3 XOR72
4 I3
5 I4
6 I5
7 I6

Preferred from right
7 I6
6 I5
5 I4
4 I3
3 XOR72
2 XOR61
1 XOR50
0 XOR47

Preferred
0 XOR47
1 XOR50
2 XOR61
3 XOR72
4 I3
5 I4
6 I5
7 I6

Matching
0 XOR47
1 XOR50
2 XOR61
3 XOR72
4 I3
5 I4
6 I5
7 I6

Perfect match
Identity no
NOT no
Constant no
AND no
OR no
XOR no
AND-NOT no
OR-NOT no
XOR-NOT no

Matched
0 XOR47
1 XOR50
2 XOR61
3 XOR72
4 I3
5 I4
6 I5
7 I6

Selected
0 XOR47
1 XOR50
2 XOR61
3 XOR72
4 I3
5 I4
6 I5
7 I6

Applying to 00111101
Input
0 0
1 0
2 1
3 1
4 1
5 1
6 0
7 1
Output
0 XOR47 = XOR(1,1) = 0
1 XOR50 = XOR(1,0) = 1
2 XOR61 = XOR(0,0) = 0
3 XOR72 = XOR(1,1) = 0
4 I3 = 1
5 I4 = 1
6 I5 = 1
7 I6 = 0

I will now return the answer in \boxed{}
The answer in \boxed{–} is \boxed{01001110}