We need to deduce the transformation by matching the example outputs.
I will put my final answer inside \boxed{}.

Output 0: 00101001
0 0
1 0
2 1
3 0
4 1
5 0
6 0
7 1

Output 1: 00110111
0 0
1 0
2 1
3 1
4 0
5 1
6 1
7 1

Output 2: 01111011
0 0
1 1
2 1
3 1
4 1
5 0
6 1
7 1

Output 3: 10111011
0 1
1 0
2 1
3 1
4 1
5 0
6 1
7 1

Output 4: 11011011
0 1
1 1
2 0
3 1
4 1
5 0
6 1
7 1

Output 5: 01011111
0 0
1 1
2 0
3 1
4 1
5 1
6 1
7 1

Output 6: 00111011
0 0
1 0
2 1
3 1
4 1
5 0
6 1
7 1

Output 7: 01101111
0 0
1 1
2 1
3 0
4 1
5 1
6 1
7 1

Output bit columns (with bitsum as hash)
0 00011000 2
1 00101101 4
2 11110011 6
3 01111110 6
4 10111111 7
5 01000101 3
6 01111111 7
7 11111111 a

Input 0: 00010111
0 0
1 0
2 0
3 1
4 0
5 1
6 1
7 1

Input 1: 00110100
0 0
1 0
2 1
3 1
4 0
5 1
6 0
7 0

Input 2: 10010001
0 1
1 0
2 0
3 1
4 0
5 0
6 0
7 1

Input 3: 10100101
0 1
1 0
2 1
3 0
4 0
5 1
6 0
7 1

Input 4: 10011010
0 1
1 0
2 0
3 1
4 1
5 0
6 1
7 0

Input 5: 11110100
0 1
1 1
2 1
3 1
4 0
5 1
6 0
7 0

Input 6: 10000001
0 1
1 0
2 0
3 0
4 0
5 0
6 0
7 1

Input 7: 01101000
0 0
1 1
2 1
3 0
4 1
5 0
6 0
7 0

When matching output
x: not in operator
y: wrong position

Identity
0 00111110 5
1 00000101 2
2 01010101 4
3 11101100 5
4 00001001 2
5 11010100 4
6 10001000 2
7 10110010 4

Matching output
0 absent
1 absent
2 absent
3 absent
4 absent
5 absent
6 absent
7 absent

Left
none
Best: none

Right
none
Best: none

NOT
0 11000001 3
1 11111010 6
2 10101010 4
3 00010011 3
4 11110110 6
5 00101011 4
6 01110111 6
7 01001101 4

Matching output
0 absent
1 absent
2 absent
3 absent
4 absent
5 absent
6 absent
7 absent

Left
none
Best: none

Right
none
Best: none

Constant
0 00000000 a
1 11111111 a match 7

Matching output
0 absent
1 absent
2 absent
3 absent
4 absent
5 absent
6 absent
7 C1

Left
none
Best: none

Right
1
Best: C1: 1

AND
01 10 00000100 1
12 21 00000101 2
23 32 01000100 2
34 43 00001000 1
45 54 00000000 a
56 65 10000000 1
67 76 10000000 1
70 07 00110010 3

02 20 00010100 2
13 31 00000100 1
24 42 00000001 1
35 53 11000100 3
46 64 00001000 1
57 75 10010000 2
60 06 00001000 1
71 17 00000000 a

03 30 00101100 3
14 41 00000001 1
25 52 01010100 3
36 63 10001000 2
47 74 00000000 a
50 05 00010100 2
61 16 00000000 a
72 27 00010000 1

04 40 00001000 1
15 51 00000100 1
26 62 00000000 a
37 73 10100000 2

Matching output
0 absent
1 absent
2 absent
3 absent
4 absent
5 absent
6 absent
7 absent

Left
none
Best: none

Right
none
Best: none

OR
01 10 00111111 6
12 21 01010101 4
23 32 11111101 7
34 43 11101101 6
45 54 11011101 6
56 65 11011100 5
67 76 10111010 5
70 07 10111110 6

02 20 01111111 7 match 6
13 31 11101101 6
24 42 01011101 5
35 53 11111100 6
46 64 10001001 3
57 75 11110110 6
60 06 10111110 6
71 17 10110111 6

03 30 11111110 7
14 41 00001101 3
25 52 11010101 5
36 63 11101100 5
47 74 10111011 6
50 05 11111110 7
61 16 10001101 4
72 27 11110111 7

04 40 00111111 6
15 51 11010101 5
26 62 11011101 6
37 73 11111110 7

Matching output
0 absent
1 absent
2 absent
3 absent
4 absent
5 absent
6 02 20
7 absent

Left
none
Best: none

Right
none
Best: none

XOR
01 10 00111011 5
12 21 01010000 2
23 32 10111001 5
34 43 11100101 5
45 54 11011101 6
56 65 01011100 4
67 76 00111010 4
70 07 10001100 3

02 20 01101011 5
13 31 11101001 5
24 42 01011100 4
35 53 00111000 3
46 64 10000001 2
57 75 01100110 4
60 06 10110110 5
71 17 10110111 6

03 30 11010010 4
14 41 00001100 2
25 52 10000001 2
36 63 01100100 3
47 74 10111011 6
50 05 11101010 5
61 16 10001101 4
72 27 11100111 6

04 40 00110111 5
15 51 11010001 4
26 62 11011101 6
37 73 01011110 5

Matching output
0 absent
1 absent
2 absent
3 absent
4 absent
5 absent
6 absent
7 absent

Left
none
Best: none

Right
none
Best: none

AND-NOT
01 00111010 4
12 00000000 a
23 00010001 2
34 11100100 4
45 00001001 2
56 01010100 3
67 00001000 1
70 10000000 1

02 00101010 3
13 00000001 1
24 01010100 3
35 00101000 2
46 00000001 1
57 01000100 2
60 10000000 1
71 10110010 4

03 00010010 2
14 00000100 1
25 00000001 1
36 01100100 3
47 00001001 2
50 11000000 2
61 10001000 2
72 10100010 3

04 00110110 4
15 00000001 1
26 01010101 4
37 01001100 3
40 00000001 1
51 11010000 3
62 10001000 2
73 00010010 2

05 00101010 3
16 00000101 2
27 01000101 3 match 5
30 11000000 2
41 00001000 1
52 10000000 1
63 00000000 a
74 10110010 4

06 00110110 4
17 00000101 2
20 01000001 2
31 11101000 4
42 00001000 1
53 00010000 1
64 10000000 1
75 00100010 2

07 00001100 2
10 00000001 1
21 01010000 2
32 10101000 3
43 00000001 1
54 11010100 4
65 00001000 1
76 00110010 3

Matching output
0 absent
1 absent
2 absent
3 absent
4 absent
5 27
6 absent
7 absent

Left
none
Best: none

Right
none
Best: none

OR-NOT
01 11111110 7
12 10101111 6
23 01010111 5
34 11111110 7
45 00101011 4
56 11110111 7
67 11001101 5
70 11110011 6 match 2

02 10111110 6
13 00010111 4
24 11110111 7
35 11101111 7
46 01111111 7 match 6
57 11011101 6
60 11001001 4
71 11111010 6

03 00111111 6
14 11110111 7
25 01111111 7 match 6
36 11111111 a match 7
47 01001101 4
50 11010101 5
61 11111010 6
72 10111010 5

04 11111110 7
15 00101111 5
26 01110111 6
37 11101101 6
40 11001001 4
51 11111110 7
62 10101010 4
73 10110011 5

05 00111111 6
16 01110111 6
27 01011101 5
30 11101101 6
41 11111011 7
52 11111110 7
63 10011011 5
74 11110110 6

06 01111111 7 match 6
17 01001101 4
20 11010101 5
31 11111110 7
42 10101011 5
53 11010111 6
64 11111110 7
75 10111011 6

07 01111111 7 match 6
10 11000101 4
21 11111111 a match 7
32 11101110 6
43 00011011 4
54 11110110 6
65 10101011 5
76 11110111 7

Matching output
0 absent
1 absent
2 70
3 absent
4 absent
5 absent
6 46 25 06 07
7 36 21

Left
none
Best: none

Right
36 25 14x
21 10x
Best: OR-NOT36 25: 2

XOR-NOT
01 11000100 3
12 10101111 6
23 01000110 3
34 00011010 3
45 00100010 2
56 10100011 4
67 11000101 4
70 01110011 5

02 10010100 3
13 00010110 3
24 10100011 4
35 11000111 5
46 01111110 6 match 3
57 10011001 4
60 01001001 3
71 01001000 2

03 00101101 4 match 1
14 11110011 6 match 2
25 01111110 6 match 3
36 10011011 5
47 01000100 2
50 00010101 3
61 01110010 4
72 00011000 2 match 0

04 11001000 3
15 00101110 4
26 00100010 2
37 10100001 3
40 11001000 3
51 00101110 4
62 00100010 2
73 10100001 3

05 00010101 3
16 01110010 4
27 00011000 2 match 0
30 00101101 4 match 1
41 11110011 6 match 2
52 01111110 6 match 3
63 10011011 5
74 01000100 2

06 01001001 3
17 01001000 2
20 10010100 3
31 00010110 3
42 10100011 4
53 11000111 5
64 01111110 6 match 3
75 10011001 4

07 01110011 5
10 11000100 3
21 10101111 6
32 01000110 3
43 00011010 3
54 00100010 2
65 10100011 4
76 11000101 4

Matching output
0 72 27
1 03 30
2 14 41
3 46 25 52 64
4 absent
5 absent
6 absent
7 absent

Left
72 03 14 25 36x
27 30 41 52 63x
Best: XOR-NOT72 03 14 25: 4

Right
none
Best: none

Selecting

Lefts
Identity none
NOT none
Constant none
AND none
OR none
XOR none
AND-NOT none
OR-NOT none
XOR-NOT XOR-NOT72 03 14 25: 4

Rights
Identity none
NOT none
Constant C1: 1
AND none
OR none
XOR none
AND-NOT none
OR-NOT OR-NOT36 25: 2
XOR-NOT none

Left longest: 4
Right longest: 2

Left winner: Identity no, NOT no, Constant no, AND no, OR no, XOR no, AND-NOT no, OR-NOT no, XOR-NOT yes
Right winner: Identity no, NOT no, Constant no, AND no, OR no, XOR no, AND-NOT no, OR-NOT yes, XOR-NOT no

Best left: XOR-NOT72 03 14 25: 4
Best right: OR-NOT36 25: 2

Truncated left: XOR-NOT72 03 14 25: 4
Truncated right: OR-NOT36 25: 2

Tentative from right
7 OR-NOT36
6 OR-NOT25
5 pending
4 pending
3 pending
2 pending
1 pending
0 pending

Tentative
0 XOR-NOT72
1 XOR-NOT03
2 XOR-NOT14
3 XOR-NOT25
4 pending
5 pending
6 OR-NOT25
7 OR-NOT36

Preferred from left
0 XOR-NOT72
1 XOR-NOT03
2 XOR-NOT14
3 XOR-NOT25
4 ?36
5 ?47
6 OR-NOT25
7 OR-NOT36

Preferred from right
7 OR-NOT36
6 OR-NOT25
5 ?47
4 ?36
3 XOR-NOT25
2 XOR-NOT14
1 XOR-NOT03
0 XOR-NOT72

Preferred
0 XOR-NOT72
1 XOR-NOT03
2 XOR-NOT14
3 XOR-NOT25
4 ?36 ?63
5 ?47 ?74
6 OR-NOT25
7 OR-NOT36

Matching
0 XOR-NOT72
1 XOR-NOT03
2 XOR-NOT14
3 XOR-NOT25
4 ?36 ?63 - Identity absent, NOT absent, Constant absent, AND absent, OR absent, XOR absent, AND-NOT absent, OR-NOT absent, XOR-NOT absent
5 ?47 ?74 - Identity absent, NOT absent, Constant absent, AND absent, OR absent, XOR absent, AND-NOT absent, OR-NOT absent, XOR-NOT absent
6 OR-NOT25
7 OR-NOT36

Perfect match
Identity no
NOT no
Constant no
AND no
OR no
XOR no
AND-NOT no
OR-NOT no
XOR-NOT no

Matched
0 XOR-NOT72
1 XOR-NOT03
2 XOR-NOT14
3 XOR-NOT25
4 none
5 none
6 OR-NOT25
7 OR-NOT36

Selected
0 XOR-NOT72
1 XOR-NOT03
2 XOR-NOT14
3 XOR-NOT25
4 default 1
5 default 1
6 OR-NOT25
7 OR-NOT36

Applying to 01010000
Input
0 0
1 1
2 0
3 1
4 0
5 0
6 0
7 0
Output
0 XOR-NOT72 = XOR(0,NOT(0)) = 1
1 XOR-NOT03 = XOR(0,NOT(1)) = 0
2 XOR-NOT14 = XOR(1,NOT(0)) = 0
3 XOR-NOT25 = XOR(0,NOT(0)) = 1
4 default 1 = 1
5 default 1 = 1
6 OR-NOT25 = OR(0,NOT(0)) = 1
7 OR-NOT36 = OR(1,NOT(0)) = 1

I will now return the answer in \boxed{}
The answer in \boxed{–} is \boxed{10011111}