We need to deduce the transformation by matching the example outputs.
I will put my final answer inside \boxed{}.

Output 0: 00010100
0 0
1 0
2 0
3 1
4 0
5 1
6 0
7 0

Output 1: 00000000
0 0
1 0
2 0
3 0
4 0
5 0
6 0
7 0

Output 2: 10000011
0 1
1 0
2 0
3 0
4 0
5 0
6 1
7 1

Output 3: 00000000
0 0
1 0
2 0
3 0
4 0
5 0
6 0
7 0

Output 4: 10100000
0 1
1 0
2 1
3 0
4 0
5 0
6 0
7 0

Output 5: 00001010
0 0
1 0
2 0
3 0
4 1
5 0
6 1
7 0

Output 6: 00000000
0 0
1 0
2 0
3 0
4 0
5 0
6 0
7 0

Output 7: 10000010
0 1
1 0
2 0
3 0
4 0
5 0
6 1
7 0

Output bit columns (with bitsum as hash)
0 00101001 3
1 00000000 a
2 00001000 1
3 10000000 1
4 00000100 1
5 10000000 1
6 00100101 3
7 00100000 1

Input 0: 01001101
0 0
1 1
2 0
3 0
4 1
5 1
6 0
7 1

Input 1: 00000110
0 0
1 0
2 0
3 0
4 0
5 1
6 1
7 0

Input 2: 11111000
0 1
1 1
2 1
3 1
4 1
5 0
6 0
7 0

Input 3: 01000110
0 0
1 1
2 0
3 0
4 0
5 1
6 1
7 0

Input 4: 00101011
0 0
1 0
2 1
3 0
4 1
5 0
6 1
7 1

Input 5: 10100010
0 1
1 0
2 1
3 0
4 0
5 0
6 1
7 0

Input 6: 00011000
0 0
1 0
2 0
3 1
4 1
5 0
6 0
7 0

Input 7: 10101000
0 1
1 0
2 1
3 0
4 1
5 0
6 0
7 0

When matching output
x: not in operator
y: wrong position

Identity
0 00100101 3 match 6
1 10110000 3
2 00101101 4
3 00100010 2
4 10101011 5
5 11010000 3
6 01011100 4
7 10001000 2

Matching output
0 absent
1 absent
2 absent
3 absent
4 absent
5 absent
6 0
7 absent

Left
none
Best: none

Right
none
Best: none

NOT
0 11011010 5
1 01001111 5
2 11010010 4
3 11011101 6
4 01010100 3
5 00101111 5
6 10100011 4
7 01110111 6

Matching output
0 absent
1 absent
2 absent
3 absent
4 absent
5 absent
6 absent
7 absent

Left
none
Best: none

Right
none
Best: none

Constant
0 00000000 a match 1
1 11111111 a

Matching output
0 absent
1 C0
2 absent
3 absent
4 absent
5 absent
6 absent
7 absent

Left
none
Best: none

Right
none
Best: none

AND
01 10 00100000 1 match 7
12 21 00100000 1 match 7
23 32 00100000 1 match 7
34 43 00100010 2
45 54 10000000 1 match 3 5
56 65 01010000 2
67 76 00001000 1 match 2
70 07 00000000 a match 1

02 20 00100101 3 match 6
13 31 00100000 1 match 7
24 42 00101001 3 match 0
35 53 00000000 a match 1
46 64 00001000 1 match 2
57 75 10000000 1 match 3 5
60 06 00000100 1 match 4
71 17 10000000 1 match 3 5

03 30 00100000 1 match 7
14 41 10100000 2
25 52 00000000 a match 1
36 63 00000000 a match 1
47 74 10001000 2
50 05 00000000 a match 1
61 16 00010000 1
72 27 00001000 1 match 2

04 40 00100001 2
15 51 10010000 2
26 62 00001100 2
37 73 00000000 a match 1

Matching output
0 24 42
1 70 07 35 53 25 52 36 63 50 05 37 73
2 67 76 46 64 72 27
3 45 54 57 75 71 17
4 60 06
5 45 54 57 75 71 17
6 02 20
7 01 10 12 21 23 32 13 31 03 30

Left
24 35 46 57 60 71 02 13
42 53 64 75 06 17 20 31
Best: AND24 35 46 57 60 71 02 13: 8

Right
01 70y
10 07y
12 01y
21 10y
23 12y
32 21y
13 02 71 60 57 46 35 24
31 20 17 06 75 64 53 42
03 72y
30 27y
Best: AND13 02 71 60 57 46 35 24: 8

OR
01 10 10110101 5
12 21 10111101 6
23 32 00101111 5
34 43 10101011 5
45 54 11111011 7
56 65 11011100 5
67 76 11011100 5
70 07 10101101 5

02 20 00101101 4
13 31 10110010 4
24 42 10101111 6
35 53 11110010 5
46 64 11111111 a
57 75 11011000 4
60 06 01111101 6
71 17 10111000 4

03 30 00100111 4
14 41 10111011 6
25 52 11111101 7
36 63 01111110 6
47 74 10101011 5
50 05 11110101 6
61 16 11111100 6
72 27 10101101 5

04 40 10101111 6
15 51 11110000 4
26 62 01111101 6
37 73 10101010 4

Matching output
0 absent
1 absent
2 absent
3 absent
4 absent
5 absent
6 absent
7 absent

Left
none
Best: none

Right
none
Best: none

XOR
01 10 10010101 4
12 21 10011101 5
23 32 00001111 4
34 43 10001001 3
45 54 01111011 6
56 65 10001100 3
67 76 11010100 4
70 07 10101101 5

02 20 00001000 1 match 2
13 31 10010010 3
24 42 10000110 3
35 53 11110010 5
46 64 11110111 7
57 75 01011000 3
60 06 01111001 5
71 17 00111000 3

03 30 00000111 3
14 41 00011011 4
25 52 11111101 7
36 63 01111110 6
47 74 00100011 3
50 05 11110101 6
61 16 11101100 5
72 27 10100101 4

04 40 10001110 4
15 51 01100000 2
26 62 01110001 4
37 73 10101010 4

Matching output
0 absent
1 absent
2 02 20
3 absent
4 absent
5 absent
6 absent
7 absent

Left
none
Best: none

Right
none
Best: none

AND-NOT
01 00000101 2
12 10010000 2
23 00001101 3
34 00000000 a match 1
45 00101011 4
56 10000000 1 match 3 5
67 01010100 3
70 10001000 2

02 00000000 a match 1
13 10010000 2
24 00000100 1 match 4
35 00100010 2
46 10100011 4
57 01010000 2
60 01011000 3
71 00001000 1 match 2

03 00000101 2
14 00010000 1
25 00101101 4
36 00100010 2
47 00100011 3
50 11010000 3
61 01001100 3
72 10000000 1 match 3 5

04 00000100 1 match 4
15 00100000 1 match 7
26 00100001 2
37 00100010 2
40 10001010 3
51 01000000 1
62 01010000 2
73 10001000 2

05 00100101 3 match 6
16 10100000 2
27 00100101 3 match 6
30 00000010 1
41 00001011 3
52 11010000 3
63 01011100 4
74 00000000 a match 1

06 00100001 2
17 00110000 2
20 00001000 1 match 2
31 00000010 1
42 10000010 2
53 11010000 3
64 01010100 3
75 00001000 1 match 2

07 00100101 3 match 6
10 10010000 2
21 00001101 3
32 00000010 1
43 10001001 3
54 01010000 2
65 00001100 2
76 10000000 1 match 3 5

Matching output
0 absent
1 34 02 74
2 71 20 75
3 56 72 76
4 24 04
5 56 72 76
6 05 27 07
7 15

Left
none
Best: none

Right
15 04y
Best: AND-NOT15: 1

OR-NOT
01 01101111 6
12 11110010 5
23 11111101 7
34 01110110 5
45 10101111 6
56 11110011 6
67 01111111 7
70 11011010 5

02 11110111 7
13 11111101 7
24 01111101 6
35 00101111 5
46 10101011 5
57 11110111 7
60 11011110 6
71 11001111 6

03 11111101 7
14 11110100 5
25 00101111 5
36 10100011 4
47 11111111 a
50 11011010 5
61 01011111 6
72 11011010 5

04 01110101 5
15 10111111 7
26 10101111 6
37 01110111 6
40 11111011 7
51 11011111 7
62 11011110 6
73 11011101 6

05 00101111 5
16 10110011 5
27 01111111 7
30 11111010 6
41 11101111 7
52 11010010 4
63 11011101 6
74 11011100 5

06 10100111 5
17 11110111 7
20 11111111 a
31 01101111 6
42 11111011 7
53 11011101 6
64 01011100 4
75 10101111 6

07 01110111 6
10 11111010 6
21 01101111 6
32 11110010 5
43 11111111 a
54 11010100 4
65 01111111 7
76 10101011 5

Matching output
0 absent
1 absent
2 absent
3 absent
4 absent
5 absent
6 absent
7 absent

Left
none
Best: none

Right
none
Best: none

XOR-NOT
01 01101010 4
12 01100010 3
23 11110000 4
34 01110110 5
45 10000100 2
56 01110011 5
67 00101011 4
70 01010010 3

02 11110111 7
13 01101101 5
24 01111001 5
35 00001101 3
46 00001000 1 match 2
57 10100111 5
60 10000110 3
71 11000111 5

03 11111000 5
14 11100100 4
25 00000010 1
36 10000001 2
47 11011100 5
50 00001010 2
61 00010011 3
72 01011010 4

04 01110001 4
15 10011111 6
26 10001110 4
37 01010101 4
40 01110001 4
51 10011111 6
62 10001110 4
73 01010101 4

05 00001010 2
16 00010011 3
27 01011010 4
30 11111000 5
41 11100100 4
52 00000010 1
63 10000001 2
74 11011100 5

06 10000110 3
17 11000111 5
20 11110111 7
31 01101101 5
42 01111001 5
53 00001101 3
64 00001000 1 match 2
75 10100111 5

07 01010010 3
10 01101010 4
21 01100010 3
32 11110000 4
43 01110110 5
54 10000100 2
65 01110011 5
76 00101011 4

Matching output
0 absent
1 absent
2 46 64
3 absent
4 absent
5 absent
6 absent
7 absent

Left
none
Best: none

Right
none
Best: none

Selecting

Lefts
Identity none
NOT none
Constant none
AND AND24 35 46 57 60 71 02 13: 8
OR none
XOR none
AND-NOT none
OR-NOT none
XOR-NOT none

Rights
Identity none
NOT none
Constant none
AND AND13 02 71 60 57 46 35 24: 8
OR none
XOR none
AND-NOT AND-NOT15: 1
OR-NOT none
XOR-NOT none

Left longest: 8
Right longest: 8

Left winner: Identity no, NOT no, Constant no, AND yes, OR no, XOR no, AND-NOT no, OR-NOT no, XOR-NOT no
Right winner: Identity no, NOT no, Constant no, AND yes, OR no, XOR no, AND-NOT no, OR-NOT no, XOR-NOT no

Best left: AND24 35 46 57 60 71 02 13: 8
Best right: AND13 02 71 60 57 46 35 24: 8

Truncated left: AND24 35 46 57 60 71 02 13: 8
Truncated right: none truncated

Tentative from right
7 pending
6 pending
5 pending
4 pending
3 pending
2 pending
1 pending
0 pending

Tentative
0 AND24
1 AND35
2 AND46
3 AND57
4 AND60
5 AND71
6 AND02
7 AND13

Preferred from left
0 AND24
1 AND35
2 AND46
3 AND57
4 AND60
5 AND71
6 AND02
7 AND13

Preferred from right
7 AND13
6 AND02
5 AND71
4 AND60
3 AND57
2 AND46
1 AND35
0 AND24

Preferred
0 AND24
1 AND35
2 AND46
3 AND57
4 AND60
5 AND71
6 AND02
7 AND13

Matching
0 AND24
1 AND35
2 AND46
3 AND57
4 AND60
5 AND71
6 AND02
7 AND13

Perfect match
Identity no
NOT no
Constant no
AND no
OR no
XOR no
AND-NOT no
OR-NOT no
XOR-NOT no

Matched
0 AND24
1 AND35
2 AND46
3 AND57
4 AND60
5 AND71
6 AND02
7 AND13

Selected
0 AND24
1 AND35
2 AND46
3 AND57
4 AND60
5 AND71
6 AND02
7 AND13

Applying to 11000100
Input
0 1
1 1
2 0
3 0
4 0
5 1
6 0
7 0
Output
0 AND24 = AND(0,0) = 0
1 AND35 = AND(0,1) = 0
2 AND46 = AND(0,0) = 0
3 AND57 = AND(1,0) = 0
4 AND60 = AND(0,1) = 0
5 AND71 = AND(0,1) = 0
6 AND02 = AND(1,0) = 0
7 AND13 = AND(1,0) = 0

I will now return the answer in \boxed{}
The answer in \boxed{–} is \boxed{00000000}