We need to deduce the transformation by matching the example outputs.
I will put my final answer inside \boxed{}.

Output 0: 11111010
0 1
1 1
2 1
3 1
4 1
5 0
6 1
7 0

Output 1: 10000010
0 1
1 0
2 0
3 0
4 0
5 0
6 1
7 0

Output 2: 01011001
0 0
1 1
2 0
3 1
4 1
5 0
6 0
7 1

Output 3: 01010101
0 0
1 1
2 0
3 1
4 0
5 1
6 0
7 1

Output 4: 10010010
0 1
1 0
2 0
3 1
4 0
5 0
6 1
7 0

Output 5: 00000000
0 0
1 0
2 0
3 0
4 0
5 0
6 0
7 0

Output 6: 10101010
0 1
1 0
2 1
3 0
4 1
5 0
6 1
7 0

Output 7: 01101000
0 0
1 1
2 1
3 0
4 1
5 0
6 0
7 0

Output bit columns (with bitsum as hash)
0 11001010 4
1 10110001 4
2 10000011 3
3 10111000 4
4 10100011 4
5 00010000 1
6 11001010 4
7 00110000 2

Input 0: 11110110
0 1
1 1
2 1
3 1
4 0
5 1
6 1
7 0

Input 1: 00010100
0 0
1 0
2 0
3 1
4 0
5 1
6 0
7 0

Input 2: 11011010
0 1
1 1
2 0
3 1
4 1
5 0
6 1
7 0

Input 3: 10101011
0 1
1 0
2 1
3 0
4 1
5 0
6 1
7 1

Input 4: 00110110
0 0
1 0
2 1
3 1
4 0
5 1
6 1
7 0

Input 5: 00100001
0 0
1 0
2 1
3 0
4 0
5 0
6 0
7 1

Input 6: 00110101
0 0
1 0
2 1
3 1
4 0
5 1
6 0
7 1

Input 7: 11001001
0 1
1 1
2 0
3 0
4 1
5 0
6 0
7 1

When matching output
x: not in operator
y: wrong position

Identity
0 10110001 4 match 1
1 10100001 3
2 10011110 5
3 11101010 5
4 00110001 3
5 11001010 4 match 0 6
6 10111000 4 match 3
7 00010111 4

Matching output
0 5
1 0
2 absent
3 6
4 absent
5 absent
6 5
7 absent

Left
5 6y
Best: I5: 1

Right
none
Best: none

NOT
0 01001110 4
1 01011110 5
2 01100001 3
3 00010101 3
4 11001110 5
5 00110101 4
6 01000111 4
7 11101000 4

Matching output
0 absent
1 absent
2 absent
3 absent
4 absent
5 absent
6 absent
7 absent

Left
none
Best: none

Right
none
Best: none

Constant
0 00000000 a
1 11111111 a

Matching output
0 absent
1 absent
2 absent
3 absent
4 absent
5 absent
6 absent
7 absent

Left
none
Best: none

Right
none
Best: none

AND
01 10 10100001 3
12 21 10000000 1
23 32 10001010 3
34 43 00100000 1
45 54 00000000 a
56 65 10001000 2
67 76 00010000 1 match 5
70 07 00010001 2

02 20 10010000 2
13 31 10100000 2
24 42 00010000 1 match 5
35 53 11001010 4 match 0 6
46 64 00110000 2 match 7
57 75 00000010 1
60 06 10110000 3
71 17 00000001 1

03 30 10100000 2
14 41 00100001 2
25 52 10001010 3
36 63 10101000 3
47 74 00010001 2
50 05 10000000 1
61 16 10100000 2
72 27 00010110 3

04 40 00110001 3
15 51 10000000 1
26 62 10011000 3
37 73 00000010 1

Matching output
0 35 53
1 absent
2 absent
3 absent
4 absent
5 67 76 24 42
6 35 53
7 46 64

Left
35 46y
53 64y
Best: AND35: 1

Right
46 35 24 13x
64 53 42 31x
Best: AND46 35 24: 3

OR
01 10 10110001 4 match 1
12 21 10111111 7
23 32 11111110 7
34 43 11111011 7
45 54 11111011 7
56 65 11111010 6
67 76 10111111 7
70 07 10110111 6

02 20 10111111 7
13 31 11101011 6
24 42 10111111 7
35 53 11101010 5
46 64 10111001 5
57 75 11011111 7
60 06 10111001 5
71 17 10110111 6

03 30 11111011 7
14 41 10110001 4 match 1
25 52 11011110 6
36 63 11111010 6
47 74 00110111 5
50 05 11111011 7
61 16 10111001 5
72 27 10011111 6

04 40 10110001 4 match 1
15 51 11101011 6
26 62 10111110 6
37 73 11111111 a

Matching output
0 absent
1 01 10 14 41 04 40
2 absent
3 absent
4 absent
5 absent
6 absent
7 absent

Left
none
Best: none

Right
none
Best: none

XOR
01 10 00010000 1 match 5
12 21 00111111 6
23 32 01110100 4
34 43 11011011 6
45 54 11111011 7
56 65 01110010 4
67 76 10101111 6
70 07 10100110 4

02 20 00101111 5
13 31 01001011 4
24 42 10101111 6
35 53 00100000 1
46 64 10001001 3
57 75 11011101 6
60 06 00001001 2
71 17 10110110 5

03 30 01011011 5
14 41 10010000 2
25 52 01010100 3
36 63 01010010 3
47 74 00100110 3
50 05 01111011 6
61 16 00011001 3
72 27 10001001 3

04 40 10000000 1
15 51 01101011 5
26 62 00100110 3
37 73 11111101 7

Matching output
0 absent
1 absent
2 absent
3 absent
4 absent
5 01 10
6 absent
7 absent

Left
none
Best: none

Right
none
Best: none

AND-NOT
01 00010000 1 match 5
12 00100001 2
23 00010100 2
34 11001010 4 match 0 6
45 00110001 3
56 01000010 2
67 10101000 3
70 00000110 2

02 00100001 2
13 00000001 1
24 10001110 4
35 00100000 1
46 00000001 1
57 11001000 3
60 00001000 1
71 00010110 3

03 00010001 2
14 10000000 1
25 00010100 2
36 01000010 2
47 00100000 1
50 01001010 3
61 00011000 2
72 00000001 1

04 10000000 1
15 00100001 2
26 00000110 2
37 11101000 4
40 00000000 a
51 01001010 3
62 00100000 1
73 00010101 3

05 00110001 3
16 00000001 1
27 10001000 2
30 01001010 3
41 00010000 1 match 5
52 01000000 1
63 00010000 1 match 5
74 00000110 2

06 00000001 1
17 10100000 2
20 00001110 3
31 01001010 3
42 00100001 2
53 00000000 a
64 10001000 2
75 00010101 3

07 10100000 2
10 00000000 a
21 00011110 4
32 01100000 2
43 00010001 2
54 11001010 4 match 0 6
65 00110000 2 match 7
76 00000111 3

Matching output
0 34 54
1 absent
2 absent
3 absent
4 absent
5 01 41 63
6 34 54
7 65

Left
34 45x
54 65y
Best: AND-NOT34: 1

Right
65 54 43x
Best: AND-NOT65 54: 2

OR-NOT
01 11111111 a
12 11100001 4
23 10011111 6
34 11101110 6
45 00110101 4
56 11001111 6
67 11111000 5
70 01011111 6

02 11110001 5
13 10110101 5
24 11011110 6
35 11111111 a
46 01110111 6
57 11101010 5
60 11111110 7
71 01011111 6

03 10110101 5
14 11101111 7
25 10111111 7
36 11101111 7
47 11111001 6
50 11001110 5
61 11111110 7
72 01110111 6

04 11111111 a
15 10110101 5
26 11011111 7
37 11101010 5
40 01111111 7
51 11011110 6
62 11111001 6
73 00010111 4

05 10110101 5
16 11100111 6
27 11111110 7
30 11101110 6
41 01111111 7
52 11101011 6
63 10111101 6
74 11011111 7

06 11110111 7
17 11101001 5
20 11011110 6
31 11111110 7
42 01110001 4
53 11011111 7
64 11111110 7
75 00110111 5

07 11111001 6
10 11101111 7
21 11011110 6
32 11101011 6
43 00110101 4
54 11001110 5
65 10111101 6
76 01010111 5

Matching output
0 absent
1 absent
2 absent
3 absent
4 absent
5 absent
6 absent
7 absent

Left
none
Best: none

Right
none
Best: none

XOR-NOT
01 11101111 7
12 11000000 2
23 10001011 4
34 00100100 2
45 00000100 1
56 10001101 4
67 01010000 2
70 01011001 4

02 11010000 3
13 10110100 4
24 01010000 2
35 11011111 7
46 01110110 5
57 00100010 2
60 11110110 6
71 01001001 3

03 10100100 3
14 01101111 6
25 10101011 5
36 10101101 5
47 11011001 5
50 10000100 2
61 11100110 5
72 01110110 5

04 01111111 7
15 10010100 3
26 11011001 5
37 00000010 1
40 01111111 7
51 10010100 3
62 11011001 5
73 00000010 1

05 10000100 2
16 11100110 5
27 01110110 5
30 10100100 3
41 01101111 6
52 10101011 5
63 10101101 5
74 11011001 5

06 11110110 6
17 01001001 3
20 11010000 3
31 10110100 4
42 01010000 2
53 11011111 7
64 01110110 5
75 00100010 2

07 01011001 4
10 11101111 7
21 11000000 2
32 10001011 4
43 00100100 2
54 00000100 1
65 10001101 4
76 01010000 2

Matching output
0 absent
1 absent
2 absent
3 absent
4 absent
5 absent
6 absent
7 absent

Left
none
Best: none

Right
none
Best: none

Selecting

Lefts
Identity I5: 1
NOT none
Constant none
AND AND35: 1
OR none
XOR none
AND-NOT AND-NOT34: 1
OR-NOT none
XOR-NOT none

Rights
Identity none
NOT none
Constant none
AND AND46 35 24: 3
OR none
XOR none
AND-NOT AND-NOT65 54: 2
OR-NOT none
XOR-NOT none

Left longest: 1
Right longest: 3

Right winner: Identity no, NOT no, Constant no, AND yes, OR no, XOR no, AND-NOT no, OR-NOT no, XOR-NOT no
Left winner: Identity yes, NOT no, Constant no, AND no, OR no, XOR no, AND-NOT no, OR-NOT no, XOR-NOT no

Best right: AND46 35 24: 3
Best left: I5: 1

Truncated right: AND46 35 24: 3
Truncated left: I5: 1

Tentative from right
7 AND46
6 AND35
5 AND24
4 pending
3 pending
2 pending
1 pending
0 pending

Tentative
0 I5
1 pending
2 pending
3 pending
4 pending
5 AND24
6 AND35
7 AND46

Preferred from right
7 AND46
6 AND35
5 AND24
4 ?13
3 ?02
2 ?71
1 ?60
0 I5

Preferred from left
0 I5
1 ?60
2 ?71
3 ?02
4 ?13
5 AND24
6 AND35
7 AND46

Preferred
0 I5
1 ?60 ?06
2 ?71 ?17
3 ?02 ?20
4 ?13 ?31
5 AND24
6 AND35
7 AND46

Matching
0 I5
1 ?60 ?06 - Identity I0, NOT absent, Constant absent, AND absent, OR absent, XOR absent, AND-NOT absent, OR-NOT absent, XOR-NOT absent
2 ?71 ?17 - Identity absent, NOT absent, Constant absent, AND absent, OR absent, XOR absent, AND-NOT absent, OR-NOT absent, XOR-NOT absent
3 ?02 ?20 - Identity absent, NOT absent, Constant absent, AND absent, OR absent, XOR absent, AND-NOT absent, OR-NOT absent, XOR-NOT absent
4 ?13 ?31 - Identity absent, NOT absent, Constant absent, AND absent, OR absent, XOR absent, AND-NOT absent, OR-NOT absent, XOR-NOT absent
5 AND24
6 AND35
7 AND46

Perfect match
Identity no
NOT no
Constant no
AND no
OR no
XOR no
AND-NOT no
OR-NOT no
XOR-NOT no

Matched
0 I5
1 I0
2 none
3 none
4 none
5 AND24
6 AND35
7 AND46

Selected
0 I5
1 I0
2 default 1
3 default 1
4 default 1
5 AND24
6 AND35
7 AND46

Applying to 00111101
Input
0 0
1 0
2 1
3 1
4 1
5 1
6 0
7 1
Output
0 I5 = 1
1 I0 = 0
2 default 1 = 1
3 default 1 = 1
4 default 1 = 1
5 AND24 = AND(1,1) = 1
6 AND35 = AND(1,1) = 1
7 AND46 = AND(1,0) = 0

I will now return the answer in \boxed{}
The answer in \boxed{–} is \boxed{10111110}