We need to deduce the transformation by matching the example outputs.
I will put my final answer inside \boxed{}.

Output 0: 00000000
0 0
1 0
2 0
3 0
4 0
5 0
6 0
7 0

Output 1: 10110111
0 1
1 0
2 1
3 1
4 0
5 1
6 1
7 1

Output 2: 10000000
0 1
1 0
2 0
3 0
4 0
5 0
6 0
7 0

Output 3: 00001100
0 0
1 0
2 0
3 0
4 1
5 1
6 0
7 0

Output 4: 01001010
0 0
1 1
2 0
3 0
4 1
5 0
6 1
7 0

Output 5: 00100010
0 0
1 0
2 1
3 0
4 0
5 0
6 1
7 0

Output 6: 00000000
0 0
1 0
2 0
3 0
4 0
5 0
6 0
7 0

Output bit columns (with bitsum as hash)
0 0110000 2
1 0000100 1
2 0100010 2
3 0100000 1
4 0001100 2
5 0101000 2
6 0100110 3
7 0100000 1

Input 0: 10011000
0 1
1 0
2 0
3 1
4 1
5 0
6 0
7 0

Input 1: 01111011
0 0
1 1
2 1
3 1
4 1
5 0
6 1
7 1

Input 2: 01001100
0 0
1 1
2 0
3 0
4 1
5 1
6 0
7 0

Input 3: 11000110
0 1
1 1
2 0
3 0
4 0
5 1
6 1
7 0

Input 4: 10101110
0 1
1 0
2 1
3 0
4 1
5 1
6 1
7 0

Input 5: 10110011
0 1
1 0
2 1
3 1
4 0
5 0
6 1
7 1

Input 6: 00011100
0 0
1 0
2 0
3 1
4 1
5 1
6 0
7 0

When matching output
x: not in operator
y: wrong position

Identity
0 1001110 4
1 0111000 3
2 0100110 3 match 6
3 1100011 4
4 1110101 5
5 0011101 4
6 0101110 4
7 0100010 2 match 2

Matching output
0 absent
1 absent
2 7
3 absent
4 absent
5 absent
6 2
7 absent

Left
none
Best: none

Right
none
Best: none

NOT
0 0110001 3
1 1000111 4
2 1011001 4
3 0011100 3
4 0001010 2
5 1100010 3
6 1010001 3
7 1011101 5

Matching output
0 absent
1 absent
2 absent
3 absent
4 absent
5 absent
6 absent
7 absent

Left
none
Best: none

Right
none
Best: none

Constant
0 0000000 a
1 1111111 a

Matching output
0 absent
1 absent
2 absent
3 absent
4 absent
5 absent
6 absent
7 absent

Left
none
Best: none

Right
none
Best: none

AND
01 10 0001000 1
12 21 0100000 1 match 3 7
23 32 0100010 2 match 2
34 43 1100001 3
45 54 0010101 3
56 65 0001100 2 match 4
67 76 0100010 2 match 2
70 07 0000010 1

02 20 0000110 2
13 31 0100000 1 match 3 7
24 42 0100100 2
35 53 0000001 1
46 64 0100100 2
57 75 0000000 a
60 06 0001110 3
71 17 0100000 1 match 3 7

03 30 1000010 2
14 41 0110000 2 match 0
25 52 0000100 1 match 1
36 63 0100010 2 match 2
47 74 0100000 1 match 3 7
50 05 0001100 2 match 4
61 16 0101000 2 match 5
72 27 0100010 2 match 2

04 40 1000100 2
15 51 0011000 2
26 62 0100110 3 match 6
37 73 0100010 2 match 2

Matching output
0 14 41
1 25 52
2 23 32 67 76 36 63 72 27 37 73
3 12 21 13 31 71 17 47 74
4 56 65 50 05
5 61 16
6 26 62
7 12 21 13 31 71 17 47 74

Left
14 25 36 47 50 61 72y
41 52 63 74 05 16 27y
Best: AND14 25 36 47 50 61: 6

Right
12 01x
21 10x
13 02x
31 20x
71 60x
17 06x
47 36y
74 63y
Best: AND12: 1

OR
01 10 1111110 6
12 21 0111110 5
23 32 1100111 5
34 43 1110111 6
45 54 1111101 6
56 65 0111111 6
67 76 0101110 4
70 07 1101110 5

02 20 1101110 5
13 31 1111011 6
24 42 1110111 6
35 53 1111111 a
46 64 1111111 a
57 75 0111111 6
60 06 1101110 5
71 17 0111010 4

03 30 1101111 6
14 41 1111101 6
25 52 0111111 6
36 63 1101111 6
47 74 1110111 6
50 05 1011111 6
61 16 0111110 5
72 27 0100110 3 match 6

04 40 1111111 a
15 51 0111101 5
26 62 0101110 4
37 73 1100011 4

Matching output
0 absent
1 absent
2 absent
3 absent
4 absent
5 absent
6 72 27
7 absent

Left
none
Best: none

Right
none
Best: none

XOR
01 10 1110110 5
12 21 0011110 4
23 32 1000101 3
34 43 0010110 3
45 54 1101000 3
56 65 0110011 4
67 76 0001100 2 match 4
70 07 1101100 4

02 20 1101000 3
13 31 1011011 5
24 42 1010011 4
35 53 1111110 6
46 64 1011011 5
57 75 0111111 6
60 06 1100000 2
71 17 0011010 3

03 30 0101101 4
14 41 1001101 4
25 52 0111011 5
36 63 1001101 4
47 74 1010111 5
50 05 1010011 4
61 16 0010110 3
72 27 0000100 1 match 1

04 40 0111011 5
15 51 0100101 3
26 62 0001000 1
37 73 1000001 2

Matching output
0 absent
1 72 27
2 absent
3 absent
4 67 76
5 absent
6 absent
7 absent

Left
none
Best: none

Right
none
Best: none

AND-NOT
01 1000110 3
12 0011000 2
23 0000100 1 match 1
34 0000010 1
45 1100000 2
56 0010001 2
67 0001100 2 match 4
70 0100000 1 match 3 7

02 1001000 2
13 0011000 2
24 0000010 1
35 1100010 3
46 1010001 3
57 0011101 4
60 0100000 1 match 3 7
71 0000010 1

03 0001100 2 match 4
14 0001000 1
25 0100010 2 match 2
36 1000001 2
47 1010101 4
50 0010001 2
61 0000110 2
72 0000000 a

04 0001010 2
15 0100000 1 match 3 7
26 0000000 a
37 1000001 2
40 0110001 3
51 0000101 2
62 0001000 1
73 0000000 a

05 1000010 2
16 0010000 1
27 0000100 1 match 1
30 0100001 2
41 1000101 3
52 0011001 3
63 0001100 2 match 4
74 0000010 1

06 1000000 1
17 0011000 2
20 0100000 1 match 3 7
31 1000011 3
42 1010001 3
53 0011100 3
64 0001010 2
75 0100010 2 match 2

07 1001100 3
10 0110000 2 match 0
21 0000110 2
32 1000001 2
43 0010100 2
54 0001000 1
65 0100010 2 match 2
76 0000000 a

Matching output
0 10
1 23 27
2 25 75 65
3 70 60 15 20
4 67 03 63
5 absent
6 absent
7 70 60 15 20

Left
10 21x
Best: AND-NOT10: 1

Right
70 67y
60 57x
15 04x
20 17x
Best: AND-NOT70: 1

OR-NOT
01 1001111 5
12 1111001 5
23 0111110 5
34 1101011 5
45 1110111 6
56 1011101 5
67 1111111 a
70 0110011 4

02 1011111 6
13 0111100 4
24 0101110 4
35 1100011 4
46 1110101 5
57 1011101 5
60 0111111 6
71 1100111 5

03 1011110 5
14 0111010 4
25 1100110 4
36 1110011 5
47 1111101 6
50 0111101 5
61 1101111 6
72 1111011 6

04 1001110 4
15 1111010 5
26 1110111 6
37 1111111 a
40 1110101 5
51 1011111 6
62 1111111 a
73 0111110 5

05 1101110 5
16 1111001 5
27 1111111 a
30 1110011 5
41 1110111 6
52 1011101 5
63 0111110 5
74 0101010 3

06 1011111 6
17 1111101 6
20 0110111 5
31 1100111 5
42 1111101 6
53 0011101 4
64 0101110 4
75 1100010 3

07 1011111 6
10 0111001 4
21 1100111 5
32 1111011 6
43 1111101 6
54 0011111 5
65 1101110 5
76 1110011 5

Matching output
0 absent
1 absent
2 absent
3 absent
4 absent
5 absent
6 absent
7 absent

Left
none
Best: none

Right
none
Best: none

XOR-NOT
01 0001001 2
12 1100001 3
23 0111010 4
34 1101001 4
45 0010111 4
56 1001100 3
67 1110011 5
70 0010011 3

02 0010111 4
13 0100100 2
24 0101100 3
35 0000001 1
46 0100100 2
57 1000000 1
60 0011111 5
71 1100101 4

03 1010010 3
14 0110010 3
25 1000100 2
36 0110010 3
47 0101000 2 match 5
50 0101100 3
61 1101001 4
72 1111011 6

04 1000100 2
15 1011010 4
26 1110111 6
37 0111110 5
40 1000100 2
51 1011010 4
62 1110111 6
73 0111110 5

05 0101100 3
16 1101001 4
27 1111011 6
30 1010010 3
41 0110010 3
52 1000100 2
63 0110010 3
74 0101000 2 match 5

06 0011111 5
17 1100101 4
20 0010111 4
31 0100100 2
42 0101100 3
53 0000001 1
64 0100100 2
75 1000000 1

07 0010011 3
10 0001001 2
21 1100001 3
32 0111010 4
43 1101001 4
54 0010111 4
65 1001100 3
76 1110011 5

Matching output
0 absent
1 absent
2 absent
3 absent
4 absent
5 47 74
6 absent
7 absent

Left
none
Best: none

Right
none
Best: none

Selecting

Lefts
Identity none
NOT none
Constant none
AND AND14 25 36 47 50 61: 6
OR none
XOR none
AND-NOT AND-NOT10: 1
OR-NOT none
XOR-NOT none

Rights
Identity none
NOT none
Constant none
AND AND12: 1
OR none
XOR none
AND-NOT AND-NOT70: 1
OR-NOT none
XOR-NOT none

Left longest: 6
Right longest: 1

Left winner: Identity no, NOT no, Constant no, AND yes, OR no, XOR no, AND-NOT no, OR-NOT no, XOR-NOT no
Right winner: Identity no, NOT no, Constant no, AND yes, OR no, XOR no, AND-NOT no, OR-NOT no, XOR-NOT no

Best left: AND14 25 36 47 50 61: 6
Best right: AND12: 1

Truncated left: AND14 25 36 47 50 61: 6
Truncated right: AND12: 1

Tentative from right
7 AND12
6 pending
5 pending
4 pending
3 pending
2 pending
1 pending
0 pending

Tentative
0 AND14
1 AND25
2 AND36
3 AND47
4 AND50
5 AND61
6 pending
7 AND12

Preferred from left
0 AND14
1 AND25
2 AND36
3 AND47
4 AND50
5 AND61
6 ?72
7 AND12

Preferred from right
7 AND12
6 ?72
5 AND61
4 AND50
3 AND47
2 AND36
1 AND25
0 AND14

Preferred
0 AND14
1 AND25
2 AND36
3 AND47
4 AND50
5 AND61
6 ?72 ?27
7 AND12

Matching
0 AND14
1 AND25
2 AND36
3 AND47
4 AND50
5 AND61
6 ?72 ?27 - Identity I2, NOT absent, Constant absent, AND absent, OR72, XOR absent, AND-NOT absent, OR-NOT absent, XOR-NOT absent
7 AND12

Perfect match
Identity yes
NOT no
Constant no
AND no
OR no
XOR no
AND-NOT no
OR-NOT no
XOR-NOT no

Matched
0 AND14
1 AND25
2 AND36
3 AND47
4 AND50
5 AND61
6 I2
7 AND12

Selected
0 AND14
1 AND25
2 AND36
3 AND47
4 AND50
5 AND61
6 I2
7 AND12

Applying to 00010110
Input
0 0
1 0
2 0
3 1
4 0
5 1
6 1
7 0
Output
0 AND14 = AND(0,0) = 0
1 AND25 = AND(0,1) = 0
2 AND36 = AND(1,1) = 1
3 AND47 = AND(0,0) = 0
4 AND50 = AND(1,0) = 0
5 AND61 = AND(1,0) = 0
6 I2 = 0
7 AND12 = AND(0,0) = 0

I will now return the answer in \boxed{}
The answer in \boxed{–} is \boxed{00100000}