We need to deduce the transformation by matching the example outputs.
I will put my final answer inside \boxed{}.

Output 0: 01111110
0 0
1 1
2 1
3 1
4 1
5 1
6 1
7 0

Output 1: 11010001
0 1
1 1
2 0
3 1
4 0
5 0
6 0
7 1

Output 2: 01011001
0 0
1 1
2 0
3 1
4 1
5 0
6 0
7 1

Output 3: 10000011
0 1
1 0
2 0
3 0
4 0
5 0
6 1
7 1

Output 4: 10010001
0 1
1 0
2 0
3 1
4 0
5 0
6 0
7 1

Output 5: 00000000
0 0
1 0
2 0
3 0
4 0
5 0
6 0
7 0

Output 6: 11000101
0 1
1 1
2 0
3 0
4 0
5 1
6 0
7 1

Output 7: 11011110
0 1
1 1
2 0
3 1
4 1
5 1
6 1
7 0

Output 8: 11000011
0 1
1 1
2 0
3 0
4 0
5 0
6 1
7 1

Output bit columns (with bitsum as hash)
0 010110111 6
1 111000111 6
2 100000000 1
3 111010010 5
4 101000010 3
5 100000110 3
6 100100011 4
7 011110101 6

Input 0: 10101000
0 1
1 0
2 1
3 0
4 1
5 0
6 0
7 0

Input 1: 11000010
0 1
1 1
2 0
3 0
4 0
5 0
6 1
7 0

Input 2: 11011100
0 1
1 1
2 0
3 1
4 1
5 1
6 0
7 0

Input 3: 11111011
0 1
1 1
2 1
3 1
4 1
5 0
6 1
7 1

Input 4: 11000011
0 1
1 1
2 0
3 0
4 0
5 0
6 1
7 1

Input 5: 00000000
0 0
1 0
2 0
3 0
4 0
5 0
6 0
7 0

Input 6: 11110010
0 1
1 1
2 1
3 1
4 0
5 0
6 1
7 0

Input 7: 11010110
0 1
1 1
2 0
3 1
4 0
5 1
6 1
7 0

Input 8: 11111010
0 1
1 1
2 1
3 1
4 1
5 0
6 1
7 0

When matching output
x: not in operator
y: wrong position

Identity
0 111110111 8
1 011110111 7
2 100100101 4
3 001100111 5
4 101100001 4
5 001000010 2
6 010110111 6 match 0
7 000110000 2

Matching output
0 6
1 absent
2 absent
3 absent
4 absent
5 absent
6 absent
7 absent

Left
6 7x
Best: I6: 1

Right
none
Best: none

NOT
0 000001000 1
1 100001000 2
2 011011010 5
3 110011000 4
4 010011110 5
5 110111101 7
6 101001000 3
7 111001111 7

Matching output
0 absent
1 absent
2 absent
3 absent
4 absent
5 absent
6 absent
7 absent

Left
none
Best: none

Right
none
Best: none

Constant
0 000000000 a
1 111111111 a

Matching output
0 absent
1 absent
2 absent
3 absent
4 absent
5 absent
6 absent
7 absent

Left
none
Best: none

Right
none
Best: none

AND
01 10 011110111 7
12 21 000100101 3
23 32 000100101 3
34 43 001100001 3
45 54 001000000 1
56 65 000000010 1
67 76 000110000 2
70 07 000110000 2

02 20 100100101 4
13 31 001100111 5
24 42 100100001 3
35 53 001000010 2
46 64 000100001 2
57 75 000000000 a
60 06 010110111 6 match 0
71 17 000110000 2

03 30 001100111 5
14 41 001100001 3
25 52 000000000 a
36 63 000100111 4
47 74 000100000 1
50 05 001000010 2
61 16 010110111 6 match 0
72 27 000100000 1

04 40 101100001 4
15 51 001000010 2
26 62 000100101 3
37 73 000100000 1

Matching output
0 60 06 61 16
1 absent
2 absent
3 absent
4 absent
5 absent
6 absent
7 absent

Left
60 71x
06 17x
61 72x
16 27x
Best: AND60: 1

Right
none
Best: none

OR
01 10 111110111 8
12 21 111110111 8
23 32 101100111 6
34 43 101100111 6
45 54 101100011 5
56 65 011110111 7
67 76 010110111 6 match 0
70 07 111110111 8

02 20 111110111 8
13 31 011110111 7
24 42 101100101 5
35 53 001100111 5
46 64 111110111 8
57 75 001110010 4
60 06 111110111 8
71 17 011110111 7

03 30 111110111 8
14 41 111110111 8
25 52 101100111 6
36 63 011110111 7
47 74 101110001 5
50 05 111110111 8
61 16 011110111 7
72 27 100110101 5

04 40 111110111 8
15 51 011110111 7
26 62 110110111 7
37 73 001110111 6

Matching output
0 67 76
1 absent
2 absent
3 absent
4 absent
5 absent
6 absent
7 absent

Left
67 70x
76 07x
Best: OR67: 1

Right
none
Best: none

XOR
01 10 100000000 1 match 2
12 21 111010010 5 match 3
23 32 101000010 3 match 4
34 43 100000110 3 match 5
45 54 100100011 4 match 6
56 65 011110101 6 match 7
67 76 010000111 4
70 07 111000111 6 match 1

02 20 011010010 4
13 31 010010000 2
24 42 001000100 2
35 53 000100101 3
46 64 111010110 6
57 75 001110010 4
60 06 101000000 2
71 17 011000111 5

03 30 110010000 3
14 41 110010110 5
25 52 101100111 6
36 63 011010000 3
47 74 101010001 4
50 05 110110101 6
61 16 001000000 1
72 27 100010101 4

04 40 010010110 4
15 51 010110101 5
26 62 110010010 4
37 73 001010111 5

Matching output
0 absent
1 70 07
2 01 10
3 12 21
4 23 32
5 34 43
6 45 54
7 56 65

Left
none
Best: none

Right
56 45 34 23 12 01 70 67x
65 54 43 32 21 10 07 76x
Best: XOR56 45 34 23 12 01 70: 7

AND-NOT
01 100000000 1 match 2
12 011010010 4
23 100000000 1 match 2
34 000000110 2
45 100100001 3
56 001000000 1
67 010000111 4
70 000000000 a

02 011010010 4
13 010010000 2
24 000000100 1
35 000100101 3
46 101000000 2
57 001000010 2
60 000000000 a
71 000000000 a

03 110010000 3
14 010010110 4
25 100100101 4
36 001000000 1
47 101000001 3
50 000000000 a
61 000000000 a
72 000010000 1

04 010010110 4
15 010110101 5
26 100000000 1 match 2
37 001000111 4
40 000000000 a
51 000000000 a
62 010010010 3
73 000010000 1

05 110110101 6
16 001000000 1
27 100000101 3
30 000000000 a
41 100000000 1 match 2
52 001000010 2
63 010010000 2
74 000010000 1

06 101000000 2
17 011000111 5
20 000000000 a
31 000000000 a
42 001000000 1
53 000000000 a
64 010010110 4
75 000110000 2

07 111000111 6 match 1
10 000000000 a
21 100000000 1 match 2
32 001000010 2
43 100000000 1 match 2
54 000000010 1
65 010110101 5
76 000000000 a

Matching output
0 absent
1 07
2 01 23 26 41 21 43
3 absent
4 absent
5 absent
6 absent
7 absent

Left
none
Best: none

Right
none
Best: none

OR-NOT
01 111111111 a
12 011111111 8
23 110111101 7
34 011111111 8
45 111111101 8
56 101001010 4
67 111111111 a
70 000111000 3

02 111111111 a
13 111111111 a
24 110111111 8
35 111111111 a
46 101101001 5
57 111001111 7
60 010111111 7
71 100111000 4

03 111111111 a
14 011111111 8
25 110111101 7
36 101101111 7
47 111101111 8
50 001001010 3
61 110111111 8
72 011111010 6

04 111111111 a
15 111111111 a
26 101101101 6
37 111101111 8
40 101101001 5
51 101001010 4
62 011111111 8
73 110111000 5

05 111111111 a
16 111111111 a
27 111101111 8
30 001101111 6
41 101101001 5
52 011011010 5
63 110111111 8
74 010111110 6

06 111111111 a
17 111111111 a
20 100101101 5
31 101101111 7
42 111111011 8
53 111011010 6
64 010111111 7
75 110111101 7

07 111111111 a
10 011111111 8
21 100101101 5
32 011111111 8
43 111111001 7
54 011011110 6
65 110111111 8
76 101111000 5

Matching output
0 absent
1 absent
2 absent
3 absent
4 absent
5 absent
6 absent
7 absent

Left
none
Best: none

Right
none
Best: none

XOR-NOT
01 011111111 8
12 000101101 4
23 010111101 6
34 011111001 6
45 011011100 5
56 100001010 3
67 101111000 5
70 000111000 3

02 100101101 5
13 101101111 7
24 110111011 7
35 111011010 6
46 000101001 3
57 110001101 5
60 010111111 7
71 100111000 4

03 001101111 6
14 001101001 4
25 010011000 3
36 100101111 6
47 010101110 5
50 001001010 3
61 110111111 8
72 011101010 5

04 101101001 5
15 101001010 4
26 001101101 5
37 110101000 4
40 101101001 5
51 101001010 4
62 001101101 5
73 110101000 4

05 001001010 3
16 110111111 8
27 011101010 5
30 001101111 6
41 001101001 4
52 010011000 3
63 100101111 6
74 010101110 5

06 010111111 7
17 100111000 4
20 100101101 5
31 101101111 7
42 110111011 7
53 111011010 6
64 000101001 3
75 110001101 5

07 000111000 3
10 011111111 8
21 000101101 4
32 010111101 6
43 011111001 6
54 011011100 5
65 100001010 3
76 101111000 5

Matching output
0 absent
1 absent
2 absent
3 absent
4 absent
5 absent
6 absent
7 absent

Left
none
Best: none

Right
none
Best: none

Selecting

Lefts
Identity I6: 1
NOT none
Constant none
AND AND60: 1
OR OR67: 1
XOR none
AND-NOT none
OR-NOT none
XOR-NOT none

Rights
Identity none
NOT none
Constant none
AND none
OR none
XOR XOR56 45 34 23 12 01 70: 7
AND-NOT none
OR-NOT none
XOR-NOT none

Left longest: 1
Right longest: 7

Right winner: Identity no, NOT no, Constant no, AND no, OR no, XOR yes, AND-NOT no, OR-NOT no, XOR-NOT no
Left winner: Identity yes, NOT no, Constant no, AND no, OR no, XOR no, AND-NOT no, OR-NOT no, XOR-NOT no

Best right: XOR56 45 34 23 12 01 70: 7
Best left: I6: 1

Truncated right: XOR56 45 34 23 12 01 70: 7
Truncated left: I6: 1

Tentative from right
7 XOR56
6 XOR45
5 XOR34
4 XOR23
3 XOR12
2 XOR01
1 XOR70
0 pending

Tentative
0 I6
1 XOR70
2 XOR01
3 XOR12
4 XOR23
5 XOR34
6 XOR45
7 XOR56

Preferred from right
7 XOR56
6 XOR45
5 XOR34
4 XOR23
3 XOR12
2 XOR01
1 XOR70
0 I6

Preferred from left
0 I6
1 XOR70
2 XOR01
3 XOR12
4 XOR23
5 XOR34
6 XOR45
7 XOR56

Preferred
0 I6
1 XOR70
2 XOR01
3 XOR12
4 XOR23
5 XOR34
6 XOR45
7 XOR56

Matching
0 I6
1 XOR70
2 XOR01
3 XOR12
4 XOR23
5 XOR34
6 XOR45
7 XOR56

Perfect match
Identity no
NOT no
Constant no
AND no
OR no
XOR no
AND-NOT no
OR-NOT no
XOR-NOT no

Matched
0 I6
1 XOR70
2 XOR01
3 XOR12
4 XOR23
5 XOR34
6 XOR45
7 XOR56

Selected
0 I6
1 XOR70
2 XOR01
3 XOR12
4 XOR23
5 XOR34
6 XOR45
7 XOR56

Applying to 10110001
Input
0 1
1 0
2 1
3 1
4 0
5 0
6 0
7 1
Output
0 I6 = 0
1 XOR70 = XOR(1,1) = 0
2 XOR01 = XOR(1,0) = 1
3 XOR12 = XOR(0,1) = 1
4 XOR23 = XOR(1,1) = 0
5 XOR34 = XOR(1,0) = 1
6 XOR45 = XOR(0,0) = 0
7 XOR56 = XOR(0,0) = 0

I will now return the answer in \boxed{}
The answer in \boxed{–} is \boxed{00110100}