We need to deduce the transformation by matching the example outputs.
I will put my final answer inside \boxed{}.

Output 0: 00100101
0 0
1 0
2 1
3 0
4 0
5 1
6 0
7 1

Output 1: 00010111
0 0
1 0
2 0
3 1
4 0
5 1
6 1
7 1

Output 2: 00100001
0 0
1 0
2 1
3 0
4 0
5 0
6 0
7 1

Output 3: 00001110
0 0
1 0
2 0
3 0
4 1
5 1
6 1
7 0

Output 4: 00010101
0 0
1 0
2 0
3 1
4 0
5 1
6 0
7 1

Output 5: 00111110
0 0
1 0
2 1
3 1
4 1
5 1
6 1
7 0

Output 6: 00101001
0 0
1 0
2 1
3 0
4 1
5 0
6 0
7 1

Output 7: 00001000
0 0
1 0
2 0
3 0
4 1
5 0
6 0
7 0

Output 8: 00100010
0 0
1 0
2 1
3 0
4 0
5 0
6 1
7 0

Output bit columns (with bitsum as hash)
0 000000000 a
1 000000000 a
2 101001101 5
3 010011000 3
4 000101110 4
5 110111000 5
6 010101001 4
7 111010100 5

Input 0: 10010100
0 1
1 0
2 0
3 1
4 0
5 1
6 0
7 0

Input 1: 01011100
0 0
1 1
2 0
3 1
4 1
5 1
6 0
7 0

Input 2: 10000100
0 1
1 0
2 0
3 0
4 0
5 1
6 0
7 0

Input 3: 00111010
0 0
1 0
2 1
3 1
4 1
5 0
6 1
7 0

Input 4: 01010100
0 0
1 1
2 0
3 1
4 0
5 1
6 0
7 0

Input 5: 11111010
0 1
1 1
2 1
3 1
4 1
5 0
6 1
7 0

Input 6: 10100110
0 1
1 0
2 1
3 0
4 0
5 1
6 1
7 0

Input 7: 00100001
0 0
1 0
2 1
3 0
4 0
5 0
6 0
7 1

Input 8: 10001010
0 1
1 0
2 0
3 0
4 1
5 0
6 1
7 0

When matching output
x: not in operator
y: wrong position

Identity
0 101001101 5 match 2
1 010011000 3 match 3
2 000101110 4 match 4
3 110111000 5 match 5
4 010101001 4 match 6
5 111010100 5 match 7
6 000101101 4
7 000000010 1

Matching output
0 absent
1 absent
2 0
3 1
4 2
5 3
6 4
7 5

Left
none
Best: none

Right
5 4 3 2 1 0 7x
Best: I5 4 3 2 1 0: 6

NOT
0 010110010 4
1 101100111 6
2 111010001 5
3 001000111 4
4 101010110 5
5 000101011 4
6 111010010 5
7 111111101 8

Matching output
0 absent
1 absent
2 absent
3 absent
4 absent
5 absent
6 absent
7 absent

Left
none
Best: none

Right
none
Best: none

Constant
0 000000000 a match 0 1
1 111111111 a

Matching output
0 C0
1 C0
2 absent
3 absent
4 absent
5 absent
6 absent
7 absent

Left
0 0
Best: C0 0: 2

Right
none
Best: none

AND
01 10 000001000 1
12 21 000001000 1
23 32 000101000 2
34 43 010101000 3
45 54 010000000 1
56 65 000000100 1
67 76 000000000 a match 0 1
70 07 000000000 a match 0 1

02 20 000001100 2
13 31 010011000 3 match 3
24 42 000101000 2
35 53 110010000 3
46 64 000101001 3
57 75 000000000 a match 0 1
60 06 000001101 3
71 17 000000000 a match 0 1

03 30 100001000 2
14 41 010001000 2
25 52 000000100 1
36 63 000101000 2
47 74 000000000 a match 0 1
50 05 101000100 3
61 16 000001000 1
72 27 000000010 1

04 40 000001001 2
15 51 010010000 2
26 62 000101100 3
37 73 000000000 a match 0 1

Matching output
0 67 76 70 07 57 75 71 17 47 74 37 73
1 67 76 70 07 57 75 71 17 47 74 37 73
2 absent
3 13 31
4 absent
5 absent
6 absent
7 absent

Left
67 70 01x
76 07 10x
70 01x
07 10x
57 60x
75 06x
71 02x
17 20x
47 50x
74 05x
37 40x
73 04x
Best: AND67 70: 2

Right
none
Best: none

OR
01 10 111011101 7
12 21 010111110 6
23 32 110111110 7
34 43 110111001 6
45 54 111111101 8
56 65 111111101 8
67 76 000101111 5
70 07 101001111 6

02 20 101101111 7
13 31 110111000 5 match 5
24 42 010101111 6
35 53 111111100 7
46 64 010101101 5
57 75 111010110 6
60 06 101101101 6
71 17 010011010 4

03 30 111111101 8
14 41 010111001 5
25 52 111111110 8
36 63 110111101 7
47 74 010101011 5
50 05 111011101 7
61 16 010111101 6
72 27 000101110 4 match 4

04 40 111101101 7
15 51 111011100 6
26 62 000101111 5
37 73 110111010 6

Matching output
0 absent
1 absent
2 absent
3 absent
4 72 27
5 13 31
6 absent
7 absent

Left
none
Best: none

Right
none
Best: none

XOR
01 10 111010101 6
12 21 010110110 5
23 32 110010110 5
34 43 100010001 3
45 54 101111101 7
56 65 111111001 7
67 76 000101111 5
70 07 101001111 6

02 20 101100011 5
13 31 100100000 2
24 42 010000111 4
35 53 001101100 4
46 64 010000100 2
57 75 111010110 6
60 06 101100000 3
71 17 010011010 4

03 30 011110101 6
14 41 000110001 3
25 52 111111010 7
36 63 110010101 5
47 74 010101011 5
50 05 010011001 4
61 16 010110101 5
72 27 000101100 3

04 40 111100100 5
15 51 101001100 4
26 62 000000011 2
37 73 110111010 6

Matching output
0 absent
1 absent
2 absent
3 absent
4 absent
5 absent
6 absent
7 absent

Left
none
Best: none

Right
none
Best: none

AND-NOT
01 101000101 4
12 010010000 2
23 000000110 2
34 100010000 2
45 000101001 3
56 111010000 4
67 000101101 4
70 000000010 1

02 101000001 3
13 000000000 a match 0 1
24 000000110 2
35 000101000 2
46 010000000 1
57 111010100 5 match 7
60 000100000 1
71 000000010 1

03 001000101 3
14 000010000 1
25 000101010 3
36 110010000 3
47 010101001 4 match 6
50 010010000 2
61 000100101 3
72 000000000 a match 0 1

04 101000100 3
15 000001000 1
26 000000010 1
37 110111000 5 match 5
40 010100000 2
51 101000100 3
62 000000001 1
73 000000010 1

05 000001001 2
16 010010000 2
27 000101100 3
30 010110000 3
41 000100001 2
52 111010000 4
63 000000101 2
74 000000010 1

06 101000000 2
17 010011000 3 match 3
20 000100010 2
31 100100000 2
42 010000001 2
53 001000100 2
64 000000100 1
75 000000010 1

07 101001101 5 match 2
10 010010000 2
21 000100110 3
32 110010000 3
43 000000001 1
54 101010100 4
65 000101001 3
76 000000010 1

Matching output
0 13 72
1 13 72
2 07
3 17
4 absent
5 37
6 47
7 57

Left
13 24x
72 03x
Best: AND-NOT13: 1

Right
57 46x
Best: AND-NOT57: 1

OR-NOT
01 101101111 7
12 111011001 6
23 001101111 6
34 111111110 8
45 010101011 5
56 111010110 6
67 111111101 8
70 010110010 4

02 111011101 7
13 011011111 7
24 101111110 7
35 110111011 7
46 111111011 8
57 111111101 8
60 010111111 7
71 101100111 6

03 101001111 6
14 111011110 7
25 000101111 5
36 111111010 7
47 111111101 8
50 111110110 7
61 101101111 7
72 111010011 6

04 101011111 7
15 010111011 6
26 111111110 8
37 111111101 8
40 010111011 6
51 111110111 8
62 111111101 8
73 001000111 4

05 101101111 7
16 111011010 6
27 111111111 a
30 110111010 6
41 111101111 8
52 111010101 6
63 001101111 6
74 101010110 5

06 111011111 8
17 111111101 8
20 010111110 6
31 111111111 a
42 111111001 7
53 111010111 7
64 101111111 8
75 000101011 4

07 111111101 8
10 010111010 5
21 101101111 7
32 111111001 7
43 011101111 7
54 111010110 6
65 000101111 5
76 111010010 5

Matching output
0 absent
1 absent
2 absent
3 absent
4 absent
5 absent
6 absent
7 absent

Left
none
Best: none

Right
none
Best: none

XOR-NOT
01 000101010 3
12 101001001 4
23 001101001 4
34 011101110 6
45 010000010 2
56 000000110 2
67 111010000 4
70 010110000 3

02 010011100 4
13 011011111 7
24 101111000 5
35 110010011 5
46 101111011 7
57 000101001 3
60 010011111 6
71 101100101 5

03 100001010 3
14 111001110 6
25 000000101 2
36 001101010 4
47 101010100 4
50 101100110 5
61 101001010 4
72 111010011 6

04 000011011 4
15 010110011 5
26 111111100 7
37 001000101 3
40 000011011 4
51 010110011 5
62 111111100 7
73 001000101 3

05 101100110 5
16 101001010 4
27 111010011 6
30 100001010 3
41 111001110 6
52 000000101 2
63 001101010 4
74 101010100 4

06 010011111 6
17 101100101 5
20 010011100 4
31 011011111 7
42 101111000 5
53 110010011 5
64 101111011 7
75 000101001 3

07 010110000 3
10 000101010 3
21 101001001 4
32 001101001 4
43 011101110 6
54 010000010 2
65 000000110 2
76 111010000 4

Matching output
0 absent
1 absent
2 absent
3 absent
4 absent
5 absent
6 absent
7 absent

Left
none
Best: none

Right
none
Best: none

Selecting

Lefts
Identity none
NOT none
Constant C0 0: 2
AND AND67 70: 2
OR none
XOR none
AND-NOT AND-NOT13: 1
OR-NOT none
XOR-NOT none

Rights
Identity I5 4 3 2 1 0: 6
NOT none
Constant none
AND none
OR none
XOR none
AND-NOT AND-NOT57: 1
OR-NOT none
XOR-NOT none

Left longest: 2
Right longest: 6

Right winner: Identity yes, NOT no, Constant no, AND no, OR no, XOR no, AND-NOT no, OR-NOT no, XOR-NOT no
Left winner: Identity no, NOT no, Constant yes, AND no, OR no, XOR no, AND-NOT no, OR-NOT no, XOR-NOT no

Best right: I5 4 3 2 1 0: 6
Best left: C0 0: 2

Truncated right: I5 4 3 2 1 0: 6
Truncated left: C0 0: 2

Tentative from right
7 I5
6 I4
5 I3
4 I2
3 I1
2 I0
1 pending
0 pending

Tentative
0 C0
1 C0
2 I0
3 I1
4 I2
5 I3
6 I4
7 I5

Preferred from right
7 I5
6 I4
5 I3
4 I2
3 I1
2 I0
1 C0
0 C0

Preferred from left
0 C0
1 C0
2 I0
3 I1
4 I2
5 I3
6 I4
7 I5

Preferred
0 C0
1 C0
2 I0
3 I1
4 I2
5 I3
6 I4
7 I5

Matching
0 C0
1 C0
2 I0
3 I1
4 I2
5 I3
6 I4
7 I5

Perfect match
Identity no
NOT no
Constant no
AND no
OR no
XOR no
AND-NOT no
OR-NOT no
XOR-NOT no

Matched
0 C0
1 C0
2 I0
3 I1
4 I2
5 I3
6 I4
7 I5

Selected
0 C0
1 C0
2 I0
3 I1
4 I2
5 I3
6 I4
7 I5

Applying to 10100000
Input
0 1
1 0
2 1
3 0
4 0
5 0
6 0
7 0
Output
0 C0 = 0
1 C0 = 0
2 I0 = 1
3 I1 = 0
4 I2 = 1
5 I3 = 0
6 I4 = 0
7 I5 = 0

I will now return the answer in \boxed{}
The answer in \boxed{–} is \boxed{00101000}