We need to deduce the transformation by matching the example outputs.
I will put my final answer inside \boxed{}.

Output 0: 00010000
0 0
1 0
2 0
3 1
4 0
5 0
6 0
7 0

Output 1: 10000000
0 1
1 0
2 0
3 0
4 0
5 0
6 0
7 0

Output 2: 01110101
0 0
1 1
2 1
3 1
4 0
5 1
6 0
7 1

Output 3: 00110100
0 0
1 0
2 1
3 1
4 0
5 1
6 0
7 0

Output 4: 11111010
0 1
1 1
2 1
3 1
4 1
5 0
6 1
7 0

Output 5: 00110100
0 0
1 0
2 1
3 1
4 0
5 1
6 0
7 0

Output 6: 10010101
0 1
1 0
2 0
3 1
4 0
5 1
6 0
7 1

Output 7: 00000001
0 0
1 0
2 0
3 0
4 0
5 0
6 0
7 1

Output 8: 00011110
0 0
1 0
2 0
3 1
4 1
5 1
6 1
7 0

Output bit columns (with bitsum as hash)
0 010010100 3
1 001010000 2
2 001111000 4
3 101111101 7
4 000010001 2
5 001101101 5
6 000010001 2
7 001000110 3

Input 0: 10000010
0 1
1 0
2 0
3 0
4 0
5 0
6 1
7 0

Input 1: 00011010
0 0
1 0
2 0
3 1
4 1
5 0
6 1
7 0

Input 2: 10101110
0 1
1 0
2 1
3 0
4 1
5 1
6 1
7 0

Input 3: 10110111
0 1
1 0
2 1
3 1
4 0
5 1
6 1
7 1

Input 4: 11011111
0 1
1 1
2 0
3 1
4 1
5 1
6 1
7 1

Input 5: 10110110
0 1
1 0
2 1
3 1
4 0
5 1
6 1
7 0

Input 6: 10111010
0 1
1 0
2 1
3 1
4 1
5 0
6 1
7 0

Input 7: 00101000
0 0
1 0
2 1
3 0
4 1
5 0
6 0
7 0

Input 8: 11110001
0 1
1 1
2 1
3 1
4 0
5 0
6 0
7 1

When matching output
x: not in operator
y: wrong position

Identity
0 101111101 7 match 3
1 000010001 2 match 4 6
2 001101111 6
3 010111101 6
4 011010110 5
5 001111000 4 match 2
6 111111100 7
7 000110001 3

Matching output
0 absent
1 absent
2 5
3 0
4 1
5 absent
6 1
7 absent

Left
none
Best: none

Right
none
Best: none

NOT
0 010000010 2
1 111101110 7
2 110010000 3
3 101000010 3
4 100101001 4
5 110000111 5
6 000000011 2
7 111001110 6

Matching output
0 absent
1 absent
2 absent
3 absent
4 absent
5 absent
6 absent
7 absent

Left
none
Best: none

Right
none
Best: none

Constant
0 000000000 a
1 111111111 a

Matching output
0 absent
1 absent
2 absent
3 absent
4 absent
5 absent
6 absent
7 absent

Left
none
Best: none

Right
none
Best: none

AND
01 10 000010001 2 match 4 6
12 21 000000001 1
23 32 000101101 4
34 43 010010100 3 match 0
45 54 001010000 2 match 1
56 65 001111000 4 match 2
67 76 000110000 2
70 07 000110001 3

02 20 001101101 5 match 5
13 31 000010001 2 match 4 6
24 42 001000110 3 match 7
35 53 000111000 3
46 64 011010100 4
57 75 000110000 2
60 06 101111100 6
71 17 000010001 2 match 4 6

03 30 000111101 5
14 41 000010000 1
25 52 001101000 3
36 63 010111100 5
47 74 000010000 1
50 05 001111000 4 match 2
61 16 000010000 1
72 27 000100001 2

04 40 001010100 3
15 51 000010000 1
26 62 001101100 4
37 73 000110001 3

Matching output
0 34 43
1 45 54
2 56 65 50 05
3 absent
4 01 10 13 31 71 17
5 02 20
6 01 10 13 31 71 17
7 24 42

Left
34 45 56 67x
43 54 65 76x
Best: AND34 45 56: 3

Right
24 13 02 71 60x
42 31 20 17 06x
Best: AND24 13 02 71: 4

OR
01 10 101111101 7 match 3
12 21 001111111 7
23 32 011111111 8
34 43 011111111 8
45 54 011111110 7
56 65 111111100 7
67 76 111111101 8
70 07 101111101 7 match 3

02 20 101111111 8
13 31 010111101 6
24 42 011111111 8
35 53 011111101 7
46 64 111111110 8
57 75 001111001 5
60 06 111111101 8
71 17 000110001 3

03 30 111111101 8
14 41 011010111 6
25 52 001111111 7
36 63 111111101 8
47 74 011110111 7
50 05 101111101 7 match 3
61 16 111111101 8
72 27 001111111 7

04 40 111111111 a
15 51 001111001 5
26 62 111111111 a
37 73 010111101 6

Matching output
0 absent
1 absent
2 absent
3 01 10 70 07 50 05
4 absent
5 absent
6 absent
7 absent

Left
none
Best: none

Right
none
Best: none

XOR
01 10 101101100 5
12 21 001111110 6
23 32 011010010 4
34 43 001101011 5
45 54 010101110 5
56 65 110000100 3
67 76 111001101 6
70 07 101001100 4

02 20 100010010 3
13 31 010101100 4
24 42 010111001 5
35 53 011000101 4
46 64 100101010 4
57 75 001001001 3
60 06 010000001 2
71 17 000100000 1

03 30 111000000 3
14 41 011000111 5
25 52 000010111 4
36 63 101000001 3
47 74 011100111 6
50 05 100000101 3
61 16 111101101 7
72 27 001011110 5

04 40 110101011 6
15 51 001101001 4
26 62 110010011 5
37 73 010001100 3

Matching output
0 absent
1 absent
2 absent
3 absent
4 absent
5 absent
6 absent
7 absent

Left
none
Best: none

Right
none
Best: none

AND-NOT
01 101101100 5
12 000010000 1
23 001000010 2
34 000101001 3
45 010000110 3
56 000000000 a
67 111001100 5
70 000000000 a

02 100010000 2
13 000000000 a
24 000101001 3
35 010000101 3
46 000000010 1
57 001001000 2
60 010000000 1
71 000100000 1

03 101000000 2
14 000000001 1
25 000000111 3
36 000000001 1
47 011000110 4
50 000000000 a
61 111101100 6
72 000010000 1

04 100101001 4
15 000000001 1
26 000000011 2
37 010001100 3
40 010000010 2
51 001101000 3
62 110010000 3
73 000000000 a

05 100000101 3
16 000000001 1
27 001001110 4
30 010000000 1
41 011000110 4
52 000010000 1
63 101000000 2
74 000100001 2

06 000000001 1
17 000000000 a
20 000000010 1
31 010101100 4
42 010010000 2
53 001000000 1
64 100101000 3
75 000000001 1

07 101001100 4
10 000000000 a
21 001101110 5
32 010010000 2
43 001000010 2
54 000101000 2
65 110000100 3
76 000000001 1

Matching output
0 absent
1 absent
2 absent
3 absent
4 absent
5 absent
6 absent
7 absent

Left
none
Best: none

Right
none
Best: none

OR-NOT
01 111111111 a
12 110010001 4
23 101101111 7
34 110111101 7
45 111010111 7
56 001111011 6
67 111111110 8
70 010110011 5

02 111111101 8
13 101010011 5
24 101101111 7
35 110111111 8
46 011010111 6
57 111111110 8
60 111111110 8
71 111111111 a

03 101111111 8
14 100111001 5
25 111101111 8
36 010111111 7
47 111011110 7
50 011111010 6
61 111111110 8
72 110110001 5

04 101111101 7 match 3
15 110010111 6
26 001101111 6
37 111111111 a
40 011010110 5
51 111111110 8
62 111111100 7
73 101110011 6

05 111111111 a
16 000010011 3
27 111101111 8
30 010111111 7
41 111111110 8
52 111111000 6
63 111111110 8
74 100111001 5

06 101111111 8
17 111011111 8
20 011101111 7
31 111111111 a
42 111010110 6
53 101111010 6
64 111111101 8
75 110110111 7

07 111111111 a
10 010010011 4
21 111101111 8
32 110111101 7
43 111010110 6
54 101111001 6
65 111111111 a
76 000110011 4

Matching output
0 absent
1 absent
2 absent
3 04
4 absent
5 absent
6 absent
7 absent

Left
none
Best: none

Right
none
Best: none

XOR-NOT
01 010010011 4
12 110000001 3
23 100101101 5
34 110010100 4
45 101010001 4
56 001111011 6
67 000110010 3
70 010110011 5

02 011101101 6
13 101010011 5
24 101000110 4
35 100111010 5
46 011010101 5
57 110110110 6
60 101111110 7
71 111011111 8

03 000111111 6
14 100111000 4
25 111101000 5
36 010111110 6
47 100011000 3
50 011111010 6
61 000010010 2
72 110100001 4

04 001010100 3
15 110010110 5
26 001101100 4
37 101110011 6
40 001010100 3
51 110010110 5
62 001101100 4
73 101110011 6

05 011111010 6
16 000010010 2
27 110100001 4
30 000111111 6
41 100111000 4
52 111101000 5
63 010111110 6
74 100011000 3

06 101111110 7
17 111011111 8
20 011101101 6
31 101010011 5
42 101000110 4
53 100111010 5
64 011010101 5
75 110110110 6

07 010110011 5
10 010010011 4
21 110000001 3
32 100101101 5
43 110010100 4
54 101010001 4
65 001111011 6
76 000110010 3

Matching output
0 absent
1 absent
2 absent
3 absent
4 absent
5 absent
6 absent
7 absent

Left
none
Best: none

Right
none
Best: none

Selecting

Lefts
Identity none
NOT none
Constant none
AND AND34 45 56: 3
OR none
XOR none
AND-NOT none
OR-NOT none
XOR-NOT none

Rights
Identity none
NOT none
Constant none
AND AND24 13 02 71: 4
OR none
XOR none
AND-NOT none
OR-NOT none
XOR-NOT none

Left longest: 3
Right longest: 4

Right winner: Identity no, NOT no, Constant no, AND yes, OR no, XOR no, AND-NOT no, OR-NOT no, XOR-NOT no
Left winner: Identity no, NOT no, Constant no, AND yes, OR no, XOR no, AND-NOT no, OR-NOT no, XOR-NOT no

Best right: AND24 13 02 71: 4
Best left: AND34 45 56: 3

Truncated right: AND24 13 02 71: 4
Truncated left: AND34 45 56: 3

Tentative from right
7 AND24
6 AND13
5 AND02
4 AND71
3 pending
2 pending
1 pending
0 pending

Tentative
0 AND34
1 AND45
2 AND56
3 pending
4 AND71
5 AND02
6 AND13
7 AND24

Preferred from right
7 AND24
6 AND13
5 AND02
4 AND71
3 ?60
2 AND56
1 AND45
0 AND34

Preferred from left
0 AND34
1 AND45
2 AND56
3 ?60
4 AND71
5 AND02
6 AND13
7 AND24

Preferred
0 AND34
1 AND45
2 AND56
3 ?60 ?06
4 AND71
5 AND02
6 AND13
7 AND24

Matching
0 AND34
1 AND45
2 AND56
3 ?60 ?06 - Identity I0, NOT absent, Constant absent, AND absent, OR absent, XOR absent, AND-NOT absent, OR-NOT absent, XOR-NOT absent
4 AND71
5 AND02
6 AND13
7 AND24

Perfect match
Identity yes
NOT no
Constant no
AND no
OR no
XOR no
AND-NOT no
OR-NOT no
XOR-NOT no

Matched
0 AND34
1 AND45
2 AND56
3 I0
4 AND71
5 AND02
6 AND13
7 AND24

Selected
0 AND34
1 AND45
2 AND56
3 I0
4 AND71
5 AND02
6 AND13
7 AND24

Applying to 10000011
Input
0 1
1 0
2 0
3 0
4 0
5 0
6 1
7 1
Output
0 AND34 = AND(0,0) = 0
1 AND45 = AND(0,0) = 0
2 AND56 = AND(0,1) = 0
3 I0 = 1
4 AND71 = AND(1,0) = 0
5 AND02 = AND(1,0) = 0
6 AND13 = AND(0,0) = 0
7 AND24 = AND(0,0) = 0

I will now return the answer in \boxed{}
The answer in \boxed{–} is \boxed{00010000}