We need to deduce the transformation by matching the example outputs.
I will put my final answer inside \boxed{}.

Output 0: 00011110
0 0
1 0
2 0
3 1
4 1
5 1
6 1
7 0

Output 1: 01010100
0 0
1 1
2 0
3 1
4 0
5 1
6 0
7 0

Output 2: 00101101
0 0
1 0
2 1
3 0
4 1
5 1
6 0
7 1

Output 3: 00100101
0 0
1 0
2 1
3 0
4 0
5 1
6 0
7 1

Output 4: 10011111
0 1
1 0
2 0
3 1
4 1
5 1
6 1
7 1

Output 5: 01000110
0 0
1 1
2 0
3 0
4 0
5 1
6 1
7 0

Output 6: 01100101
0 0
1 1
2 1
3 0
4 0
5 1
6 0
7 1

Output 7: 00000111
0 0
1 0
2 0
3 0
4 0
5 1
6 1
7 1

Output bit columns (with bitsum as hash)
0 00001000 1
1 01000110 3
2 00110010 3
3 11001000 3
4 10101000 3
5 11111111 a
6 10001101 4
7 00111011 5

Input 0: 01111000
0 0
1 1
2 1
3 1
4 1
5 0
6 0
7 0

Input 1: 01010011
0 0
1 1
2 0
3 1
4 0
5 0
6 1
7 1

Input 2: 10110100
0 1
1 0
2 1
3 1
4 0
5 1
6 0
7 0

Input 3: 10010100
0 1
1 0
2 0
3 1
4 0
5 1
6 0
7 0

Input 4: 01111110
0 0
1 1
2 1
3 1
4 1
5 1
6 1
7 0

Input 5: 00011011
0 0
1 0
2 0
3 1
4 1
5 0
6 1
7 1

Input 6: 10010111
0 1
1 0
2 0
3 1
4 0
5 1
6 1
7 1

Input 7: 00011100
0 0
1 0
2 0
3 1
4 1
5 1
6 0
7 0

When matching output
x: not in operator
y: wrong position

Identity
0 00110010 3 match 2
1 11001000 3 match 3
2 10101000 3 match 4
3 11111111 a match 5
4 10001101 4 match 6
5 00111011 5 match 7
6 01001110 4
7 01000110 3 match 1

Matching output
0 absent
1 7
2 0
3 1
4 2
5 3
6 4
7 5

Left
none
Best: none

Right
5 4 3 2 1 0 7 6x
Best: I5 4 3 2 1 0 7: 7

NOT
0 11001101 5
1 00110111 5
2 01010111 5
3 00000000 a
4 01110010 4
5 11000100 3
6 10110001 4
7 10111001 5

Matching output
0 absent
1 absent
2 absent
3 absent
4 absent
5 absent
6 absent
7 absent

Left
none
Best: none

Right
none
Best: none

Constant
0 00000000 a
1 11111111 a match 5

Matching output
0 absent
1 absent
2 absent
3 absent
4 absent
5 C1
6 absent
7 absent

Left
none
Best: none

Right
none
Best: none

AND
01 10 00000000 a
12 21 10001000 2
23 32 10101000 3 match 4
34 43 10001101 4 match 6
45 54 00001001 2
56 65 00001010 2
67 76 01000110 3 match 1
70 07 00000010 1

02 20 00100000 1
13 31 11001000 3 match 3
24 42 10001000 2
35 53 00111011 5 match 7
46 64 00001100 2
57 75 00000010 1
60 06 00000010 1
71 17 01000000 1

03 30 00110010 3 match 2
14 41 10001000 2
25 52 00101000 2
36 63 01001110 4
47 74 00000100 1
50 05 00110010 3 match 2
61 16 01001000 2
72 27 00000000 a

04 40 00000000 a
15 51 00001000 1 match 0
26 62 00001000 1 match 0
37 73 01000110 3 match 1

Matching output
0 15 51 26 62
1 67 76 37 73
2 03 30 50 05
3 13 31
4 23 32
5 absent
6 34 43
7 35 53

Left
15 26y
51 62y
26 37 40x
62 73 04x
Best: AND26 37: 2

Right
35 24x
53 42x
Best: AND35: 1

OR
01 10 11111010 6
12 21 11101000 4
23 32 11111111 a match 5
34 43 11111111 a match 5
45 54 10111111 7
56 65 01111111 7
67 76 01001110 4
70 07 01110110 5

02 20 10111010 5
13 31 11111111 a match 5
24 42 10101101 5
35 53 11111111 a match 5
46 64 11001111 6
57 75 01111111 7
60 06 01111110 6
71 17 11001110 5

03 30 11111111 a match 5
14 41 11001101 5
25 52 10111011 6
36 63 11111111 a match 5
47 74 11001111 6
50 05 00111011 5 match 7
61 16 11001110 5
72 27 11101110 6

04 40 10111111 7
15 51 11111011 7
26 62 11101110 6
37 73 11111111 a match 5

Matching output
0 absent
1 absent
2 absent
3 absent
4 absent
5 23 32 34 43 13 31 35 53 03 30 36 63 37 73
6 absent
7 50 05

Left
none
Best: none

Right
50 47x
05 74x
Best: OR50: 1

XOR
01 10 11111010 6
12 21 01100000 2
23 32 01010111 5
34 43 01110010 4
45 54 10110110 5
56 65 01110101 5
67 76 00001000 1 match 0
70 07 01110100 4

02 20 10011010 4
13 31 00110111 5
24 42 00100101 3
35 53 11000100 3
46 64 11000011 4
57 75 01111101 6
60 06 01111100 5
71 17 10001110 4

03 30 11001101 5
14 41 01000101 3
25 52 10010011 4
36 63 10110001 4
47 74 11001011 5
50 05 00001001 2
61 16 10000110 3
72 27 11101110 6

04 40 10111111 7
15 51 11110011 6
26 62 11100110 5
37 73 10111001 5

Matching output
0 67 76
1 absent
2 absent
3 absent
4 absent
5 absent
6 absent
7 absent

Left
67 70x
76 07x
Best: XOR67: 1

Right
none
Best: none

AND-NOT
01 00110010 3 match 2
12 01000000 1
23 00000000 a
34 01110010 4
45 10000100 2
56 00110001 3
67 00001000 1 match 0
70 01000100 2

02 00010010 2
13 00000000 a
24 00100000 1
35 11000100 3
46 10000001 2
57 00111001 4
60 01001100 3
71 00000110 2

03 00000000 a
14 01000000 1
25 10000000 1
36 10110001 4
47 10001001 3
50 00001001 2
61 00000110 2
72 01000110 3 match 1

04 00110010 3 match 2
15 11000000 2
26 10100000 2
37 10111001 5
40 10001101 4 match 6
51 00110011 4
62 01000110 3 match 1
73 00000000 a

05 00000000 a
16 10000000 1
27 10101000 3 match 4
30 11001101 5
41 00000101 2
52 00010011 3
63 00000000 a
74 01000010 2

06 00110000 2
17 10001000 2
20 10001000 2
31 00110111 5
42 00000101 2
53 00000000 a
64 01000010 2
75 01000100 2

07 00110000 2
10 11001000 3 match 3
21 00100000 1
32 01010111 5
43 00000000 a
54 00110010 3 match 2
65 01000100 2
76 00000000 a

Matching output
0 67
1 72 62
2 01 04 54
3 10
4 27
5 absent
6 40
7 absent

Left
67 70x
Best: AND-NOT67: 1

Right
none
Best: none

OR-NOT
01 00110111 5
12 11011111 7
23 10101000 3 match 4
34 11111111 a match 5
45 11001101 5
56 10111011 6
67 11111111 a match 5
70 11001111 6

02 01110111 6
13 11001000 3 match 3
24 11111010 6
35 11111111 a match 5
46 10111101 6
57 10111011 6
60 11001111 6
71 01110111 6

03 00110010 3 match 2
14 11111010 6
25 11101100 5
36 11111111 a match 5
47 10111101 6
50 11111111 a match 5
61 01111111 7
72 01010111 5

04 01110010 4
15 11001100 4
26 10111001 5
37 11111111 a match 5
40 11001101 5
51 00111111 6
62 01011111 6
73 01000110 3 match 1

05 11110110 6
16 11111001 6
27 10111001 5
30 11111111 a match 5
41 10111111 7
52 01111111 7
63 01001110 4
74 01110110 5

06 10110011 5
17 11111001 6
20 11101101 6
31 11111111 a match 5
42 11011111 7
53 00111011 5 match 7
64 01111110 6
75 11000110 4

07 10111011 6
10 11001101 5
21 10111111 7
32 11111111 a match 5
43 10001101 4 match 6
54 01111011 6
65 11001110 5
76 11110111 7

Matching output
0 absent
1 73
2 03
3 13
4 23
5 34 67 35 36 50 37 30 31 32
6 43
7 53

Left
none
Best: none

Right
53 42x
Best: OR-NOT53: 1

XOR-NOT
01 00000101 2
12 10011111 6
23 10101000 3 match 4
34 10001101 4 match 6
45 01001001 3
56 10001010 3
67 11110111 7
70 10001011 4

02 01100101 4
13 11001000 3 match 3
24 11011010 5
35 00111011 5 match 7
46 00111100 4
57 10000010 2
60 10000011 3
71 01110001 4

03 00110010 3 match 2
14 10111010 5
25 01101100 4
36 01001110 4
47 00110100 3
50 11110110 6
61 01111001 5
72 00010001 2

04 01000000 1
15 00001100 2
26 00011001 3
37 01000110 3 match 1
40 01000000 1
51 00001100 2
62 00011001 3
73 01000110 3 match 1

05 11110110 6
16 01111001 5
27 00010001 2
30 00110010 3 match 2
41 10111010 5
52 01101100 4
63 01001110 4
74 00110100 3

06 10000011 3
17 01110001 4
20 01100101 4
31 11001000 3 match 3
42 11011010 5
53 00111011 5 match 7
64 00111100 4
75 10000010 2

07 10001011 4
10 00000101 2
21 10011111 6
32 10101000 3 match 4
43 10001101 4 match 6
54 01001001 3
65 10001010 3
76 11110111 7

Matching output
0 absent
1 37 73
2 03 30
3 13 31
4 23 32
5 absent
6 34 43
7 35 53

Left
none
Best: none

Right
35 24x
53 42x
Best: XOR-NOT35: 1

Selecting

Lefts
Identity none
NOT none
Constant none
AND AND26 37: 2
OR none
XOR XOR67: 1
AND-NOT AND-NOT67: 1
OR-NOT none
XOR-NOT none

Rights
Identity I5 4 3 2 1 0 7: 7
NOT none
Constant none
AND AND35: 1
OR OR50: 1
XOR none
AND-NOT none
OR-NOT OR-NOT53: 1
XOR-NOT XOR-NOT35: 1

Left longest: 2
Right longest: 7

Right winner: Identity yes, NOT no, Constant no, AND no, OR no, XOR no, AND-NOT no, OR-NOT no, XOR-NOT no
Left winner: Identity no, NOT no, Constant no, AND yes, OR no, XOR no, AND-NOT no, OR-NOT no, XOR-NOT no

Best right: I5 4 3 2 1 0 7: 7
Best left: AND26 37: 2

Truncated right: I5 4 3 2 1 0 7: 7
Truncated left: AND26: 1 truncated

Tentative from right
7 I5
6 I4
5 I3
4 I2
3 I1
2 I0
1 I7
0 pending

Tentative
0 AND26
1 I7
2 I0
3 I1
4 I2
5 I3
6 I4
7 I5

Preferred from right
7 I5
6 I4
5 I3
4 I2
3 I1
2 I0
1 I7
0 AND26

Preferred from left
0 AND26
1 I7
2 I0
3 I1
4 I2
5 I3
6 I4
7 I5

Preferred
0 AND26
1 I7
2 I0
3 I1
4 I2
5 I3
6 I4
7 I5

Matching
0 AND26
1 I7
2 I0
3 I1
4 I2
5 I3
6 I4
7 I5

Perfect match
Identity no
NOT no
Constant no
AND no
OR no
XOR no
AND-NOT no
OR-NOT no
XOR-NOT no

Matched
0 AND26
1 I7
2 I0
3 I1
4 I2
5 I3
6 I4
7 I5

Selected
0 AND26
1 I7
2 I0
3 I1
4 I2
5 I3
6 I4
7 I5

Applying to 11110101
Input
0 1
1 1
2 1
3 1
4 0
5 1
6 0
7 1
Output
0 AND26 = AND(1,0) = 0
1 I7 = 1
2 I0 = 1
3 I1 = 1
4 I2 = 1
5 I3 = 1
6 I4 = 0
7 I5 = 1

I will now return the answer in \boxed{}
The answer in \boxed{–} is \boxed{01111101}