We need to deduce the transformation by matching the example outputs.
I will put my final answer inside \boxed{}.

Output 0: 10100100
0 1
1 0
2 1
3 0
4 0
5 1
6 0
7 0

Output 1: 10101100
0 1
1 0
2 1
3 0
4 1
5 1
6 0
7 0

Output 2: 00011000
0 0
1 0
2 0
3 1
4 1
5 0
6 0
7 0

Output 3: 10111100
0 1
1 0
2 1
3 1
4 1
5 1
6 0
7 0

Output 4: 11000110
0 1
1 1
2 0
3 0
4 0
5 1
6 1
7 0

Output 5: 10111100
0 1
1 0
2 1
3 1
4 1
5 1
6 0
7 0

Output 6: 01110010
0 0
1 1
2 1
3 1
4 0
5 0
6 1
7 0

Output 7: 00101001
0 0
1 0
2 1
3 0
4 1
5 0
6 0
7 1

Output 8: 00110000
0 0
1 0
2 1
3 1
4 0
5 0
6 0
7 0

Output 9: 01000010
0 0
1 1
2 0
3 0
4 0
5 0
6 1
7 0

Output bit columns (with bitsum as hash)
0 1101110000 5
1 0000101001 3
2 1101011110 7
3 0011011010 5
4 0111010100 5
5 1101110000 5
6 0000101001 3
7 0000000100 1

Input 0: 11010010
0 1
1 1
2 0
3 1
4 0
5 0
6 1
7 0

Input 1: 11110010
0 1
1 1
2 1
3 1
4 0
5 0
6 1
7 0

Input 2: 00100010
0 0
1 0
2 1
3 0
4 0
5 0
6 1
7 0

Input 3: 10110010
0 1
1 0
2 1
3 1
4 0
5 0
6 1
7 0

Input 4: 01111011
0 0
1 1
2 1
3 1
4 1
5 0
6 1
7 1

Input 5: 10010011
0 1
1 0
2 0
3 1
4 0
5 0
6 1
7 1

Input 6: 10101011
0 1
1 0
2 1
3 0
4 1
5 0
6 1
7 1

Input 7: 00000101
0 0
1 0
2 0
3 0
4 0
5 1
6 0
7 1

Input 8: 11100001
0 1
1 1
2 1
3 0
4 0
5 0
6 0
7 1

Input 9: 01101011
0 0
1 1
2 1
3 0
4 1
5 0
6 1
7 1

When matching output
x: not in operator
y: wrong position

Identity
0 1101011010 6
1 1100100011 5
2 0111101011 7
3 1101110000 5 match 0 5
4 0000101001 3 match 1 6
5 0000000100 1 match 7
6 1111111001 8
7 0000111111 6

Matching output
0 3
1 4
2 absent
3 absent
4 absent
5 3
6 4
7 5

Left
3 4 5y
Best: I3 4: 2

Right
5 4 3 2x
Best: I5 4 3: 3

NOT
0 0010100101 4
1 0011011100 5
2 1000010100 3
3 0010001111 5
4 1111010110 7
5 1111111011 9
6 0000000110 2
7 1111000000 4

Matching output
0 absent
1 absent
2 absent
3 absent
4 absent
5 absent
6 absent
7 absent

Left
none
Best: none

Right
none
Best: none

Constant
0 0000000000 a
1 1111111111 a

Matching output
0 absent
1 absent
2 absent
3 absent
4 absent
5 absent
6 absent
7 absent

Left
none
Best: none

Right
none
Best: none

AND
01 10 1100000010 3
12 21 0100100011 4
23 32 0101100000 3
34 43 0000100000 1
45 54 0000000000 a
56 65 0000000000 a
67 76 0000111001 4
70 07 0000011010 3

02 20 0101001010 4
13 31 1100100000 3
24 42 0000101001 3 match 1 6
35 53 0000000000 a
46 64 0000101001 3 match 1 6
57 75 0000000100 1 match 7
60 06 1101011000 5
71 17 0000100011 3

03 30 1101010000 4
14 41 0000100001 2
25 52 0000000000 a
36 63 1101110000 5 match 0 5
47 74 0000101001 3 match 1 6
50 05 0000000000 a
61 16 1100100001 4
72 27 0000101011 4

04 40 0000001000 1
15 51 0000000000 a
26 62 0111101001 6
37 73 0000110000 2

Matching output
0 36 63
1 24 42 46 64 47 74
2 absent
3 absent
4 absent
5 36 63
6 24 42 46 64 47 74
7 57 75

Left
36 47 50x
63 74 05x
Best: AND36 47: 2

Right
57 46 35x
75 64 53x
Best: AND57 46: 2

OR
01 10 1101111011 8
12 21 1111101011 8
23 32 1111111011 9
34 43 1101111001 7
45 54 0000101101 4
56 65 1111111101 9
67 76 1111111111 a
70 07 1101111111 9

02 20 1111111011 9
13 31 1101110011 7
24 42 0111101011 7
35 53 1101110100 6
46 64 1111111001 8
57 75 0000111111 6
60 06 1111111011 9
71 17 1100111111 8

03 30 1101111010 7
14 41 1100101011 6
25 52 0111101111 8
36 63 1111111001 8
47 74 0000111111 6
50 05 1101011110 7 match 2
61 16 1111111011 9
72 27 0111111111 9

04 40 1101111011 8
15 51 1100100111 6
26 62 1111111011 9
37 73 1101111111 9

Matching output
0 absent
1 absent
2 50 05
3 absent
4 absent
5 absent
6 absent
7 absent

Left
none
Best: none

Right
none
Best: none

XOR
01 10 0001111001 5
12 21 1011001000 4
23 32 1010011011 6
34 43 1101011001 6
45 54 0000101101 4
56 65 1111111101 9
67 76 1111000110 6
70 07 1101100101 6

02 20 1010110001 5
13 31 0001010011 4
24 42 0111000010 4
35 53 1101110100 6
46 64 1111010000 5
57 75 0000111011 5
60 06 0010100011 4
71 17 1100011100 5

03 30 0000101010 3
14 41 1100001010 4
25 52 0111101111 8
36 63 0010001001 3
47 74 0000010110 3
50 05 1101011110 7 match 2
61 16 0011011010 5 match 3
72 27 0111010100 5 match 4

04 40 1101110011 7
15 51 1100100111 6
26 62 1000010010 3
37 73 1101001111 7

Matching output
0 absent
1 absent
2 50 05
3 61 16
4 72 27
5 absent
6 absent
7 absent

Left
none
Best: none

Right
none
Best: none

AND-NOT
01 0001011000 3
12 1000000000 1
23 0010001011 4
34 1101010000 4
45 0000101001 3 match 1 6
56 0000000100 1 match 7
67 1111000000 4
70 0000100101 3

02 1000010000 2
13 0000000011 2
24 0111000010 4
35 1101110000 5 match 0 5
46 0000000000 a
57 0000000000 a
60 0010100001 3
71 0000011100 3

03 0000001010 2
14 1100000010 3
25 0111101011 7
36 0000000000 a
47 0000000000 a
50 0000000100 1 match 7
61 0011011000 4
72 0000010100 2

04 1101010010 5
15 1100100011 5
26 0000000010 1
37 1101000000 3
40 0000100001 2
51 0000000100 1 match 7
62 1000010000 2
73 0000001111 4

05 1101011010 6
16 0000000010 1
27 0111000000 3
30 0000100000 1
41 0000001000 1
52 0000000100 1 match 7
63 0010001001 3
74 0000010110 3

06 0000000010 1
17 1100000000 2
20 0010100001 3
31 0001010000 2
42 0000000000 a
53 0000000100 1 match 7
64 1111010000 5
75 0000111011 5

07 1101000000 3
10 0000100001 2
21 0011001000 3
32 1000010000 2
43 0000001001 2
54 0000000100 1 match 7
65 1111111001 8
76 0000000110 2

Matching output
0 35
1 45
2 absent
3 absent
4 absent
5 35
6 45
7 56 50 51 52 53 54

Left
35 46x
Best: AND-NOT35: 1

Right
56 45 34x
50 47x
51 40x
52 41x
53 42x
54 43x
Best: AND-NOT56 45: 2

OR-NOT
01 1111011110 8
12 1100110111 7
23 0111101111 8
34 1111110110 8
45 1111111011 9
56 0000000110 2
67 1111111001 8
70 0010111111 7

02 1101011110 7 match 2
13 1110101111 8
24 1111111111 a
35 1111111011 9
46 0000101111 5
57 1111000100 5
60 1111111101 9
71 0011111111 8

03 1111011111 9
14 1111110111 9
25 1111111011 9
36 1101110110 7
47 1111101001 7
50 0010100101 4
61 1111111101 9
72 1000111111 7

04 1111011110 8
15 1111111011 9
26 0111101111 8
37 1111110000 6
40 0010101101 5
51 0011011100 5
62 1111111101 9
73 0010111111 7

05 1111111011 9
16 1100100111 6
27 1111101011 8
30 1111110101 8
41 0011111101 7
52 1000010100 3
63 1111111111 a
74 1111111111 a

06 1101011110 7 match 2
17 1111100011 7
20 0111101111 8
31 1111111100 8
42 1000111101 6
53 0010001111 5
64 1111111111 a
75 1111111111 a

07 1111011010 7
10 1110100111 7
21 0111111111 9
32 1101110100 6
43 0010101111 6
54 1111010110 7
65 1111111011 9
76 0000111111 6

Matching output
0 absent
1 absent
2 02 06
3 absent
4 absent
5 absent
6 absent
7 absent

Left
none
Best: none

Right
none
Best: none

XOR-NOT
01 1110000110 5
12 0100110111 6
23 0101100100 4
34 0010100110 4
45 1111010010 6
56 0000000010 1
67 0000111001 4
70 0010011010 4

02 0101001110 5
13 1110101100 6
24 1000111101 6
35 0010001011 4
46 0000101111 5
57 1111000100 5
60 1101011100 6
71 0011100011 5

03 1111010101 7
14 0011110101 6
25 1000010000 2
36 1101110110 7
47 1111101001 7
50 0010100001 3
61 1100100101 5
72 1000101011 5

04 0010001100 3
15 0011011000 4
26 0111101101 7
37 0010110000 3
40 0010001100 3
51 0011011000 4
62 0111101101 7
73 0010110000 3

05 0010100001 3
16 1100100101 5
27 1000101011 5
30 1111010101 7
41 0011110101 6
52 1000010000 2
63 1101110110 7
74 1111101001 7

06 1101011100 6
17 0011100011 5
20 0101001110 5
31 1110101100 6
42 1000111101 6
53 0010001011 4
64 0000101111 5
75 1111000100 5

07 0010011010 4
10 1110000110 5
21 0100110111 6
32 0101100100 4
43 0010100110 4
54 1111010010 6
65 0000000010 1
76 0000111001 4

Matching output
0 absent
1 absent
2 absent
3 absent
4 absent
5 absent
6 absent
7 absent

Left
none
Best: none

Right
none
Best: none

Selecting

Lefts
Identity I3 4: 2
NOT none
Constant none
AND AND36 47: 2
OR none
XOR none
AND-NOT AND-NOT35: 1
OR-NOT none
XOR-NOT none

Rights
Identity I5 4 3: 3
NOT none
Constant none
AND AND57 46: 2
OR none
XOR none
AND-NOT AND-NOT56 45: 2
OR-NOT none
XOR-NOT none

Left longest: 2
Right longest: 3

Right winner: Identity yes, NOT no, Constant no, AND no, OR no, XOR no, AND-NOT no, OR-NOT no, XOR-NOT no
Left winner: Identity yes, NOT no, Constant no, AND no, OR no, XOR no, AND-NOT no, OR-NOT no, XOR-NOT no

Best right: I5 4 3: 3
Best left: I3 4: 2

Truncated right: I5 4 3: 3
Truncated left: I3 4: 2

Tentative from right
7 I5
6 I4
5 I3
4 pending
3 pending
2 pending
1 pending
0 pending

Tentative
0 I3
1 I4
2 pending
3 pending
4 pending
5 I3
6 I4
7 I5

Preferred from right
7 I5
6 I4
5 I3
4 ??2
3 ??1
2 ??0
1 I4
0 I3

Preferred from left
0 I3
1 I4
2 ?50
3 ?61
4 ?72
5 I3
6 I4
7 I5

Preferred
0 I3
1 I4
2 ?50 ?05
3 ?61 ?16
4 ?72 ?27
5 I3
6 I4
7 I5

Matching
0 I3
1 I4
2 ?50 ?05 - Identity absent, NOT absent, Constant absent, AND absent, OR50, XOR50, AND-NOT absent, OR-NOT absent, XOR-NOT absent
3 ?61 ?16 - Identity absent, NOT absent, Constant absent, AND absent, OR absent, XOR61, AND-NOT absent, OR-NOT absent, XOR-NOT absent
4 ?72 ?27 - Identity absent, NOT absent, Constant absent, AND absent, OR absent, XOR72, AND-NOT absent, OR-NOT absent, XOR-NOT absent
5 I3
6 I4
7 I5

Perfect match
Identity no
NOT no
Constant no
AND no
OR no
XOR yes
AND-NOT no
OR-NOT no
XOR-NOT no

Matched
0 I3
1 I4
2 XOR50
3 XOR61
4 XOR72
5 I3
6 I4
7 I5

Selected
0 I3
1 I4
2 XOR50
3 XOR61
4 XOR72
5 I3
6 I4
7 I5

Applying to 01011110
Input
0 0
1 1
2 0
3 1
4 1
5 1
6 1
7 0
Output
0 I3 = 1
1 I4 = 1
2 XOR50 = XOR(1,0) = 1
3 XOR61 = XOR(1,1) = 0
4 XOR72 = XOR(0,0) = 0
5 I3 = 1
6 I4 = 1
7 I5 = 1

I will now return the answer in \boxed{}
The answer in \boxed{–} is \boxed{11100111}