We need to deduce the transformation by matching the example outputs.
I will put my final answer inside \boxed{}.

Output 0: 00000101
0 0
1 0
2 0
3 0
4 0
5 1
6 0
7 1

Output 1: 00000000
0 0
1 0
2 0
3 0
4 0
5 0
6 0
7 0

Output 2: 00000101
0 0
1 0
2 0
3 0
4 0
5 1
6 0
7 1

Output 3: 00000000
0 0
1 0
2 0
3 0
4 0
5 0
6 0
7 0

Output 4: 00000101
0 0
1 0
2 0
3 0
4 0
5 1
6 0
7 1

Output 5: 00000001
0 0
1 0
2 0
3 0
4 0
5 0
6 0
7 1

Output 6: 00000000
0 0
1 0
2 0
3 0
4 0
5 0
6 0
7 0

Output 7: 00000010
0 0
1 0
2 0
3 0
4 0
5 0
6 1
7 0

Output bit columns (with bitsum as hash)
0 00000000 a
1 00000000 a
2 00000000 a
3 00000000 a
4 00000000 a
5 10101000 3
6 00000001 1
7 10101100 4

Input 0: 10101010
0 1
1 0
2 1
3 0
4 1
5 0
6 1
7 0

Input 1: 00100101
0 0
1 0
2 1
3 0
4 0
5 1
6 0
7 1

Input 2: 10110010
0 1
1 0
2 1
3 1
4 0
5 0
6 1
7 0

Input 3: 11011100
0 1
1 1
2 0
3 1
4 1
5 1
6 0
7 0

Input 4: 11110010
0 1
1 1
2 1
3 1
4 0
5 0
6 1
7 0

Input 5: 11100000
0 1
1 1
2 1
3 0
4 0
5 0
6 0
7 0

Input 6: 00110000
0 0
1 0
2 1
3 1
4 0
5 0
6 0
7 0

Input 7: 01011111
0 0
1 1
2 0
3 1
4 1
5 1
6 1
7 1

When matching output
x: not in operator
y: wrong position

Identity
0 10111100 5
1 00011101 4
2 11101110 6
3 00111011 5
4 10010001 3
5 01010001 3
6 10101001 4
7 01000001 2

Matching output
0 absent
1 absent
2 absent
3 absent
4 absent
5 absent
6 absent
7 absent

Left
none
Best: none

Right
none
Best: none

NOT
0 01000011 3
1 11100010 4
2 00010001 2
3 11000100 3
4 01101110 5
5 10101110 5
6 01010110 4
7 10111110 6

Matching output
0 absent
1 absent
2 absent
3 absent
4 absent
5 absent
6 absent
7 absent

Left
none
Best: none

Right
none
Best: none

Constant
0 00000000 a match 0 1 2 3 4
1 11111111 a

Matching output
0 C0
1 C0
2 C0
3 C0
4 C0
5 absent
6 absent
7 absent

Left
0 0 0 0 0
Best: C0 0 0 0 0: 5

Right
none
Best: none

AND
01 10 00011100 3
12 21 00001100 2
23 32 00101010 3
34 43 00010001 2
45 54 00010001 2
56 65 00000001 1 match 6
67 76 00000001 1 match 6
70 07 00000000 a match 0 1 2 3 4

02 20 10101100 4 match 7
13 31 00011001 3
24 42 10000000 1
35 53 00010001 2
46 64 10000001 2
57 75 01000001 2
60 06 10101000 3 match 5
71 17 00000001 1 match 6

03 30 00111000 3
14 41 00010001 2
25 52 01000000 1
36 63 00101001 3
47 74 00000001 1 match 6
50 05 00010000 1
61 16 00001001 2
72 27 01000000 1

04 40 10010000 2
15 51 00010001 2
26 62 10101000 3 match 5
37 73 00000001 1 match 6

Matching output
0 70 07
1 70 07
2 70 07
3 70 07
4 70 07
5 60 06 26 62
6 56 65 67 76 71 17 47 74 37 73
7 02 20

Left
70 01x
07 10x
Best: AND70: 1

Right
02 71 60 57x
20 17 06 75x
Best: AND02 71 60: 3

OR
01 10 10111101 6
12 21 11111111 a
23 32 11111111 a
34 43 10111011 6
45 54 11010001 4
56 65 11111001 6
67 76 11101001 5
70 07 11111101 7

02 20 11111110 7
13 31 00111111 6
24 42 11111111 a
35 53 01111011 6
46 64 10111001 5
57 75 01010001 3
60 06 10111101 6
71 17 01011101 5

03 30 10111111 7
14 41 10011101 5
25 52 11111111 a
36 63 10111011 6
47 74 11010001 4
50 05 11111101 7
61 16 10111101 6
72 27 11101111 7

04 40 10111101 6
15 51 01011101 5
26 62 11101111 7
37 73 01111011 6

Matching output
0 absent
1 absent
2 absent
3 absent
4 absent
5 absent
6 absent
7 absent

Left
none
Best: none

Right
none
Best: none

XOR
01 10 10100001 3
12 21 11110011 6
23 32 11010101 5
34 43 10101010 4
45 54 11000000 2
56 65 11111000 5
67 76 11101000 4
70 07 11111101 7

02 20 01010010 3
13 31 00100110 3
24 42 01111111 7
35 53 01101010 4
46 64 00111000 3
57 75 00010000 1
60 06 00010101 3
71 17 01011100 4

03 30 10000111 4
14 41 10001100 3
25 52 10111111 7
36 63 10010010 3
47 74 11010000 3
50 05 11101101 6
61 16 10110100 4
72 27 10101111 6

04 40 00101101 4
15 51 01001100 3
26 62 01000111 4
37 73 01111010 5

Matching output
0 absent
1 absent
2 absent
3 absent
4 absent
5 absent
6 absent
7 absent

Left
none
Best: none

Right
none
Best: none

AND-NOT
01 10100000 2
12 00010001 2
23 11000100 3
34 00101010 3
45 10000000 1
56 01010000 2
67 10101000 3 match 5
70 01000001 2

02 00010000 1
13 00000100 1
24 01101110 5
35 00101010 3
46 00010000 1
57 00010000 1
60 00000001 1 match 6
71 01000000 1

03 10000100 2
14 00001100 2
25 10101110 5
36 00010010 2
47 10010000 2
50 01000001 2
61 10100000 2
72 00000001 1 match 6

04 00101100 3
15 00001100 2
26 01000110 3
37 00111010 4
40 00000001 1 match 6
51 01000000 1
62 00000001 1 match 6
73 01000000 1

05 10101100 4 match 7
16 00010100 2
27 10101110 5
30 00000011 2
41 10000000 1
52 00010001 2
63 10000000 1
74 01000000 1

06 00010100 2
17 00011100 3
20 01000010 2
31 00100010 2
42 00010001 2
53 01000000 1
64 00101000 2
75 00000000 a match 0 1 2 3 4

07 10111100 5
10 00000001 1 match 6
21 11100010 4
32 00010001 2
43 10000000 1
54 01000000 1
65 10101000 3 match 5
76 01000000 1

Matching output
0 75
1 75
2 75
3 75
4 75
5 67 65
6 60 72 40 62 10
7 05

Left
75 06x
Best: AND-NOT75: 1

Right
05 74x
Best: AND-NOT05: 1

OR-NOT
01 11111110 7
12 00011101 4
23 11101110 6
34 01111111 7
45 10111111 7
56 01010111 5
67 10111111 7
70 01000011 3

02 10111101 6
13 11011101 6
24 11101110 6
35 10111111 7
46 11010111 6
57 11111111 a
60 11101011 6
71 11100011 5

03 11111100 6
14 01111111 7
25 11101110 6
36 01111111 7
47 10111111 7
50 01010011 4
61 11101011 6
72 01010001 3

04 11111110 7
15 10111111 7
26 11111110 7
37 10111111 7
40 11010011 5
51 11110011 6
62 10111001 5
73 11000101 4

05 10111110 6
16 01011111 6
27 11111110 7
30 01111011 6
41 11110011 6
52 01010001 3
63 11101101 6
74 01101111 6

06 11111110 7
17 10111111 7
20 11101111 7
31 11111011 7
42 10010001 3
53 11010101 5
64 11101111 7
75 11101111 7

07 10111110 6
10 01011111 6
21 11101110 6
32 00111011 5
43 11010101 5
54 01111111 7
65 10101111 6
76 01010111 5

Matching output
0 absent
1 absent
2 absent
3 absent
4 absent
5 absent
6 absent
7 absent

Left
none
Best: none

Right
none
Best: none

XOR-NOT
01 01011110 5
12 00001100 2
23 00101010 3
34 01010101 4
45 00111111 6
56 00000111 3
67 00010111 4
70 00000010 1

02 10101101 5
13 11011001 5
24 10000000 1
35 10010101 4
46 11000111 5
57 11101111 7
60 11101010 5
71 10100011 4

03 01111000 4
14 01110011 5
25 01000000 1
36 01101101 5
47 00101111 5
50 00010010 2
61 01001011 4
72 01010000 2

04 11010010 4
15 10110011 5
26 10111000 4
37 10000101 3
40 11010010 4
51 10110011 5
62 10111000 4
73 10000101 3

05 00010010 2
16 01001011 4
27 01010000 2
30 01111000 4
41 01110011 5
52 01000000 1
63 01101101 5
74 00101111 5

06 11101010 5
17 10100011 4
20 10101101 5
31 11011001 5
42 10000000 1
53 10010101 4
64 11000111 5
75 11101111 7

07 00000010 1
10 01011110 5
21 00001100 2
32 00101010 3
43 01010101 4
54 00111111 6
65 00000111 3
76 00010111 4

Matching output
0 absent
1 absent
2 absent
3 absent
4 absent
5 absent
6 absent
7 absent

Left
none
Best: none

Right
none
Best: none

Selecting

Lefts
Identity none
NOT none
Constant C0 0 0 0 0: 5
AND AND70: 1
OR none
XOR none
AND-NOT AND-NOT75: 1
OR-NOT none
XOR-NOT none

Rights
Identity none
NOT none
Constant none
AND AND02 71 60: 3
OR none
XOR none
AND-NOT AND-NOT05: 1
OR-NOT none
XOR-NOT none

Left longest: 5
Right longest: 3

Left winner: Identity no, NOT no, Constant yes, AND no, OR no, XOR no, AND-NOT no, OR-NOT no, XOR-NOT no
Right winner: Identity no, NOT no, Constant no, AND yes, OR no, XOR no, AND-NOT no, OR-NOT no, XOR-NOT no

Best left: C0 0 0 0 0: 5
Best right: AND02 71 60: 3

Truncated left: C0 0 0 0 0: 5
Truncated right: AND02 71 60: 3

Tentative from right
7 AND02
6 AND71
5 AND60
4 pending
3 pending
2 pending
1 pending
0 pending

Tentative
0 C0
1 C0
2 C0
3 C0
4 C0
5 AND60
6 AND71
7 AND02

Preferred from left
0 C0
1 C0
2 C0
3 C0
4 C0
5 AND60
6 AND71
7 AND02

Preferred from right
7 AND02
6 AND71
5 AND60
4 C0
3 C0
2 C0
1 C0
0 C0

Preferred
0 C0
1 C0
2 C0
3 C0
4 C0
5 AND60
6 AND71
7 AND02

Matching
0 C0
1 C0
2 C0
3 C0
4 C0
5 AND60
6 AND71
7 AND02

Perfect match
Identity no
NOT no
Constant no
AND no
OR no
XOR no
AND-NOT no
OR-NOT no
XOR-NOT no

Matched
0 C0
1 C0
2 C0
3 C0
4 C0
5 AND60
6 AND71
7 AND02

Selected
0 C0
1 C0
2 C0
3 C0
4 C0
5 AND60
6 AND71
7 AND02

Applying to 00100000
Input
0 0
1 0
2 1
3 0
4 0
5 0
6 0
7 0
Output
0 C0 = 0
1 C0 = 0
2 C0 = 0
3 C0 = 0
4 C0 = 0
5 AND60 = AND(0,0) = 0
6 AND71 = AND(0,0) = 0
7 AND02 = AND(0,1) = 0

I will now return the answer in \boxed{}
The answer in \boxed{–} is \boxed{00000000}