We need to deduce the transformation by matching the example outputs.
I will put my final answer inside \boxed{}.

Output 0: 00011000
0 0
1 0
2 0
3 1
4 1
5 0
6 0
7 0

Output 1: 11010101
0 1
1 1
2 0
3 1
4 0
5 1
6 0
7 1

Output 2: 01110101
0 0
1 1
2 1
3 1
4 0
5 1
6 0
7 1

Output 3: 11101101
0 1
1 1
2 1
3 0
4 1
5 1
6 0
7 1

Output 4: 00111000
0 0
1 0
2 1
3 1
4 1
5 0
6 0
7 0

Output 5: 11100100
0 1
1 1
2 1
3 0
4 0
5 1
6 0
7 0

Output 6: 10101101
0 1
1 0
2 1
3 0
4 1
5 1
6 0
7 1

Output bit columns (with bitsum as hash)
0 0101011 4
1 0111010 4
2 0011111 5
3 1110100 4
4 1001101 4
5 0111011 5
6 0000000 a
7 0111001 4

Input 0: 01000110
0 0
1 1
2 0
3 0
4 0
5 1
6 1
7 0

Input 1: 10110101
0 1
1 0
2 1
3 1
4 0
5 1
6 0
7 1

Input 2: 10011101
0 1
1 0
2 0
3 1
4 1
5 1
6 0
7 1

Input 3: 11111011
0 1
1 1
2 1
3 1
4 1
5 0
6 1
7 1

Input 4: 01001110
0 0
1 1
2 0
3 0
4 1
5 1
6 1
7 0

Input 5: 01111001
0 0
1 1
2 1
3 1
4 1
5 0
6 0
7 1

Input 6: 11101011
0 1
1 1
2 1
3 0
4 1
5 0
6 1
7 1

When matching output
x: not in operator
y: wrong position

Identity
0 0111001 4 match 7
1 1001111 5
2 0101011 4 match 0
3 0111010 4 match 1
4 0011111 5 match 2
5 1110100 4 match 3
6 1001101 4 match 4
7 0111011 5 match 5

Matching output
0 2
1 3
2 4
3 5
4 6
5 7
6 absent
7 0

Left
2 3 4 5 6 7 0y
Best: I2 3 4 5 6 7: 6

Right
0 7y
Best: I0: 1

NOT
0 1000110 3
1 0110000 2
2 1010100 3
3 1000101 3
4 1100000 2
5 0001011 3
6 0110010 3
7 1000100 2

Matching output
0 absent
1 absent
2 absent
3 absent
4 absent
5 absent
6 absent
7 absent

Left
none
Best: none

Right
none
Best: none

Constant
0 0000000 a match 6
1 1111111 a

Matching output
0 absent
1 absent
2 absent
3 absent
4 absent
5 absent
6 C0
7 absent

Left
none
Best: none

Right
none
Best: none

AND
01 10 0001001 2
12 21 0001011 3
23 32 0101010 3
34 43 0011010 3
45 54 0010100 2
56 65 1000100 2
67 76 0001001 2
70 07 0111001 4 match 7

02 20 0101001 3
13 31 0001010 2
24 42 0001011 3
35 53 0110000 2
46 64 0001101 3
57 75 0110000 2
60 06 0001001 2
71 17 0001011 3

03 30 0111000 3
14 41 0001111 4
25 52 0100000 1
36 63 0001000 1
47 74 0011011 4
50 05 0110000 2
61 16 1001101 4 match 4
72 27 0101011 4 match 0

04 40 0011001 3
15 51 1000100 2
26 62 0001001 2
37 73 0111010 4 match 1

Matching output
0 72 27
1 37 73
2 absent
3 absent
4 61 16
5 absent
6 absent
7 70 07

Left
72 03x
27 30x
Best: AND72: 1

Right
70 67x
07 76x
Best: AND70: 1

OR
01 10 1111111 a
12 21 1101111 6
23 32 0111011 5 match 5
34 43 0111111 6
45 54 1111111 a
56 65 1111101 6
67 76 1111111 a
70 07 0111011 5 match 5

02 20 0111011 5 match 5
13 31 1111111 a
24 42 0111111 6
35 53 1111110 6
46 64 1011111 6
57 75 1111111 a
60 06 1111101 6
71 17 1111111 a

03 30 0111011 5 match 5
14 41 1011111 6
25 52 1111111 a
36 63 1111111 a
47 74 0111111 6
50 05 1111101 6
61 16 1001111 5
72 27 0111011 5 match 5

04 40 0111111 6
15 51 1111111 a
26 62 1101111 6
37 73 0111011 5 match 5

Matching output
0 absent
1 absent
2 absent
3 absent
4 absent
5 23 32 70 07 02 20 03 30 72 27 37 73
6 absent
7 absent

Left
none
Best: none

Right
none
Best: none

XOR
01 10 1110110 5
12 21 1100100 3
23 32 0010001 2
34 43 0100101 3
45 54 1101011 5
56 65 0111001 4 match 7
67 76 1110110 5
70 07 0000010 1

02 20 0010010 2
13 31 1110101 5
24 42 0110100 3
35 53 1001110 4
46 64 1010010 3
57 75 1001111 5
60 06 1110100 4 match 3
71 17 1110100 4 match 3

03 30 0000011 2
14 41 1010000 2
25 52 1011111 6
36 63 1110111 6
47 74 0100100 2
50 05 1001101 4 match 4
61 16 0000010 1
72 27 0010000 1

04 40 0100110 3
15 51 0111011 5 match 5
26 62 1100110 4
37 73 0000001 1

Matching output
0 absent
1 absent
2 absent
3 60 06 71 17
4 50 05
5 15 51
6 absent
7 56 65

Left
none
Best: none

Right
56 45x
65 54x
Best: XOR56: 1

AND-NOT
01 0110000 2
12 1000100 2
23 0000001 1
34 0100000 1
45 0001011 3
56 0110000 2
67 1000100 2
70 0000010 1

02 0010000 1
13 1000101 3
24 0100000 1
35 0001010 2
46 0010010 2
57 1000100 2
60 1000100 2
71 0110000 2

03 0000001 1
14 1000000 1
25 0001011 3
36 0110010 3
47 0000100 1
50 1000100 2
61 0000000 a match 6
72 0010000 1

04 0100000 1
15 0001011 3
26 0100010 2
37 0000000 a match 6
40 0000110 2
51 0110000 2
62 1000100 2
73 0000001 1

05 0001001 2
16 0000010 1
27 0000000 a match 6
30 0000010 1
41 0010000 1
52 1010100 3
63 1000101 3
74 0100000 1

06 0110000 2
17 1000100 2
20 0000010 1
31 0110000 2
42 0010100 2
53 1000100 2
64 1000000 1
75 0001011 3

07 0000000 a match 6
10 1000110 3
21 0100000 1
32 0010000 1
43 0000101 2
54 1100000 2
65 0001001 2
76 0110010 3

Matching output
0 absent
1 absent
2 absent
3 absent
4 absent
5 absent
6 61 37 27 07
7 absent

Left
none
Best: none

Right
none
Best: none

OR-NOT
01 0111001 4 match 7
12 1011111 6
23 1101111 6
34 1111010 5
45 0011111 5 match 2
56 1110110 5
67 1001101 4 match 4
70 1111111 a

02 1111101 6
13 1001111 5
24 1101011 5
35 0111011 5 match 5
46 0111111 6
57 1110100 4 match 3
60 1001111 5
71 0111011 5 match 5

03 1111101 6
14 1101111 6
25 0101011 4 match 0
36 0111010 4 match 1
47 1011111 6
50 1110110 5
61 1111101 6
72 1111111 a

04 1111001 5
15 1001111 5
26 0111011 5 match 5
37 1111110 6
40 1011111 6
51 1110100 4 match 3
62 1011101 5
73 1111111 a

05 0111011 5 match 5
16 1111111 a
27 1101111 6
30 1111110 6
41 0111111 6
52 1110100 4 match 3
63 1001101 4 match 4
74 1111011 6

06 0111011 5 match 5
17 1001111 5
20 1101111 6
31 0111010 4 match 1
42 1011111 6
53 1110101 5
64 1101101 5
75 0111011 5 match 5

07 1111101 6
10 1001111 5
21 0111011 5 match 5
32 1111110 6
43 1011111 6
54 1110100 4 match 3
65 1001111 5
76 0111011 5 match 5

Matching output
0 25
1 36 31
2 45
3 57 51 52 54
4 67 63
5 35 71 26 05 06 75 21 76
6 absent
7 01

Left
25 36 47x
Best: OR-NOT25 36: 2

Right
01 70x
Best: OR-NOT01: 1

XOR-NOT
01 0001001 2
12 0011011 4
23 1101110 5
34 1011010 4
45 0010100 2
56 1000110 3
67 0001001 2
70 1111101 6

02 1101101 5
13 0001010 2
24 1001011 4
35 0110001 3
46 0101101 4
57 0110000 2
60 0001011 3
71 0001011 3

03 1111100 5
14 0101111 5
25 0100000 1
36 0001000 1
47 1011011 5
50 0110010 3
61 1111101 6
72 1101111 6

04 1011001 4
15 1000100 2
26 0011001 3
37 1111110 6
40 1011001 4
51 1000100 2
62 0011001 3
73 1111110 6

05 0110010 3
16 1111101 6
27 1101111 6
30 1111100 5
41 0101111 5
52 0100000 1
63 0001000 1
74 1011011 5

06 0001011 3
17 0001011 3
20 1101101 5
31 0001010 2
42 1001011 4
53 0110001 3
64 0101101 4
75 0110000 2

07 1111101 6
10 0001001 2
21 0011011 4
32 1101110 5
43 1011010 4
54 0010100 2
65 1000110 3
76 0001001 2

Matching output
0 absent
1 absent
2 absent
3 absent
4 absent
5 absent
6 absent
7 absent

Left
none
Best: none

Right
none
Best: none

Selecting

Lefts
Identity I2 3 4 5 6 7: 6
NOT none
Constant none
AND AND72: 1
OR none
XOR none
AND-NOT none
OR-NOT OR-NOT25 36: 2
XOR-NOT none

Rights
Identity I0: 1
NOT none
Constant none
AND AND70: 1
OR none
XOR XOR56: 1
AND-NOT none
OR-NOT OR-NOT01: 1
XOR-NOT none

Left longest: 6
Right longest: 1

Left winner: Identity yes, NOT no, Constant no, AND no, OR no, XOR no, AND-NOT no, OR-NOT no, XOR-NOT no
Right winner: Identity yes, NOT no, Constant no, AND no, OR no, XOR no, AND-NOT no, OR-NOT no, XOR-NOT no

Best left: I2 3 4 5 6 7: 6
Best right: I0: 1

Truncated left: I2 3 4 5 6 7: 6
Truncated right: I0: 1

Tentative from right
7 I0
6 pending
5 pending
4 pending
3 pending
2 pending
1 pending
0 pending

Tentative
0 I2
1 I3
2 I4
3 I5
4 I6
5 I7
6 pending
7 I0

Preferred from left
0 I2
1 I3
2 I4
3 I5
4 I6
5 I7
6 ?0?
7 I0

Preferred from right
7 I0
6 ?07
5 I7
4 I6
3 I5
2 I4
1 I3
0 I2

Preferred
0 I2
1 I3
2 I4
3 I5
4 I6
5 I7
6 ?07 ?70
7 I0

Matching
0 I2
1 I3
2 I4
3 I5
4 I6
5 I7
6 ?07 ?70 - Identity absent, NOT absent, Constant C0, AND absent, OR absent, XOR absent, AND-NOT07, OR-NOT absent, XOR-NOT absent
7 I0

Perfect match
Identity no
NOT no
Constant yes
AND no
OR no
XOR no
AND-NOT no
OR-NOT no
XOR-NOT no

Matched
0 I2
1 I3
2 I4
3 I5
4 I6
5 I7
6 C0
7 I0

Selected
0 I2
1 I3
2 I4
3 I5
4 I6
5 I7
6 C0
7 I0

Applying to 10011111
Input
0 1
1 0
2 0
3 1
4 1
5 1
6 1
7 1
Output
0 I2 = 0
1 I3 = 1
2 I4 = 1
3 I5 = 1
4 I6 = 1
5 I7 = 1
6 C0 = 0
7 I0 = 1

I will now return the answer in \boxed{}
The answer in \boxed{–} is \boxed{01111101}