We need to deduce the transformation by matching the example outputs.
I will put my final answer inside \boxed{}.

Output 0: 01001011
0 0
1 1
2 0
3 0
4 1
5 0
6 1
7 1

Output 1: 11011011
0 1
1 1
2 0
3 1
4 1
5 0
6 1
7 1

Output 2: 11101011
0 1
1 1
2 1
3 0
4 1
5 0
6 1
7 1

Output 3: 01100011
0 0
1 1
2 1
3 0
4 0
5 0
6 1
7 1

Output 4: 10101101
0 1
1 0
2 1
3 0
4 1
5 1
6 0
7 1

Output 5: 01010111
0 0
1 1
2 0
3 1
4 0
5 1
6 1
7 1

Output 6: 10111011
0 1
1 0
2 1
3 1
4 1
5 0
6 1
7 1

Output 7: 00100011
0 0
1 0
2 1
3 0
4 0
5 0
6 1
7 1

Output 8: 01110100
0 0
1 1
2 1
3 1
4 0
5 1
6 0
7 0

Output 9: 11000101
0 1
1 1
2 0
3 0
4 0
5 1
6 0
7 1

Output bit columns (with bitsum as hash)
0 0110101001 5
1 1111010011 7
2 0011101110 6
3 0100011010 4
4 1110101000 5
5 0000110011 4
6 1111011100 7
7 1111111101 9

Input 0: 01001000
0 0
1 1
2 0
3 0
4 1
5 0
6 0
7 0

Input 1: 10111100
0 1
1 0
2 1
3 1
4 1
5 1
6 0
7 0

Input 2: 00001000
0 0
1 0
2 0
3 0
4 1
5 0
6 0
7 0

Input 3: 00001101
0 0
1 0
2 0
3 0
4 1
5 1
6 0
7 1

Input 4: 11011111
0 1
1 1
2 0
3 1
4 1
5 1
6 1
7 1

Input 5: 11101110
0 1
1 1
2 1
3 0
4 1
5 1
6 1
7 0

Input 6: 01111101
0 0
1 1
2 1
3 1
4 1
5 1
6 0
7 1

Input 7: 11011000
0 1
1 1
2 0
3 1
4 1
5 0
6 0
7 0

Input 8: 10101111
0 1
1 0
2 1
3 0
4 1
5 1
6 1
7 1

Input 9: 11100101
0 1
1 1
2 1
3 0
4 0
5 1
6 0
7 1

When matching output
x: not in operator
y: wrong position

Identity
0 0100110111 6
1 1000111101 6
2 0100011011 5
3 0100101100 4
4 1111111110 9
5 0101111011 7
6 0000110010 3
7 0001101011 5

Matching output
0 absent
1 absent
2 absent
3 absent
4 absent
5 absent
6 absent
7 absent

Left
none
Best: none

Right
none
Best: none

NOT
0 1011001000 4
1 0111000010 4
2 1011100100 5
3 1011010011 6
4 0000000001 1
5 1010000100 3
6 1111001101 7
7 1110010100 5

Matching output
0 absent
1 absent
2 absent
3 absent
4 absent
5 absent
6 absent
7 absent

Left
none
Best: none

Right
none
Best: none

Constant
0 0000000000 a
1 1111111111 a

Matching output
0 absent
1 absent
2 absent
3 absent
4 absent
5 absent
6 absent
7 absent

Left
none
Best: none

Right
none
Best: none

AND
01 10 0000110101 4
12 21 0000011001 3
23 32 0100001000 2
34 43 0100101100 4
45 54 0101111010 6
56 65 0000110010 3
67 76 0000100010 2
70 07 0000100011 3

02 20 0100010011 4
13 31 0000101100 3
24 42 0100011010 4 match 3
35 53 0100101000 3
46 64 0000110010 3
57 75 0001101011 5
60 06 0000110010 3
71 17 0000101001 3

03 30 0100100100 3
14 41 1000111100 5
25 52 0100011011 5
36 63 0000100000 1
47 74 0001101010 4
50 05 0100110011 5
61 16 0000110000 2
72 27 0000001011 3

04 40 0100110110 5
15 51 0000111001 4
26 62 0000010010 2
37 73 0000101000 2

Matching output
0 absent
1 absent
2 absent
3 24 42
4 absent
5 absent
6 absent
7 absent

Left
none
Best: none

Right
none
Best: none

OR
01 10 1100111111 8
12 21 1100111111 8
23 32 0100111111 7
34 43 1111111110 9
45 54 1111111111 a
56 65 0101111011 7
67 76 0001111011 6
70 07 0101111111 8

02 20 0100111111 7
13 31 1100111101 7
24 42 1111111111 a
35 53 0101111111 8
46 64 1111111110 9
57 75 0101111011 7
60 06 0100110111 6
71 17 1001111111 8

03 30 0100111111 7
14 41 1111111111 a
25 52 0101111011 7
36 63 0100111110 6
47 74 1111111111 a
50 05 0101111111 8
61 16 1000111111 7
72 27 0101111011 7

04 40 1111111111 a
15 51 1101111111 9
26 62 0100111011 6
37 73 0101101111 7

Matching output
0 absent
1 absent
2 absent
3 absent
4 absent
5 absent
6 absent
7 absent

Left
none
Best: none

Right
none
Best: none

XOR
01 10 1100001010 4
12 21 1100100110 5
23 32 0000110111 5
34 43 1011010010 5
45 54 1010000101 4
56 65 0101001001 4
67 76 0001011001 4
70 07 0101011100 5

02 20 0000101100 3
13 31 1100010001 4
24 42 1011100101 6
35 53 0001010111 5
46 64 1111001100 6
57 75 0100010000 2
60 06 0100000101 3
71 17 1001010110 5

03 30 0000011011 4
14 41 0111000011 5
25 52 0001100000 2
36 63 0100011110 5
47 74 1110010101 6
50 05 0001001100 3
61 16 1000001111 5
72 27 0101110000 4

04 40 1011001001 5
15 51 1101000110 5
26 62 0100101001 4
37 73 0101000111 5

Matching output
0 absent
1 absent
2 absent
3 absent
4 absent
5 absent
6 absent
7 absent

Left
none
Best: none

Right
none
Best: none

AND-NOT
01 0100000010 2
12 1000100100 3
23 0000010011 3
34 0000000000 a
45 1010000100 3
56 0101001001 4
67 0000010000 1
70 0001001000 2

02 0000100100 2
13 1000010001 3
24 0000000001 1
35 0000000100 1
46 1111001100 6
57 0100010000 2
60 0000000000 a
71 0001000010 2

03 0000010011 3
14 0000000001 1
25 0000000000 a
36 0100001100 3
47 1110010100 5
50 0001001000 2
61 0000000010 1
72 0001100000 2

04 0000000001 1
15 1000000100 2
26 0100001001 3
37 0100000100 2
40 1011001000 4
51 0101000010 3
62 0000100000 1
73 0001000011 3

05 0000000100 1
16 1000001101 4
27 0100010000 2
30 0000001000 1
41 0111000010 4
52 0001100000 2
63 0000010010 2
74 0000000001 1

06 0100000101 3
17 1000010100 3
20 0000001000 1
31 0100000000 1
42 1011100100 5
53 0001010011 4
64 0000000000 a
75 0000000000 a

07 0100010100 3
10 1000001000 2
21 0100000010 2
32 0000100100 2
43 1011010010 5
54 0000000001 1
65 0000000000 a
76 0001001001 3

Matching output
0 absent
1 absent
2 absent
3 absent
4 absent
5 absent
6 absent
7 absent

Left
none
Best: none

Right
none
Best: none

OR-NOT
01 0111110111 8
12 1011111101 8
23 1111011011 8
34 0100101101 5
45 1111111110 9
56 1111111111 a
67 1110110110 7
70 1011101011 7

02 1111110111 9
13 1011111111 9
24 0100011011 5
35 1110101100 6
46 1111111111 a
57 1111111111 a
60 1011111010 7
71 0111101011 7

03 1111110111 9
14 1000111101 6
25 1110011111 8
36 1111101101 8
47 1111111110 9
50 1111111011 9
61 0111110010 6
72 1011101111 8

04 0100110111 6
15 1010111101 7
26 1111011111 9
37 1110111100 7
40 1111111110 9
51 0111111011 8
62 1011110110 7
73 1011111011 8

05 1110110111 8
16 1111111101 9 match 7
27 1110011111 8
30 1111101100 7
41 1111111110 9
52 1111111111 a
63 1011110011 7
74 0001101011 5

06 1111111111 a
17 1110111101 8
20 1111011011 8
31 0111101110 7
42 1111111110 9
53 1111111011 9
64 0000110011 4 match 5
75 1011101111 8

07 1110110111 8
10 1011111101 8
21 0111011011 7
32 1111101100 7
43 1111111111 a
54 0101111011 7
65 1010110110 6
76 1111101111 9

Matching output
0 absent
1 absent
2 absent
3 absent
4 absent
5 64
6 absent
7 16

Left
none
Best: none

Right
16 05x
Best: OR-NOT16: 1

XOR-NOT
01 0011110101 6
12 0011011001 5
23 1111001000 5
34 0100101101 5
45 0101111010 6
56 1010110110 6
67 1110100110 6
70 1010100011 5

02 1111010011 7 match 1
13 0011101110 6 match 2
24 0100011010 4 match 3
35 1110101000 5 match 4
46 0000110011 4 match 5
57 1011101111 8
60 1011111010 7
71 0110101001 5 match 0

03 1111100100 6
14 1000111100 5
25 1110011111 8
36 1011100001 5
47 0001101010 4
50 1110110011 7
61 0111110000 5
72 1010001111 6

04 0100110110 5
15 0010111001 5
26 1011010110 6
37 1010111000 5
40 0100110110 5
51 0010111001 5
62 1011010110 6
73 1010111000 5

05 1110110011 7
16 0111110000 5
27 1010001111 6
30 1111100100 6
41 1000111100 5
52 1110011111 8
63 1011100001 5
74 0001101010 4

06 1011111010 7
17 0110101001 5 match 0
20 1111010011 7 match 1
31 0011101110 6 match 2
42 0100011010 4 match 3
53 1110101000 5 match 4
64 0000110011 4 match 5
75 1011101111 8

07 1010100011 5
10 0011110101 6
21 0011011001 5
32 1111001000 5
43 0100101101 5
54 0101111010 6
65 1010110110 6
76 1110100110 6

Matching output
0 71 17
1 02 20
2 13 31
3 24 42
4 35 53
5 46 64
6 absent
7 absent

Left
71 02 13 24 35 46 57x
17 20 31 42 53 64 75x
Best: XOR-NOT71 02 13 24 35 46: 6

Right
none
Best: none

Selecting

Lefts
Identity none
NOT none
Constant none
AND none
OR none
XOR none
AND-NOT none
OR-NOT none
XOR-NOT XOR-NOT71 02 13 24 35 46: 6

Rights
Identity none
NOT none
Constant none
AND none
OR none
XOR none
AND-NOT none
OR-NOT OR-NOT16: 1
XOR-NOT none

Left longest: 6
Right longest: 1

Left winner: Identity no, NOT no, Constant no, AND no, OR no, XOR no, AND-NOT no, OR-NOT no, XOR-NOT yes
Right winner: Identity no, NOT no, Constant no, AND no, OR no, XOR no, AND-NOT no, OR-NOT yes, XOR-NOT no

Best left: XOR-NOT71 02 13 24 35 46: 6
Best right: OR-NOT16: 1

Truncated left: XOR-NOT71 02 13 24 35 46: 6
Truncated right: OR-NOT16: 1

Tentative from right
7 OR-NOT16
6 pending
5 pending
4 pending
3 pending
2 pending
1 pending
0 pending

Tentative
0 XOR-NOT71
1 XOR-NOT02
2 XOR-NOT13
3 XOR-NOT24
4 XOR-NOT35
5 XOR-NOT46
6 pending
7 OR-NOT16

Preferred from left
0 XOR-NOT71
1 XOR-NOT02
2 XOR-NOT13
3 XOR-NOT24
4 XOR-NOT35
5 XOR-NOT46
6 ?57
7 OR-NOT16

Preferred from right
7 OR-NOT16
6 ?57
5 XOR-NOT46
4 XOR-NOT35
3 XOR-NOT24
2 XOR-NOT13
1 XOR-NOT02
0 XOR-NOT71

Preferred
0 XOR-NOT71
1 XOR-NOT02
2 XOR-NOT13
3 XOR-NOT24
4 XOR-NOT35
5 XOR-NOT46
6 ?57 ?75
7 OR-NOT16

Matching
0 XOR-NOT71
1 XOR-NOT02
2 XOR-NOT13
3 XOR-NOT24
4 XOR-NOT35
5 XOR-NOT46
6 ?57 ?75 - Identity absent, NOT absent, Constant absent, AND absent, OR absent, XOR absent, AND-NOT absent, OR-NOT absent, XOR-NOT absent
7 OR-NOT16

Perfect match
Identity no
NOT no
Constant no
AND no
OR no
XOR no
AND-NOT no
OR-NOT no
XOR-NOT no

Matched
0 XOR-NOT71
1 XOR-NOT02
2 XOR-NOT13
3 XOR-NOT24
4 XOR-NOT35
5 XOR-NOT46
6 none
7 OR-NOT16

Selected
0 XOR-NOT71
1 XOR-NOT02
2 XOR-NOT13
3 XOR-NOT24
4 XOR-NOT35
5 XOR-NOT46
6 default 1
7 OR-NOT16

Applying to 10000101
Input
0 1
1 0
2 0
3 0
4 0
5 1
6 0
7 1
Output
0 XOR-NOT71 = XOR(1,NOT(0)) = 0
1 XOR-NOT02 = XOR(1,NOT(0)) = 0
2 XOR-NOT13 = XOR(0,NOT(0)) = 1
3 XOR-NOT24 = XOR(0,NOT(0)) = 1
4 XOR-NOT35 = XOR(0,NOT(1)) = 0
5 XOR-NOT46 = XOR(0,NOT(0)) = 1
6 default 1 = 1
7 OR-NOT16 = OR(0,NOT(0)) = 1

I will now return the answer in \boxed{}
The answer in \boxed{–} is \boxed{00110111}