We need to deduce the transformation by matching the example outputs.
I will put my final answer inside \boxed{}.

Output 0: 00111000
0 0
1 0
2 1
3 1
4 1
5 0
6 0
7 0

Output 1: 00111000
0 0
1 0
2 1
3 1
4 1
5 0
6 0
7 0

Output 2: 00000100
0 0
1 0
2 0
3 0
4 0
5 1
6 0
7 0

Output 3: 00100100
0 0
1 0
2 1
3 0
4 0
5 1
6 0
7 0

Output 4: 00001010
0 0
1 0
2 0
3 0
4 1
5 0
6 1
7 0

Output 5: 00100100
0 0
1 0
2 1
3 0
4 0
5 1
6 0
7 0

Output 6: 00011100
0 0
1 0
2 0
3 1
4 1
5 1
6 0
7 0

Output 7: 00011111
0 0
1 0
2 0
3 1
4 1
5 1
6 1
7 1

Output 8: 00100001
0 0
1 0
2 1
3 0
4 0
5 0
6 0
7 1

Output 9: 00010000
0 0
1 0
2 0
3 1
4 0
5 0
6 0
7 0

Output bit columns (with bitsum as hash)
0 0000000000 a
1 0000000000 a
2 1101010010 5
3 1100001101 5
4 1100101100 5
5 0011011100 5
6 0000100100 2
7 0000000110 2

Input 0: 11100000
0 1
1 1
2 1
3 0
4 0
5 0
6 0
7 0

Input 1: 11100010
0 1
1 1
2 1
3 0
4 0
5 0
6 1
7 0

Input 2: 00010000
0 0
1 0
2 0
3 1
4 0
5 0
6 0
7 0

Input 3: 10010011
0 1
1 0
2 0
3 1
4 0
5 0
6 1
7 1

Input 4: 00101011
0 0
1 0
2 1
3 0
4 1
5 0
6 1
7 1

Input 5: 10010010
0 1
1 0
2 0
3 1
4 0
5 0
6 1
7 0

Input 6: 01110001
0 0
1 1
2 1
3 1
4 0
5 0
6 0
7 1

Input 7: 01111100
0 0
1 1
2 1
3 1
4 1
5 1
6 0
7 0

Input 8: 10000110
0 1
1 0
2 0
3 0
4 0
5 1
6 1
7 0

Input 9: 01000000
0 0
1 1
2 0
3 0
4 0
5 0
6 0
7 0

When matching output
x: not in operator
y: wrong position

Identity
0 1101010010 5 match 2
1 1100001101 5 match 3
2 1100101100 5 match 4
3 0011011100 5 match 5
4 0000100100 2 match 6
5 0000000110 2 match 7
6 0101110010 5
7 0001101000 3

Matching output
0 absent
1 absent
2 0
3 1
4 2
5 3
6 4
7 5

Left
none
Best: none

Right
5 4 3 2 1 0 7x
Best: I5 4 3 2 1 0: 6

NOT
0 0010101101 5
1 0011110010 5
2 0011010011 5
3 1100100011 5
4 1111011011 8
5 1111111001 8
6 1010001101 5
7 1110010111 7

Matching output
0 absent
1 absent
2 absent
3 absent
4 absent
5 absent
6 absent
7 absent

Left
none
Best: none

Right
none
Best: none

Constant
0 0000000000 a match 0 1
1 1111111111 a

Matching output
0 C0
1 C0
2 absent
3 absent
4 absent
5 absent
6 absent
7 absent

Left
0 0
Best: C0 0: 2

Right
none
Best: none

AND
01 10 1100000000 2
12 21 1100001100 4
23 32 0000001100 2
34 43 0000000100 1
45 54 0000000100 1
56 65 0000000010 1
67 76 0001100000 2
70 07 0001000000 1

02 20 1100000000 2
13 31 0000001100 2
24 42 0000100100 2 match 6
35 53 0000000100 1
46 64 0000100000 1
57 75 0000000000 a match 0 1
60 06 0101010010 4
71 17 0000001000 1

03 30 0001010000 2
14 41 0000000100 1
25 52 0000000100 1
36 63 0001010000 2
47 74 0000100000 1
50 05 0000000010 1
61 16 0100000000 1
72 27 0000101000 2

04 40 0000000000 a match 0 1
15 51 0000000100 1
26 62 0100100000 2
37 73 0001001000 2

Matching output
0 57 75 04 40
1 57 75 04 40
2 absent
3 absent
4 absent
5 absent
6 24 42
7 absent

Left
57 60x
75 06x
04 15x
40 51x
Best: AND57: 1

Right
none
Best: none

OR
01 10 1101011111 8
12 21 1100101101 6
23 32 1111111100 8
34 43 0011111100 6
45 54 0000100110 3
56 65 0101110110 6
67 76 0101111010 6
70 07 1101111010 7

02 20 1101111110 8
13 31 1111011101 8
24 42 1100101100 5 match 4
35 53 0011011110 6
46 64 0101110110 6
57 75 0001101110 5
60 06 1101110010 6
71 17 1101101101 7

03 30 1111011110 8
14 41 1100101101 6
25 52 1100101110 6
36 63 0111111110 8
47 74 0001101100 4
50 05 1101010110 6
61 16 1101111111 9
72 27 1101101100 6

04 40 1101110110 7
15 51 1100001111 6
26 62 1101111110 8
37 73 0011111100 6

Matching output
0 absent
1 absent
2 absent
3 absent
4 24 42
5 absent
6 absent
7 absent

Left
none
Best: none

Right
none
Best: none

XOR
01 10 0001011111 6
12 21 0000100001 2
23 32 1111110000 6
34 43 0011111000 5
45 54 0000100010 2
56 65 0101110100 5
67 76 0100011010 4
70 07 1100111010 6

02 20 0001111110 6
13 31 1111010001 6
24 42 1100001000 3
35 53 0011011010 5
46 64 0101010110 5
57 75 0001101110 5
60 06 1000100000 2
71 17 1101100101 6

03 30 1110001110 6
14 41 1100101001 5
25 52 1100101010 5
36 63 0110101110 6
47 74 0001001100 3
50 05 1101010100 5
61 16 1001111111 8
72 27 1101000100 4

04 40 1101110110 7
15 51 1100001011 5
26 62 1001011110 6
37 73 0010110100 4

Matching output
0 absent
1 absent
2 absent
3 absent
4 absent
5 absent
6 absent
7 absent

Left
none
Best: none

Right
none
Best: none

AND-NOT
01 0001010010 3
12 0000000001 1
23 1100100000 3
34 0011011000 4
45 0000100000 1
56 0000000100 1
67 0100010010 3
70 0000101000 2

02 0001010010 3
13 1100000001 3
24 1100001000 3
35 0011011000 4
46 0000000100 1
57 0000000110 2 match 7
60 0000100000 1
71 0001100000 2

03 1100000010 3
14 1100001001 4
25 1100101000 4
36 0010001100 3
47 0000000100 1
50 0000000100 1
61 0001110010 4
72 0001000000 1

04 1101010010 5 match 2
15 1100001001 4
26 1000001100 3
37 0010010100 3
40 0000100100 2 match 6
51 0000000010 1
62 0001010010 3
73 0000100000 1

05 1101010000 4
16 1000001101 4
27 1100000100 3
30 0010001100 3
41 0000100000 1
52 0000000010 1
63 0100100010 3
74 0001001000 2

06 1000000000 1
17 1100000101 4
20 0000101100 3
31 0011010000 3
42 0000000000 a match 0 1
53 0000000010 1
64 0101010010 4
75 0001101000 3

07 1100010010 4
10 0000001101 3
21 0000100000 1
32 0011010000 3
43 0000100000 1
54 0000000010 1
65 0101110000 4
76 0000001000 1

Matching output
0 42
1 42
2 04
3 absent
4 absent
5 absent
6 40
7 57

Left
42 53x
Best: AND-NOT42: 1

Right
57 46x
Best: AND-NOT57: 1

OR-NOT
01 1111110010 7
12 1111011111 9
23 1100101111 7
34 1111011111 9
45 1111111101 9
56 1010001111 6
67 1111110111 9
70 0011101101 6

02 1111010011 7
13 1100101111 7
24 1111111111 a
35 1111111101 9
46 1010101101 6
57 1110010111 7
60 0111111111 9
71 0011111010 6

03 1101110011 7
14 1111011111 9
25 1111111101 9
36 1011011101 7
47 1110110111 8
50 0010101111 6
61 0111110010 6
72 0011111011 7

04 1111011011 8
15 1111111101 9
26 1110101101 7
37 1111011111 9
40 0010101101 5
51 0011110110 6
62 0111110011 7
73 1101101011 7

05 1111111011 9
16 1110001101 6
27 1110111111 9
30 0011111101 7
41 0011110110 6
52 0011010111 6
63 1101110011 7
74 1111111011 9

06 1111011111 9
17 1110011111 8
20 1110101101 7
31 0011111110 7
42 0011110111 7
53 1100100111 6
64 1111111011 9
75 1111111001 8

07 1111010111 8
10 1110101101 7
21 1111111110 9
32 0011011111 7
43 1100100111 6
54 1111011111 9
65 1111111011 9
76 1011101101 7

Matching output
0 absent
1 absent
2 absent
3 absent
4 absent
5 absent
6 absent
7 absent

Left
none
Best: none

Right
none
Best: none

XOR-NOT
01 1110100000 4
12 1111011110 8
23 0000001111 4
34 1100000111 5
45 1111011101 8
56 1010001011 5
67 1011100101 6
70 0011000101 4

02 1110000001 4
13 0000101110 4
24 0011110111 7
35 1100100101 5
46 1010101001 5
57 1110010001 5
60 0111011111 8
71 0010011010 4

03 0001110001 4
14 0011010110 5
25 0011010101 5
36 1001010001 4
47 1110110011 7
50 0010101011 5
61 0110000000 2
72 0010111011 6

04 0010001001 3
15 0011110100 5
26 0110100001 4
37 1101001011 6
40 0010001001 3
51 0011110100 5
62 0110100001 4
73 1101001011 6

05 0010101011 5
16 0110000000 2
27 0010111011 6
30 0001110001 4
41 0011010110 5
52 0011010101 5
63 1001010001 4
74 1110110011 7

06 0111011111 8
17 0010011010 4
20 1110000001 4
31 0000101110 4
42 0011110111 7
53 1100100101 5
64 1010101001 5
75 1110010001 5

07 0011000101 4
10 1110100000 4
21 1111011110 8
32 0000001111 4
43 1100000111 5
54 1111011101 8
65 1010001011 5
76 1011100101 6

Matching output
0 absent
1 absent
2 absent
3 absent
4 absent
5 absent
6 absent
7 absent

Left
none
Best: none

Right
none
Best: none

Selecting

Lefts
Identity none
NOT none
Constant C0 0: 2
AND AND57: 1
OR none
XOR none
AND-NOT AND-NOT42: 1
OR-NOT none
XOR-NOT none

Rights
Identity I5 4 3 2 1 0: 6
NOT none
Constant none
AND none
OR none
XOR none
AND-NOT AND-NOT57: 1
OR-NOT none
XOR-NOT none

Left longest: 2
Right longest: 6

Right winner: Identity yes, NOT no, Constant no, AND no, OR no, XOR no, AND-NOT no, OR-NOT no, XOR-NOT no
Left winner: Identity no, NOT no, Constant yes, AND no, OR no, XOR no, AND-NOT no, OR-NOT no, XOR-NOT no

Best right: I5 4 3 2 1 0: 6
Best left: C0 0: 2

Truncated right: I5 4 3 2 1 0: 6
Truncated left: C0 0: 2

Tentative from right
7 I5
6 I4
5 I3
4 I2
3 I1
2 I0
1 pending
0 pending

Tentative
0 C0
1 C0
2 I0
3 I1
4 I2
5 I3
6 I4
7 I5

Preferred from right
7 I5
6 I4
5 I3
4 I2
3 I1
2 I0
1 C0
0 C0

Preferred from left
0 C0
1 C0
2 I0
3 I1
4 I2
5 I3
6 I4
7 I5

Preferred
0 C0
1 C0
2 I0
3 I1
4 I2
5 I3
6 I4
7 I5

Matching
0 C0
1 C0
2 I0
3 I1
4 I2
5 I3
6 I4
7 I5

Perfect match
Identity no
NOT no
Constant no
AND no
OR no
XOR no
AND-NOT no
OR-NOT no
XOR-NOT no

Matched
0 C0
1 C0
2 I0
3 I1
4 I2
5 I3
6 I4
7 I5

Selected
0 C0
1 C0
2 I0
3 I1
4 I2
5 I3
6 I4
7 I5

Applying to 11001011
Input
0 1
1 1
2 0
3 0
4 1
5 0
6 1
7 1
Output
0 C0 = 0
1 C0 = 0
2 I0 = 1
3 I1 = 1
4 I2 = 0
5 I3 = 0
6 I4 = 1
7 I5 = 0

I will now return the answer in \boxed{}
The answer in \boxed{–} is \boxed{00110010}