We need to deduce the transformation by matching the example outputs.
I will put my final answer inside \boxed{}.

Output 0: 01010010
0 0
1 1
2 0
3 1
4 0
5 0
6 1
7 0

Output 1: 10001111
0 1
1 0
2 0
3 0
4 1
5 1
6 1
7 1

Output 2: 00010000
0 0
1 0
2 0
3 1
4 0
5 0
6 0
7 0

Output 3: 10000000
0 1
1 0
2 0
3 0
4 0
5 0
6 0
7 0

Output 4: 01110111
0 0
1 1
2 1
3 1
4 0
5 1
6 1
7 1

Output 5: 11011011
0 1
1 1
2 0
3 1
4 1
5 0
6 1
7 1

Output 6: 11000110
0 1
1 1
2 0
3 0
4 0
5 1
6 1
7 0

Output 7: 00111010
0 0
1 0
2 1
3 1
4 1
5 0
6 1
7 0

Output bit columns (with bitsum as hash)
0 01010110 4
1 10001110 4
2 00001001 2
3 10101101 5
4 01000101 3
5 01001010 3
6 11001111 6
7 01001100 3

Input 0: 01001010
0 0
1 1
2 0
3 0
4 1
5 0
6 1
7 0

Input 1: 11110001
0 1
1 1
2 1
3 1
4 0
5 0
6 0
7 1

Input 2: 00000010
0 0
1 0
2 0
3 0
4 0
5 0
6 1
7 0

Input 3: 00010000
0 0
1 0
2 0
3 1
4 0
5 0
6 0
7 0

Input 4: 11101110
0 1
1 1
2 1
3 0
4 1
5 1
6 1
7 0

Input 5: 01111011
0 0
1 1
2 1
3 1
4 1
5 0
6 1
7 1

Input 6: 11011000
0 1
1 1
2 0
3 1
4 1
5 0
6 0
7 0

Input 7: 01000111
0 0
1 1
2 0
3 0
4 0
5 1
6 1
7 1

When matching output
x: not in operator
y: wrong position

Identity
0 01001010 3 match 5
1 11001111 6 match 6
2 01001100 3 match 7
3 01010110 4 match 0
4 10001110 4 match 1
5 00001001 2 match 2
6 10101101 5 match 3
7 01000101 3 match 4

Matching output
0 3
1 4
2 5
3 6
4 7
5 0
6 1
7 2

Left
3 4 5 6 7 0 1 2
Best: I3 4 5 6 7 0 1 2: 8

Right
2 1 0 7 6 5 4 3
Best: I2 1 0 7 6 5 4 3: 8

NOT
0 10110101 5
1 00110000 2
2 10110011 5
3 10101001 4
4 01110001 4
5 11110110 6
6 01010010 3
7 10111010 5

Matching output
0 absent
1 absent
2 absent
3 absent
4 absent
5 absent
6 absent
7 absent

Left
none
Best: none

Right
none
Best: none

Constant
0 00000000 a
1 11111111 a

Matching output
0 absent
1 absent
2 absent
3 absent
4 absent
5 absent
6 absent
7 absent

Left
none
Best: none

Right
none
Best: none

AND
01 10 01001010 3 match 5
12 21 01001100 3 match 7
23 32 01000100 2
34 43 00000110 2
45 54 00001000 1
56 65 00001001 2 match 2
67 76 00000101 2
70 07 01000000 1

02 20 01001000 2
13 31 01000110 3
24 42 00001100 2
35 53 00000000 a
46 64 10001100 3
57 75 00000001 1
60 06 00001000 1
71 17 01000101 3 match 4

03 30 01000010 2
14 41 10001110 4 match 1
25 52 00001000 1
36 63 00000100 1
47 74 00000100 1
50 05 00001000 1
61 16 10001101 4
72 27 01000100 2

04 40 00001010 2
15 51 00001001 2 match 2
26 62 00001100 2
37 73 01000100 2

Matching output
0 absent
1 14 41
2 56 65 15 51
3 absent
4 71 17
5 01 10
6 absent
7 12 21

Left
none
Best: none

Right
12 01y
21 10y
Best: AND12: 1

OR
01 10 11001111 6 match 6
12 21 11001111 6 match 6
23 32 01011110 5
34 43 11011110 6
45 54 10001111 5
56 65 10101101 5 match 3
67 76 11101101 6
70 07 01001111 5

02 20 01001110 4
13 31 11011111 7
24 42 11001110 5
35 53 01011111 6
46 64 10101111 6
57 75 01001101 4
60 06 11101111 7
71 17 11001111 6 match 6

03 30 01011110 5
14 41 11001111 6 match 6
25 52 01001101 4
36 63 11111111 a
47 74 11001111 6 match 6
50 05 01001011 4
61 16 11101111 7
72 27 01001101 4

04 40 11001110 5
15 51 11001111 6 match 6
26 62 11101101 6
37 73 01010111 5

Matching output
0 absent
1 absent
2 absent
3 56 65
4 absent
5 absent
6 01 10 12 21 71 17 14 41 47 74 15 51
7 absent

Left
none
Best: none

Right
none
Best: none

XOR
01 10 10000101 3
12 21 10000011 3
23 32 00011010 3
34 43 11011000 4
45 54 10000111 4
56 65 10100100 3
67 76 11101000 4
70 07 00001111 4

02 20 00000110 2
13 31 10011001 4
24 42 11000010 3
35 53 01011111 6
46 64 00100011 3
57 75 01001100 3 match 7
60 06 11100111 6
71 17 10001010 3

03 30 00011100 3
14 41 01000001 2
25 52 01000101 3 match 4
36 63 11111011 7
47 74 11001011 5
50 05 01000011 3
61 16 01100010 3
72 27 00001001 2 match 2

04 40 11000100 3
15 51 11000110 4
26 62 11100001 4
37 73 00010011 3

Matching output
0 absent
1 absent
2 72 27
3 absent
4 25 52
5 absent
6 absent
7 57 75

Left
none
Best: none

Right
57 46x
75 64x
Best: XOR57: 1

AND-NOT
01 00000000 a
12 10000011 3
23 00001000 1
34 01010000 2
45 10000110 3
56 00000000 a
67 10101000 3
70 00000101 2

02 00000010 1
13 10001001 3
24 01000000 1
35 01010110 4 match 0
46 00000010 1
57 00001000 1
60 10100101 4
71 00000000 a

03 00001000 1
14 01000001 2
25 01000100 2
36 01010010 3
47 10001010 3
50 00000001 1
61 00100000 1
72 00000001 1

04 01000000 1
15 11000110 4
26 01000000 1
37 00010010 2
40 10000100 2
51 00000000 a
62 10100001 3
73 00000001 1

05 01000010 2
16 01000010 2
27 00001000 1
30 00010100 2
41 00000000 a
52 00000001 1
63 10101001 4
74 01000001 2

06 01000010 2
17 10001010 3
20 00000100 1
31 00010000 1
42 10000010 2
53 00001001 2 match 2
64 00100001 2
75 01000100 2

07 00001010 2
10 10000101 3
21 00000000 a
32 00010010 2
43 10001000 2
54 00000001 1
65 10100100 3
76 01000000 1

Matching output
0 35
1 absent
2 53
3 absent
4 absent
5 absent
6 absent
7 absent

Left
35 46x
Best: AND-NOT35: 1

Right
none
Best: none

OR-NOT
01 01111010 5
12 11111111 a
23 11101101 6
34 01110111 6
45 11111110 7
56 01011011 5
67 10111111 7
70 11110101 6

02 11111011 7
13 11101111 7
24 01111101 6
35 11110110 6
46 11011110 6
57 10111011 6
60 10111101 6
71 01110101 5

03 11101011 6
14 11111111 a
25 11111110 7
36 01010110 4 match 0
47 10111110 6
50 10111101 6
61 10111101 6
72 11110111 7

04 01111011 6
15 11111111 a
26 01011110 5
37 11111110 7
40 10111111 7
51 00111001 4
62 10111111 7
73 11101101 6

05 11111110 7
16 11011111 7
27 11111110 7
30 11110111 7
41 10111110 6
52 10111011 6
63 10101101 5 match 3
74 01110101 5

06 01011010 4
17 11111111 a
20 11111101 7
31 01110110 5
42 10111111 7
53 10101001 4
64 11111101 7
75 11110111 7

07 11111010 6
10 11111111 a
21 01111100 5
32 11110111 7
43 10101111 6
54 01111001 5
65 11111111 a
76 01010111 5

Matching output
0 36
1 absent
2 absent
3 63
4 absent
5 absent
6 absent
7 absent

Left
36 47x
Best: OR-NOT36: 1

Right
none
Best: none

XOR-NOT
01 01111010 5
12 01111100 5
23 11100101 5
34 00100111 4
45 01111000 4
56 01011011 5
67 00010111 4
70 11110000 4

02 11111001 6
13 01100110 4
24 00111101 5
35 10100000 2
46 11011100 5
57 10110011 5
60 00011000 2
71 01110101 5

03 11100011 5
14 10111110 6
25 10111010 5
36 00000100 1
47 00110100 3
50 10111100 5
61 10011101 5
72 11110110 6

04 00111011 5
15 00111001 4
26 00011110 4
37 11101100 5
40 00111011 5
51 00111001 4
62 00011110 4
73 11101100 5

05 10111100 5
16 10011101 5
27 11110110 6
30 11100011 5
41 10111110 6
52 10111010 5
63 00000100 1
74 00110100 3

06 00011000 2
17 01110101 5
20 11111001 6
31 01100110 4
42 00111101 5
53 10100000 2
64 11011100 5
75 10110011 5

07 11110000 4
10 01111010 5
21 01111100 5
32 11100101 5
43 00100111 4
54 01111000 4
65 01011011 5
76 00010111 4

Matching output
0 absent
1 absent
2 absent
3 absent
4 absent
5 absent
6 absent
7 absent

Left
none
Best: none

Right
none
Best: none

Selecting

Lefts
Identity I3 4 5 6 7 0 1 2: 8
NOT none
Constant none
AND none
OR none
XOR none
AND-NOT AND-NOT35: 1
OR-NOT OR-NOT36: 1
XOR-NOT none

Rights
Identity I2 1 0 7 6 5 4 3: 8
NOT none
Constant none
AND AND12: 1
OR none
XOR XOR57: 1
AND-NOT none
OR-NOT none
XOR-NOT none

Left longest: 8
Right longest: 8

Left winner: Identity yes, NOT no, Constant no, AND no, OR no, XOR no, AND-NOT no, OR-NOT no, XOR-NOT no
Right winner: Identity yes, NOT no, Constant no, AND no, OR no, XOR no, AND-NOT no, OR-NOT no, XOR-NOT no

Best left: I3 4 5 6 7 0 1 2: 8
Best right: I2 1 0 7 6 5 4 3: 8

Truncated left: I3 4 5 6 7 0 1 2: 8
Truncated right: none truncated

Tentative from right
7 pending
6 pending
5 pending
4 pending
3 pending
2 pending
1 pending
0 pending

Tentative
0 I3
1 I4
2 I5
3 I6
4 I7
5 I0
6 I1
7 I2

Preferred from left
0 I3
1 I4
2 I5
3 I6
4 I7
5 I0
6 I1
7 I2

Preferred from right
7 I2
6 I1
5 I0
4 I7
3 I6
2 I5
1 I4
0 I3

Preferred
0 I3
1 I4
2 I5
3 I6
4 I7
5 I0
6 I1
7 I2

Matching
0 I3
1 I4
2 I5
3 I6
4 I7
5 I0
6 I1
7 I2

Perfect match
Identity no
NOT no
Constant no
AND no
OR no
XOR no
AND-NOT no
OR-NOT no
XOR-NOT no

Matched
0 I3
1 I4
2 I5
3 I6
4 I7
5 I0
6 I1
7 I2

Selected
0 I3
1 I4
2 I5
3 I6
4 I7
5 I0
6 I1
7 I2

Applying to 00001001
Input
0 0
1 0
2 0
3 0
4 1
5 0
6 0
7 1
Output
0 I3 = 0
1 I4 = 1
2 I5 = 0
3 I6 = 0
4 I7 = 1
5 I0 = 0
6 I1 = 0
7 I2 = 0

I will now return the answer in \boxed{}
The answer in \boxed{–} is \boxed{01001000}