We need to deduce the transformation by matching the example outputs.
I will put my final answer inside \boxed{}.

Output 0: 00000111
0 0
1 0
2 0
3 0
4 0
5 1
6 1
7 1

Output 1: 11001011
0 1
1 1
2 0
3 0
4 1
5 0
6 1
7 1

Output 2: 00011110
0 0
1 0
2 0
3 1
4 1
5 1
6 1
7 0

Output 3: 11101111
0 1
1 1
2 1
3 0
4 1
5 1
6 1
7 1

Output 4: 00101001
0 0
1 0
2 1
3 0
4 1
5 0
6 0
7 1

Output 5: 11011111
0 1
1 1
2 0
3 1
4 1
5 1
6 1
7 1

Output 6: 00110111
0 0
1 0
2 1
3 1
4 0
5 1
6 1
7 1

Output bit columns (with bitsum as hash)
0 0101010 3
1 0101010 3
2 0001101 3
3 0010011 3
4 0111110 5
5 1011011 5
6 1111011 6
7 1101111 6

Input 0: 11100000
0 1
1 1
2 1
3 0
4 0
5 0
6 0
7 0

Input 1: 01111001
0 0
1 1
2 1
3 1
4 1
5 0
6 0
7 1

Input 2: 10000011
0 1
1 0
2 0
3 0
4 0
5 0
6 1
7 1

Input 3: 10111101
0 1
1 0
2 1
3 1
4 1
5 1
6 0
7 1

Input 4: 00100101
0 0
1 0
2 1
3 0
4 0
5 1
6 0
7 1

Input 5: 11111011
0 1
1 1
2 1
3 1
4 1
5 0
6 1
7 1

Input 6: 10100110
0 1
1 0
2 1
3 0
4 0
5 1
6 1
7 0

When matching output
x: not in operator
y: wrong position

Identity
0 1011011 5 match 5
1 1100010 3
2 1101111 6 match 7
3 0101010 3 match 0 1
4 0101010 3 match 0 1
5 0001101 3 match 2
6 0010011 3 match 3
7 0111110 5 match 4

Matching output
0 3 4
1 3 4
2 5
3 6
4 7
5 0
6 absent
7 2

Left
3 4 5 6 7 0 1x
4 5y
Best: I3 4 5 6 7 0: 6

Right
2 1x
Best: I2: 1

NOT
0 0100100 2
1 0011101 4
2 0010000 1
3 1010101 4
4 1010101 4
5 1110010 4
6 1101100 4
7 1000001 2

Matching output
0 absent
1 absent
2 absent
3 absent
4 absent
5 absent
6 absent
7 absent

Left
none
Best: none

Right
none
Best: none

Constant
0 0000000 a
1 1111111 a

Matching output
0 absent
1 absent
2 absent
3 absent
4 absent
5 absent
6 absent
7 absent

Left
none
Best: none

Right
none
Best: none

AND
01 10 1000010 2
12 21 1100010 3
23 32 0101010 3 match 0 1
34 43 0101010 3 match 0 1
45 54 0001000 1
56 65 0000001 1
67 76 0010010 2
70 07 0011010 3

02 20 1001011 4
13 31 0100010 2
24 42 0101010 3 match 0 1
35 53 0001000 1
46 64 0000010 1
57 75 0001100 2
60 06 0010011 3 match 3
71 17 0100010 2

03 30 0001010 2
14 41 0100010 2
25 52 0001101 3 match 2
36 63 0000010 1
47 74 0101010 3 match 0 1
50 05 0001001 2
61 16 0000010 1
72 27 0101110 4

04 40 0001010 2
15 51 0000000 a
26 62 0000011 2
37 73 0101010 3 match 0 1

Matching output
0 23 32 34 43 24 42 47 74 37 73
1 23 32 34 43 24 42 47 74 37 73
2 25 52
3 60 06
4 absent
5 absent
6 absent
7 absent

Left
23 34 45x
32 43 54x
34 45x
43 54x
24 35x
42 53x
47 50x
74 05x
37 40x
73 04x
Best: AND23 34: 2

Right
none
Best: none

OR
01 10 1111011 6 match 6
12 21 1101111 6 match 7
23 32 1101111 6 match 7
34 43 0101010 3 match 0 1
45 54 0101111 5
56 65 0011111 5
67 76 0111111 6
70 07 1111111 a

02 20 1111111 a
13 31 1101010 4
24 42 1101111 6 match 7
35 53 0101111 5
46 64 0111011 5
57 75 0111111 6
60 06 1011011 5 match 5
71 17 1111110 6

03 30 1111011 6 match 6
14 41 1101010 4
25 52 1101111 6 match 7
36 63 0111011 5
47 74 0111110 5 match 4
50 05 1011111 6
61 16 1110011 5
72 27 1111111 a

04 40 1111011 6 match 6
15 51 1101111 6 match 7
26 62 1111111 a
37 73 0111110 5 match 4

Matching output
0 34 43
1 34 43
2 absent
3 absent
4 47 74 37 73
5 60 06
6 01 10 03 30 04 40
7 12 21 23 32 24 42 25 52 15 51

Left
34 45x
43 54x
Best: OR34: 1

Right
12 01 70x
21 10 07x
23 12y
32 21y
24 13x
42 31x
25 14x
52 41x
15 04 73y
51 40 37y
Best: OR12 01: 2

XOR
01 10 0111001 4
12 21 0001101 3 match 2
23 32 1000101 3
34 43 0000000 a
45 54 0100111 4
56 65 0011110 4
67 76 0101101 4
70 07 1100101 4

02 20 0110100 3
13 31 1001000 2
24 42 1000101 3
35 53 0100111 4
46 64 0111001 4
57 75 0110011 4
60 06 1001000 2
71 17 1011100 4

03 30 1110001 4
14 41 1001000 2
25 52 1100010 3
36 63 0111001 4
47 74 0010100 2
50 05 1010110 4
61 16 1110001 4
72 27 1010001 3

04 40 1110001 4
15 51 1101111 6 match 7
26 62 1111100 5
37 73 0010100 2

Matching output
0 absent
1 absent
2 12 21
3 absent
4 absent
5 absent
6 absent
7 15 51

Left
none
Best: none

Right
15 04x
51 40x
Best: XOR15: 1

AND-NOT
01 0011001 3
12 0000000 a
23 1000101 3
34 0000000 a
45 0100010 2
56 0001100 2
67 0000001 1
70 0100100 2

02 0010000 1
13 1000000 1
24 1000101 3
35 0100010 2
46 0101000 2
57 0000001 1
60 0000000 a
71 0011100 3

03 1010001 3
14 1000000 1
25 1100010 3
36 0101000 2
47 0000000 a
50 0000100 1
61 0010001 2
72 0010000 1

04 1010001 3
15 1100010 3
26 1101100 4
37 0000000 a
40 0100000 1
51 0001101 3 match 2
62 0010000 1
73 0010100 2

05 1010010 3
16 1100000 2
27 1000001 2
30 0100000 1
41 0001000 1
52 0000000 a
63 0010001 2
74 0010100 2

06 1001000 2
17 1000000 1
20 0100100 2
31 0001000 1
42 0000000 a
53 0000101 2
64 0010001 2
75 0110010 3

07 1000001 2
10 0100000 1
21 0001101 3 match 2
32 0000000 a
43 0000000 a
54 0000101 2
65 0010010 2
76 0101100 3

Matching output
0 absent
1 absent
2 51 21
3 absent
4 absent
5 absent
6 absent
7 absent

Left
none
Best: none

Right
none
Best: none

OR-NOT
01 1011111 6
12 1110010 4
23 1111111 a
34 1111111 a
45 1111010 5
56 1101101 5
67 1010011 4
70 0111110 5 match 4

02 1011011 5 match 5
13 1110111 6
24 1111111 a
35 1111010 5
46 1101110 5
57 1001101 4
60 0110111 5
71 0111111 6

03 1011111 6
14 1110111 6
25 1111111 a
36 1101110 5
47 1101011 5
50 0101101 4
61 0011111 5
72 0111110 5 match 4

04 1011111 6
15 1110010 4
26 1101111 6 match 7
37 1101011 5
40 0101110 4
51 0011101 4
62 0010011 3 match 3
73 1111111 a

05 1111011 6 match 6
16 1101110 5
27 1101111 6 match 7
30 0101110 4
41 0111111 6
52 0011101 4
63 1010111 5
74 1111111 a

06 1111111 a
17 1100011 4
20 1101111 6 match 7
31 0111111 6
42 0111010 4
53 1011101 5
64 1010111 5
75 1111110 6

07 1011011 5 match 5
10 1100110 4
21 1111111 a
32 0111010 4
43 1111111 a
54 1011101 5
65 1110011 5
76 1111110 6

Matching output
0 absent
1 absent
2 absent
3 62
4 70 72
5 02 07
6 05
7 26 27 20

Left
none
Best: none

Right
26 15x
27 16x
20 17x
Best: OR-NOT26: 1

XOR-NOT
01 1000110 3
12 1110010 4
23 0111010 4
34 1111111 a
45 1011000 3
56 1100001 3
67 1010010 3
70 0011010 3

02 1001011 4
13 0110111 5
24 0111010 4
35 1011000 3
46 1000110 3
57 1001100 3
60 0110111 5
71 0100011 3

03 0001110 3
14 0110111 5
25 0011101 4
36 1000110 3
47 1101011 5
50 0101001 3
61 0001110 3
72 0101110 4

04 0001110 3
15 0010000 1
26 0000011 2
37 1101011 5
40 0001110 3
51 0010000 1
62 0000011 2
73 1101011 5

05 0101001 3
16 0001110 3
27 0101110 4
30 0001110 3
41 0110111 5
52 0011101 4
63 1000110 3
74 1101011 5

06 0110111 5
17 0100011 3
20 1001011 4
31 0110111 5
42 0111010 4
53 1011000 3
64 1000110 3
75 1001100 3

07 0011010 3
10 1000110 3
21 1110010 4
32 0111010 4
43 1111111 a
54 1011000 3
65 1100001 3
76 1010010 3

Matching output
0 absent
1 absent
2 absent
3 absent
4 absent
5 absent
6 absent
7 absent

Left
none
Best: none

Right
none
Best: none

Selecting

Lefts
Identity I3 4 5 6 7 0: 6
NOT none
Constant none
AND AND23 34: 2
OR OR34: 1
XOR none
AND-NOT none
OR-NOT none
XOR-NOT none

Rights
Identity I2: 1
NOT none
Constant none
AND none
OR OR12 01: 2
XOR XOR15: 1
AND-NOT none
OR-NOT OR-NOT26: 1
XOR-NOT none

Left longest: 6
Right longest: 2

Left winner: Identity yes, NOT no, Constant no, AND no, OR no, XOR no, AND-NOT no, OR-NOT no, XOR-NOT no
Right winner: Identity no, NOT no, Constant no, AND no, OR yes, XOR no, AND-NOT no, OR-NOT no, XOR-NOT no

Best left: I3 4 5 6 7 0: 6
Best right: OR12 01: 2

Truncated left: I3 4 5 6 7 0: 6
Truncated right: OR12 01: 2

Tentative from right
7 OR12
6 OR01
5 pending
4 pending
3 pending
2 pending
1 pending
0 pending

Tentative
0 I3
1 I4
2 I5
3 I6
4 I7
5 I0
6 OR01
7 OR12

Preferred from left
0 I3
1 I4
2 I5
3 I6
4 I7
5 I0
6 OR01
7 OR12

Preferred from right
7 OR12
6 OR01
5 I0
4 I7
3 I6
2 I5
1 I4
0 I3

Preferred
0 I3
1 I4
2 I5
3 I6
4 I7
5 I0
6 OR01
7 OR12

Matching
0 I3
1 I4
2 I5
3 I6
4 I7
5 I0
6 OR01
7 OR12

Perfect match
Identity no
NOT no
Constant no
AND no
OR no
XOR no
AND-NOT no
OR-NOT no
XOR-NOT no

Matched
0 I3
1 I4
2 I5
3 I6
4 I7
5 I0
6 OR01
7 OR12

Selected
0 I3
1 I4
2 I5
3 I6
4 I7
5 I0
6 OR01
7 OR12

Applying to 01000111
Input
0 0
1 1
2 0
3 0
4 0
5 1
6 1
7 1
Output
0 I3 = 0
1 I4 = 0
2 I5 = 1
3 I6 = 1
4 I7 = 1
5 I0 = 0
6 OR01 = OR(0,1) = 1
7 OR12 = OR(1,0) = 1

I will now return the answer in \boxed{}
The answer in \boxed{–} is \boxed{00111011}