We need to deduce the transformation by matching the example outputs.
I will put my final answer inside \boxed{}.

Output 0: 00000000
0 0
1 0
2 0
3 0
4 0
5 0
6 0
7 0

Output 1: 00000000
0 0
1 0
2 0
3 0
4 0
5 0
6 0
7 0

Output 2: 10000000
0 1
1 0
2 0
3 0
4 0
5 0
6 0
7 0

Output 3: 10100000
0 1
1 0
2 1
3 0
4 0
5 0
6 0
7 0

Output 4: 00000000
0 0
1 0
2 0
3 0
4 0
5 0
6 0
7 0

Output 5: 00000000
0 0
1 0
2 0
3 0
4 0
5 0
6 0
7 0

Output 6: 01000000
0 0
1 1
2 0
3 0
4 0
5 0
6 0
7 0

Output 7: 00100000
0 0
1 0
2 1
3 0
4 0
5 0
6 0
7 0

Output 8: 00000000
0 0
1 0
2 0
3 0
4 0
5 0
6 0
7 0

Output bit columns (with bitsum as hash)
0 001100000 2
1 000000100 1
2 000100010 2
3 000000000 a
4 000000000 a
5 000000000 a
6 000000000 a
7 000000000 a

Input 0: 11101000
0 1
1 1
2 1
3 0
4 1
5 0
6 0
7 0

Input 1: 00010010
0 0
1 0
2 0
3 1
4 0
5 0
6 1
7 0

Input 2: 01101101
0 0
1 1
2 1
3 0
4 1
5 1
6 0
7 1

Input 3: 01010101
0 0
1 1
2 0
3 1
4 0
5 1
6 0
7 1

Input 4: 10000001
0 1
1 0
2 0
3 0
4 0
5 0
6 0
7 1

Input 5: 10100001
0 1
1 0
2 1
3 0
4 0
5 0
6 0
7 1

Input 6: 00100010
0 0
1 0
2 1
3 0
4 0
5 0
6 1
7 0

Input 7: 10011001
0 1
1 0
2 0
3 1
4 1
5 0
6 0
7 1

Input 8: 00011100
0 0
1 0
2 0
3 1
4 1
5 1
6 0
7 0

When matching output
x: not in operator
y: wrong position

Identity
0 100011010 4
1 101100000 3
2 101001100 4
3 010100011 4
4 101000011 4
5 001100001 3
6 010000100 2
7 001111010 5

Matching output
0 absent
1 absent
2 absent
3 absent
4 absent
5 absent
6 absent
7 absent

Left
none
Best: none

Right
none
Best: none

NOT
0 011100101 5
1 010011111 6
2 010110011 5
3 101011100 5
4 010111100 5
5 110011110 6
6 101111011 7
7 110000101 4

Matching output
0 absent
1 absent
2 absent
3 absent
4 absent
5 absent
6 absent
7 absent

Left
none
Best: none

Right
none
Best: none

Constant
0 000000000 a match 3 4 5 6 7
1 111111111 a

Matching output
0 absent
1 absent
2 absent
3 C0
4 C0
5 C0
6 C0
7 C0

Left
none
Best: none

Right
0 0 0 0 0
Best: C0 0 0 0 0: 5

AND
01 10 100000000 1
12 21 101000000 2
23 32 000000000 a match 3 4 5 6 7
34 43 000000011 2
45 54 001000001 2
56 65 000000000 a match 3 4 5 6 7
67 76 000000000 a match 3 4 5 6 7
70 07 000011010 3

02 20 100001000 2
13 31 000100000 1
24 42 101000000 2
35 53 000100001 2
46 64 000000000 a match 3 4 5 6 7
57 75 001100000 2 match 0
60 06 000000000 a match 3 4 5 6 7
71 17 001100000 2 match 0

03 30 000000010 1
14 41 101000000 2
25 52 001000000 1
36 63 010000000 1
47 74 001000010 2
50 05 000000000 a match 3 4 5 6 7
61 16 000000000 a match 3 4 5 6 7
72 27 001001000 2

04 40 100000010 2
15 51 001100000 2 match 0
26 62 000000100 1 match 1
37 73 000100010 2 match 2

Matching output
0 57 75 71 17 15 51
1 26 62
2 37 73
3 23 32 56 65 67 76 46 64 60 06 50 05 61 16
4 23 32 56 65 67 76 46 64 60 06 50 05 61 16
5 23 32 56 65 67 76 46 64 60 06 50 05 61 16
6 23 32 56 65 67 76 46 64 60 06 50 05 61 16
7 23 32 56 65 67 76 46 64 60 06 50 05 61 16

Left
57 60y
75 06y
71 02x
17 20x
15 26 37 40x
51 62 73 04x
Best: AND15 26 37: 3

Right
23 12x
32 21x
56 45x
65 54x
67 56 45x
76 65 54x
46 35x
64 53x
60 57y
06 75y
50 47x
05 74x
61 50 47x
16 05 74x
Best: AND67 56: 2

OR
01 10 101111010 6
12 21 101101100 5
23 32 111101111 8
34 43 111100011 6
45 54 101100011 5
56 65 011100101 5
67 76 011111110 7
70 07 101111010 6

02 20 101011110 6
13 31 111100011 6
24 42 101001111 6
35 53 011100011 5
46 64 111000111 6
57 75 001111011 6
60 06 110011110 6
71 17 101111010 6

03 30 110111011 7
14 41 101100011 5
25 52 101101101 6
36 63 010100111 5
47 74 101111011 7
50 05 101111011 7
61 16 111100100 5
72 27 101111110 7

04 40 101011011 6
15 51 101100001 4
26 62 111001100 5
37 73 011111011 7

Matching output
0 absent
1 absent
2 absent
3 absent
4 absent
5 absent
6 absent
7 absent

Left
none
Best: none

Right
none
Best: none

XOR
01 10 001111010 5
12 21 000101100 3
23 32 111101111 8
34 43 111100000 4
45 54 100100010 3
56 65 011100101 5
67 76 011111110 7
70 07 101100000 3

02 20 001010110 4
13 31 111000011 5
24 42 000001111 4
35 53 011000010 3
46 64 111000111 6
57 75 000011011 4
60 06 110011110 6
71 17 100011010 4

03 30 110111001 6
14 41 000100011 3
25 52 100101101 5
36 63 000100111 4
47 74 100111001 5
50 05 101111011 7
61 16 111100100 5
72 27 100110110 5

04 40 001011001 4
15 51 100000001 2
26 62 111001000 4
37 73 011011001 5

Matching output
0 absent
1 absent
2 absent
3 absent
4 absent
5 absent
6 absent
7 absent

Left
none
Best: none

Right
none
Best: none

AND-NOT
01 000011010 3
12 000100000 1
23 101001100 4
34 010100000 2
45 100000010 2
56 001100001 3
67 010000100 2
70 001100000 2 match 0

02 000010010 2
13 101000000 2
24 000001100 2
35 010000010 2
46 101000011 4
57 000000001 1
60 010000100 2
71 000011010 3

03 100011000 3
14 000100000 1
25 100001100 3
36 000100011 3
47 100000001 2
50 001100001 3
61 010000100 2
72 000110010 3

04 000011000 2
15 100000000 1
26 101001000 3
37 010000001 2
40 001000001 2
51 000000001 1
62 010000000 1
73 001011000 3

05 100011010 4
16 101100000 3
27 100000100 2
30 010100001 3
41 000000011 2
52 000100001 2
63 000000100 1 match 1
74 000111000 3

06 100011010 4
17 100000000 1
20 001000100 2
31 010000011 3
42 000000011 2
53 001000000 1
64 010000100 2
75 000011010 3

07 100000000 1
10 001100000 2 match 0
21 000001100 2
32 010100011 4
43 101000000 2
54 000100000 1
65 010000100 2
76 001111010 5

Matching output
0 70 10
1 63
2 absent
3 absent
4 absent
5 absent
6 absent
7 absent

Left
70 01x
10 21x
Best: AND-NOT70: 1

Right
none
Best: none

OR-NOT
01 110011111 7
12 111110011 7
23 101011100 5
34 010111111 7
45 111011111 8
56 101111011 7
67 110000101 4
70 011111111 8

02 110111011 7
13 101111100 6
24 111111100 7
35 110111111 8
46 101111011 7
57 111100101 6
60 011100101 5
71 011111111 8

03 101011110 6
14 111111100 7
25 111011110 7
36 111111011 8
47 111000111 6
50 011100101 5
61 010011111 6
72 011111011 7

04 110111110 7
15 111111110 8
26 101111111 8
37 110100111 6
40 111100111 7
51 011111111 8
62 010110111 6
73 101111110 7

05 110011110 6
16 101111011 7
27 111001101 6
30 011100111 6
41 111011111 8
52 011110011 6
63 111011100 6
74 011111110 7

06 101111011 7
17 111100101 6
20 111101101 7
31 010111111 7
42 111110011 7
53 101111101 7
64 010111100 5
75 111111110 8

07 110011111 7
10 111100101 6
21 111011111 8
32 010110011 5
43 101011111 7
54 011111101 7
65 110011110 6
76 101111011 7

Matching output
0 absent
1 absent
2 absent
3 absent
4 absent
5 absent
6 absent
7 absent

Left
none
Best: none

Right
none
Best: none

XOR-NOT
01 110000101 4
12 111010011 6
23 000010000 1
34 000011111 5
45 011011101 6
56 100011010 4
67 100000001 2
70 010011111 6

02 110101001 5
13 000111100 4
24 111110000 5
35 100111101 6
46 000111000 3
57 111100100 5
60 001100001 3
71 011100101 5

03 001000110 3
14 111011100 6
25 011010010 4
36 111011000 5
47 011000110 4
50 010000100 2
61 000011011 4
72 011001001 4

04 110100110 5
15 011111110 7
26 000110111 5
37 100100110 4
40 110100110 5
51 011111110 7
62 000110111 5
73 100100110 4

05 010000100 2
16 000011011 4
27 011001001 4
30 001000110 3
41 111011100 6
52 011010010 4
63 111011000 5
74 011000110 4

06 001100001 3
17 011100101 5
20 110101001 5
31 000111100 4
42 111110000 5
53 100111101 6
64 000111000 3
75 111100100 5

07 010011111 6
10 110000101 4
21 111010011 6
32 000010000 1
43 000011111 5
54 011011101 6
65 100011010 4
76 100000001 2

Matching output
0 absent
1 absent
2 absent
3 absent
4 absent
5 absent
6 absent
7 absent

Left
none
Best: none

Right
none
Best: none

Selecting

Lefts
Identity none
NOT none
Constant none
AND AND15 26 37: 3
OR none
XOR none
AND-NOT AND-NOT70: 1
OR-NOT none
XOR-NOT none

Rights
Identity none
NOT none
Constant C0 0 0 0 0: 5
AND AND67 56: 2
OR none
XOR none
AND-NOT none
OR-NOT none
XOR-NOT none

Left longest: 3
Right longest: 5

Right winner: Identity no, NOT no, Constant yes, AND no, OR no, XOR no, AND-NOT no, OR-NOT no, XOR-NOT no
Left winner: Identity no, NOT no, Constant no, AND yes, OR no, XOR no, AND-NOT no, OR-NOT no, XOR-NOT no

Best right: C0 0 0 0 0: 5
Best left: AND15 26 37: 3

Truncated right: C0 0 0 0 0: 5
Truncated left: AND15 26 37: 3

Tentative from right
7 C0
6 C0
5 C0
4 C0
3 C0
2 pending
1 pending
0 pending

Tentative
0 AND15
1 AND26
2 AND37
3 C0
4 C0
5 C0
6 C0
7 C0

Preferred from right
7 C0
6 C0
5 C0
4 C0
3 C0
2 AND37
1 AND26
0 AND15

Preferred from left
0 AND15
1 AND26
2 AND37
3 C0
4 C0
5 C0
6 C0
7 C0

Preferred
0 AND15
1 AND26
2 AND37
3 C0
4 C0
5 C0
6 C0
7 C0

Matching
0 AND15
1 AND26
2 AND37
3 C0
4 C0
5 C0
6 C0
7 C0

Perfect match
Identity no
NOT no
Constant no
AND no
OR no
XOR no
AND-NOT no
OR-NOT no
XOR-NOT no

Matched
0 AND15
1 AND26
2 AND37
3 C0
4 C0
5 C0
6 C0
7 C0

Selected
0 AND15
1 AND26
2 AND37
3 C0
4 C0
5 C0
6 C0
7 C0

Applying to 01100111
Input
0 0
1 1
2 1
3 0
4 0
5 1
6 1
7 1
Output
0 AND15 = AND(1,1) = 1
1 AND26 = AND(1,1) = 1
2 AND37 = AND(0,1) = 0
3 C0 = 0
4 C0 = 0
5 C0 = 0
6 C0 = 0
7 C0 = 0

I will now return the answer in \boxed{}
The answer in \boxed{–} is \boxed{11000000}