We need to deduce the transformation by matching the example outputs.
I will put my final answer inside \boxed{}.

Output 0: 11110011
0 1
1 1
2 1
3 1
4 0
5 0
6 1
7 1

Output 1: 10011110
0 1
1 0
2 0
3 1
4 1
5 1
6 1
7 0

Output 2: 00001100
0 0
1 0
2 0
3 0
4 1
5 1
6 0
7 0

Output 3: 00111110
0 0
1 0
2 1
3 1
4 1
5 1
6 1
7 0

Output 4: 11000111
0 1
1 1
2 0
3 0
4 0
5 1
6 1
7 1

Output 5: 01100111
0 0
1 1
2 1
3 0
4 0
5 1
6 1
7 1

Output 6: 01100110
0 0
1 1
2 1
3 0
4 0
5 1
6 1
7 0

Output 7: 11110011
0 1
1 1
2 1
3 1
4 0
5 0
6 1
7 1

Output 8: 10100110
0 1
1 0
2 1
3 0
4 0
5 1
6 1
7 0

Output bit columns (with bitsum as hash)
0 110010011 5
1 100011110 5
2 100101111 6
3 110100010 4
4 011100000 3
5 011111101 7
6 110111111 8
7 100011010 4

Input 0: 11000000
0 1
1 1
2 0
3 0
4 0
5 0
6 0
7 0

Input 1: 00011110
0 0
1 0
2 0
3 1
4 1
5 1
6 1
7 0

Input 2: 00110011
0 0
1 0
2 1
3 1
4 0
5 0
6 1
7 1

Input 3: 00011100
0 0
1 0
2 0
3 1
4 1
5 1
6 0
7 0

Input 4: 10101111
0 1
1 0
2 1
3 0
4 1
5 1
6 1
7 1

Input 5: 10001101
0 1
1 0
2 0
3 0
4 1
5 1
6 0
7 1

Input 6: 10111101
0 1
1 0
2 1
3 1
4 1
5 1
6 0
7 1

Input 7: 11100000
0 1
1 1
2 1
3 0
4 0
5 0
6 0
7 0

Input 8: 10010001
0 1
1 0
2 0
3 1
4 0
5 0
6 0
7 1

When matching output
x: not in operator
y: wrong position

Identity
0 100011111 6
1 100000010 2
2 001010110 4
3 011100101 5
4 010111100 5
5 010111100 5
6 011010000 3
7 001011101 5

Matching output
0 absent
1 absent
2 absent
3 absent
4 absent
5 absent
6 absent
7 absent

Left
none
Best: none

Right
none
Best: none

NOT
0 011100000 3 match 4
1 011111101 7 match 5
2 110101001 5
3 100011010 4 match 7
4 101000011 4
5 101000011 4
6 100101111 6 match 2
7 110100010 4 match 3

Matching output
0 absent
1 absent
2 6
3 7
4 0
5 1
6 absent
7 3

Left
none
Best: none

Right
3 2x
Best: NOT3: 1

Constant
0 000000000 a
1 111111111 a

Matching output
0 absent
1 absent
2 absent
3 absent
4 absent
5 absent
6 absent
7 absent

Left
none
Best: none

Right
none
Best: none

AND
01 10 100000010 2
12 21 000000010 1
23 32 001000100 2
34 43 010100100 3
45 54 010111100 5
56 65 010010000 2
67 76 001010000 2
70 07 000011101 4

02 20 000010110 3
13 31 000000000 a
24 42 000010100 2
35 53 010100100 3
46 64 010010000 2
57 75 000011100 3
60 06 000010000 1
71 17 000000000 a

03 30 000000101 2
14 41 000000000 a
25 52 000010100 2
36 63 011000000 2
47 74 000011100 3
50 05 000011100 3
61 16 000000000 a
72 27 001010100 3

04 40 000011100 3
15 51 000000000 a
26 62 001010000 2
37 73 001000101 3

Matching output
0 absent
1 absent
2 absent
3 absent
4 absent
5 absent
6 absent
7 absent

Left
none
Best: none

Right
none
Best: none

OR
01 10 100011111 6
12 21 101010110 5
23 32 011110111 7
34 43 011111101 7 match 5
45 54 010111100 5
56 65 011111100 6
67 76 011011101 6
70 07 101011111 7

02 20 101011111 7
13 31 111100111 7
24 42 011111110 7
35 53 011111101 7 match 5
46 64 011111100 6
57 75 011111101 7 match 5
60 06 111011111 8
71 17 101011111 7

03 30 111111111 a
14 41 110111110 7
25 52 011111110 7
36 63 011110101 6
47 74 011111101 7 match 5
50 05 110111111 8 match 6
61 16 111010010 5
72 27 001011111 6

04 40 110111111 8 match 6
15 51 110111110 7
26 62 011010110 5
37 73 011111101 7 match 5

Matching output
0 absent
1 absent
2 absent
3 absent
4 absent
5 34 43 35 53 57 75 47 74 37 73
6 50 05 04 40
7 absent

Left
none
Best: none

Right
none
Best: none

XOR
01 10 000011101 4
12 21 101010100 4
23 32 010110011 5
34 43 001011001 4
45 54 000000000 a
56 65 001101100 4
67 76 010001101 4
70 07 101000010 3

02 20 101001001 4
13 31 111100111 7
24 42 011101010 5
35 53 001011001 4
46 64 001101100 4
57 75 011100001 4
60 06 111001111 7
71 17 101011111 7

03 30 111111010 7
14 41 110111110 7
25 52 011101010 5
36 63 000110101 4
47 74 011100001 4
50 05 110100011 5
61 16 111010010 5
72 27 000001011 3

04 40 110100011 5
15 51 110111110 7
26 62 010000110 3
37 73 010111000 4

Matching output
0 absent
1 absent
2 absent
3 absent
4 absent
5 absent
6 absent
7 absent

Left
none
Best: none

Right
none
Best: none

AND-NOT
01 000011101 4
12 100000000 1
23 000010010 2
34 001000001 2
45 000000000 a
56 000101100 3
67 010000000 1
70 001000000 1

02 100001001 3
13 100000010 2
24 001000010 2
35 001000001 2
46 000101100 3
57 010100000 2
60 011000000 2
71 001011101 5

03 100011010 4 match 7
14 100000010 2
25 001000010 2
36 000100101 3
47 010100000 2
50 010100000 2
61 011010000 3
72 000001001 2

04 100000011 3
15 100000010 2
26 000000110 2
37 010100000 2
40 010100000 2
51 010111100 5
62 010000000 1
73 000011000 2

05 100000011 3
16 100000010 2
27 000000010 1
30 011100000 3 match 4
41 010111100 5
52 010101000 3
63 000010000 1
74 001000001 2

06 100001111 5
17 100000010 2
20 001000000 1
31 011100101 5
42 010101000 3
53 000011000 2
64 001000000 1
75 001000001 2

07 100000010 2
10 000000000 a
21 001010100 3
32 010100001 3
43 000011000 2
54 000000000 a
65 001000000 1
76 000001101 3

Matching output
0 absent
1 absent
2 absent
3 absent
4 30
5 absent
6 absent
7 03

Left
none
Best: none

Right
03 72x
Best: AND-NOT03: 1

OR-NOT
01 111111111 a
12 110101011 6
23 101011110 6
34 111100111 7
45 111111111 a
56 110111111 8 match 6
67 111110010 6
70 011111101 7 match 5

02 110111111 8 match 6
13 100011010 4 match 7
24 101010111 6
35 111100111 7
46 110111111 8 match 6
57 110111110 7
60 011110000 4
71 011111101 7 match 5

03 100011111 6
14 101000011 4
25 101010111 6
36 111101111 8
47 110111110 7
50 011111100 6
61 011111101 7 match 5
72 111111101 8

04 101011111 7
15 101000011 4
26 101111111 8
37 111100111 7
40 011111100 6
51 011111101 7 match 5
62 111111001 7
73 101011111 7

05 101011111 7
16 100101111 6 match 2
27 111110110 7
30 011100101 5
41 011111101 7 match 5
52 110111101 7
63 111011010 6
74 101011111 7

06 100111111 7
17 110100010 4 match 3
20 011110110 6
31 011111101 7 match 5
42 110111101 7
53 110111110 7
64 111010011 6
75 101011111 7

07 110111111 8 match 6
10 111100010 5
21 011111111 8
32 111101101 7
43 110111110 7
54 111111111 a
65 111010011 6
76 101111111 8

Matching output
0 absent
1 absent
2 16
3 17
4 absent
5 70 71 61 51 41 31
6 56 02 46 07
7 13

Left
none
Best: none

Right
13 02 71 60x
Best: OR-NOT13 02 71: 3

XOR-NOT
01 111100010 5
12 010101011 5
23 101001100 4
34 110100110 5
45 111111111 a
56 110010011 5 match 0
67 101110010 5
70 010111101 6

02 010110110 5
13 000011000 2
24 100010101 4
35 110100110 5
46 110010011 5 match 0
57 100011110 5 match 1
60 000110000 2
71 010100000 2

03 000000101 2
14 001000001 2
25 100010101 4
36 111001010 5
47 100011110 5 match 1
50 001011100 4
61 000101101 4
72 111110100 6

04 001011100 4
15 001000001 2
26 101111001 6
37 101000111 5
40 001011100 4
51 001000001 2
62 101111001 6
73 101000111 5

05 001011100 4
16 000101101 4
27 111110100 6
30 000000101 2
41 001000001 2
52 100010101 4
63 111001010 5
74 100011110 5 match 1

06 000110000 2
17 010100000 2
20 010110110 5
31 000011000 2
42 100010101 4
53 110100110 5
64 110010011 5 match 0
75 100011110 5 match 1

07 010111101 6
10 111100010 5
21 010101011 5
32 101001100 4
43 110100110 5
54 111111111 a
65 110010011 5 match 0
76 101110010 5

Matching output
0 56 46 64 65
1 57 47 74 75
2 absent
3 absent
4 absent
5 absent
6 absent
7 absent

Left
56 67x
46 57 60x
64 75 06x
65 76x
Best: XOR-NOT46 57: 2

Right
none
Best: none

Selecting

Lefts
Identity none
NOT none
Constant none
AND none
OR none
XOR none
AND-NOT none
OR-NOT none
XOR-NOT XOR-NOT46 57: 2

Rights
Identity none
NOT NOT3: 1
Constant none
AND none
OR none
XOR none
AND-NOT AND-NOT03: 1
OR-NOT OR-NOT13 02 71: 3
XOR-NOT none

Left longest: 2
Right longest: 3

Right winner: Identity no, NOT no, Constant no, AND no, OR no, XOR no, AND-NOT no, OR-NOT yes, XOR-NOT no
Left winner: Identity no, NOT no, Constant no, AND no, OR no, XOR no, AND-NOT no, OR-NOT no, XOR-NOT yes

Best right: OR-NOT13 02 71: 3
Best left: XOR-NOT46 57: 2

Truncated right: OR-NOT13 02 71: 3
Truncated left: XOR-NOT46 57: 2

Tentative from right
7 OR-NOT13
6 OR-NOT02
5 OR-NOT71
4 pending
3 pending
2 pending
1 pending
0 pending

Tentative
0 XOR-NOT46
1 XOR-NOT57
2 pending
3 pending
4 pending
5 OR-NOT71
6 OR-NOT02
7 OR-NOT13

Preferred from right
7 OR-NOT13
6 OR-NOT02
5 OR-NOT71
4 ?60
3 ?57
2 ?46
1 XOR-NOT57
0 XOR-NOT46

Preferred from left
0 XOR-NOT46
1 XOR-NOT57
2 ?46
3 ?57
4 ?60
5 OR-NOT71
6 OR-NOT02
7 OR-NOT13

Preferred
0 XOR-NOT46
1 XOR-NOT57
2 ?46 ?64
3 ?57 ?75
4 ?60 ?06
5 OR-NOT71
6 OR-NOT02
7 OR-NOT13

Matching
0 XOR-NOT46
1 XOR-NOT57
2 ?46 ?64 - Identity absent, NOT NOT6, Constant absent, AND absent, OR absent, XOR absent, AND-NOT absent, OR-NOT absent, XOR-NOT absent
3 ?57 ?75 - Identity absent, NOT NOT7, Constant absent, AND absent, OR absent, XOR absent, AND-NOT absent, OR-NOT absent, XOR-NOT absent
4 ?60 ?06 - Identity absent, NOT NOT0, Constant absent, AND absent, OR absent, XOR absent, AND-NOT absent, OR-NOT absent, XOR-NOT absent
5 OR-NOT71
6 OR-NOT02
7 OR-NOT13

Perfect match
Identity no
NOT yes
Constant no
AND no
OR no
XOR no
AND-NOT no
OR-NOT no
XOR-NOT no

Matched
0 XOR-NOT46
1 XOR-NOT57
2 NOT6
3 NOT7
4 NOT0
5 OR-NOT71
6 OR-NOT02
7 OR-NOT13

Selected
0 XOR-NOT46
1 XOR-NOT57
2 NOT6
3 NOT7
4 NOT0
5 OR-NOT71
6 OR-NOT02
7 OR-NOT13

Applying to 00111000
Input
0 0
1 0
2 1
3 1
4 1
5 0
6 0
7 0
Output
0 XOR-NOT46 = XOR(1,NOT(0)) = 0
1 XOR-NOT57 = XOR(0,NOT(0)) = 1
2 NOT6 = NOT(0) = 1
3 NOT7 = NOT(0) = 1
4 NOT0 = NOT(0) = 1
5 OR-NOT71 = OR(0,NOT(0)) = 1
6 OR-NOT02 = OR(0,NOT(1)) = 0
7 OR-NOT13 = OR(0,NOT(1)) = 0

I will now return the answer in \boxed{}
The answer in \boxed{–} is \boxed{01111100}