We need to deduce the transformation by matching the example outputs.
I will put my final answer inside \boxed{}.

Output 0: 01000010
0 0
1 1
2 0
3 0
4 0
5 0
6 1
7 0

Output 1: 10000010
0 1
1 0
2 0
3 0
4 0
5 0
6 1
7 0

Output 2: 00100010
0 0
1 0
2 1
3 0
4 0
5 0
6 1
7 0

Output 3: 10110000
0 1
1 0
2 1
3 1
4 0
5 0
6 0
7 0

Output 4: 11010110
0 1
1 1
2 0
3 1
4 0
5 1
6 1
7 0

Output 5: 10001101
0 1
1 0
2 0
3 0
4 1
5 1
6 0
7 1

Output 6: 00100001
0 0
1 0
2 1
3 0
4 0
5 0
6 0
7 1

Output 7: 01110001
0 0
1 1
2 1
3 1
4 0
5 0
6 0
7 1

Output bit columns (with bitsum as hash)
0 01011100 4
1 10001001 3
2 00110011 4
3 00011001 3
4 00000100 1
5 00001100 2
6 11101000 4
7 00000111 3

Input 0: 00010010
0 0
1 0
2 0
3 1
4 0
5 0
6 1
7 0

Input 1: 00010100
0 0
1 0
2 0
3 1
4 0
5 1
6 0
7 0

Input 2: 00010001
0 0
1 0
2 0
3 1
4 0
5 0
6 0
7 1

Input 3: 10000101
0 1
1 0
2 0
3 0
4 0
5 1
6 0
7 1

Input 4: 10110110
0 1
1 0
2 1
3 1
4 0
5 1
6 1
7 0

Input 5: 01101100
0 0
1 1
2 1
3 0
4 1
5 1
6 0
7 0

Input 6: 00001001
0 0
1 0
2 0
3 0
4 1
5 0
6 0
7 1

Input 7: 10001011
0 1
1 0
2 0
3 0
4 1
5 0
6 1
7 1

When matching output
x: not in operator
y: wrong position

Identity
0 00011001 3 match 3
1 00000100 1 match 4
2 00001100 2 match 5
3 11101000 4 match 6
4 00000111 3 match 7
5 01011100 4 match 0
6 10001001 3 match 1
7 00110011 4 match 2

Matching output
0 5
1 6
2 7
3 0
4 1
5 2
6 3
7 4

Left
5 6 7 0 1 2 3 4
Best: I5 6 7 0 1 2 3 4: 8

Right
4 3 2 1 0 7 6 5
Best: I4 3 2 1 0 7 6 5: 8

NOT
0 11100110 5
1 11111011 7
2 11110011 6
3 00010111 4
4 11111000 5
5 10100011 4
6 01110110 5
7 11001100 4

Matching output
0 absent
1 absent
2 absent
3 absent
4 absent
5 absent
6 absent
7 absent

Left
none
Best: none

Right
none
Best: none

Constant
0 00000000 a
1 11111111 a

Matching output
0 absent
1 absent
2 absent
3 absent
4 absent
5 absent
6 absent
7 absent

Left
none
Best: none

Right
none
Best: none

AND
01 10 00000000 a
12 21 00000100 1 match 4
23 32 00001000 1
34 43 00000000 a
45 54 00000100 1 match 4
56 65 00001000 1
67 76 00000001 1
70 07 00010001 2

02 20 00001000 1
13 31 00000000 a
24 42 00000100 1 match 4
35 53 01001000 2
46 64 00000001 1
57 75 00010000 1
60 06 00001001 2
71 17 00000000 a

03 30 00001000 1
14 41 00000100 1 match 4
25 52 00001100 2 match 5
36 63 10001000 2
47 74 00000011 2
50 05 00011000 2
61 16 00000000 a
72 27 00000000 a

04 40 00000001 1
15 51 00000100 1 match 4
26 62 00001000 1
37 73 00100000 1

Matching output
0 absent
1 absent
2 absent
3 absent
4 12 21 45 54 24 42 14 41 15 51
5 25 52
6 absent
7 absent

Left
none
Best: none

Right
none
Best: none

OR
01 10 00011101 4
12 21 00001100 2 match 5
23 32 11101100 5
34 43 11101111 7
45 54 01011111 6
56 65 11011101 6
67 76 10111011 6
70 07 00111011 5

02 20 00011101 4
13 31 11101100 5
24 42 00001111 4
35 53 11111100 6
46 64 10001111 5
57 75 01111111 7
60 06 10011001 4
71 17 00110111 5

03 30 11111001 6
14 41 00000111 3 match 7
25 52 01011100 4 match 0
36 63 11101001 5
47 74 00110111 5
50 05 01011101 5
61 16 10001101 4
72 27 00111111 6

04 40 00011111 5
15 51 01011100 4 match 0
26 62 10001101 4
37 73 11111011 7

Matching output
0 25 52 15 51
1 absent
2 absent
3 absent
4 absent
5 12 21
6 absent
7 14 41

Left
25 36x
52 63x
15 26x
51 62x
Best: OR25: 1

Right
14 03x
41 30x
Best: OR14: 1

XOR
01 10 00011101 4
12 21 00001000 1
23 32 11100100 4
34 43 11101111 7
45 54 01011011 5
56 65 11010101 5
67 76 10111010 5
70 07 00101010 3

02 20 00010101 3
13 31 11101100 5
24 42 00001011 3
35 53 10110100 4
46 64 10001110 4
57 75 01101111 6
60 06 10010000 2
71 17 00110111 5

03 30 11110001 5
14 41 00000011 2
25 52 01010000 2
36 63 01100001 3
47 74 00110100 3
50 05 01000101 3
61 16 10001101 4
72 27 00111111 6

04 40 00011110 4
15 51 01011000 3
26 62 10000101 3
37 73 11011011 6

Matching output
0 absent
1 absent
2 absent
3 absent
4 absent
5 absent
6 absent
7 absent

Left
none
Best: none

Right
none
Best: none

AND-NOT
01 00011001 3 match 3
12 00000000 a
23 00000100 1 match 4
34 11101000 4 match 6
45 00000011 2
56 01010100 3
67 10001000 2
70 00100010 2

02 00010001 2
13 00000100 1 match 4
24 00001000 1
35 10100000 2
46 00000110 2
57 01001100 3
60 10000000 1
71 00110011 4 match 2

03 00010001 2
14 00000000 a
25 00000000 a
36 01100000 2
47 00000100 1 match 4
50 01000100 2
61 10001001 3 match 1
72 00110011 4 match 2

04 00011000 2
15 00000000 a
26 00000100 1 match 4
37 11001000 3
40 00000110 2
51 01011000 3
62 10000001 2
73 00010011 3

05 00000001 1
16 00000100 1 match 4
27 00001100 2 match 5
30 11100000 3
41 00000011 2
52 01010000 2
63 00000001 1
74 00110000 2

06 00010000 1
17 00000100 1 match 4
20 00000100 1 match 4
31 11101000 4 match 6
42 00000011 2
53 00010100 2
64 10001000 2
75 00100011 3

07 00001000 1
10 00000100 1 match 4
21 00001000 1
32 11100000 3
43 00000111 3 match 7
54 01011000 3
65 10000001 2
76 00110010 3

Matching output
0 absent
1 61
2 71 72
3 01
4 23 13 47 26 16 17 20 10
5 27
6 34 31
7 43

Left
none
Best: none

Right
43 32x
Best: AND-NOT43: 1

OR-NOT
01 11111011 7
12 11110111 7
23 00011111 5
34 11111000 5
45 10100111 5
56 01111110 6
67 11001101 5
70 11110111 7

02 11111011 7
13 00010111 4
24 11111100 6
35 11101011 6
46 01110111 6
57 11011100 5
60 11101111 7
71 11111011 7

03 00011111 5
14 11111100 6
25 10101111 6
36 11111110 7
47 11001111 6
50 11111110 7
61 11111011 7
72 11110011 6

04 11111001 6
15 10100111 5
26 01111110 6
37 11101100 5
40 11100111 6
51 11111111 a
62 11111011 7
73 00110111 5

05 10111011 6
16 01110110 5
27 11001100 4
30 11101110 6
41 11111111 a
52 11111111 a
63 10011111 6
74 11111011 7

06 01111111 7
17 11001100 4
20 11101110 6
31 11111011 7
42 11110111 7
53 01011111 6
64 11111001 6
75 10110011 5

07 11011101 6
10 11100110 5
21 11111111 a
32 11111011 7
43 00010111 4
54 11111100 6
65 10101011 5
76 01110111 6

Matching output
0 absent
1 absent
2 absent
3 absent
4 absent
5 absent
6 absent
7 absent

Left
none
Best: none

Right
none
Best: none

XOR-NOT
01 11100010 4
12 11110111 7
23 00011011 4
34 00010000 1
45 10100100 3
56 00101010 3
67 01000101 3
70 11010101 5

02 11101010 5
13 00010011 3
24 11110100 5
35 01001011 4
46 01110001 4
57 10010000 2
60 01101111 6
71 11001000 3

03 00001110 3
14 11111100 6
25 10101111 6
36 10011110 5
47 11001011 5
50 10111010 5
61 01110010 4
72 11000000 2

04 11100001 4
15 10100111 5
26 01111010 5
37 00100100 2
40 11100001 4
51 10100111 5
62 01111010 5
73 00100100 2

05 10111010 5
16 01110010 4
27 11000000 2
30 00001110 3
41 11111100 6
52 10101111 6
63 10011110 5
74 11001011 5

06 01101111 6
17 11001000 3
20 11101010 5
31 00010011 3
42 11110100 5
53 01001011 4
64 01110001 4
75 10010000 2

07 11010101 5
10 11100010 4
21 11110111 7
32 00011011 4
43 00010000 1
54 10100100 3
65 00101010 3
76 01000101 3

Matching output
0 absent
1 absent
2 absent
3 absent
4 absent
5 absent
6 absent
7 absent

Left
none
Best: none

Right
none
Best: none

Selecting

Lefts
Identity I5 6 7 0 1 2 3 4: 8
NOT none
Constant none
AND none
OR OR25: 1
XOR none
AND-NOT none
OR-NOT none
XOR-NOT none

Rights
Identity I4 3 2 1 0 7 6 5: 8
NOT none
Constant none
AND none
OR OR14: 1
XOR none
AND-NOT AND-NOT43: 1
OR-NOT none
XOR-NOT none

Left longest: 8
Right longest: 8

Left winner: Identity yes, NOT no, Constant no, AND no, OR no, XOR no, AND-NOT no, OR-NOT no, XOR-NOT no
Right winner: Identity yes, NOT no, Constant no, AND no, OR no, XOR no, AND-NOT no, OR-NOT no, XOR-NOT no

Best left: I5 6 7 0 1 2 3 4: 8
Best right: I4 3 2 1 0 7 6 5: 8

Truncated left: I5 6 7 0 1 2 3 4: 8
Truncated right: none truncated

Tentative from right
7 pending
6 pending
5 pending
4 pending
3 pending
2 pending
1 pending
0 pending

Tentative
0 I5
1 I6
2 I7
3 I0
4 I1
5 I2
6 I3
7 I4

Preferred from left
0 I5
1 I6
2 I7
3 I0
4 I1
5 I2
6 I3
7 I4

Preferred from right
7 I4
6 I3
5 I2
4 I1
3 I0
2 I7
1 I6
0 I5

Preferred
0 I5
1 I6
2 I7
3 I0
4 I1
5 I2
6 I3
7 I4

Matching
0 I5
1 I6
2 I7
3 I0
4 I1
5 I2
6 I3
7 I4

Perfect match
Identity no
NOT no
Constant no
AND no
OR no
XOR no
AND-NOT no
OR-NOT no
XOR-NOT no

Matched
0 I5
1 I6
2 I7
3 I0
4 I1
5 I2
6 I3
7 I4

Selected
0 I5
1 I6
2 I7
3 I0
4 I1
5 I2
6 I3
7 I4

Applying to 11010101
Input
0 1
1 1
2 0
3 1
4 0
5 1
6 0
7 1
Output
0 I5 = 1
1 I6 = 0
2 I7 = 1
3 I0 = 1
4 I1 = 1
5 I2 = 0
6 I3 = 1
7 I4 = 0

I will now return the answer in \boxed{}
The answer in \boxed{–} is \boxed{10111010}