We need to deduce the transformation by matching the example outputs.
I will put my final answer inside \boxed{}.

Output 0: 01101100
0 0
1 1
2 1
3 0
4 1
5 1
6 0
7 0

Output 1: 01100010
0 0
1 1
2 1
3 0
4 0
5 0
6 1
7 0

Output 2: 01010110
0 0
1 1
2 0
3 1
4 0
5 1
6 1
7 0

Output 3: 00100110
0 0
1 0
2 1
3 0
4 0
5 1
6 1
7 0

Output 4: 10010101
0 1
1 0
2 0
3 1
4 0
5 1
6 0
7 1

Output 5: 11101001
0 1
1 1
2 1
3 0
4 1
5 0
6 0
7 1

Output 6: 01000110
0 0
1 1
2 0
3 0
4 0
5 1
6 1
7 0

Output 7: 10110101
0 1
1 0
2 1
3 1
4 0
5 1
6 0
7 1

Output 8: 01010110
0 0
1 1
2 0
3 1
4 0
5 1
6 1
7 0

Output bit columns (with bitsum as hash)
0 000011010 3
1 111001101 6
2 110101010 5
3 001010011 4
4 100001000 2
5 101110111 7
6 011100101 5
7 000011010 3

Input 0: 10110010
0 1
1 0
2 1
3 1
4 0
5 0
6 1
7 0

Input 1: 00001011
0 0
1 0
2 0
3 0
4 1
5 0
6 1
7 1

Input 2: 11011011
0 1
1 1
2 0
3 1
4 1
5 0
6 1
7 1

Input 3: 00011001
0 0
1 0
2 0
3 1
4 1
5 0
6 0
7 1

Input 4: 11010101
0 1
1 1
2 0
3 1
4 0
5 1
6 0
7 1

Input 5: 10100110
0 1
1 0
2 1
3 0
4 0
5 1
6 1
7 0

Input 6: 10011011
0 1
1 0
2 0
3 1
4 1
5 0
6 1
7 1

Input 7: 01010101
0 0
1 1
2 0
3 1
4 0
5 1
6 0
7 1

Input 8: 01011010
0 0
1 1
2 0
3 1
4 1
5 0
6 1
7 0

When matching output
x: not in operator
y: wrong position

Identity
0 101011100 5
1 001010011 4 match 3
2 100001000 2 match 4
3 101110111 7 match 5
4 011100101 5 match 6
5 000011010 3 match 0 7
6 111001101 6 match 1
7 011110110 6

Matching output
0 5
1 6
2 absent
3 1
4 2
5 3
6 4
7 5

Left
5 6 7x
Best: I5 6: 2

Right
5 4 3 2 1 0x
Best: I5 4 3 2 1: 5

NOT
0 010100011 4
1 110101100 5
2 011110111 7
3 010001000 2
4 100011010 4
5 111100101 6
6 000110010 3
7 100001001 3

Matching output
0 absent
1 absent
2 absent
3 absent
4 absent
5 absent
6 absent
7 absent

Left
none
Best: none

Right
none
Best: none

Constant
0 000000000 a
1 111111111 a

Matching output
0 absent
1 absent
2 absent
3 absent
4 absent
5 absent
6 absent
7 absent

Left
none
Best: none

Right
none
Best: none

AND
01 10 001010000 2
12 21 000000000 a
23 32 100000000 1
34 43 001100101 4
45 54 000000000 a
56 65 000001000 1
67 76 011000100 3
70 07 001010100 3

02 20 100001000 2 match 4
13 31 001010011 4 match 3
24 42 000000000 a
35 53 000010010 2
46 64 011000101 4
57 75 000010010 2
60 06 101001100 4
71 17 001010010 3

03 30 101010100 4
14 41 001000001 2
25 52 000001000 1
36 63 101000101 4
47 74 011100100 4
50 05 000011000 2
61 16 001000001 2
72 27 000000000 a

04 40 001000100 2
15 51 000010010 2
26 62 100001000 2 match 4
37 73 001110110 5

Matching output
0 absent
1 absent
2 absent
3 13 31
4 02 20 26 62
5 absent
6 absent
7 absent

Left
none
Best: none

Right
none
Best: none

OR
01 10 101011111 7
12 21 101011011 6
23 32 101111111 8
34 43 111110111 8
45 54 011111111 8
56 65 111011111 8
67 76 111111111 a
70 07 111111110 8

02 20 101011100 5
13 31 101110111 7 match 5
24 42 111101101 7
35 53 101111111 8
46 64 111101101 7
57 75 011111110 7
60 06 111011101 7
71 17 011110111 7

03 30 101111111 8
14 41 011110111 7
25 52 100011010 4
36 63 111111111 a
47 74 011110111 7
50 05 101011110 6
61 16 111011111 8
72 27 111111110 8

04 40 111111101 8
15 51 001011011 5
26 62 111001101 6 match 1
37 73 111110111 8

Matching output
0 absent
1 26 62
2 absent
3 absent
4 absent
5 13 31
6 absent
7 absent

Left
none
Best: none

Right
none
Best: none

XOR
01 10 100001111 5
12 21 101011011 6
23 32 001111111 7
34 43 110010010 4
45 54 011111111 8
56 65 111010111 7
67 76 100111011 6
70 07 110101010 5 match 2

02 20 001010100 3
13 31 100100100 3
24 42 111101101 7
35 53 101101101 6
46 64 100101000 3
57 75 011101100 5
60 06 010010001 3
71 17 010100101 4

03 30 000101011 4
14 41 010110110 5
25 52 100010010 3
36 63 010111010 5
47 74 000010011 3
50 05 101000110 4
61 16 110011110 6
72 27 111111110 8

04 40 110111001 6
15 51 001001001 3
26 62 011000101 4
37 73 110000001 3

Matching output
0 absent
1 absent
2 70 07
3 absent
4 absent
5 absent
6 absent
7 absent

Left
none
Best: none

Right
none
Best: none

AND-NOT
01 100001100 3
12 001010011 4 match 3
23 000001000 1
34 100010010 3
45 011100101 5 match 6
56 000010010 2
67 100001001 3
70 010100010 3

02 001010100 3
13 000000000 a
24 100001000 2 match 4
35 101100101 5
46 000100000 1
57 000001000 1
60 010000001 2
71 010100100 3

03 000001000 1
14 000010010 2
25 100000000 1
36 000110010 3
47 000000001 1
50 000000010 1
61 110001100 4
72 011110110 6

04 100011000 3
15 001000001 2
26 000000000 a
37 100000001 2
40 010100001 3
51 000001000 1
62 011000101 4
73 010000000 1

05 101000100 3
16 000010010 2
27 100001000 2 match 4
30 000100011 3
41 010100100 3
52 000010010 2
63 010001000 2
74 000010010 2

06 000010000 1
17 000000001 1
20 000000000 a
31 100100100 3
42 011100101 5 match 6
53 000001000 1
64 100001000 2 match 4
75 011100100 4

07 100001000 2 match 4
10 000000011 2
21 100001000 2 match 4
32 001110111 6
43 010000000 1
54 000011010 3 match 0 7
65 111000101 5
76 000110010 3

Matching output
0 54
1 absent
2 absent
3 12
4 24 27 64 07 21
5 absent
6 45 42
7 54

Left
54 65x
Best: AND-NOT54: 1

Right
54 43x
Best: AND-NOT54: 1

OR-NOT
01 111111100 7
12 011110111 7
23 110001000 3
34 101111111 8
45 111100101 6
56 000111010 4
67 111001101 6 match 1
70 011110111 7

02 111111111 a
13 011011011 6
24 100011010 4
35 111110111 8
46 011110111 7
57 100011011 5
60 111101111 8
71 111111110 8

03 111011100 6
14 101011011 6
25 111101101 7
36 101110111 7 match 5
47 111101101 7
50 010111011 6
61 111101101 7
72 011110111 7

04 101011110 6
15 111110111 8
26 100111010 5
37 101111111 8
40 011100111 6
51 110111110 7
62 111111111 a
73 011111110 7

05 111111101 8
16 001110011 5
27 100001001 3
30 111110111 8
41 111101101 7
52 011111111 8
63 111001101 6 match 1
74 111111110 8

06 101111110 7
17 101011011 6
20 110101011 6
31 111111111 a
42 011110111 7
53 010011010 4
64 111011111 8
75 111110111 8

07 101011101 6
10 011110011 6
21 110101100 5
32 111110111 8
43 011101101 6
54 100011010 4
65 111101101 7
76 011110110 6

Matching output
0 absent
1 67 63
2 absent
3 absent
4 absent
5 36
6 absent
7 absent

Left
none
Best: none

Right
none
Best: none

XOR-NOT
01 011110000 4
12 010100100 3
23 110000000 2
34 001101101 5
45 100000000 1
56 000101000 2
67 011000100 3
70 001010101 4

02 110101011 6
13 011011011 6
24 000010010 2
35 010010010 3
46 011010111 6
57 100010011 4
60 101101110 6
71 101011010 5

03 111010100 5
14 101001001 4
25 011101101 6
36 101000101 4
47 111101100 6
50 010111001 5
61 001100001 3
72 000000001 1

04 001000110 3
15 110110110 6
26 100111010 5
37 001111110 6
40 001000110 3
51 110110110 6
62 100111010 5
73 001111110 6

05 010111001 5
16 001100001 3
27 000000001 1
30 111010100 5
41 101001001 4
52 011101101 6
63 101000101 4
74 111101100 6

06 101101110 6
17 101011010 5
20 110101011 6
31 011011011 6
42 000010010 2
53 010010010 3
64 011010111 6
75 100010011 4

07 001010101 4
10 011110000 4
21 010100100 3
32 110000000 2
43 001101101 5
54 100000000 1
65 000101000 2
76 011000100 3

Matching output
0 absent
1 absent
2 absent
3 absent
4 absent
5 absent
6 absent
7 absent

Left
none
Best: none

Right
none
Best: none

Selecting

Lefts
Identity I5 6: 2
NOT none
Constant none
AND none
OR none
XOR none
AND-NOT AND-NOT54: 1
OR-NOT none
XOR-NOT none

Rights
Identity I5 4 3 2 1: 5
NOT none
Constant none
AND none
OR none
XOR none
AND-NOT AND-NOT54: 1
OR-NOT none
XOR-NOT none

Left longest: 2
Right longest: 5

Right winner: Identity yes, NOT no, Constant no, AND no, OR no, XOR no, AND-NOT no, OR-NOT no, XOR-NOT no
Left winner: Identity yes, NOT no, Constant no, AND no, OR no, XOR no, AND-NOT no, OR-NOT no, XOR-NOT no

Best right: I5 4 3 2 1: 5
Best left: I5 6: 2

Truncated right: I5 4 3 2 1: 5
Truncated left: I5 6: 2

Tentative from right
7 I5
6 I4
5 I3
4 I2
3 I1
2 pending
1 pending
0 pending

Tentative
0 I5
1 I6
2 pending
3 I1
4 I2
5 I3
6 I4
7 I5

Preferred from right
7 I5
6 I4
5 I3
4 I2
3 I1
2 ??0
1 I6
0 I5

Preferred from left
0 I5
1 I6
2 ?70
3 I1
4 I2
5 I3
6 I4
7 I5

Preferred
0 I5
1 I6
2 ?70 ?07
3 I1
4 I2
5 I3
6 I4
7 I5

Matching
0 I5
1 I6
2 ?70 ?07 - Identity absent, NOT absent, Constant absent, AND absent, OR absent, XOR70, AND-NOT absent, OR-NOT absent, XOR-NOT absent
3 I1
4 I2
5 I3
6 I4
7 I5

Perfect match
Identity no
NOT no
Constant no
AND no
OR no
XOR yes
AND-NOT no
OR-NOT no
XOR-NOT no

Matched
0 I5
1 I6
2 XOR70
3 I1
4 I2
5 I3
6 I4
7 I5

Selected
0 I5
1 I6
2 XOR70
3 I1
4 I2
5 I3
6 I4
7 I5

Applying to 10000111
Input
0 1
1 0
2 0
3 0
4 0
5 1
6 1
7 1
Output
0 I5 = 1
1 I6 = 1
2 XOR70 = XOR(1,1) = 0
3 I1 = 0
4 I2 = 0
5 I3 = 0
6 I4 = 0
7 I5 = 1

I will now return the answer in \boxed{}
The answer in \boxed{–} is \boxed{11000001}