We need to deduce the transformation by matching the example outputs.
I will put my final answer inside \boxed{}.

Output 0: 00000001
0 0
1 0
2 0
3 0
4 0
5 0
6 0
7 1

Output 1: 00000000
0 0
1 0
2 0
3 0
4 0
5 0
6 0
7 0

Output 2: 00000001
0 0
1 0
2 0
3 0
4 0
5 0
6 0
7 1

Output 3: 00000001
0 0
1 0
2 0
3 0
4 0
5 0
6 0
7 1

Output 4: 00000001
0 0
1 0
2 0
3 0
4 0
5 0
6 0
7 1

Output 5: 00000000
0 0
1 0
2 0
3 0
4 0
5 0
6 0
7 0

Output 6: 00000000
0 0
1 0
2 0
3 0
4 0
5 0
6 0
7 0

Output 7: 00000001
0 0
1 0
2 0
3 0
4 0
5 0
6 0
7 1

Output 8: 00000000
0 0
1 0
2 0
3 0
4 0
5 0
6 0
7 0

Output bit columns (with bitsum as hash)
0 000000000 a
1 000000000 a
2 000000000 a
3 000000000 a
4 000000000 a
5 000000000 a
6 000000000 a
7 101110010 5

Input 0: 11010111
0 1
1 1
2 0
3 1
4 0
5 1
6 1
7 1

Input 1: 01001011
0 0
1 1
2 0
3 0
4 1
5 0
6 1
7 1

Input 2: 11100110
0 1
1 1
2 1
3 0
4 0
5 1
6 1
7 0

Input 3: 10101010
0 1
1 0
2 1
3 0
4 1
5 0
6 1
7 0

Input 4: 11011011
0 1
1 1
2 0
3 1
4 1
5 0
6 1
7 1

Input 5: 00110001
0 0
1 0
2 1
3 1
4 0
5 0
6 0
7 1

Input 6: 01101101
0 0
1 1
2 1
3 0
4 1
5 1
6 0
7 1

Input 7: 10011010
0 1
1 0
2 0
3 1
4 1
5 0
6 1
7 0

Input 8: 00000111
0 0
1 0
2 0
3 0
4 0
5 1
6 1
7 1

When matching output
x: not in operator
y: wrong position

Identity
0 101110010 5 match 7
1 111010100 5
2 001101100 4
3 100011010 4
4 010110110 5
5 101000101 4
6 111110011 7
7 110011101 6

Matching output
0 absent
1 absent
2 absent
3 absent
4 absent
5 absent
6 absent
7 0

Left
none
Best: none

Right
0 7x
Best: I0: 1

NOT
0 010001101 4
1 000101011 4
2 110010011 5
3 011100101 5
4 101001001 4
5 010111010 5
6 000001100 2
7 001100010 3

Matching output
0 absent
1 absent
2 absent
3 absent
4 absent
5 absent
6 absent
7 absent

Left
none
Best: none

Right
none
Best: none

Constant
0 000000000 a match 0 1 2 3 4 5 6
1 111111111 a

Matching output
0 C0
1 C0
2 C0
3 C0
4 C0
5 C0
6 C0
7 absent

Left
0 0 0 0 0 0 0
Best: C0 0 0 0 0 0 0: 7

Right
none
Best: none

AND
01 10 101010000 3
12 21 001000100 2
23 32 000001000 1
34 43 000010010 2
45 54 000000100 1
56 65 101000001 3
67 76 110010001 4
70 07 100010000 2

02 20 001100000 2
13 31 100010000 2
24 42 000100100 2
35 53 100000000 1
46 64 010110010 4
57 75 100000101 3
60 06 101110010 5 match 7
71 17 110010100 4

03 30 100010010 3
14 41 010010100 3
25 52 001000100 2
36 63 100010010 3
47 74 010010100 3
50 05 101000000 2
61 16 111010000 4
72 27 000001100 2

04 40 000110010 3
15 51 101000100 3
26 62 001100000 2
37 73 100011000 3

Matching output
0 absent
1 absent
2 absent
3 absent
4 absent
5 absent
6 absent
7 60 06

Left
none
Best: none

Right
60 57x
06 75x
Best: AND60: 1

OR
01 10 111110110 7
12 21 111111100 7
23 32 101111110 7
34 43 110111110 7
45 54 111110111 8
56 65 111110111 8
67 76 111111111 a
70 07 111111111 a

02 20 101111110 7
13 31 111011110 7
24 42 011111110 7
35 53 101011111 7
46 64 111110111 8
57 75 111011101 7
60 06 111110011 7
71 17 111011101 7

03 30 101111010 6
14 41 111110110 7
25 52 101101101 6
36 63 111111011 8
47 74 110111111 8
50 05 101110111 7
61 16 111110111 8
72 27 111111101 8

04 40 111110110 7
15 51 111010101 6
26 62 111111111 a
37 73 110011111 7

Matching output
0 absent
1 absent
2 absent
3 absent
4 absent
5 absent
6 absent
7 absent

Left
none
Best: none

Right
none
Best: none

XOR
01 10 010100110 4
12 21 110111000 5
23 32 101110110 6
34 43 110101100 5
45 54 111110011 7
56 65 010110110 5
67 76 001101110 5
70 07 011101111 7

02 20 100011110 5
13 31 011001110 5
24 42 011011010 5
35 53 001011111 6
46 64 101000101 4
57 75 011011000 4
60 06 010000001 2
71 17 001001001 3

03 30 001101000 3
14 41 101100010 4
25 52 100101001 4
36 63 011101001 5
47 74 100101011 5
50 05 000110111 5
61 16 000100111 4
72 27 111110001 6

04 40 111000100 4
15 51 010010001 3
26 62 110011111 7
37 73 010000111 4

Matching output
0 absent
1 absent
2 absent
3 absent
4 absent
5 absent
6 absent
7 absent

Left
none
Best: none

Right
none
Best: none

AND-NOT
01 000100010 2
12 110010000 3
23 001100100 3
34 100001000 2
45 010110010 4
56 000000100 1
67 001100010 3
70 010001101 4

02 100010010 3
13 011000100 3
24 001001000 2
35 000011010 3
46 000000100 1
57 001000000 1
60 010000001 2
71 000001001 2

03 001100000 2
14 101000000 2
25 000101000 2
36 000001000 1
47 000100010 2
50 000000101 2
61 000100011 3
72 110010001 4

04 101000000 2
15 010010000 2
26 000001100 2
37 000000010 1
40 010000100 2
51 000000001 1
62 110010011 5
73 010000101 3

05 000110010 3
16 000000100 1
27 001100000 2
30 000001000 1
41 000100010 2
52 100000001 2
63 011100001 4
74 100001001 3

06 000000000 a match 0 1 2 3 4 5 6
17 001000000 1
20 000001100 2
31 000001010 2
42 010010010 3
53 001000101 3
64 101000001 3
75 010011000 3

07 001100010 3
10 010000100 2
21 000101000 2
32 100010010 3
43 010100100 3
54 101000001 3
65 010110010 4
76 000001100 2

Matching output
0 06
1 06
2 06
3 06
4 06
5 06
6 06
7 absent

Left
06 17x
Best: AND-NOT06: 1

Right
none
Best: none

OR-NOT
01 101111011 7
12 111010111 7
23 011101101 6
34 101011011 6
45 010111110 6
56 101001101 5
67 111110011 7
70 110011101 6

02 111110011 7
13 111110101 7
24 101101101 6
35 110111010 6
46 010111110 6
57 101100111 6
60 111111111 a
71 110111111 8

03 111110111 8
14 111011101 7
25 011111110 7
36 100011110 5
47 011110110 6
50 111001101 6
61 111111011 8
72 110011111 7

04 101111011 7
15 111111110 8
26 001101100 4
37 101111010 6
40 010111111 7
51 101101111 7
62 111110011 7
73 111111101 8

05 111111010 7
16 111011100 6
27 001101110 5
30 110011111 7
41 010111111 7
52 111010111 7
63 111110111 8
74 111011101 7

06 101111110 7
17 111110110 7
20 011101101 6
31 100111011 6
42 110110111 7
53 111100101 6
64 111111011 8
75 110111111 8

07 101110010 5 match 7
10 111011101 7
21 001101111 6
32 110011011 6
43 011110111 7
54 101001101 5
65 111111011 8
76 110011101 6

Matching output
0 absent
1 absent
2 absent
3 absent
4 absent
5 absent
6 absent
7 07

Left
none
Best: none

Right
07 76x
Best: OR-NOT07: 1

XOR-NOT
01 101011001 5
12 001000111 4
23 010001001 3
34 001010011 4
45 000001100 2
56 101001001 4
67 110010001 4
70 100010000 2

02 011100001 4
13 100110001 4
24 100100101 4
35 110100000 3
46 010111010 5
57 100100111 5
60 101111110 7
71 110110110 6

03 110010111 6
14 010011101 5
25 011010110 5
36 100010110 4
47 011010100 4
50 111001000 4
61 111011000 5
72 000001110 3

04 000111011 5
15 101101110 6
26 001100000 2
37 101111000 5
40 000111011 5
51 101101110 6
62 001100000 2
73 101111000 5

05 111001000 4
16 111011000 5
27 000001110 3
30 110010111 6
41 010011101 5
52 011010110 5
63 100010110 4
74 011010100 4

06 101111110 7
17 110110110 6
20 011100001 4
31 100110001 4
42 100100101 4
53 110100000 3
64 010111010 5
75 100100111 5

07 100010000 2
10 101011001 5
21 001000111 4
32 010001001 3
43 001010011 4
54 000001100 2
65 101001001 4
76 110010001 4

Matching output
0 absent
1 absent
2 absent
3 absent
4 absent
5 absent
6 absent
7 absent

Left
none
Best: none

Right
none
Best: none

Selecting

Lefts
Identity none
NOT none
Constant C0 0 0 0 0 0 0: 7
AND none
OR none
XOR none
AND-NOT AND-NOT06: 1
OR-NOT none
XOR-NOT none

Rights
Identity I0: 1
NOT none
Constant none
AND AND60: 1
OR none
XOR none
AND-NOT none
OR-NOT OR-NOT07: 1
XOR-NOT none

Left longest: 7
Right longest: 1

Left winner: Identity no, NOT no, Constant yes, AND no, OR no, XOR no, AND-NOT no, OR-NOT no, XOR-NOT no
Right winner: Identity yes, NOT no, Constant no, AND no, OR no, XOR no, AND-NOT no, OR-NOT no, XOR-NOT no

Best left: C0 0 0 0 0 0 0: 7
Best right: I0: 1

Truncated left: C0 0 0 0 0 0 0: 7
Truncated right: I0: 1

Tentative from right
7 I0
6 pending
5 pending
4 pending
3 pending
2 pending
1 pending
0 pending

Tentative
0 C0
1 C0
2 C0
3 C0
4 C0
5 C0
6 C0
7 I0

Preferred from left
0 C0
1 C0
2 C0
3 C0
4 C0
5 C0
6 C0
7 I0

Preferred from right
7 I0
6 C0
5 C0
4 C0
3 C0
2 C0
1 C0
0 C0

Preferred
0 C0
1 C0
2 C0
3 C0
4 C0
5 C0
6 C0
7 I0

Matching
0 C0
1 C0
2 C0
3 C0
4 C0
5 C0
6 C0
7 I0

Perfect match
Identity no
NOT no
Constant no
AND no
OR no
XOR no
AND-NOT no
OR-NOT no
XOR-NOT no

Matched
0 C0
1 C0
2 C0
3 C0
4 C0
5 C0
6 C0
7 I0

Selected
0 C0
1 C0
2 C0
3 C0
4 C0
5 C0
6 C0
7 I0

Applying to 10101011
Input
0 1
1 0
2 1
3 0
4 1
5 0
6 1
7 1
Output
0 C0 = 0
1 C0 = 0
2 C0 = 0
3 C0 = 0
4 C0 = 0
5 C0 = 0
6 C0 = 0
7 I0 = 1

I will now return the answer in \boxed{}
The answer in \boxed{–} is \boxed{00000001}