We need to deduce the transformation by matching the example outputs.
I will put my final answer inside \boxed{}.

Output 0: 00000111
0 0
1 0
2 0
3 0
4 0
5 1
6 1
7 1

Output 1: 00000101
0 0
1 0
2 0
3 0
4 0
5 1
6 0
7 1

Output 2: 01000101
0 0
1 1
2 0
3 0
4 0
5 1
6 0
7 1

Output 3: 10101011
0 1
1 0
2 1
3 0
4 1
5 0
6 1
7 1

Output 4: 10000101
0 1
1 0
2 0
3 0
4 0
5 1
6 0
7 1

Output 5: 00000100
0 0
1 0
2 0
3 0
4 0
5 1
6 0
7 0

Output 6: 00010110
0 0
1 0
2 0
3 1
4 0
5 1
6 1
7 0

Output 7: 00010001
0 0
1 0
2 0
3 1
4 0
5 0
6 0
7 1

Output bit columns (with bitsum as hash)
0 00011000 2
1 00100000 1
2 00010000 1
3 00000011 2
4 00010000 1
5 11101110 6
6 10010010 3
7 11111001 6

Input 0: 11001111
0 1
1 1
2 0
3 0
4 1
5 1
6 1
7 1

Input 1: 01011111
0 0
1 1
2 0
3 1
4 1
5 1
6 1
7 1

Input 2: 01110001
0 0
1 1
2 1
3 1
4 0
5 0
6 0
7 1

Input 3: 11101010
0 1
1 1
2 1
3 0
4 1
5 0
6 1
7 0

Input 4: 01100001
0 0
1 1
2 1
3 0
4 0
5 0
6 0
7 1

Input 5: 00111111
0 0
1 0
2 1
3 1
4 1
5 1
6 1
7 1

Input 6: 10000101
0 1
1 0
2 0
3 0
4 0
5 1
6 0
7 1

Input 7: 01011100
0 0
1 1
2 0
3 1
4 1
5 1
6 0
7 0

When matching output
x: not in operator
y: wrong position

Identity
0 10010010 3 match 6
1 11111001 6 match 7
2 00111100 4
3 01100101 4
4 11010101 5
5 11000111 5
6 11010100 4
7 11101110 6 match 5

Matching output
0 absent
1 absent
2 absent
3 absent
4 absent
5 7
6 0
7 1

Left
none
Best: none

Right
1 0 7 6x
Best: I1 0 7: 3

NOT
0 01101101 5
1 00000110 2
2 11000011 4
3 10011010 4
4 00101010 3
5 00111000 3
6 00101011 4
7 00010001 2

Matching output
0 absent
1 absent
2 absent
3 absent
4 absent
5 absent
6 absent
7 absent

Left
none
Best: none

Right
none
Best: none

Constant
0 00000000 a
1 11111111 a

Matching output
0 absent
1 absent
2 absent
3 absent
4 absent
5 absent
6 absent
7 absent

Left
none
Best: none

Right
none
Best: none

AND
01 10 10010000 2
12 21 00111000 3
23 32 00100100 2
34 43 01000101 3
45 54 11000101 4
56 65 11000100 3
67 76 11000100 3
70 07 10000010 2

02 20 00010000 1 match 2 4
13 31 01100001 3
24 42 00010100 2
35 53 01000101 3
46 64 11010100 4
57 75 11000110 4
60 06 10010000 2
71 17 11101000 4

03 30 00000000 a
14 41 11010001 4
25 52 00000100 1
36 63 01000100 2
47 74 11000100 3
50 05 10000010 2
61 16 11010000 3
72 27 00101100 3

04 40 10010000 2
15 51 11000001 3
26 62 00010100 2
37 73 01100100 3

Matching output
0 absent
1 absent
2 02 20
3 absent
4 02 20
5 absent
6 absent
7 absent

Left
none
Best: none

Right
none
Best: none

OR
01 10 11111011 7
12 21 11111101 7
23 32 01111101 6
34 43 11110101 6
45 54 11010111 6
56 65 11010111 6
67 76 11111110 7
70 07 11111110 7

02 20 10111110 6
13 31 11111101 7
24 42 11111101 7
35 53 11100111 6
46 64 11010101 5
57 75 11101111 7
60 06 11010110 5
71 17 11111111 a

03 30 11110111 7
14 41 11111101 7
25 52 11111111 a
36 63 11110101 6
47 74 11111111 a
50 05 11010111 6
61 16 11111101 7
72 27 11111110 7

04 40 11010111 6
15 51 11111111 a
26 62 11111100 6
37 73 11101111 7

Matching output
0 absent
1 absent
2 absent
3 absent
4 absent
5 absent
6 absent
7 absent

Left
none
Best: none

Right
none
Best: none

XOR
01 10 01101011 5
12 21 11000101 4
23 32 01011001 4
34 43 10110000 3
45 54 00010010 2
56 65 00010011 3
67 76 00111010 4
70 07 01111100 5

02 20 10101110 5
13 31 10011100 4
24 42 11101001 5
35 53 10100010 3
46 64 00000001 1
57 75 00101001 3
60 06 01000110 3
71 17 00010111 4

03 30 11110111 7
14 41 00101100 3
25 52 11111011 7
36 63 10110001 4
47 74 00111011 5
50 05 01010101 4
61 16 00101101 4
72 27 11010010 4

04 40 01000111 4
15 51 00111110 5
26 62 11101000 4
37 73 10001011 4

Matching output
0 absent
1 absent
2 absent
3 absent
4 absent
5 absent
6 absent
7 absent

Left
none
Best: none

Right
none
Best: none

AND-NOT
01 00000010 1
12 11000001 3
23 00011000 2 match 0
34 00100000 1 match 1
45 00010000 1 match 2 4
56 00000011 2 match 3
67 00010000 1 match 2 4
70 01101100 4

02 10000010 2
13 10011000 3
24 00101000 2
35 00100000 1 match 1
46 00000001 1
57 00000001 1
60 01000100 2
71 00000110 2

03 10010010 3 match 6
14 00101000 2
25 00111000 3
36 00100001 2
47 00010001 2
50 01000101 3
61 00000100 1
72 11000010 3

04 00000010 1
15 00111000 3
26 00101000 2
37 00000001 1
40 01000101 3
51 00000110 2
62 11000000 2
73 10001010 3

05 00010000 1 match 2 4
16 00101001 3
27 00010000 1 match 2 4
30 01100101 4
41 00000100 1
52 11000011 4
63 10010000 2
74 00101010 3

06 00000010 1
17 00010001 2
20 00101100 3
31 00000100 1
42 11000001 3
53 10000010 2
64 00000000 a
75 00101000 2

07 00010000 1 match 2 4
10 01101001 4
21 00000100 1
32 01000001 2
43 10010000 2
54 00000010 1
65 00010000 1 match 2 4
76 00101010 3

Matching output
0 23
1 34 35
2 45 67 05 27 07 65
3 56
4 45 67 05 27 07 65
5 absent
6 03
7 absent

Left
23 34 45 56 67 70x
Best: AND-NOT23 34 45 56 67: 5

Right
none
Best: none

OR-NOT
01 10010110 4
12 11111011 7
23 10111110 6
34 01101111 6
45 11111101 7
56 11101111 7
67 11010101 5
70 11101111 7

02 11010011 5
13 11111011 7
24 00111110 5
35 01111101 6
46 11111111 a
57 11010111 6
60 11111101 7
71 11101110 6 match 5

03 10011010 4
14 11111011 7
25 00111100 4
36 01101111 6
47 11010101 5
50 11101111 7
61 11010110 5
72 11101111 7

04 10111010 5
15 11111001 6 match 7
26 00111111 6
37 01110101 5
40 11111101 7
51 11000111 5
62 11010111 6
73 11111110 7

05 10111010 5
16 11111011 7
27 00111101 5
30 01101101 5
41 11010111 6
52 11000111 5
63 11011110 6
74 11101110 6 match 5

06 10111011 6
17 11111001 6 match 7
20 01111101 6
31 01100111 5
42 11010111 6
53 11011111 7
64 11111110 7
75 11111110 7

07 10010011 4
10 11111101 7
21 00111110 5
32 11100111 6
43 11011111 7
54 11101111 7
65 11111100 6
76 11101111 7

Matching output
0 absent
1 absent
2 absent
3 absent
4 absent
5 71 74
6 absent
7 15 17

Left
none
Best: none

Right
15 04x
17 06x
Best: OR-NOT15: 1

XOR-NOT
01 10010100 3
12 00111010 4
23 10100110 4
34 01001111 5
45 11101101 6
56 11101100 5
67 11000101 4
70 10000011 3

02 01010001 3
13 01100011 4
24 00010110 3
35 01011101 5
46 11111110 7
57 11010110 5
60 10111001 5
71 11101000 4

03 00001000 1
14 11010011 5
25 00000100 1
36 01001110 4
47 11000100 3
50 10101010 4
61 11010010 4
72 00101101 4

04 10111000 4
15 11000001 3
26 00010111 4
37 01110100 4
40 10111000 4
51 11000001 3
62 00010111 4
73 01110100 4

05 10101010 4
16 11010010 4
27 00101101 4
30 00001000 1
41 11010011 5
52 00000100 1
63 01001110 4
74 11000100 3

06 10111001 5
17 11101000 4
20 01010001 3
31 01100011 4
42 00010110 3
53 01011101 5
64 11111110 7
75 11010110 5

07 10000011 3
10 10010100 3
21 00111010 4
32 10100110 4
43 01001111 5
54 11101101 6
65 11101100 5
76 11000101 4

Matching output
0 absent
1 absent
2 absent
3 absent
4 absent
5 absent
6 absent
7 absent

Left
none
Best: none

Right
none
Best: none

Selecting

Lefts
Identity none
NOT none
Constant none
AND none
OR none
XOR none
AND-NOT AND-NOT23 34 45 56 67: 5
OR-NOT none
XOR-NOT none

Rights
Identity I1 0 7: 3
NOT none
Constant none
AND none
OR none
XOR none
AND-NOT none
OR-NOT OR-NOT15: 1
XOR-NOT none

Left longest: 5
Right longest: 3

Left winner: Identity no, NOT no, Constant no, AND no, OR no, XOR no, AND-NOT yes, OR-NOT no, XOR-NOT no
Right winner: Identity yes, NOT no, Constant no, AND no, OR no, XOR no, AND-NOT no, OR-NOT no, XOR-NOT no

Best left: AND-NOT23 34 45 56 67: 5
Best right: I1 0 7: 3

Truncated left: AND-NOT23 34 45 56 67: 5
Truncated right: I1 0 7: 3

Tentative from right
7 I1
6 I0
5 I7
4 pending
3 pending
2 pending
1 pending
0 pending

Tentative
0 AND-NOT23
1 AND-NOT34
2 AND-NOT45
3 AND-NOT56
4 AND-NOT67
5 I7
6 I0
7 I1

Preferred from left
0 AND-NOT23
1 AND-NOT34
2 AND-NOT45
3 AND-NOT56
4 AND-NOT67
5 I7
6 I0
7 I1

Preferred from right
7 I1
6 I0
5 I7
4 AND-NOT67
3 AND-NOT56
2 AND-NOT45
1 AND-NOT34
0 AND-NOT23

Preferred
0 AND-NOT23
1 AND-NOT34
2 AND-NOT45
3 AND-NOT56
4 AND-NOT67
5 I7
6 I0
7 I1

Matching
0 AND-NOT23
1 AND-NOT34
2 AND-NOT45
3 AND-NOT56
4 AND-NOT67
5 I7
6 I0
7 I1

Perfect match
Identity no
NOT no
Constant no
AND no
OR no
XOR no
AND-NOT no
OR-NOT no
XOR-NOT no

Matched
0 AND-NOT23
1 AND-NOT34
2 AND-NOT45
3 AND-NOT56
4 AND-NOT67
5 I7
6 I0
7 I1

Selected
0 AND-NOT23
1 AND-NOT34
2 AND-NOT45
3 AND-NOT56
4 AND-NOT67
5 I7
6 I0
7 I1

Applying to 01100101
Input
0 0
1 1
2 1
3 0
4 0
5 1
6 0
7 1
Output
0 AND-NOT23 = AND(1,NOT(0)) = 1
1 AND-NOT34 = AND(0,NOT(0)) = 0
2 AND-NOT45 = AND(0,NOT(1)) = 0
3 AND-NOT56 = AND(1,NOT(0)) = 1
4 AND-NOT67 = AND(0,NOT(1)) = 0
5 I7 = 1
6 I0 = 0
7 I1 = 1

I will now return the answer in \boxed{}
The answer in \boxed{–} is \boxed{10010101}