We need to deduce the transformation by matching the example outputs.
I will put my final answer inside \boxed{}.

Output 0: 10110000
0 1
1 0
2 1
3 1
4 0
5 0
6 0
7 0

Output 1: 01010000
0 0
1 1
2 0
3 1
4 0
5 0
6 0
7 0

Output 2: 00000001
0 0
1 0
2 0
3 0
4 0
5 0
6 0
7 1

Output 3: 11100000
0 1
1 1
2 1
3 0
4 0
5 0
6 0
7 0

Output 4: 01000000
0 0
1 1
2 0
3 0
4 0
5 0
6 0
7 0

Output 5: 10100001
0 1
1 0
2 1
3 0
4 0
5 0
6 0
7 1

Output 6: 11010000
0 1
1 1
2 0
3 1
4 0
5 0
6 0
7 0

Output 7: 11010000
0 1
1 1
2 0
3 1
4 0
5 0
6 0
7 0

Output bit columns (with bitsum as hash)
0 10010111 5
1 01011011 5
2 10010100 3
3 11000011 4
4 00000000 a
5 00000000 a
6 00000000 a
7 00100100 2

Input 0: 11001011
0 1
1 1
2 0
3 0
4 1
5 0
6 1
7 1

Input 1: 11000101
0 1
1 1
2 0
3 0
4 0
5 1
6 0
7 1

Input 2: 11010000
0 1
1 1
2 0
3 1
4 0
5 0
6 0
7 0

Input 3: 01111110
0 0
1 1
2 1
3 1
4 1
5 1
6 1
7 0

Input 4: 11100100
0 1
1 1
2 1
3 0
4 0
5 1
6 0
7 0

Input 5: 11011010
0 1
1 1
2 0
3 1
4 1
5 0
6 1
7 0

Input 6: 00111101
0 0
1 0
2 1
3 1
4 1
5 1
6 0
7 1

Input 7: 01011101
0 0
1 1
2 0
3 1
4 1
5 1
6 0
7 1

When matching output
x: not in operator
y: wrong position

Identity
0 11101100 5
1 11111101 7
2 00011010 3
3 00110111 5
4 10010111 5 match 0
5 01011011 5 match 1
6 10010100 3 match 2
7 11000011 4 match 3

Matching output
0 4
1 5
2 6
3 7
4 absent
5 absent
6 absent
7 absent

Left
4 5 6 7 0x
Best: I4 5 6 7: 4

Right
none
Best: none

NOT
0 00010011 3
1 00000010 1
2 11100101 5
3 11001000 3
4 01101000 3
5 10100100 3
6 01101011 5
7 00111100 4

Matching output
0 absent
1 absent
2 absent
3 absent
4 absent
5 absent
6 absent
7 absent

Left
none
Best: none

Right
none
Best: none

Constant
0 00000000 a match 4 5 6
1 11111111 a

Matching output
0 absent
1 absent
2 absent
3 absent
4 C0
5 C0
6 C0
7 absent

Left
none
Best: none

Right
none
Best: none

AND
01 10 11101100 5
12 21 00011000 2
23 32 00010010 2
34 43 00010111 4
45 54 00010011 3
56 65 00010000 1
67 76 10000000 1
70 07 11000000 2

02 20 00001000 1
13 31 00110101 4
24 42 00010010 2
35 53 00010011 3
46 64 10010100 3 match 2
57 75 01000011 3
60 06 10000100 2
71 17 11000001 3

03 30 00100100 2 match 7
14 41 10010101 4
25 52 00011010 3
36 63 00010100 2
47 74 10000011 3
50 05 01001000 2
61 16 10010100 3 match 2
72 27 00000010 1

04 40 10000100 2
15 51 01011001 4
26 62 00010000 1
37 73 00000011 2

Matching output
0 absent
1 absent
2 46 64 61 16
3 absent
4 absent
5 absent
6 absent
7 03 30

Left
none
Best: none

Right
03 72x
30 27x
Best: AND03: 1

OR
01 10 11111101 7
12 21 11111111 a
23 32 00111111 6
34 43 10110111 6
45 54 11011111 7
56 65 11011111 7
67 76 11010111 6
70 07 11101111 7

02 20 11111110 7
13 31 11111111 a
24 42 10011111 6
35 53 01111111 7
46 64 10010111 5 match 0
57 75 11011011 6
60 06 11111100 6
71 17 11111111 a

03 30 11111111 a
14 41 11111111 a
25 52 01011011 5 match 1
36 63 10110111 6
47 74 11010111 6
50 05 11111111 a
61 16 11111101 7
72 27 11011011 6

04 40 11111111 a
15 51 11111111 a
26 62 10011110 5
37 73 11110111 7

Matching output
0 46 64
1 25 52
2 absent
3 absent
4 absent
5 absent
6 absent
7 absent

Left
46 57x
64 75x
Best: OR46: 1

Right
none
Best: none

XOR
01 10 00010001 2
12 21 11100111 6
23 32 00101101 4
34 43 10100000 2
45 54 11001100 4
56 65 11001111 6
67 76 01010111 5
70 07 00101111 5

02 20 11110110 6
13 31 11001010 4
24 42 10001101 4
35 53 01101100 4
46 64 00000011 2
57 75 10011000 3
60 06 01111000 4
71 17 00111110 5

03 30 11011011 6
14 41 01101010 4
25 52 01000001 2
36 63 10100011 4
47 74 01010100 3
50 05 10110111 6
61 16 01101001 4
72 27 11011001 5

04 40 01111011 6
15 51 10100110 4
26 62 10001110 4
37 73 11110100 5

Matching output
0 absent
1 absent
2 absent
3 absent
4 absent
5 absent
6 absent
7 absent

Left
none
Best: none

Right
none
Best: none

AND-NOT
01 00000000 a match 4 5 6
12 11100101 5
23 00001000 1
34 00100000 1
45 10000100 2
56 01001011 4
67 00010100 2
70 00000011 2

02 11100100 4
13 11001000 3
24 00001000 1
35 00100100 2 match 7
46 00000011 2
57 00011000 2
60 00010000 1
71 00000010 1

03 11001000 3
14 01101000 3
25 00000000 a match 4 5 6
36 00100011 3
47 00010100 2
50 00010011 3
61 00000000 a match 4 5 6
72 11000001 3

04 01101000 3
15 10100100 3
26 00001010 2
37 00110100 3
40 00010011 3
51 00000010 1
62 10000100 2
73 11000000 2

05 10100100 3
16 01101001 4
27 00011000 2
30 00010011 3
41 00000010 1
52 01000001 2
63 10000000 1
74 01000000 1

06 01101000 3
17 00111100 4
20 00010010 2
31 00000010 1
42 10000101 3
53 01001000 2
64 00000000 a match 4 5 6
75 10000000 1

07 00101100 3
10 00010001 2
21 00000010 1
32 00100101 3
43 10000000 1
54 01001000 2
65 10000100 2
76 01000011 3

Matching output
0 absent
1 absent
2 absent
3 absent
4 01 25 61 64
5 01 25 61 64
6 01 25 61 64
7 35

Left
none
Best: none

Right
35 24x
Best: AND-NOT35: 1

OR-NOT
01 11101110 6
12 11111101 7
23 11011010 5
34 01111111 7
45 10110111 6
56 01111011 6
67 10111100 5
70 11010011 5

02 11101101 6
13 11111101 7
24 01111010 5
35 10110111 6
46 11111111 a
57 01111111 7
60 10010111 5 match 0
71 11000011 4 match 3

03 11101100 5
14 11111101 7
25 10111110 6
36 01111111 7
47 10111111 7
50 01011011 5 match 1
61 10010110 4
72 11100111 6

04 11101100 5
15 11111101 7
26 01111011 6
37 00111111 6
40 10010111 5 match 0
51 01011011 5 match 1
62 11110101 6
73 11001011 5

05 11101100 5
16 11111111 a
27 00111110 5
30 00110111 5
41 10010111 5 match 0
52 11111111 a
63 11011100 5
74 11101011 6

06 11101111 7
17 11111101 7
20 00011011 4
31 00110111 5
42 11110111 7
53 11011011 6
64 11111100 6
75 11100111 6

07 11111100 6
10 11111111 a
21 00011010 3
32 11110111 7
43 11011111 7
54 01111011 6
65 10110100 4
76 11101011 6

Matching output
0 60 40 41
1 50 51
2 absent
3 71
4 absent
5 absent
6 absent
7 absent

Left
60 71y
40 51 62x
41 52x
Best: OR-NOT40 51: 2

Right
none
Best: none

XOR-NOT
01 11101110 6
12 00011000 2
23 11010010 4
34 01011111 6
45 00110011 4
56 00110000 2
67 10101000 3
70 11010000 3

02 00001001 2
13 00110101 4
24 01110010 4
35 10010011 4
46 11111100 6
57 01100111 5
60 10000111 4
71 11000001 3

03 00100100 2 match 7
14 10010101 4
25 10111110 6
36 01011100 4
47 10101011 5
50 01001000 2
61 10010110 4
72 00100110 3

04 10000100 2
15 01011001 4
26 01110001 4
37 00001011 3
40 10000100 2
51 01011001 4
62 01110001 4
73 00001011 3

05 01001000 2
16 10010110 4
27 00100110 3
30 00100100 2 match 7
41 10010101 4
52 10111110 6
63 01011100 4
74 10101011 5

06 10000111 4
17 11000001 3
20 00001001 2
31 00110101 4
42 01110010 4
53 10010011 4
64 11111100 6
75 01100111 5

07 11010000 3
10 11101110 6
21 00011000 2
32 11010010 4
43 01011111 6
54 00110011 4
65 00110000 2
76 10101000 3

Matching output
0 absent
1 absent
2 absent
3 absent
4 absent
5 absent
6 absent
7 03 30

Left
none
Best: none

Right
03 72x
30 27x
Best: XOR-NOT03: 1

Selecting

Lefts
Identity I4 5 6 7: 4
NOT none
Constant none
AND none
OR OR46: 1
XOR none
AND-NOT none
OR-NOT OR-NOT40 51: 2
XOR-NOT none

Rights
Identity none
NOT none
Constant none
AND AND03: 1
OR none
XOR none
AND-NOT AND-NOT35: 1
OR-NOT none
XOR-NOT XOR-NOT03: 1

Left longest: 4
Right longest: 1

Left winner: Identity yes, NOT no, Constant no, AND no, OR no, XOR no, AND-NOT no, OR-NOT no, XOR-NOT no
Right winner: Identity no, NOT no, Constant no, AND yes, OR no, XOR no, AND-NOT no, OR-NOT no, XOR-NOT no

Best left: I4 5 6 7: 4
Best right: AND03: 1

Truncated left: I4 5 6 7: 4
Truncated right: AND03: 1

Tentative from right
7 AND03
6 pending
5 pending
4 pending
3 pending
2 pending
1 pending
0 pending

Tentative
0 I4
1 I5
2 I6
3 I7
4 pending
5 pending
6 pending
7 AND03

Preferred from left
0 I4
1 I5
2 I6
3 I7
4 ?0?
5 ?1?
6 ?2?
7 AND03

Preferred from right
7 AND03
6 ?2?
5 ?1?
4 ?0?
3 I7
2 I6
1 I5
0 I4

Preferred
0 I4
1 I5
2 I6
3 I7
4 ?0?
5 ?1?
6 ?2?
7 AND03

Matching
0 I4
1 I5
2 I6
3 I7
4 ?0? - Identity absent, NOT absent, Constant C0, AND absent, OR absent, XOR absent, AND-NOT01, OR-NOT absent, XOR-NOT absent
5 ?1? - Identity absent, NOT absent, Constant C0, AND absent, OR absent, XOR absent, AND-NOT absent, OR-NOT absent, XOR-NOT absent
6 ?2? - Identity absent, NOT absent, Constant C0, AND absent, OR absent, XOR absent, AND-NOT25, OR-NOT absent, XOR-NOT absent
7 AND03

Perfect match
Identity no
NOT no
Constant yes
AND no
OR no
XOR no
AND-NOT no
OR-NOT no
XOR-NOT no

Matched
0 I4
1 I5
2 I6
3 I7
4 C0
5 C0
6 C0
7 AND03

Selected
0 I4
1 I5
2 I6
3 I7
4 C0
5 C0
6 C0
7 AND03

Applying to 00000010
Input
0 0
1 0
2 0
3 0
4 0
5 0
6 1
7 0
Output
0 I4 = 0
1 I5 = 0
2 I6 = 1
3 I7 = 0
4 C0 = 0
5 C0 = 0
6 C0 = 0
7 AND03 = AND(0,0) = 0

I will now return the answer in \boxed{}
The answer in \boxed{–} is \boxed{00100000}