We need to deduce the transformation by matching the example outputs.
I will put my final answer inside \boxed{}.

Output 0: 01000000
0 0
1 1
2 0
3 0
4 0
5 0
6 0
7 0

Output 1: 01001011
0 0
1 1
2 0
3 0
4 1
5 0
6 1
7 1

Output 2: 10001001
0 1
1 0
2 0
3 0
4 1
5 0
6 0
7 1

Output 3: 00000101
0 0
1 0
2 0
3 0
4 0
5 1
6 0
7 1

Output 4: 01000110
0 0
1 1
2 0
3 0
4 0
5 1
6 1
7 0

Output 5: 10001010
0 1
1 0
2 0
3 0
4 1
5 0
6 1
7 0

Output 6: 00001111
0 0
1 0
2 0
3 0
4 1
5 1
6 1
7 1

Output 7: 10000110
0 1
1 0
2 0
3 0
4 0
5 1
6 1
7 0

Output 8: 11000111
0 1
1 1
2 0
3 0
4 0
5 1
6 1
7 1

Output bit columns (with bitsum as hash)
0 001001011 4
1 110010001 4
2 000000000 a
3 000000000 a
4 011001100 4
5 000110111 5
6 010011111 6
7 011100101 5

Input 0: 00001001
0 0
1 0
2 0
3 0
4 1
5 0
6 0
7 1

Input 1: 10111001
0 1
1 0
2 1
3 1
4 1
5 0
6 0
7 1

Input 2: 10011110
0 1
1 0
2 0
3 1
4 1
5 1
6 1
7 0

Input 3: 01011100
0 0
1 1
2 0
3 1
4 1
5 1
6 0
7 0

Input 4: 01101101
0 0
1 1
2 1
3 0
4 1
5 1
6 0
7 1

Input 5: 10101110
0 1
1 0
2 1
3 0
4 1
5 1
6 1
7 0

Input 6: 11111000
0 1
1 1
2 1
3 1
4 1
5 0
6 0
7 0

Input 7: 01100010
0 0
1 1
2 1
3 0
4 0
5 0
6 1
7 0

Input 8: 01110011
0 0
1 1
2 1
3 1
4 0
5 0
6 1
7 1

When matching output
x: not in operator
y: wrong position

Identity
0 011001100 4 match 4
1 000110111 5 match 5
2 010011111 6 match 6
3 011100101 5 match 7
4 111111100 7
5 001111000 4
6 001001011 4 match 0
7 110010001 4 match 1

Matching output
0 6
1 7
2 absent
3 absent
4 0
5 1
6 2
7 3

Left
6 7 0y
Best: I6 7: 2

Right
3 2 1 0 7y
Best: I3 2 1 0: 4

NOT
0 100110011 5
1 111001000 4
2 101100000 3
3 100011010 4
4 000000011 2
5 110000111 5
6 110110100 5
7 001101110 5

Matching output
0 absent
1 absent
2 absent
3 absent
4 absent
5 absent
6 absent
7 absent

Left
none
Best: none

Right
none
Best: none

Constant
0 000000000 a match 2 3
1 111111111 a

Matching output
0 absent
1 absent
2 C0
3 C0
4 absent
5 absent
6 absent
7 absent

Left
none
Best: none

Right
none
Best: none

AND
01 10 000000100 1
12 21 000010111 4
23 32 010000101 3
34 43 011100100 4
45 54 001111000 4
56 65 001001000 2
67 76 000000001 1
70 07 010000000 1

02 20 010001100 3
13 31 000100101 3
24 42 010011100 4
35 53 001100000 2
46 64 001001000 2
57 75 000010000 1
60 06 001001000 2
71 17 000010001 2

03 30 011000100 3
14 41 000110100 3
25 52 000011000 2
36 63 001000001 2
47 74 110010000 3
50 05 001001000 2
61 16 000000011 2
72 27 010010001 3

04 40 011001100 4 match 4
15 51 000110000 2
26 62 000001011 3
37 73 010000001 2

Matching output
0 absent
1 absent
2 absent
3 absent
4 04 40
5 absent
6 absent
7 absent

Left
none
Best: none

Right
none
Best: none

OR
01 10 011111111 8
12 21 010111111 7
23 32 011111111 8
34 43 111111101 8
45 54 111111100 7
56 65 001111011 6
67 76 111011011 7
70 07 111011101 7

02 20 011011111 7
13 31 011110111 7
24 42 111111111 a
35 53 011111101 7
46 64 111111111 a
57 75 111111001 7
60 06 011001111 6
71 17 110110111 7

03 30 011101101 6
14 41 111111111 a
25 52 011111111 8
36 63 011101111 7
47 74 111111101 8
50 05 011111100 6
61 16 001111111 7
72 27 110011111 7

04 40 111111100 7
15 51 001111111 7
26 62 011011111 7
37 73 111110101 7

Matching output
0 absent
1 absent
2 absent
3 absent
4 absent
5 absent
6 absent
7 absent

Left
none
Best: none

Right
none
Best: none

XOR
01 10 011111011 7
12 21 010101000 3
23 32 001111010 5
34 43 100011001 4
45 54 110000100 3
56 65 000110011 4
67 76 111011010 6
70 07 101011101 6

02 20 001010011 4
13 31 011010010 4
24 42 101100011 5
35 53 010011101 5
46 64 110110111 7
57 75 111101001 6
60 06 010000111 4
71 17 110100110 5

03 30 000101001 3
14 41 111001011 6
25 52 011100111 6
36 63 010101110 5
47 74 001101101 5
50 05 010110100 4
61 16 001111100 5
72 27 100001110 4

04 40 100110000 3
15 51 001001111 5
26 62 011010100 4
37 73 101110100 5

Matching output
0 absent
1 absent
2 absent
3 absent
4 absent
5 absent
6 absent
7 absent

Left
none
Best: none

Right
none
Best: none

AND-NOT
01 011001000 3
12 000100000 1
23 000011010 3
34 000000001 1
45 110000100 3
56 000110000 2
67 001001010 3
70 100010001 3

02 001000000 1
13 000010010 2
24 000000011 2
35 010000101 3
46 110110100 5
57 001101000 3
60 000000011 2
71 110000000 2

03 000001000 1
14 000000011 2
25 010000111 4
36 010100100 3
47 001101100 4
50 000110000 2
61 001001000 2
72 100000000 1

04 000000000 a match 2 3
15 000000111 3
26 010010100 3
37 001100100 3
40 100110000 3
51 001001000 2
62 001000000 1
73 100010000 2

05 010000100 2
16 000110100 3
27 000001110 3
30 000100001 2
41 111001000 4
52 001100000 2
63 000001010 2
74 000000001 1

06 010000100 2
17 000100110 3
20 000010011 3
31 011000000 2
42 101100000 3
53 000011000 2
64 000000011 2
75 110000001 3

07 001001100 3
10 000110011 4
21 010001000 2
32 001100000 2
43 100011000 3
54 000000000 a match 2 3
65 000000011 2
76 110010000 3

Matching output
0 absent
1 absent
2 04 54
3 04 54
4 absent
5 absent
6 absent
7 absent

Left
none
Best: none

Right
none
Best: none

OR-NOT
01 111001100 5
12 101110111 7
23 110011111 7
34 011100111 6
45 111111111 a
56 111111100 7
67 001101111 6
70 110110011 6

02 111101100 6
13 100111111 7
24 010011111 6 match 6
35 111100111 7
46 111111100 7
57 001111110 6
60 101111011 7
71 111011001 6

03 111011110 7
14 000110111 5 match 5
25 110011111 7
36 111110101 7
47 111111110 8
50 101111011 7
61 111001011 6
72 111110001 6

04 011001111 6
15 110110111 7
26 110111111 8
37 011101111 7
40 111111111 a
51 111111000 6
62 101101011 6
73 110011011 6

05 111001111 7
16 110110111 7
27 011111111 8
30 111110111 8
41 111111100 7
52 101111000 5
63 101011011 6
74 110010011 5

06 111111100 7
17 001111111 7
20 110111111 8
31 111101101 7
42 111111100 7
53 101111010 6
64 001001011 4 match 0
75 110010111 6

07 011101110 6
10 100110111 6
21 111011111 8
32 111100101 6
43 111111110 8
54 001111011 6
65 111001111 7
76 110110101 6

Matching output
0 64
1 absent
2 absent
3 absent
4 absent
5 14
6 24
7 absent

Left
64 75x
Best: OR-NOT64: 1

Right
none
Best: none

XOR-NOT
01 100000100 2
12 101010111 6
23 110000101 4
34 011100110 5
45 001111011 6
56 111001100 5
67 000100101 3
70 010100010 3

02 110101100 5
13 100101101 5
24 010011100 4
35 101100010 4
46 001001000 2
57 000010110 3
60 101111000 5
71 001011001 4

03 111010110 6
14 000110100 3
25 100011000 3
36 101010001 4
47 110010010 4
50 101001011 5
61 110000011 4
72 011110001 5

04 011001111 6
15 110110000 4
26 100101011 5
37 010001011 4
40 011001111 6
51 110110000 4
62 100101011 5
73 010001011 4

05 101001011 5
16 110000011 4
27 011110001 5
30 111010110 6
41 000110100 3
52 100011000 3
63 101010001 4
74 110010010 4

06 101111000 5
17 001011001 4
20 110101100 5
31 100101101 5
42 010011100 4
53 101100010 4
64 001001000 2
75 000010110 3

07 010100010 3
10 100000100 2
21 101010111 6
32 110000101 4
43 011100110 5
54 001111011 6
65 111001100 5
76 000100101 3

Matching output
0 absent
1 absent
2 absent
3 absent
4 absent
5 absent
6 absent
7 absent

Left
none
Best: none

Right
none
Best: none

Selecting

Lefts
Identity I6 7: 2
NOT none
Constant none
AND none
OR none
XOR none
AND-NOT none
OR-NOT OR-NOT64: 1
XOR-NOT none

Rights
Identity I3 2 1 0: 4
NOT none
Constant none
AND none
OR none
XOR none
AND-NOT none
OR-NOT none
XOR-NOT none

Left longest: 2
Right longest: 4

Right winner: Identity yes, NOT no, Constant no, AND no, OR no, XOR no, AND-NOT no, OR-NOT no, XOR-NOT no
Left winner: Identity yes, NOT no, Constant no, AND no, OR no, XOR no, AND-NOT no, OR-NOT no, XOR-NOT no

Best right: I3 2 1 0: 4
Best left: I6 7: 2

Truncated right: I3 2 1 0: 4
Truncated left: I6 7: 2

Tentative from right
7 I3
6 I2
5 I1
4 I0
3 pending
2 pending
1 pending
0 pending

Tentative
0 I6
1 I7
2 pending
3 pending
4 I0
5 I1
6 I2
7 I3

Preferred from right
7 I3
6 I2
5 I1
4 I0
3 ??7
2 ??6
1 I7
0 I6

Preferred from left
0 I6
1 I7
2 ?06
3 ?17
4 I0
5 I1
6 I2
7 I3

Preferred
0 I6
1 I7
2 ?06 ?60
3 ?17 ?71
4 I0
5 I1
6 I2
7 I3

Matching
0 I6
1 I7
2 ?06 ?60 - Identity absent, NOT absent, Constant C0, AND absent, OR absent, XOR absent, AND-NOT absent, OR-NOT absent, XOR-NOT absent
3 ?17 ?71 - Identity absent, NOT absent, Constant C0, AND absent, OR absent, XOR absent, AND-NOT absent, OR-NOT absent, XOR-NOT absent
4 I0
5 I1
6 I2
7 I3

Perfect match
Identity no
NOT no
Constant yes
AND no
OR no
XOR no
AND-NOT no
OR-NOT no
XOR-NOT no

Matched
0 I6
1 I7
2 C0
3 C0
4 I0
5 I1
6 I2
7 I3

Selected
0 I6
1 I7
2 C0
3 C0
4 I0
5 I1
6 I2
7 I3

Applying to 01000110
Input
0 0
1 1
2 0
3 0
4 0
5 1
6 1
7 0
Output
0 I6 = 1
1 I7 = 0
2 C0 = 0
3 C0 = 0
4 I0 = 0
5 I1 = 1
6 I2 = 0
7 I3 = 0

I will now return the answer in \boxed{}
The answer in \boxed{–} is \boxed{10000100}