We need to deduce the transformation by matching the example outputs.
I will put my final answer inside \boxed{}.

Output 0: 10011111
0 1
1 0
2 0
3 1
4 1
5 1
6 1
7 1

Output 1: 00111101
0 0
1 0
2 1
3 1
4 1
5 1
6 0
7 1

Output 2: 11110011
0 1
1 1
2 1
3 1
4 0
5 0
6 1
7 1

Output 3: 01111101
0 0
1 1
2 1
3 1
4 1
5 1
6 0
7 1

Output 4: 00000111
0 0
1 0
2 0
3 0
4 0
5 1
6 1
7 1

Output 5: 00001111
0 0
1 0
2 0
3 0
4 1
5 1
6 1
7 1

Output 6: 11111011
0 1
1 1
2 1
3 1
4 1
5 0
6 1
7 1

Output 7: 01111110
0 0
1 1
2 1
3 1
4 1
5 1
6 1
7 0

Output bit columns (with bitsum as hash)
0 10100010 3
1 00110011 4
2 01110011 5
3 11110011 6
4 11010111 6
5 11011101 6
6 10101111 6
7 11111110 7

Input 0: 00110111
0 0
1 0
2 1
3 1
4 0
5 1
6 1
7 1

Input 1: 01010010
0 0
1 1
2 0
3 1
4 0
5 0
6 1
7 0

Input 2: 11000101
0 1
1 1
2 0
3 0
4 0
5 1
6 0
7 1

Input 3: 10110010
0 1
1 0
2 1
3 1
4 0
5 0
6 1
7 0

Input 4: 00001100
0 0
1 0
2 0
3 0
4 1
5 1
6 0
7 0

Input 5: 00011100
0 0
1 0
2 0
3 1
4 1
5 1
6 0
7 0

Input 6: 11100111
0 1
1 1
2 1
3 0
4 0
5 1
6 1
7 1

Input 7: 10101000
0 1
1 0
2 1
3 0
4 1
5 0
6 0
7 0

When matching output
x: not in operator
y: wrong position

Identity
0 00110011 4 match 1
1 01100010 3
2 10010011 4
3 11010100 4
4 00001101 3
5 10101110 5
6 11010010 4
7 10100010 3 match 0

Matching output
0 7
1 0
2 absent
3 absent
4 absent
5 absent
6 absent
7 absent

Left
7 0 1x
Best: I7 0: 2

Right
none
Best: none

NOT
0 11001100 4
1 10011101 5
2 01101100 4
3 00101011 4
4 11110010 5
5 01010001 3
6 00101101 4
7 01011101 5

Matching output
0 absent
1 absent
2 absent
3 absent
4 absent
5 absent
6 absent
7 absent

Left
none
Best: none

Right
none
Best: none

Constant
0 00000000 a
1 11111111 a

Matching output
0 absent
1 absent
2 absent
3 absent
4 absent
5 absent
6 absent
7 absent

Left
none
Best: none

Right
none
Best: none

AND
01 10 00100010 2
12 21 00000010 1
23 32 10010000 2
34 43 00000100 1
45 54 00001100 2
56 65 10000010 2
67 76 10000010 2
70 07 00100010 2

02 20 00010011 3
13 31 01000000 1
24 42 00000001 1
35 53 10000100 2
46 64 00000000 a
57 75 10100010 3 match 0
60 06 00010010 2
71 17 00100010 2

03 30 00010000 1
14 41 00000000 a
25 52 10000010 2
36 63 11010000 3
47 74 00000000 a
50 05 00100010 2
61 16 01000010 2
72 27 10000010 2

04 40 00000001 1
15 51 00100010 2
26 62 10010010 3
37 73 10000000 1

Matching output
0 57 75
1 absent
2 absent
3 absent
4 absent
5 absent
6 absent
7 absent

Left
57 60x
75 06x
Best: AND57: 1

Right
none
Best: none

OR
01 10 01110011 5 match 2
12 21 11110011 6 match 3
23 32 11010111 6 match 4
34 43 11011101 6 match 5
45 54 10101111 6 match 6
56 65 11111110 7 match 7
67 76 11110010 5
70 07 10110011 5

02 20 10110011 5
13 31 11110110 6
24 42 10011111 6
35 53 11111110 7 match 7
46 64 11011111 7
57 75 10101110 5
60 06 11110011 6 match 3
71 17 11100010 4

03 30 11110111 7
14 41 01101111 6
25 52 10111111 7
36 63 11010110 5
47 74 10101111 6 match 6
50 05 10111111 7
61 16 11110010 5
72 27 10110011 5

04 40 00111111 6
15 51 11101110 6
26 62 11010011 5
37 73 11110110 6

Matching output
0 absent
1 absent
2 01 10
3 12 21 60 06
4 23 32
5 34 43
6 45 54 47 74
7 56 65 35 53

Left
none
Best: none

Right
56 45 34 23 12 01 70x
65 54 43 32 21 10 07x
35 24x
53 42x
Best: OR56 45 34 23 12 01: 6

XOR
01 10 01010001 3
12 21 11110001 5
23 32 01000111 4
34 43 11011001 5
45 54 10100011 4
56 65 01111100 5
67 76 01110000 3
70 07 10010001 3

02 20 10100000 2
13 31 10110110 5
24 42 10011110 5
35 53 01111010 5
46 64 11011111 7
57 75 00001100 2
60 06 11100001 4
71 17 11000000 2

03 30 11100111 6
14 41 01101111 6
25 52 00111101 5
36 63 00000110 2
47 74 10101111 6 match 6
50 05 10011101 5
61 16 10110000 3
72 27 00110001 3

04 40 00111110 5
15 51 11001100 4
26 62 01000001 2
37 73 01110110 5

Matching output
0 absent
1 absent
2 absent
3 absent
4 absent
5 absent
6 47 74
7 absent

Left
none
Best: none

Right
none
Best: none

AND-NOT
01 00010001 2
12 01100000 2
23 00000011 2
34 11010000 3
45 00000001 1
56 00101100 3
67 01010000 2
70 10000000 1

02 00100000 1
13 00100010 2
24 10010010 3
35 01010000 2
46 00001101 3
57 00001100 2
60 11000000 2
71 10000000 1

03 00100011 3
14 01100010 3
25 00010001 2
36 00000100 1
47 00001101 3
50 10001100 3
61 10010000 2
72 00100000 1

04 00110010 3
15 01000000 1
26 00000001 1
37 01010100 3
40 00001100 2
51 10001100 3
62 01000000 1
73 00100010 2

05 00010001 2
16 00100000 1
27 00010001 2
30 11000100 3
41 00001101 3
52 00101100 3
63 00000010 1
74 10100010 3 match 0

06 00100001 2
17 01000000 1
20 10000000 1
31 10010100 3
42 00001100 2
53 00101010 3
64 11010010 4
75 00000000 a

07 00010001 2
10 01000000 1
21 10010001 3
32 01000100 2
43 00001001 2
54 10100010 3 match 0
65 01010000 2
76 00100000 1

Matching output
0 74 54
1 absent
2 absent
3 absent
4 absent
5 absent
6 absent
7 absent

Left
74 05x
54 65x
Best: AND-NOT74: 1

Right
none
Best: none

OR-NOT
01 10111111 7
12 01101110 5
23 10111011 6
34 11110110 6
45 01011101 5
56 10101111 6 match 6
67 11011111 7
70 11101110 6

02 01111111 7
13 01101011 5
24 11110011 6 match 3
35 11010101 5
46 00101101 4
57 11111111 a
60 11011110 6
71 10111111 7

03 00111011 5
14 11110010 5
25 11010011 5
36 11111101 7
47 01011101 5
50 11101110 6
61 11011111 7
72 11101110 6

04 11110011 6 match 3
15 01110011 5 match 2
26 10111111 7
37 11011101 6 match 5
40 11001101 5
51 10111111 7
62 11111110 7 match 7
73 10101011 5

05 01110011 5 match 2
16 01101111 6
27 11011111 7
30 11011100 5
41 10011101 5
52 11101110 6
63 11111011 7
74 11110010 5

06 00111111 6
17 01111111 7
20 11011111 7
31 11011101 6 match 5
42 01101101 5
53 10101111 6 match 6
64 11110010 5
75 11110011 6 match 3

07 01111111 7
10 11101110 6
21 10011111 6
32 11111100 6
43 00101111 5
54 11111110 7 match 7
65 11010011 5
76 10101111 6 match 6

Matching output
0 absent
1 absent
2 15 05
3 24 04 75
4 absent
5 37 31
6 56 53 76
7 62 54

Left
none
Best: none

Right
62 51x
54 43x
Best: OR-NOT62: 1

XOR-NOT
01 10101110 5
12 00001110 3
23 10111000 4
34 00100110 3
45 01011100 4
56 10000011 3
67 10001111 5
70 01101110 5

02 01011111 6
13 01001001 3
24 01100001 3
35 10000101 3
46 00100000 1
57 11110011 6 match 3
60 00011110 4
71 00111111 6

03 00011000 2
14 10010000 2
25 11000010 3
36 11111001 6
47 01010000 2
50 01100010 3
61 01001111 5
72 11001110 5

04 11000001 3
15 00110011 4 match 1
26 10111110 6
37 10001001 3
40 11000001 3
51 00110011 4 match 1
62 10111110 6
73 10001001 3

05 01100010 3
16 01001111 5
27 11001110 5
30 00011000 2
41 10010000 2
52 11000010 3
63 11111001 6
74 01010000 2

06 00011110 4
17 00111111 6
20 01011111 6
31 01001001 3
42 01100001 3
53 10000101 3
64 00100000 1
75 11110011 6 match 3

07 01101110 5
10 10101110 5
21 00001110 3
32 10111000 4
43 00100110 3
54 01011100 4
65 10000011 3
76 10001111 5

Matching output
0 absent
1 15 51
2 absent
3 57 75
4 absent
5 absent
6 absent
7 absent

Left
none
Best: none

Right
none
Best: none

Selecting

Lefts
Identity I7 0: 2
NOT none
Constant none
AND AND57: 1
OR none
XOR none
AND-NOT AND-NOT74: 1
OR-NOT none
XOR-NOT none

Rights
Identity none
NOT none
Constant none
AND none
OR OR56 45 34 23 12 01: 6
XOR none
AND-NOT none
OR-NOT OR-NOT62: 1
XOR-NOT none

Left longest: 2
Right longest: 6

Right winner: Identity no, NOT no, Constant no, AND no, OR yes, XOR no, AND-NOT no, OR-NOT no, XOR-NOT no
Left winner: Identity yes, NOT no, Constant no, AND no, OR no, XOR no, AND-NOT no, OR-NOT no, XOR-NOT no

Best right: OR56 45 34 23 12 01: 6
Best left: I7 0: 2

Truncated right: OR56 45 34 23 12 01: 6
Truncated left: I7 0: 2

Tentative from right
7 OR56
6 OR45
5 OR34
4 OR23
3 OR12
2 OR01
1 pending
0 pending

Tentative
0 I7
1 I0
2 OR01
3 OR12
4 OR23
5 OR34
6 OR45
7 OR56

Preferred from right
7 OR56
6 OR45
5 OR34
4 OR23
3 OR12
2 OR01
1 I0
0 I7

Preferred from left
0 I7
1 I0
2 OR01
3 OR12
4 OR23
5 OR34
6 OR45
7 OR56

Preferred
0 I7
1 I0
2 OR01
3 OR12
4 OR23
5 OR34
6 OR45
7 OR56

Matching
0 I7
1 I0
2 OR01
3 OR12
4 OR23
5 OR34
6 OR45
7 OR56

Perfect match
Identity no
NOT no
Constant no
AND no
OR no
XOR no
AND-NOT no
OR-NOT no
XOR-NOT no

Matched
0 I7
1 I0
2 OR01
3 OR12
4 OR23
5 OR34
6 OR45
7 OR56

Selected
0 I7
1 I0
2 OR01
3 OR12
4 OR23
5 OR34
6 OR45
7 OR56

Applying to 10010110
Input
0 1
1 0
2 0
3 1
4 0
5 1
6 1
7 0
Output
0 I7 = 0
1 I0 = 1
2 OR01 = OR(1,0) = 1
3 OR12 = OR(0,0) = 0
4 OR23 = OR(0,1) = 1
5 OR34 = OR(1,0) = 1
6 OR45 = OR(0,1) = 1
7 OR56 = OR(1,1) = 1

I will now return the answer in \boxed{}
The answer in \boxed{–} is \boxed{01101111}