We need to deduce the transformation by matching the example outputs.
I will put my final answer inside \boxed{}.

Output 0: 11001011
0 1
1 1
2 0
3 0
4 1
5 0
6 1
7 1

Output 1: 01111111
0 0
1 1
2 1
3 1
4 1
5 1
6 1
7 1

Output 2: 10100101
0 1
1 0
2 1
3 0
4 0
5 1
6 0
7 1

Output 3: 01011110
0 0
1 1
2 0
3 1
4 1
5 1
6 1
7 0

Output 4: 00011111
0 0
1 0
2 0
3 1
4 1
5 1
6 1
7 1

Output 5: 00111111
0 0
1 0
2 1
3 1
4 1
5 1
6 1
7 1

Output 6: 11001101
0 1
1 1
2 0
3 0
4 1
5 1
6 0
7 1

Output 7: 01011011
0 0
1 1
2 0
3 1
4 1
5 0
6 1
7 1

Output 8: 00010010
0 0
1 0
2 0
3 1
4 0
5 0
6 1
7 0

Output 9: 11001001
0 1
1 1
2 0
3 0
4 1
5 0
6 0
7 1

Output bit columns (with bitsum as hash)
0 1010001001 4
1 1101001101 6
2 0110010000 3
3 0101110110 6
4 1101111101 8
5 0111111000 6
6 1101110110 7
7 1110111101 8

Input 0: 10010101
0 1
1 0
2 0
3 1
4 0
5 1
6 0
7 1

Input 1: 11110110
0 1
1 1
2 1
3 1
4 0
5 1
6 1
7 0

Input 2: 01000011
0 0
1 1
2 0
3 0
4 0
5 0
6 1
7 1

Input 3: 10101100
0 1
1 0
2 1
3 0
4 1
5 1
6 0
7 0

Input 4: 00111000
0 0
1 0
2 1
3 1
4 1
5 0
6 0
7 0

Input 5: 01111100
0 0
1 1
2 1
3 1
4 1
5 1
6 0
7 0

Input 6: 10001011
0 1
1 0
2 0
3 0
4 1
5 0
6 1
7 1

Input 7: 10110000
0 1
1 0
2 1
3 1
4 0
5 0
6 0
7 0

Input 8: 00100100
0 0
1 0
2 1
3 0
4 0
5 1
6 0
7 0

Input 9: 10000011
0 1
1 0
2 0
3 0
4 0
5 0
6 1
7 1

When matching output
x: not in operator
y: wrong position

Identity
0 1101001101 6 match 1
1 0110010000 3 match 2
2 0101110110 6 match 3
3 1100110100 5
4 0001111000 4
5 1101010010 5
6 0110001001 4
7 1010001001 4 match 0

Matching output
0 7
1 0
2 1
3 2
4 absent
5 absent
6 absent
7 absent

Left
7 0 1 2 3x
Best: I7 0 1 2: 4

Right
none
Best: none

NOT
0 0010110010 4
1 1001101111 7
2 1010001001 4 match 0
3 0011001011 5
4 1110000111 6
5 0010101101 5
6 1001110110 6
7 0101110110 6 match 3

Matching output
0 2
1 absent
2 absent
3 7
4 absent
5 absent
6 absent
7 absent

Left
2 3x
Best: NOT2: 1

Right
none
Best: none

Constant
0 0000000000 a
1 1111111111 a

Matching output
0 absent
1 absent
2 absent
3 absent
4 absent
5 absent
6 absent
7 absent

Left
none
Best: none

Right
none
Best: none

AND
01 10 0100000000 1
12 21 0100010000 2
23 32 0100110100 4
34 43 0000110000 2
45 54 0001010000 2
56 65 0100000000 1
67 76 0010001001 3
70 07 1000001001 3

02 20 0101000100 3
13 31 0100010000 2
24 42 0001110000 3
35 53 1100010000 3
46 64 0000001000 1
57 75 1000000000 1
60 06 0100001001 3
71 17 0010000000 1

03 30 1100000100 3
14 41 0000010000 1
25 52 0101010010 4
36 63 0100000000 1
47 74 0000001000 1
50 05 1101000000 3
61 16 0110000000 2
72 27 0000000000 a

04 40 0001001000 2
15 51 0100010000 2
26 62 0100000000 1
37 73 1000000000 1

Matching output
0 absent
1 absent
2 absent
3 absent
4 absent
5 absent
6 absent
7 absent

Left
none
Best: none

Right
none
Best: none

OR
01 10 1111011101 8
12 21 0111110110 7
23 32 1101110110 7 match 6
34 43 1101111100 7
45 54 1101111010 7
56 65 1111011011 8
67 76 1110001001 5
70 07 1111001101 7

02 20 1101111111 9
13 31 1110110100 6
24 42 0101111110 7
35 53 1101110110 7 match 6
46 64 0111111001 7
57 75 1111011011 8
60 06 1111001101 7
71 17 1110011001 6

03 30 1101111101 8 match 4
14 41 0111111000 6 match 5
25 52 1101110110 7 match 6
36 63 1110111101 8 match 7
47 74 1011111001 7
50 05 1101011111 8
61 16 0110011001 5
72 27 1111111111 a

04 40 1101111101 8 match 4
15 51 1111010010 6
26 62 0111111111 9
37 73 1110111101 8 match 7

Matching output
0 absent
1 absent
2 absent
3 absent
4 03 30 04 40
5 14 41
6 23 32 35 53 25 52
7 36 63 37 73

Left
none
Best: none

Right
36 25 14 03 72x
63 52 41 30 27x
37 26x
73 62x
Best: OR36 25 14 03: 4

XOR
01 10 1011011101 7
12 21 0011100110 5
23 32 1001000010 3
34 43 1101001100 5
45 54 1100101010 5
56 65 1011011011 7
67 76 1100000000 2
70 07 0111000100 4

02 20 1000111011 6
13 31 1010100100 4
24 42 0100001110 4
35 53 0001100110 4
46 64 0111110001 6
57 75 0111011011 7
60 06 1011000100 4
71 17 1100011001 5

03 30 0001111001 5
14 41 0111101000 5
25 52 1000100100 3
36 63 1010111101 7
47 74 1011110001 6
50 05 0000011111 5
61 16 0000011001 3
72 27 1111111111 a

04 40 1100110101 6
15 51 1011000010 4
26 62 0011111111 8
37 73 0110111101 7

Matching output
0 absent
1 absent
2 absent
3 absent
4 absent
5 absent
6 absent
7 absent

Left
none
Best: none

Right
none
Best: none

AND-NOT
01 1001001101 5
12 0010000000 1
23 0001000010 2
34 1100000100 3
45 0000101000 2
56 1001010010 4
67 0100000000 1
70 0010000000 1

02 1000001001 3
13 0010000000 1
24 0100000110 3
35 0000100100 2
46 0001110000 3
57 0101010010 4
60 0010000000 1
71 1000001001 3

03 0001001001 3
14 0110000000 2
25 0000100100 2
36 1000110100 4
47 0001110000 3
50 0000010010 2
61 0000001001 2
72 1010001001 4 match 0

04 1100000101 4
15 0010000000 1
26 0001110110 5
37 0100110100 4
40 0000110000 2
51 1001000010 3
62 0010001001 3
73 0010001001 3

05 0000001101 3
16 0000010000 1
27 0101110110 6 match 3
30 0000110000 2
41 0001101000 3
52 1000000000 1
63 0010001001 3
74 1010000001 3

06 1001000100 3
17 0100010000 2
20 0000110010 3
31 1000100100 3
42 0000001000 1
53 0001000010 2
64 0110000001 3
75 0010001001 3

07 0101000100 3
10 0010010000 2
21 0001100110 4
32 1000000000 1
43 0001001000 2
54 1100000010 3
65 0010001001 3
76 1000000000 1

Matching output
0 72
1 absent
2 absent
3 27
4 absent
5 absent
6 absent
7 absent

Left
72 03x
Best: AND-NOT72: 1

Right
none
Best: none

OR-NOT
01 1101101111 8
12 1110011001 6
23 0111111111 9
34 1110110111 8
45 0011111101 7
56 1101110110 7 match 6
67 0111111111 9
70 1010111011 7

02 1111001101 7
13 0111011011 7
24 1111110111 9
35 1110111101 8 match 7
46 1001111110 7
57 1101110110 7 match 6
60 0110111011 7
71 1011101111 8

03 1111001111 8
14 1110010111 7
25 0111111111 9
36 1101110110 7 match 6
47 0101111110 7
50 1111110010 7
61 1111101111 9
72 1010001001 4 match 0

04 1111001111 8
15 0110111101 7
26 1101110110 7 match 6
37 1101110110 7 match 6
40 0011111010 6
51 1101111111 9
62 1110001001 5
73 1011001011 6

05 1111101101 8
16 1111110110 8
27 0101110110 6 match 3
30 1110110110 7
41 1001111111 8
52 1111011011 8
63 0111001011 6
74 1110001111 7

06 1101111111 9
17 0111110110 7
20 0111110110 7
31 1101111111 9
42 1011111001 7
53 1111011011 8
64 1110001111 7
75 1010101101 6

07 1101111111 9
10 0110110010 5
21 1101111111 9
32 1110111101 8 match 7
43 0011111011 7
54 1111010111 8
65 0110101101 6
76 1011111111 9

Matching output
0 72
1 absent
2 absent
3 27
4 absent
5 absent
6 56 57 36 26 37
7 35 32

Left
72 03x
Best: OR-NOT72: 1

Right
35 24x
32 21x
Best: OR-NOT35: 1

XOR-NOT
01 0100100010 3
12 1100011001 5
23 0110111101 7
34 0010110011 5
45 0011010101 5
56 0100100100 3
67 0011111111 8
70 1000111011 6

02 0111000100 4
13 0101011011 6
24 1011110001 6
35 1110011001 6
46 1000001110 4
57 1000100100 3
60 0100111011 6
71 0011100110 5

03 1110000110 5
14 1000010111 5
25 0111011011 7
36 0101000010 3
47 0100001110 4
50 1111100000 5
61 1111100110 7
72 0000000000 a

04 0011001010 4
15 0100111101 6
26 1100000000 2
37 1001000010 3
40 0011001010 4
51 0100111101 6
62 1100000000 2
73 1001000010 3

05 1111100000 5
16 1111100110 7
27 0000000000 a
30 1110000110 5
41 1000010111 5
52 0111011011 7
63 0101000010 3
74 0100001110 4

06 0100111011 6
17 0011100110 5
20 0111000100 4
31 0101011011 6
42 1011110001 6
53 1110011001 6
64 1000001110 4
75 1000100100 3

07 1000111011 6
10 0100100010 3
21 1100011001 5
32 0110111101 7
43 0010110011 5
54 0011010101 5
65 0100100100 3
76 0011111111 8

Matching output
0 absent
1 absent
2 absent
3 absent
4 absent
5 absent
6 absent
7 absent

Left
none
Best: none

Right
none
Best: none

Selecting

Lefts
Identity I7 0 1 2: 4
NOT NOT2: 1
Constant none
AND none
OR none
XOR none
AND-NOT AND-NOT72: 1
OR-NOT OR-NOT72: 1
XOR-NOT none

Rights
Identity none
NOT none
Constant none
AND none
OR OR36 25 14 03: 4
XOR none
AND-NOT none
OR-NOT OR-NOT35: 1
XOR-NOT none

Left longest: 4
Right longest: 4

Left winner: Identity yes, NOT no, Constant no, AND no, OR no, XOR no, AND-NOT no, OR-NOT no, XOR-NOT no
Right winner: Identity no, NOT no, Constant no, AND no, OR yes, XOR no, AND-NOT no, OR-NOT no, XOR-NOT no

Best left: I7 0 1 2: 4
Best right: OR36 25 14 03: 4

Truncated left: I7 0 1 2: 4
Truncated right: OR36 25 14 03: 4

Tentative from right
7 OR36
6 OR25
5 OR14
4 OR03
3 pending
2 pending
1 pending
0 pending

Tentative
0 I7
1 I0
2 I1
3 I2
4 OR03
5 OR14
6 OR25
7 OR36

Preferred from left
0 I7
1 I0
2 I1
3 I2
4 OR03
5 OR14
6 OR25
7 OR36

Preferred from right
7 OR36
6 OR25
5 OR14
4 OR03
3 I2
2 I1
1 I0
0 I7

Preferred
0 I7
1 I0
2 I1
3 I2
4 OR03
5 OR14
6 OR25
7 OR36

Matching
0 I7
1 I0
2 I1
3 I2
4 OR03
5 OR14
6 OR25
7 OR36

Perfect match
Identity no
NOT no
Constant no
AND no
OR no
XOR no
AND-NOT no
OR-NOT no
XOR-NOT no

Matched
0 I7
1 I0
2 I1
3 I2
4 OR03
5 OR14
6 OR25
7 OR36

Selected
0 I7
1 I0
2 I1
3 I2
4 OR03
5 OR14
6 OR25
7 OR36

Applying to 00101000
Input
0 0
1 0
2 1
3 0
4 1
5 0
6 0
7 0
Output
0 I7 = 0
1 I0 = 0
2 I1 = 0
3 I2 = 1
4 OR03 = OR(0,0) = 0
5 OR14 = OR(0,1) = 1
6 OR25 = OR(1,0) = 1
7 OR36 = OR(0,0) = 0

I will now return the answer in \boxed{}
The answer in \boxed{–} is \boxed{00010110}