We need to deduce the transformation by matching the example outputs.
I will put my final answer inside \boxed{}.

Output 0: 00000000
0 0
1 0
2 0
3 0
4 0
5 0
6 0
7 0

Output 1: 00000000
0 0
1 0
2 0
3 0
4 0
5 0
6 0
7 0

Output 2: 00000000
0 0
1 0
2 0
3 0
4 0
5 0
6 0
7 0

Output 3: 00000000
0 0
1 0
2 0
3 0
4 0
5 0
6 0
7 0

Output 4: 00000000
0 0
1 0
2 0
3 0
4 0
5 0
6 0
7 0

Output 5: 00000000
0 0
1 0
2 0
3 0
4 0
5 0
6 0
7 0

Output 6: 00000001
0 0
1 0
2 0
3 0
4 0
5 0
6 0
7 1

Output 7: 00000001
0 0
1 0
2 0
3 0
4 0
5 0
6 0
7 1

Output bit columns (with bitsum as hash)
0 00000000 a
1 00000000 a
2 00000000 a
3 00000000 a
4 00000000 a
5 00000000 a
6 00000000 a
7 00000011 2

Input 0: 11000011
0 1
1 1
2 0
3 0
4 0
5 0
6 1
7 1

Input 1: 01000010
0 0
1 1
2 0
3 0
4 0
5 0
6 1
7 0

Input 2: 11000101
0 1
1 1
2 0
3 0
4 0
5 1
6 0
7 1

Input 3: 00101101
0 0
1 0
2 1
3 0
4 1
5 1
6 0
7 1

Input 4: 11001111
0 1
1 1
2 0
3 0
4 1
5 1
6 1
7 1

Input 5: 01101110
0 0
1 1
2 1
3 0
4 1
5 1
6 1
7 0

Input 6: 10101110
0 1
1 0
2 1
3 0
4 1
5 1
6 1
7 0

Input 7: 10111110
0 1
1 0
2 1
3 1
4 1
5 1
6 1
7 0

When matching output
x: not in operator
y: wrong position

Identity
0 10101011 5
1 11101100 5
2 00010111 4
3 00000001 1
4 00011111 5
5 00111111 6
6 11001111 6
7 10111000 4

Matching output
0 absent
1 absent
2 absent
3 absent
4 absent
5 absent
6 absent
7 absent

Left
none
Best: none

Right
none
Best: none

NOT
0 01010100 3
1 00010011 3
2 11101000 4
3 11111110 7
4 11100000 3
5 11000000 2
6 00110000 2
7 01000111 4

Matching output
0 absent
1 absent
2 absent
3 absent
4 absent
5 absent
6 absent
7 absent

Left
none
Best: none

Right
none
Best: none

Constant
0 00000000 a match 0 1 2 3 4 5 6
1 11111111 a

Matching output
0 C0
1 C0
2 C0
3 C0
4 C0
5 C0
6 C0
7 absent

Left
0 0 0 0 0 0 0
Best: C0 0 0 0 0 0 0: 7

Right
none
Best: none

AND
01 10 10101000 3
12 21 00000100 1
23 32 00000001 1
34 43 00000001 1
45 54 00011111 5
56 65 00001111 4
67 76 10001000 2
70 07 10101000 3

02 20 00000011 2 match 7
13 31 00000000 a match 0 1 2 3 4 5 6
24 42 00010111 4
35 53 00000001 1
46 64 00001111 4
57 75 00111000 3
60 06 10001011 4
71 17 10101000 3

03 30 00000001 1
14 41 00001100 2
25 52 00010111 4
36 63 00000001 1
47 74 00011000 2
50 05 00101011 4
61 16 11001100 4
72 27 00010000 1

04 40 00001011 3
15 51 00101100 3
26 62 00000111 3
37 73 00000000 a match 0 1 2 3 4 5 6

Matching output
0 13 31 37 73
1 13 31 37 73
2 13 31 37 73
3 13 31 37 73
4 13 31 37 73
5 13 31 37 73
6 13 31 37 73
7 02 20

Left
13 24x
31 42x
37 40x
73 04x
Best: AND13: 1

Right
02 71x
20 17x
Best: AND02: 1

OR
01 10 11101111 7
12 21 11111111 a
23 32 00010111 4
34 43 00011111 5
45 54 00111111 6
56 65 11111111 a
67 76 11111111 a
70 07 10111011 6

02 20 10111111 7
13 31 11101101 6
24 42 00011111 5
35 53 00111111 6
46 64 11011111 7
57 75 10111111 7
60 06 11101111 7
71 17 11111100 6

03 30 10101011 5
14 41 11111111 a
25 52 00111111 6
36 63 11001111 6
47 74 10111111 7
50 05 10111111 7
61 16 11101111 7
72 27 10111111 7

04 40 10111111 7
15 51 11111111 a
26 62 11011111 7
37 73 10111001 5

Matching output
0 absent
1 absent
2 absent
3 absent
4 absent
5 absent
6 absent
7 absent

Left
none
Best: none

Right
none
Best: none

XOR
01 10 01000111 4
12 21 11111011 7
23 32 00010110 3
34 43 00011110 4
45 54 00100000 1
56 65 11110000 4
67 76 01110111 6
70 07 00010011 3

02 20 10111100 5
13 31 11101101 6
24 42 00001000 1
35 53 00111110 5
46 64 11010000 3
57 75 10000111 4
60 06 01100100 3
71 17 01010100 3

03 30 10101010 4
14 41 11110011 6
25 52 00101000 2
36 63 11001110 5
47 74 10100111 5
50 05 10010100 3
61 16 00100011 3
72 27 10101111 6

04 40 10110100 4
15 51 11010011 5
26 62 11011000 4
37 73 10111001 5

Matching output
0 absent
1 absent
2 absent
3 absent
4 absent
5 absent
6 absent
7 absent

Left
none
Best: none

Right
none
Best: none

AND-NOT
01 00000011 2 match 7
12 11101000 4
23 00010110 3
34 00000000 a match 0 1 2 3 4 5 6
45 00000000 a match 0 1 2 3 4 5 6
56 00110000 2
67 01000111 4
70 00010000 1

02 10101000 3
13 11101100 5
24 00000000 a match 0 1 2 3 4 5 6
35 00000000 a match 0 1 2 3 4 5 6
46 00010000 1
57 00000111 3
60 01000100 2
71 00010000 1

03 10101010 4
14 11100000 3
25 00000000 a match 0 1 2 3 4 5 6
36 00000000 a match 0 1 2 3 4 5 6
47 00000111 3
50 00010100 2
61 00000011 2 match 7
72 10101000 3

04 10100000 2
15 11000000 2
26 00010000 1
37 00000001 1
40 00010100 2
51 00010011 3
62 11001000 3
73 10111000 4

05 10000000 1
16 00100000 1
27 00000111 3
30 00000000 a match 0 1 2 3 4 5 6
41 00010011 3
52 00101000 2
63 11001110 5
74 10100000 2

06 00100000 1
17 01000100 2
20 00010100 2
31 00000001 1
42 00001000 1
53 00111110 5
64 11000000 2
75 10000000 1

07 00000011 2 match 7
10 01000100 2
21 00010011 3
32 00000000 a match 0 1 2 3 4 5 6
43 00011110 4
54 00100000 1
65 11000000 2
76 00110000 2

Matching output
0 34 45 24 35 25 36 30 32
1 34 45 24 35 25 36 30 32
2 34 45 24 35 25 36 30 32
3 34 45 24 35 25 36 30 32
4 34 45 24 35 25 36 30 32
5 34 45 24 35 25 36 30 32
6 34 45 24 35 25 36 30 32
7 01 61 07

Left
34 45 56x
45 56x
24 35 46x
35 46x
25 36 47x
36 47x
30 41x
32 43x
Best: AND-NOT34 45: 2

Right
01 70x
61 50x
07 76x
Best: AND-NOT01: 1

OR-NOT
01 10111011 6
12 11101100 5
23 11111111 a
34 11100001 4
45 11011111 7
56 00111111 6
67 11001111 6
70 11111100 6

02 11101011 6
13 11111110 7
24 11110111 7
35 11000001 3
46 00111111 6
57 01111111 7
60 11011111 7
71 10111011 6

03 11111111 a
14 11101100 5
25 11010111 6
36 00110001 3
47 01011111 6
50 01111111 7
61 11011111 7
72 11111000 5

04 11101011 6
15 11101100 5
26 00110111 5
37 01000111 4
40 01011111 6
51 00111111 6
62 11101111 7
73 11111110 7

05 11101011 6
16 11111100 6
27 01010111 5
30 01010101 4
41 00011111 5
52 11111111 a
63 11111111 a
74 11111000 5

06 10111011 6
17 11101111 7
20 01010111 5
31 00010011 3
42 11111111 a
53 11111111 a
64 11101111 7
75 11111000 5

07 11101111 7
10 11111100 6
21 00010111 4
32 11101001 5
43 11111111 a
54 11111111 a
65 11001111 6
76 10111000 4

Matching output
0 absent
1 absent
2 absent
3 absent
4 absent
5 absent
6 absent
7 absent

Left
none
Best: none

Right
none
Best: none

XOR-NOT
01 10111000 4
12 00000100 1
23 11101001 5
34 11100001 4
45 11011111 7
56 00001111 4
67 10001000 2
70 11101100 5

02 01000011 3
13 00010010 2
24 11110111 7
35 11000001 3
46 00101111 5
57 01111000 4
60 10011011 5
71 10101011 5

03 01010101 4
14 00001100 2
25 11010111 6
36 00110001 3
47 01011000 3
50 01101011 5
61 11011100 5
72 01010000 2

04 01001011 4
15 00101100 3
26 00100111 4
37 01000110 3
40 01001011 4
51 00101100 3
62 00100111 4
73 01000110 3

05 01101011 5
16 11011100 5
27 01010000 2
30 01010101 4
41 00001100 2
52 11010111 6
63 00110001 3
74 01011000 3

06 10011011 5
17 10101011 5
20 01000011 3
31 00010010 2
42 11110111 7
53 11000001 3
64 00101111 5
75 01111000 4

07 11101100 5
10 10111000 4
21 00000100 1
32 11101001 5
43 11100001 4
54 11011111 7
65 00001111 4
76 10001000 2

Matching output
0 absent
1 absent
2 absent
3 absent
4 absent
5 absent
6 absent
7 absent

Left
none
Best: none

Right
none
Best: none

Selecting

Lefts
Identity none
NOT none
Constant C0 0 0 0 0 0 0: 7
AND AND13: 1
OR none
XOR none
AND-NOT AND-NOT34 45: 2
OR-NOT none
XOR-NOT none

Rights
Identity none
NOT none
Constant none
AND AND02: 1
OR none
XOR none
AND-NOT AND-NOT01: 1
OR-NOT none
XOR-NOT none

Left longest: 7
Right longest: 1

Left winner: Identity no, NOT no, Constant yes, AND no, OR no, XOR no, AND-NOT no, OR-NOT no, XOR-NOT no
Right winner: Identity no, NOT no, Constant no, AND yes, OR no, XOR no, AND-NOT no, OR-NOT no, XOR-NOT no

Best left: C0 0 0 0 0 0 0: 7
Best right: AND02: 1

Truncated left: C0 0 0 0 0 0 0: 7
Truncated right: AND02: 1

Tentative from right
7 AND02
6 pending
5 pending
4 pending
3 pending
2 pending
1 pending
0 pending

Tentative
0 C0
1 C0
2 C0
3 C0
4 C0
5 C0
6 C0
7 AND02

Preferred from left
0 C0
1 C0
2 C0
3 C0
4 C0
5 C0
6 C0
7 AND02

Preferred from right
7 AND02
6 C0
5 C0
4 C0
3 C0
2 C0
1 C0
0 C0

Preferred
0 C0
1 C0
2 C0
3 C0
4 C0
5 C0
6 C0
7 AND02

Matching
0 C0
1 C0
2 C0
3 C0
4 C0
5 C0
6 C0
7 AND02

Perfect match
Identity no
NOT no
Constant no
AND no
OR no
XOR no
AND-NOT no
OR-NOT no
XOR-NOT no

Matched
0 C0
1 C0
2 C0
3 C0
4 C0
5 C0
6 C0
7 AND02

Selected
0 C0
1 C0
2 C0
3 C0
4 C0
5 C0
6 C0
7 AND02

Applying to 00100001
Input
0 0
1 0
2 1
3 0
4 0
5 0
6 0
7 1
Output
0 C0 = 0
1 C0 = 0
2 C0 = 0
3 C0 = 0
4 C0 = 0
5 C0 = 0
6 C0 = 0
7 AND02 = AND(0,1) = 0

I will now return the answer in \boxed{}
The answer in \boxed{–} is \boxed{00000000}