We need to deduce the transformation by matching the example outputs.
I will put my final answer inside \boxed{}.

Output 0: 00001000
0 0
1 0
2 0
3 0
4 1
5 0
6 0
7 0

Output 1: 10101010
0 1
1 0
2 1
3 0
4 1
5 0
6 1
7 0

Output 2: 00000000
0 0
1 0
2 0
3 0
4 0
5 0
6 0
7 0

Output 3: 10000000
0 1
1 0
2 0
3 0
4 0
5 0
6 0
7 0

Output 4: 00011110
0 0
1 0
2 0
3 1
4 1
5 1
6 1
7 0

Output 5: 01100000
0 0
1 1
2 1
3 0
4 0
5 0
6 0
7 0

Output 6: 00100000
0 0
1 0
2 1
3 0
4 0
5 0
6 0
7 0

Output 7: 11000000
0 1
1 1
2 0
3 0
4 0
5 0
6 0
7 0

Output 8: 00001100
0 0
1 0
2 0
3 0
4 1
5 1
6 0
7 0

Output 9: 00000000
0 0
1 0
2 0
3 0
4 0
5 0
6 0
7 0

Output bit columns (with bitsum as hash)
0 0101000100 3
1 0000010100 2
2 0100011000 3
3 0000100000 1
4 1100100010 4
5 0000100010 2
6 0100100000 2
7 0000000000 a

Input 0: 00010110
0 0
1 0
2 0
3 1
4 0
5 1
6 1
7 0

Input 1: 01110101
0 0
1 1
2 1
3 1
4 0
5 1
6 0
7 1

Input 2: 00110001
0 0
1 0
2 1
3 1
4 0
5 0
6 0
7 1

Input 3: 11000001
0 1
1 1
2 0
3 0
4 0
5 0
6 0
7 1

Input 4: 00111111
0 0
1 0
2 1
3 1
4 1
5 1
6 1
7 1

Input 5: 11110000
0 1
1 1
2 1
3 1
4 0
5 0
6 0
7 0

Input 6: 11011000
0 1
1 1
2 0
3 1
4 1
5 0
6 0
7 0

Input 7: 11100001
0 1
1 1
2 1
3 0
4 0
5 0
6 0
7 1

Input 8: 10011110
0 1
1 0
2 0
3 1
4 1
5 1
6 1
7 0

Input 9: 01000010
0 0
1 1
2 0
3 0
4 0
5 0
6 1
7 0

When matching output
x: not in operator
y: wrong position

Identity
0 0001011110 5
1 0101011101 6
2 0110110100 5
3 1110111010 7
4 0000101010 3
5 1100100010 4 match 4
6 1000100011 4
7 0111100100 5

Matching output
0 absent
1 absent
2 absent
3 absent
4 5
5 absent
6 absent
7 absent

Left
none
Best: none

Right
none
Best: none

NOT
0 1110100001 5
1 1010100010 4
2 1001001011 5
3 0001000101 3
4 1111010101 7
5 0011011101 6
6 0111011100 6
7 1000011011 5

Matching output
0 absent
1 absent
2 absent
3 absent
4 absent
5 absent
6 absent
7 absent

Left
none
Best: none

Right
none
Best: none

Constant
0 0000000000 a match 7
1 1111111111 a

Matching output
0 absent
1 absent
2 absent
3 absent
4 absent
5 absent
6 absent
7 C0

Left
none
Best: none

Right
0
Best: C0: 1

AND
01 10 0001011100 4
12 21 0100010100 3
23 32 0110110000 4
34 43 0000101010 3
45 54 0000100010 2 match 5
56 65 1000100010 3
67 76 0000100000 1 match 3
70 07 0001000100 2

02 20 0000010100 2 match 1
13 31 0100011000 3 match 2
24 42 0000100000 1 match 3
35 53 1100100010 4 match 4
46 64 0000100010 2 match 5
57 75 0100100000 2 match 6
60 06 0000000010 1
71 17 0101000100 3 match 0

03 30 0000011010 3
14 41 0000001000 1
25 52 0100100000 2 match 6
36 63 1000100010 3
47 74 0000100000 1 match 3
50 05 0000000010 1
61 16 0000000001 1
72 27 0110100100 4

04 40 0000001010 2
15 51 0100000000 1
26 62 0000100000 1 match 3
37 73 0110100000 3

Matching output
0 71 17
1 02 20
2 13 31
3 67 76 24 42 47 74 26 62
4 35 53
5 45 54 46 64
6 57 75 25 52
7 absent

Left
71 02 13 24 35 46 57 60x
17 20 31 42 53 64 75 06x
Best: AND71 02 13 24 35 46 57: 7

Right
none
Best: none

OR
01 10 0101011111 7
12 21 0111111101 8
23 32 1110111110 8
34 43 1110111010 7
45 54 1100101010 5
56 65 1100100011 5
67 76 1111100111 8
70 07 0111111110 8

02 20 0111111110 8
13 31 1111111111 a
24 42 0110111110 7
35 53 1110111010 7
46 64 1000101011 5
57 75 1111100110 7
60 06 1001111111 8
71 17 0111111101 8

03 30 1111111110 9
14 41 0101111111 8
25 52 1110110110 7
36 63 1110111011 8
47 74 0111101110 7
50 05 1101111110 8
61 16 1101111111 9
72 27 0111110100 6

04 40 0001111110 6
15 51 1101111111 9
26 62 1110110111 8
37 73 1111111110 9

Matching output
0 absent
1 absent
2 absent
3 absent
4 absent
5 absent
6 absent
7 absent

Left
none
Best: none

Right
none
Best: none

XOR
01 10 0100000011 3
12 21 0011101001 5
23 32 1000001110 4
34 43 1110010000 4
45 54 1100001000 3
56 65 0100000001 2
67 76 1111000111 7
70 07 0110111010 6

02 20 0111101010 6
13 31 1011100111 7
24 42 0110011110 6
35 53 0010011000 3
46 64 1000001001 3
57 75 1011000110 5
60 06 1001111101 7
71 17 0010111001 5

03 30 1111100100 6
14 41 0101110111 7
25 52 1010010110 5
36 63 0110011001 5
47 74 0111001110 6
50 05 1101111100 7
61 16 1101111110 8
72 27 0001010000 2

04 40 0001110100 4
15 51 1001111111 8
26 62 1110010111 7
37 73 1001011110 6

Matching output
0 absent
1 absent
2 absent
3 absent
4 absent
5 absent
6 absent
7 absent

Left
none
Best: none

Right
none
Best: none

AND-NOT
01 0000000010 1
12 0001001001 3
23 0000000100 1
34 1110010000 4
45 0000001000 1
56 0100000000 1
67 1000000011 3
70 0110100000 3

02 0001001010 3
13 0001000101 3
24 0110010100 4
35 0010011000 3
46 0000001000 1
57 1000000010 2
60 1000100001 3
71 0010100000 2

03 0001000100 2
14 0101010101 5
25 0010010100 3
36 0110011000 4
47 0000001010 2
50 1100100000 3
61 1000100010 3
72 0001000000 1

04 0001010100 3
15 0001011101 5
26 0110010100 4
37 1000011010 4
40 0000100000 1 match 3
51 1000100010 3
62 1000000011 3
73 0001000100 2

05 0001011100 4
16 0101011100 5
27 0000010000 1
30 1110100000 4
41 0000100010 2 match 5
52 1000000010 2
63 0000000001 1
74 0111000100 4

06 0001011100 4
17 0000011001 3
20 0110100000 3
31 1010100010 4
42 0000001010 2
53 0000000000 a match 7
64 1000000001 2
75 0011000100 3

07 0000011010 3
10 0100000001 2
21 0010100000 2
32 1000001010 3
43 0000000000 a match 7
54 1100000000 2
65 0000000001 1
76 0111000100 4

Matching output
0 absent
1 absent
2 absent
3 40
4 absent
5 41
6 absent
7 53 43

Left
none
Best: none

Right
53 42x
43 32x
Best: AND-NOT53: 1

OR-NOT
01 1011111110 8
12 1101011111 8
23 0111110101 7
34 1111111111 a
45 0011111111 8
56 1111111110 9
67 1000111011 6
70 1111100101 7

02 1001011111 7
13 0101011101 6
24 1111110101 8
35 1111111111 a
46 0111111110 8
57 1100111011 7
60 1110100011 6
71 1111100110 7

03 0001011111 6
14 1111011101 8
25 0111111101 8
36 1111111110 9
47 1000111011 6
50 1110100011 6
61 1010100011 5
72 1111101111 9

04 1111011111 9
15 0111011101 7
26 0111111100 7
37 1110111011 8
40 1110101011 7
51 1110100010 5
62 1001101011 6
73 0111100101 6

05 0011011111 7
16 0111011101 7
27 1110111111 9
30 1110111011 8
41 1010101010 5
52 1101101011 7
63 1001100111 6
74 1111110101 8

06 0111011110 7
17 1101011111 8
20 1110110101 7
31 1110111010 7
42 1001101011 6
53 1101100111 7
64 1111110111 9
75 0111111101 8

07 1001011111 7
10 1111111101 9
21 1110110110 7
32 1111111011 9
43 0001101111 6
54 1111110111 9
65 1011111111 9
76 0111111100 7

Matching output
0 absent
1 absent
2 absent
3 absent
4 absent
5 absent
6 absent
7 absent

Left
none
Best: none

Right
none
Best: none

XOR-NOT
01 1011111100 7
12 1100010110 5
23 0111110001 6
34 0001101111 6
45 0011110111 7
56 1011111110 8
67 0000111000 3
70 1001000101 4

02 1000010101 4
13 0100011000 3 match 2
24 1001100001 4
35 1101100111 7
46 0111110110 7
57 0100111001 5
60 0110000010 3
71 1101000110 5

03 0000011011 4
14 1010001000 3
25 0101101001 5
36 1001100110 5
47 1000110001 4
50 0010000011 3
61 0010000001 2
72 1110101111 8

04 1110001011 6
15 0110000000 2
26 0001101000 3
37 0110100001 4
40 1110001011 6
51 0110000000 2
62 0001101000 3
73 0110100001 4

05 0010000011 3
16 0010000001 2
27 1110101111 8
30 0000011011 4
41 1010001000 3
52 0101101001 5
63 1001100110 5
74 1000110001 4

06 0110000010 3
17 1101000110 5
20 1000010101 4
31 0100011000 3 match 2
42 1001100001 4
53 1101100111 7
64 0111110110 7
75 0100111001 5

07 1001000101 4
10 1011111100 7
21 1100010110 5
32 0111110001 6
43 0001101111 6
54 0011110111 7
65 1011111110 8
76 0000111000 3

Matching output
0 absent
1 absent
2 13 31
3 absent
4 absent
5 absent
6 absent
7 absent

Left
none
Best: none

Right
none
Best: none

Selecting

Lefts
Identity none
NOT none
Constant none
AND AND71 02 13 24 35 46 57: 7
OR none
XOR none
AND-NOT none
OR-NOT none
XOR-NOT none

Rights
Identity none
NOT none
Constant C0: 1
AND none
OR none
XOR none
AND-NOT AND-NOT53: 1
OR-NOT none
XOR-NOT none

Left longest: 7
Right longest: 1

Left winner: Identity no, NOT no, Constant no, AND yes, OR no, XOR no, AND-NOT no, OR-NOT no, XOR-NOT no
Right winner: Identity no, NOT no, Constant yes, AND no, OR no, XOR no, AND-NOT no, OR-NOT no, XOR-NOT no

Best left: AND71 02 13 24 35 46 57: 7
Best right: C0: 1

Truncated left: AND71 02 13 24 35 46 57: 7
Truncated right: C0: 1

Tentative from right
7 C0
6 pending
5 pending
4 pending
3 pending
2 pending
1 pending
0 pending

Tentative
0 AND71
1 AND02
2 AND13
3 AND24
4 AND35
5 AND46
6 AND57
7 C0

Preferred from left
0 AND71
1 AND02
2 AND13
3 AND24
4 AND35
5 AND46
6 AND57
7 C0

Preferred from right
7 C0
6 AND57
5 AND46
4 AND35
3 AND24
2 AND13
1 AND02
0 AND71

Preferred
0 AND71
1 AND02
2 AND13
3 AND24
4 AND35
5 AND46
6 AND57
7 C0

Matching
0 AND71
1 AND02
2 AND13
3 AND24
4 AND35
5 AND46
6 AND57
7 C0

Perfect match
Identity no
NOT no
Constant no
AND no
OR no
XOR no
AND-NOT no
OR-NOT no
XOR-NOT no

Matched
0 AND71
1 AND02
2 AND13
3 AND24
4 AND35
5 AND46
6 AND57
7 C0

Selected
0 AND71
1 AND02
2 AND13
3 AND24
4 AND35
5 AND46
6 AND57
7 C0

Applying to 01010111
Input
0 0
1 1
2 0
3 1
4 0
5 1
6 1
7 1
Output
0 AND71 = AND(1,1) = 1
1 AND02 = AND(0,0) = 0
2 AND13 = AND(1,1) = 1
3 AND24 = AND(0,0) = 0
4 AND35 = AND(1,1) = 1
5 AND46 = AND(0,1) = 0
6 AND57 = AND(1,1) = 1
7 C0 = 0

I will now return the answer in \boxed{}
The answer in \boxed{–} is \boxed{10101010}