We need to deduce the transformation by matching the example outputs.
I will put my final answer inside \boxed{}.

Output 0: 10100000
0 1
1 0
2 1
3 0
4 0
5 0
6 0
7 0

Output 1: 01100000
0 0
1 1
2 1
3 0
4 0
5 0
6 0
7 0

Output 2: 11101100
0 1
1 1
2 1
3 0
4 1
5 1
6 0
7 0

Output 3: 01100000
0 0
1 1
2 1
3 0
4 0
5 0
6 0
7 0

Output 4: 11000100
0 1
1 1
2 0
3 0
4 0
5 1
6 0
7 0

Output 5: 01101100
0 0
1 1
2 1
3 0
4 1
5 1
6 0
7 0

Output 6: 11001100
0 1
1 1
2 0
3 0
4 1
5 1
6 0
7 0

Output 7: 01000011
0 0
1 1
2 0
3 0
4 0
5 0
6 1
7 1

Output 8: 10101100
0 1
1 0
2 1
3 0
4 1
5 1
6 0
7 0

Output bit columns (with bitsum as hash)
0 101010101 5
1 011111110 7
2 111101001 6
3 000000000 a
4 001001101 4
5 001011101 5
6 000000010 1
7 000000010 1

Input 0: 10001101
0 1
1 0
2 0
3 0
4 1
5 1
6 0
7 1

Input 1: 00100011
0 0
1 0
2 1
3 0
4 0
5 0
6 1
7 1

Input 2: 11101111
0 1
1 1
2 1
3 0
4 1
5 1
6 1
7 1

Input 3: 10010011
0 1
1 0
2 0
3 1
4 0
5 0
6 1
7 1

Input 4: 01101110
0 0
1 1
2 1
3 0
4 1
5 1
6 1
7 0

Input 5: 11100011
0 1
1 1
2 1
3 0
4 0
5 0
6 1
7 1

Input 6: 11101110
0 1
1 1
2 1
3 0
4 1
5 1
6 1
7 0

Input 7: 00111010
0 0
1 0
2 1
3 1
4 1
5 0
6 1
7 0

Input 8: 11100101
0 1
1 1
2 1
3 0
4 0
5 1
6 0
7 1

When matching output
x: not in operator
y: wrong position

Identity
0 101101101 6
1 001011101 5 match 5
2 011011111 7
3 000100010 2
4 101010110 5
5 101010101 5 match 0
6 011111110 7 match 1
7 111101001 6 match 2

Matching output
0 5
1 6
2 7
3 absent
4 absent
5 1
6 absent
7 absent

Left
5 6 7 0x
Best: I5 6 7: 3

Right
none
Best: none

NOT
0 010010010 3
1 110100010 4
2 100100000 2
3 111011101 7
4 010101001 4
5 010101010 4
6 100000001 2
7 000010110 3

Matching output
0 absent
1 absent
2 absent
3 absent
4 absent
5 absent
6 absent
7 absent

Left
none
Best: none

Right
none
Best: none

Constant
0 000000000 a match 3
1 111111111 a

Matching output
0 absent
1 absent
2 absent
3 C0
4 absent
5 absent
6 absent
7 absent

Left
none
Best: none

Right
none
Best: none

AND
01 10 001001101 4 match 4
12 21 001011101 5 match 5
23 32 000000010 1 match 6 7
34 43 000000010 1 match 6 7
45 54 101010100 4
56 65 001010100 3
67 76 011101000 4
70 07 101101001 5

02 20 001001101 4 match 4
13 31 000000000 a match 3
24 42 001010110 4
35 53 000000000 a match 3
46 64 001010110 4
57 75 101000001 3
60 06 001101100 4
71 17 001001001 3

03 30 000100000 1
14 41 001010100 3
25 52 001010101 4
36 63 000100010 2
47 74 101000000 2
50 05 101000101 4
61 16 001011100 4
72 27 011001001 4

04 40 101000100 3
15 51 001010101 4
26 62 011011110 6
37 73 000100000 1

Matching output
0 absent
1 absent
2 absent
3 13 31 35 53
4 01 10 02 20
5 12 21
6 23 32 34 43
7 23 32 34 43

Left
none
Best: none

Right
23 12y
32 21y
34 23 12 01 70x
43 32 21 10 07x
Best: AND34 23 12 01: 4

OR
01 10 101111101 7
12 21 011011111 7
23 32 011111111 8
34 43 101110110 6
45 54 101010111 6
56 65 111111111 a
67 76 111111111 a
70 07 111101101 7

02 20 111111111 a
13 31 001111111 7
24 42 111011111 8
35 53 101110111 7
46 64 111111110 8
57 75 111111101 8
60 06 111111111 a
71 17 111111101 8

03 30 101101111 7
14 41 101011111 7
25 52 111011111 8
36 63 011111110 7 match 1
47 74 111111111 a
50 05 101111101 7
61 16 011111111 8
72 27 111111111 a

04 40 101111111 8
15 51 101011101 6
26 62 011111111 8
37 73 111101011 7

Matching output
0 absent
1 36 63
2 absent
3 absent
4 absent
5 absent
6 absent
7 absent

Left
none
Best: none

Right
none
Best: none

XOR
01 10 100110000 3
12 21 010000010 2
23 32 011111101 7
34 43 101110100 5
45 54 000000011 2
56 65 110101011 6
67 76 100010111 5
70 07 010000100 2

02 20 110110010 5
13 31 001111111 7
24 42 110001001 4
35 53 101110111 7
46 64 110101000 4
57 75 010111100 5
60 06 110010011 5
71 17 110110100 5

03 30 101001111 6
14 41 100001011 4
25 52 110001010 4
36 63 011011100 5
47 74 010111111 7
50 05 000111000 3
61 16 010100011 4
72 27 100110110 5

04 40 000111011 5
15 51 100001000 2
26 62 000100001 2
37 73 111001011 6

Matching output
0 absent
1 absent
2 absent
3 absent
4 absent
5 absent
6 absent
7 absent

Left
none
Best: none

Right
none
Best: none

AND-NOT
01 100100000 2
12 000000000 a match 3
23 011011101 6
34 000100000 1
45 000000010 1 match 6 7
56 100000001 2
67 000010110 3
70 010000000 1

02 100100000 2
13 001011101 5 match 5
24 010001001 3
35 000100010 2
46 100000000 1
57 000010100 2
60 010010010 3
71 110100000 3

03 101001101 5
14 000001001 2
25 010001010 3
36 000000000 a match 3
47 000010110 3
50 000010000 1
61 010100010 3
72 100100000 2

04 000101001 3
15 000001000 1
26 000000001 1
37 000000010 1 match 6 7
40 000010010 2
51 100000000 1
62 000100000 1
73 111001001 5

05 000101000 2
16 000000001 1
27 000010110 3
30 000000010 1 match 6 7
41 100000010 2
52 100000000 1
63 011011100 5
74 010101001 4

06 100000001 2
17 000010100 2
20 010010010 3
31 000100010 2
42 100000000 1
53 101010101 5 match 0
64 010101000 3
75 010101000 3

07 000000100 1
10 000010000 1
21 010000010 2
32 000100000 1
43 101010100 4
54 000000001 1
65 010101010 4
76 100000001 2

Matching output
0 53
1 absent
2 absent
3 12 36
4 absent
5 13
6 45 37 30
7 45 37 30

Left
53 64x
Best: AND-NOT53: 1

Right
45 34x
37 26x
30 27x
Best: AND-NOT45: 1

OR-NOT
01 111101111 8
12 101111101 7
23 111011111 8
34 010101011 5
45 111111110 8
56 101010101 5 match 0
67 011111110 7 match 1
70 111111011 8

02 101101101 6
13 111011101 7
24 011111111 8
35 010101010 4
46 101010111 6
57 101010111 6
60 011111110 7 match 1
71 111101011 7

03 111111101 8
14 011111101 7
25 011111111 8
36 100100011 4
47 101010110 5
50 111010111 7
61 111111110 8
72 111101001 6 match 2

04 111101101 7
15 011111111 8
26 111011111 8
37 000110110 4
40 111010110 6
51 111110111 8
62 111111110 8
73 111111101 8

05 111101111 8
16 101011101 6
27 011011111 7
30 010110010 4
41 111110110 7
52 101110101 6
63 111111111 a
74 111101001 6 match 2

06 101101101 6
17 001011111 6
20 011011111 7
31 110100010 4
42 101110110 6
53 111011101 7
64 011111111 8
75 111101011 7

07 101111111 8
10 011011111 7
21 111111111 a
32 100100010 3
43 111011111 8
54 111111101 8
65 011111110 7 match 1
76 111101001 6 match 2

Matching output
0 56
1 67 60 65
2 72 74 76
3 absent
4 absent
5 absent
6 absent
7 absent

Left
56 67 70x
Best: OR-NOT56 67: 2

Right
none
Best: none

XOR-NOT
01 011001111 6
12 101111101 7
23 100000010 2
34 010001011 4
45 111111100 7
56 001010100 3
67 011101000 4
70 101111011 7

02 001001101 4 match 4
13 110000000 2
24 001110110 5
35 010001000 2
46 001010111 5
57 101000011 4
60 001101100 4
71 001001011 4

03 010110000 3
14 011110100 5
25 001110101 5
36 100100011 4
47 101000000 2
50 111000111 6
61 101011100 5
72 011001001 4

04 111000100 4
15 011110111 7
26 111011110 7
37 000110100 3
40 111000100 4
51 011110111 7
62 111011110 7
73 000110100 3

05 111000111 6
16 101011100 5
27 011001001 4
30 010110000 3
41 011110100 5
52 001110101 5
63 100100011 4
74 101000000 2

06 001101100 4
17 001001011 4
20 001001101 4 match 4
31 110000000 2
42 001110110 5
53 010001000 2
64 001010111 5
75 101000011 4

07 101111011 7
10 011001111 6
21 101111101 7
32 100000010 2
43 010001011 4
54 111111100 7
65 001010100 3
76 011101000 4

Matching output
0 absent
1 absent
2 absent
3 absent
4 02 20
5 absent
6 absent
7 absent

Left
none
Best: none

Right
none
Best: none

Selecting

Lefts
Identity I5 6 7: 3
NOT none
Constant none
AND none
OR none
XOR none
AND-NOT AND-NOT53: 1
OR-NOT OR-NOT56 67: 2
XOR-NOT none

Rights
Identity none
NOT none
Constant none
AND AND34 23 12 01: 4
OR none
XOR none
AND-NOT AND-NOT45: 1
OR-NOT none
XOR-NOT none

Left longest: 3
Right longest: 4

Right winner: Identity no, NOT no, Constant no, AND yes, OR no, XOR no, AND-NOT no, OR-NOT no, XOR-NOT no
Left winner: Identity yes, NOT no, Constant no, AND no, OR no, XOR no, AND-NOT no, OR-NOT no, XOR-NOT no

Best right: AND34 23 12 01: 4
Best left: I5 6 7: 3

Truncated right: AND34 23 12 01: 4
Truncated left: I5 6 7: 3

Tentative from right
7 AND34
6 AND23
5 AND12
4 AND01
3 pending
2 pending
1 pending
0 pending

Tentative
0 I5
1 I6
2 I7
3 pending
4 AND01
5 AND12
6 AND23
7 AND34

Preferred from right
7 AND34
6 AND23
5 AND12
4 AND01
3 ?70
2 I7
1 I6
0 I5

Preferred from left
0 I5
1 I6
2 I7
3 ?70
4 AND01
5 AND12
6 AND23
7 AND34

Preferred
0 I5
1 I6
2 I7
3 ?70 ?07
4 AND01
5 AND12
6 AND23
7 AND34

Matching
0 I5
1 I6
2 I7
3 ?70 ?07 - Identity absent, NOT absent, Constant C0, AND absent, OR absent, XOR absent, AND-NOT absent, OR-NOT absent, XOR-NOT absent
4 AND01
5 AND12
6 AND23
7 AND34

Perfect match
Identity no
NOT no
Constant yes
AND no
OR no
XOR no
AND-NOT no
OR-NOT no
XOR-NOT no

Matched
0 I5
1 I6
2 I7
3 C0
4 AND01
5 AND12
6 AND23
7 AND34

Selected
0 I5
1 I6
2 I7
3 C0
4 AND01
5 AND12
6 AND23
7 AND34

Applying to 01101000
Input
0 0
1 1
2 1
3 0
4 1
5 0
6 0
7 0
Output
0 I5 = 0
1 I6 = 0
2 I7 = 0
3 C0 = 0
4 AND01 = AND(0,1) = 0
5 AND12 = AND(1,1) = 1
6 AND23 = AND(1,0) = 0
7 AND34 = AND(0,1) = 0

I will now return the answer in \boxed{}
The answer in \boxed{–} is \boxed{00000100}