We need to deduce the transformation by matching the example outputs.
I will put my final answer inside \boxed{}.

Output 0: 01000000
0 0
1 1
2 0
3 0
4 0
5 0
6 0
7 0

Output 1: 01101110
0 0
1 1
2 1
3 0
4 1
5 1
6 1
7 0

Output 2: 11101111
0 1
1 1
2 1
3 0
4 1
5 1
6 1
7 1

Output 3: 00101000
0 0
1 0
2 1
3 0
4 1
5 0
6 0
7 0

Output 4: 10010101
0 1
1 0
2 0
3 1
4 0
5 1
6 0
7 1

Output 5: 11011101
0 1
1 1
2 0
3 1
4 1
5 1
6 0
7 1

Output 6: 11100111
0 1
1 1
2 1
3 0
4 0
5 1
6 1
7 1

Output 7: 01101000
0 0
1 1
2 1
3 0
4 1
5 0
6 0
7 0

Output 8: 10100011
0 1
1 0
2 1
3 0
4 0
5 0
6 1
7 1

Output 9: 00111000
0 0
1 0
2 1
3 1
4 1
5 0
6 0
7 0

Output bit columns (with bitsum as hash)
0 0010111010 5
1 1110011100 6
2 0111001111 7
3 0000110001 3
4 0111010101 6
5 0110111000 5
6 0110001010 4
7 0010111010 5

Input 0: 00010000
0 0
1 0
2 0
3 1
4 0
5 0
6 0
7 0

Input 1: 11011010
0 1
1 1
2 0
3 1
4 1
5 0
6 1
7 0

Input 2: 01111011
0 0
1 1
2 1
3 1
4 1
5 0
6 1
7 1

Input 3: 00001010
0 0
1 0
2 0
3 0
4 1
5 0
6 1
7 0

Input 4: 10100100
0 1
1 0
2 1
3 0
4 0
5 1
6 0
7 0

Input 5: 00110111
0 0
1 0
2 1
3 1
4 0
5 1
6 1
7 1

Input 6: 01111001
0 0
1 1
2 1
3 1
4 1
5 0
6 0
7 1

Input 7: 10011011
0 1
1 0
2 0
3 1
4 1
5 0
6 1
7 1

Input 8: 01101000
0 0
1 1
2 1
3 0
4 1
5 0
6 0
7 0

Input 9: 00001110
0 0
1 0
2 0
3 0
4 1
5 1
6 1
7 0

When matching output
x: not in operator
y: wrong position

Identity
0 0100100100 3
1 0110001010 4 match 6
2 0010111010 5 match 0 7
3 1110011100 6 match 1
4 0111001111 7 match 2
5 0000110001 3 match 3
6 0111010101 6 match 4
7 0010011100 4

Matching output
0 2
1 3
2 4
3 5
4 6
5 absent
6 1
7 2

Left
2 3 4 5 6 7x
Best: I2 3 4 5 6: 5

Right
2 1 0x
Best: I2 1: 2

NOT
0 1011011011 7
1 1001110101 6
2 1101000101 5
3 0001100011 4
4 1000110000 3
5 1111001110 7
6 1000101010 4
7 1101100011 6

Matching output
0 absent
1 absent
2 absent
3 absent
4 absent
5 absent
6 absent
7 absent

Left
none
Best: none

Right
none
Best: none

Constant
0 0000000000 a
1 1111111111 a

Matching output
0 absent
1 absent
2 absent
3 absent
4 absent
5 absent
6 absent
7 absent

Left
none
Best: none

Right
none
Best: none

AND
01 10 0100000000 1
12 21 0010001010 3
23 32 0010011000 3
34 43 0110001100 4
45 54 0000000001 1
56 65 0000010001 2
67 76 0010010100 3
70 07 0000000100 1

02 20 0000100000 1
13 31 0110001000 3
24 42 0010001010 3
35 53 0000010000 1
46 64 0111000101 5
57 75 0000010000 1
60 06 0100000100 2
71 17 0010001000 2

03 30 0100000100 2
14 41 0110001010 4 match 6
25 52 0000110000 2
36 63 0110010100 4
47 74 0010001100 3
50 05 0000100000 1
61 16 0110000000 2
72 27 0010011000 3

04 40 0100000100 2
15 51 0000000000 a
26 62 0010010000 2
37 73 0010011100 4

Matching output
0 absent
1 absent
2 absent
3 absent
4 absent
5 absent
6 14 41
7 absent

Left
none
Best: none

Right
none
Best: none

OR
01 10 0110101110 6
12 21 0110111010 6
23 32 1110111110 8
34 43 1111011111 9
45 54 0111111111 9
56 65 0111110101 7
67 76 0111011101 7
70 07 0110111100 6

02 20 0110111110 7
13 31 1110011110 7
24 42 0111111111 9
35 53 1110111101 8
46 64 0111011111 8
57 75 0010111101 6
60 06 0111110101 7
71 17 0110011110 6

03 30 1110111100 7
14 41 0111001111 7 match 2
25 52 0010111011 6
36 63 1111011101 8
47 74 0111011111 8
50 05 0100110101 5
61 16 0111011111 8
72 27 0010111110 6

04 40 0111101111 8
15 51 0110111011 7
26 62 0111111111 9
37 73 1110011100 6 match 1

Matching output
0 absent
1 37 73
2 14 41
3 absent
4 absent
5 absent
6 absent
7 absent

Left
none
Best: none

Right
none
Best: none

XOR
01 10 0010101110 5
12 21 0100110000 3
23 32 1100100110 5
34 43 1001010011 5
45 54 0111111110 8
56 65 0111100100 5
67 76 0101001001 4
70 07 0110111000 5 match 5

02 20 0110011110 6
13 31 1000010110 4
24 42 0101110101 6
35 53 1110101101 7
46 64 0000011010 3
57 75 0010101101 5
60 06 0011110001 5
71 17 0100010110 4

03 30 1010111000 5
14 41 0001000101 3
25 52 0010001011 4
36 63 1001001001 4
47 74 0101010011 5
50 05 0100010101 4
61 16 0001011111 6
72 27 0000100110 3

04 40 0011101011 6
15 51 0110111011 7
26 62 0101101111 7
37 73 1100000000 2

Matching output
0 absent
1 absent
2 absent
3 absent
4 absent
5 70 07
6 absent
7 absent

Left
none
Best: none

Right
none
Best: none

AND-NOT
01 0000100100 2
12 0100000000 1
23 0000100010 2
34 1000010000 2
45 0111001110 6
56 0000100000 1
67 0101000001 3
70 0010011000 3

02 0100000100 2
13 0000000010 1
24 0000110000 2
35 1110001100 5
46 0000001010 2
57 0000100001 2
60 0011010001 4
71 0000010100 2

03 0000100000 1
14 0000000000 a
25 0010001010 3
36 1000001000 2
47 0101000011 4
50 0000010001 2
61 0001010101 4
72 0000000100 1

04 0000100000 1
15 0110001010 4 match 6
26 0000101010 3
37 1100000000 2
40 0011001011 5
51 0000110001 3 match 3
62 0101000101 4
73 0000000000 a

05 0100000100 2
16 0000001010 2
27 0000100010 2
30 1010011000 4
41 0001000101 3
52 0000000001 1
63 0001000001 2
74 0000010000 1

06 0000100000 1
17 0100000010 2
20 0010011010 4
31 1000010100 3
42 0101000101 4
53 0000100001 2
64 0000010000 1
75 0010001100 3

07 0100100000 2
10 0010001010 3
21 0000110000 2
32 1100000100 3
43 0001000011 3
54 0000110000 2
65 0111000100 4
76 0000001000 1

Matching output
0 absent
1 absent
2 absent
3 51
4 absent
5 absent
6 15
7 absent

Left
none
Best: none

Right
none
Best: none

OR-NOT
01 1101110101 7
12 1111001111 8
23 0011111011 7
34 1110111100 7
45 1111001111 8
56 1000111011 6
67 1111110111 9
70 1011011111 8

02 1101100101 6
13 0111101011 7
24 1010111010 6
35 1111011110 8
46 1111101111 9
57 1101110011 7
60 1111011111 9
71 1011111101 8

03 0101100111 6
14 1110111010 7
25 1111111110 9
36 1110111110 8
47 1111101111 9
50 1011111011 8
61 1111110101 8
72 1111011101 8

04 1100110100 5
15 1111001110 7
26 1010111010 6
37 1111111111 a
40 1111011111 9
51 1001110101 6
62 1111010101 7
73 0011111111 8

05 1111101110 8
16 1110101010 6
27 1111111011 9
30 1111011111 9
41 1111111111 a
52 1101110101 7
63 0111110111 8
74 1010111100 6

06 1100101110 6
17 1111101011 8
20 1011111011 8
31 1111111101 9
42 1111001111 8
53 0001110011 5
64 1111110101 8
75 1111011110 8

07 1101100111 7
10 1111011011 8
21 1011111111 9
32 1111011101 8
43 0111101111 8
54 1000110001 4
65 1111011111 9
76 1010111110 7

Matching output
0 absent
1 absent
2 absent
3 absent
4 absent
5 absent
6 absent
7 absent

Left
none
Best: none

Right
none
Best: none

XOR-NOT
01 1101010001 5
12 1011001111 7
23 0011011001 5
34 0110101100 5
45 1000000001 2
56 1000011011 5
67 1010110110 6
70 1001000111 5

02 1001100001 4
13 0111101001 6
24 1010001010 4
35 0001010010 3
46 1111100101 7
57 1101010010 5
60 1100001110 5
71 1011101001 6

03 0101000111 5
14 1110111010 7
25 1101110100 6
36 0110110110 6
47 1010101100 5
50 1011101010 6
61 1110100000 4
72 1111011001 7

04 1100010100 4
15 1001000100 3
26 1010010000 3
37 0011111111 8
40 1100010100 4
51 1001000100 3
62 1010010000 3
73 0011111111 8

05 1011101010 6
16 1110100000 4
27 1111011001 7
30 0101000111 5
41 1110111010 7
52 1101110100 6
63 0110110110 6
74 1010101100 5

06 1100001110 5
17 1011101001 6
20 1001100001 4
31 0111101001 6
42 1010001010 4
53 0001010010 3
64 1111100101 7
75 1101010010 5

07 1001000111 5
10 1101010001 5
21 1011001111 7
32 0011011001 5
43 0110101100 5
54 1000000001 2
65 1000011011 5
76 1010110110 6

Matching output
0 absent
1 absent
2 absent
3 absent
4 absent
5 absent
6 absent
7 absent

Left
none
Best: none

Right
none
Best: none

Selecting

Lefts
Identity I2 3 4 5 6: 5
NOT none
Constant none
AND none
OR none
XOR none
AND-NOT none
OR-NOT none
XOR-NOT none

Rights
Identity I2 1: 2
NOT none
Constant none
AND none
OR none
XOR none
AND-NOT none
OR-NOT none
XOR-NOT none

Left longest: 5
Right longest: 2

Left winner: Identity yes, NOT no, Constant no, AND no, OR no, XOR no, AND-NOT no, OR-NOT no, XOR-NOT no
Right winner: Identity yes, NOT no, Constant no, AND no, OR no, XOR no, AND-NOT no, OR-NOT no, XOR-NOT no

Best left: I2 3 4 5 6: 5
Best right: I2 1: 2

Truncated left: I2 3 4 5 6: 5
Truncated right: I2 1: 2

Tentative from right
7 I2
6 I1
5 pending
4 pending
3 pending
2 pending
1 pending
0 pending

Tentative
0 I2
1 I3
2 I4
3 I5
4 I6
5 pending
6 I1
7 I2

Preferred from left
0 I2
1 I3
2 I4
3 I5
4 I6
5 ?7?
6 I1
7 I2

Preferred from right
7 I2
6 I1
5 ?70
4 I6
3 I5
2 I4
1 I3
0 I2

Preferred
0 I2
1 I3
2 I4
3 I5
4 I6
5 ?70 ?07
6 I1
7 I2

Matching
0 I2
1 I3
2 I4
3 I5
4 I6
5 ?70 ?07 - Identity absent, NOT absent, Constant absent, AND absent, OR absent, XOR70, AND-NOT absent, OR-NOT absent, XOR-NOT absent
6 I1
7 I2

Perfect match
Identity no
NOT no
Constant no
AND no
OR no
XOR yes
AND-NOT no
OR-NOT no
XOR-NOT no

Matched
0 I2
1 I3
2 I4
3 I5
4 I6
5 XOR70
6 I1
7 I2

Selected
0 I2
1 I3
2 I4
3 I5
4 I6
5 XOR70
6 I1
7 I2

Applying to 11111101
Input
0 1
1 1
2 1
3 1
4 1
5 1
6 0
7 1
Output
0 I2 = 1
1 I3 = 1
2 I4 = 1
3 I5 = 1
4 I6 = 0
5 XOR70 = XOR(1,1) = 0
6 I1 = 1
7 I2 = 1

I will now return the answer in \boxed{}
The answer in \boxed{–} is \boxed{11110011}