We need to deduce the transformation by matching the example outputs.
I will put my final answer inside \boxed{}.

Output 0: 01011101
0 0
1 1
2 0
3 1
4 1
5 1
6 0
7 1

Output 1: 01111111
0 0
1 1
2 1
3 1
4 1
5 1
6 1
7 1

Output 2: 00010001
0 0
1 0
2 0
3 1
4 0
5 0
6 0
7 1

Output 3: 11011101
0 1
1 1
2 0
3 1
4 1
5 1
6 0
7 1

Output 4: 00011001
0 0
1 0
2 0
3 1
4 1
5 0
6 0
7 1

Output 5: 11111111
0 1
1 1
2 1
3 1
4 1
5 1
6 1
7 1

Output 6: 01111111
0 0
1 1
2 1
3 1
4 1
5 1
6 1
7 1

Output 7: 01010101
0 0
1 1
2 0
3 1
4 0
5 1
6 0
7 1

Output bit columns (with bitsum as hash)
0 00010100 2
1 11010111 6
2 01000110 3
3 11111111 a
4 11011110 6
5 11010111 6
6 01000110 3
7 11111111 a

Input 0: 10000011
0 1
1 0
2 0
3 0
4 0
5 0
6 1
7 1

Input 1: 01001011
0 0
1 1
2 0
3 0
4 1
5 0
6 1
7 1

Input 2: 00000010
0 0
1 0
2 0
3 0
4 0
5 0
6 1
7 0

Input 3: 10110011
0 1
1 0
2 1
3 1
4 0
5 0
6 1
7 1

Input 4: 00100001
0 0
1 0
2 1
3 0
4 0
5 0
6 0
7 1

Input 5: 11111011
0 1
1 1
2 1
3 1
4 1
5 0
6 1
7 1

Input 6: 11100111
0 1
1 1
2 1
3 0
4 0
5 1
6 1
7 1

Input 7: 10100000
0 1
1 0
2 1
3 0
4 0
5 0
6 0
7 0

When matching output
x: not in operator
y: wrong position

Identity
0 10010111 5
1 01000110 3 match 2 6
2 00011111 5
3 00010100 2 match 0
4 01000100 2
5 00000010 1
6 11110110 6
7 11011110 6 match 4

Matching output
0 3
1 absent
2 1
3 absent
4 7
5 absent
6 1
7 absent

Left
3 4x
Best: I3: 1

Right
none
Best: none

NOT
0 01101000 3
1 10111001 5
2 11100000 3
3 11101011 6
4 10111011 6
5 11111101 7
6 00001001 2
7 00100001 2

Matching output
0 absent
1 absent
2 absent
3 absent
4 absent
5 absent
6 absent
7 absent

Left
none
Best: none

Right
none
Best: none

Constant
0 00000000 a
1 11111111 a match 3 7

Matching output
0 absent
1 absent
2 absent
3 C1
4 absent
5 absent
6 absent
7 C1

Left
none
Best: none

Right
1
Best: C1: 1

AND
01 10 00000110 2
12 21 00000110 2
23 32 00010100 2 match 0
34 43 00000100 1
45 54 00000000 a
56 65 00000010 1
67 76 11010110 5
70 07 10010110 4

02 20 00010111 4
13 31 00000100 1
24 42 00000100 1
35 53 00000000 a
46 64 01000100 2
57 75 00000010 1
60 06 10010110 4
71 17 01000110 3 match 2 6

03 30 00010100 2 match 0
14 41 01000100 2
25 52 00000010 1
36 63 00010100 2 match 0
47 74 01000100 2
50 05 00000010 1
61 16 01000110 3 match 2 6
72 27 00011110 4

04 40 00000100 1
15 51 00000010 1
26 62 00010110 3
37 73 00010100 2 match 0

Matching output
0 23 32 03 30 36 63 37 73
1 absent
2 71 17 61 16
3 absent
4 absent
5 absent
6 71 17 61 16
7 absent

Left
23 34x
32 43x
03 14x
30 41x
36 47x
63 74x
37 40x
73 04x
Best: AND23: 1

Right
none
Best: none

OR
01 10 11010111 6 match 1 5
12 21 01011111 6
23 32 00011111 5
34 43 01010100 3
45 54 01000110 3 match 2 6
56 65 11110110 6
67 76 11111110 7
70 07 11011111 7

02 20 10011111 6
13 31 01010110 4
24 42 01011111 6
35 53 00010110 3
46 64 11110110 6
57 75 11011110 6 match 4
60 06 11110111 7
71 17 11011110 6 match 4

03 30 10010111 5
14 41 01000110 3 match 2 6
25 52 00011111 5
36 63 11110110 6
47 74 11011110 6 match 4
50 05 10010111 5
61 16 11110110 6
72 27 11011111 7

04 40 11010111 6 match 1 5
15 51 01000110 3 match 2 6
26 62 11111111 a match 3 7
37 73 11011110 6 match 4

Matching output
0 absent
1 01 10 04 40
2 45 54 14 41 15 51
3 26 62
4 57 75 71 17 47 74 37 73
5 01 10 04 40
6 45 54 14 41 15 51
7 26 62

Left
none
Best: none

Right
26 15 04 73 62 51 40 37y
62 51 40 37 26 15 04 73y
Best: OR26 15 04 73 62 51 40: 7

XOR
01 10 11010001 4
12 21 01011001 4
23 32 00001011 3
34 43 01010000 2
45 54 01000110 3 match 2 6
56 65 11110100 5
67 76 00101000 2
70 07 01001001 3

02 20 10001000 2
13 31 01010010 3
24 42 01011011 5
35 53 00010110 3
46 64 10110010 4
57 75 11011100 5
60 06 01100001 3
71 17 10011000 3

03 30 10000011 3
14 41 00000010 1
25 52 00011101 4
36 63 11100010 4
47 74 10011010 4
50 05 10010101 4
61 16 10110000 3
72 27 11000001 3

04 40 11010011 5
15 51 01000100 2
26 62 11101001 5
37 73 11001010 4

Matching output
0 absent
1 absent
2 45 54
3 absent
4 absent
5 absent
6 45 54
7 absent

Left
none
Best: none

Right
none
Best: none

AND-NOT
01 10010001 3
12 01000000 1
23 00001011 3
34 00010000 1
45 01000100 2
56 00000000 a
67 00100000 1
70 01001000 2

02 10000000 1
13 01000010 2
24 00011011 4
35 00010100 2 match 0
46 00000000 a
57 00000000 a
60 01100000 2
71 10011000 3

03 10000011 3
14 00000010 1
25 00011101 4
36 00000000 a
47 00000000 a
50 00000000 a
61 10110000 3
72 11000000 2

04 10010011 4
15 01000100 2
26 00001001 2
37 00000000 a
40 01000000 1
51 00000000 a
62 11100000 3
73 11001010 4

05 10010101 4
16 00000000 a
27 00000001 1
30 00000000 a
41 00000000 a
52 00000000 a
63 11100010 4
74 10011010 4

06 00000001 1
17 00000000 a
20 00001000 1
31 00010000 1
42 01000000 1
53 00000010 1
64 10110010 4
75 11011100 5

07 00000001 1
10 01000000 1
21 00011001 3
32 00000000 a
43 01000000 1
54 00000010 1
65 11110100 5
76 00001000 1

Matching output
0 35
1 absent
2 absent
3 absent
4 absent
5 absent
6 absent
7 absent

Left
35 46x
Best: AND-NOT35: 1

Right
none
Best: none

OR-NOT
01 10111111 7
12 11100110 5
23 11111111 a match 3 7
34 10111111 7
45 11111101 7
56 00001011 3
67 11110111 7
70 11111110 7

02 11110111 7
13 11101111 7
24 10111111 7
35 11111101 7
46 01001101 4
57 00100011 3
60 11111110 7
71 11111111 a match 3 7

03 11111111 a match 3 7
14 11111111 a match 3 7
25 11111111 a match 3 7
36 00011101 4
47 01100101 4
50 01101010 4
61 11111111 a match 3 7
72 11111110 7

04 10111111 7
15 11111111 a match 3 7
26 00011111 5
37 00110101 4
40 01101100 4
51 10111011 6
62 11110110 6
73 11111111 a match 3 7

05 11111111 a match 3 7
16 01001111 5
27 00111111 6
30 01111100 5
41 11111101 7
52 11100010 4
63 11111111 a match 3 7
74 11111111 a match 3 7

06 10011111 6
17 01100111 5
20 01111111 7
31 10111101 6
42 11100100 4
53 11101011 6
64 11111111 a match 3 7
75 11111111 a match 3 7

07 10110111 6
10 01101110 5
21 10111111 7
32 11110100 5
43 11101111 7
54 10111011 6
65 11111111 a match 3 7
76 11011111 7

Matching output
0 absent
1 absent
2 absent
3 23 71 03 14 25 61 15 73 05 63 74 64 75 65
4 absent
5 absent
6 absent
7 23 71 03 14 25 61 15 73 05 63 74 64 75 65

Left
none
Best: none

Right
23 12x
71 60x
03 72x
14 03y
25 14y
61 50x
15 04x
73 62x
05 74y
63 52x
74 63y
64 53x
75 64y
65 54x
Best: OR-NOT23: 1

XOR-NOT
01 00101110 4
12 10100110 4
23 11110100 5
34 10101111 6
45 10111001 5
56 00001011 3
67 11010111 6 match 1 5
70 10110110 5

02 01110111 6
13 10101101 5
24 10100100 3
35 11101001 5
46 01001101 4
57 00100011 3
60 10011110 5
71 01100111 5

03 01111100 5
14 11111101 7
25 11100010 4
36 00011101 4
47 01100101 4
50 01101010 4
61 01001111 5
72 00111110 5

04 00101100 3
15 10111011 6
26 00010110 3
37 00110101 4
40 00101100 3
51 10111011 6
62 00010110 3
73 00110101 4

05 01101010 4
16 01001111 5
27 00111110 5
30 01111100 5
41 11111101 7
52 11100010 4
63 00011101 4
74 01100101 4

06 10011110 5
17 01100111 5
20 01110111 6
31 10101101 5
42 10100100 3
53 11101001 5
64 01001101 4
75 00100011 3

07 10110110 5
10 00101110 4
21 10100110 4
32 11110100 5
43 10101111 6
54 10111001 5
65 00001011 3
76 11010111 6 match 1 5

Matching output
0 absent
1 67 76
2 absent
3 absent
4 absent
5 67 76
6 absent
7 absent

Left
none
Best: none

Right
none
Best: none

Selecting

Lefts
Identity I3: 1
NOT none
Constant none
AND AND23: 1
OR none
XOR none
AND-NOT AND-NOT35: 1
OR-NOT none
XOR-NOT none

Rights
Identity none
NOT none
Constant C1: 1
AND none
OR OR26 15 04 73 62 51 40: 7
XOR none
AND-NOT none
OR-NOT OR-NOT23: 1
XOR-NOT none

Left longest: 1
Right longest: 7

Right winner: Identity no, NOT no, Constant no, AND no, OR yes, XOR no, AND-NOT no, OR-NOT no, XOR-NOT no
Left winner: Identity yes, NOT no, Constant no, AND no, OR no, XOR no, AND-NOT no, OR-NOT no, XOR-NOT no

Best right: OR26 15 04 73 62 51 40: 7
Best left: I3: 1

Truncated right: OR26 15 04 73 62 51 40: 7
Truncated left: I3: 1

Tentative from right
7 OR26
6 OR15
5 OR04
4 OR73
3 OR62
2 OR51
1 OR40
0 pending

Tentative
0 I3
1 OR40
2 OR51
3 OR62
4 OR73
5 OR04
6 OR15
7 OR26

Preferred from right
7 OR26
6 OR15
5 OR04
4 OR73
3 OR62
2 OR51
1 OR40
0 I3

Preferred from left
0 I3
1 OR40
2 OR51
3 OR62
4 OR73
5 OR04
6 OR15
7 OR26

Preferred
0 I3
1 OR40
2 OR51
3 OR62
4 OR73
5 OR04
6 OR15
7 OR26

Matching
0 I3
1 OR40
2 OR51
3 OR62
4 OR73
5 OR04
6 OR15
7 OR26

Perfect match
Identity no
NOT no
Constant no
AND no
OR no
XOR no
AND-NOT no
OR-NOT no
XOR-NOT no

Matched
0 I3
1 OR40
2 OR51
3 OR62
4 OR73
5 OR04
6 OR15
7 OR26

Selected
0 I3
1 OR40
2 OR51
3 OR62
4 OR73
5 OR04
6 OR15
7 OR26

Applying to 01011011
Input
0 0
1 1
2 0
3 1
4 1
5 0
6 1
7 1
Output
0 I3 = 1
1 OR40 = OR(1,0) = 1
2 OR51 = OR(0,1) = 1
3 OR62 = OR(1,0) = 1
4 OR73 = OR(1,1) = 1
5 OR04 = OR(0,1) = 1
6 OR15 = OR(1,0) = 1
7 OR26 = OR(0,1) = 1

I will now return the answer in \boxed{}
The answer in \boxed{–} is \boxed{11111111}