We need to deduce the transformation by matching the example outputs.
I will put my final answer inside \boxed{}.

Output 0: 01001110
0 0
1 1
2 0
3 0
4 1
5 1
6 1
7 0

Output 1: 01001100
0 0
1 1
2 0
3 0
4 1
5 1
6 0
7 0

Output 2: 01110110
0 0
1 1
2 1
3 1
4 0
5 1
6 1
7 0

Output 3: 01010110
0 0
1 1
2 0
3 1
4 0
5 1
6 1
7 0

Output 4: 10110010
0 1
1 0
2 1
3 1
4 0
5 0
6 1
7 0

Output 5: 11110101
0 1
1 1
2 1
3 1
4 0
5 1
6 0
7 1

Output 6: 00100101
0 0
1 0
2 1
3 0
4 0
5 1
6 0
7 1

Output 7: 10010000
0 1
1 0
2 0
3 1
4 0
5 0
6 0
7 0

Output 8: 10011011
0 1
1 0
2 0
3 1
4 1
5 0
6 1
7 1

Output 9: 10000010
0 1
1 0
2 0
3 0
4 0
5 0
6 1
7 0

Output bit columns (with bitsum as hash)
0 0000110111 5
1 1111010000 5
2 0010111000 4
3 0011110110 6
4 1100000010 3
5 1111011000 6
6 1011100011 6
7 0000011010 3

Input 0: 01110010
0 0
1 1
2 1
3 1
4 0
5 0
6 1
7 0

Input 1: 01100010
0 0
1 1
2 1
3 0
4 0
5 0
6 1
7 0

Input 2: 10110011
0 1
1 0
2 1
3 1
4 0
5 0
6 1
7 1

Input 3: 10110010
0 1
1 0
2 1
3 1
4 0
5 0
6 1
7 0

Input 4: 10010101
0 1
1 0
2 0
3 1
4 0
5 1
6 0
7 1

Input 5: 10101111
0 1
1 0
2 1
3 0
4 1
5 1
6 1
7 1

Input 6: 00101001
0 0
1 0
2 1
3 0
4 1
5 0
6 0
7 1

Input 7: 10000100
0 1
1 0
2 0
3 0
4 0
5 1
6 0
7 0

Input 8: 11011100
0 1
1 1
2 0
3 1
4 1
5 1
6 0
7 0

Input 9: 00010100
0 0
1 0
2 0
3 1
4 0
5 1
6 0
7 0

When matching output
x: not in operator
y: wrong position

Identity
0 0011110110 6 match 3
1 1100000010 3 match 4
2 1111011000 6 match 5
3 1011100011 6 match 6
4 0000011010 3 match 7
5 0000110111 5 match 0
6 1111010000 5 match 1
7 0010111000 4 match 2

Matching output
0 5
1 6
2 7
3 0
4 1
5 2
6 3
7 4

Left
5 6 7 0 1 2 3 4
Best: I5 6 7 0 1 2 3 4: 8

Right
4 3 2 1 0 7 6 5
Best: I4 3 2 1 0 7 6 5: 8

NOT
0 1100001001 4
1 0011111101 7
2 0000100111 4
3 0100011100 4
4 1111100101 7
5 1111001000 5
6 0000101111 5
7 1101000111 6

Matching output
0 absent
1 absent
2 absent
3 absent
4 absent
5 absent
6 absent
7 absent

Left
none
Best: none

Right
none
Best: none

Constant
0 0000000000 a
1 1111111111 a

Matching output
0 absent
1 absent
2 absent
3 absent
4 absent
5 absent
6 absent
7 absent

Left
none
Best: none

Right
none
Best: none

AND
01 10 0000000010 1
12 21 1100000000 2
23 32 1011000000 3
34 43 0000000010 1
45 54 0000010010 2
56 65 0000010000 1
67 76 0010010000 2
70 07 0010110000 3

02 20 0011010000 3
13 31 1000000010 2
24 42 0000011000 2
35 53 0000100011 3
46 64 0000010000 1
57 75 0000110000 2
60 06 0011010000 3
71 17 0000000000 a

03 30 0011100010 4
14 41 0000000010 1
25 52 0000010000 1
36 63 1011000000 3
47 74 0000011000 2
50 05 0000110110 4
61 16 1100000000 2
72 27 0010011000 3

04 40 0000010010 2
15 51 0000000010 1
26 62 1111010000 5 match 1
37 73 0010100000 2

Matching output
0 absent
1 26 62
2 absent
3 absent
4 absent
5 absent
6 absent
7 absent

Left
none
Best: none

Right
none
Best: none

OR
01 10 1111110110 8
12 21 1111011010 7
23 32 1111111011 9
34 43 1011111011 8
45 54 0000111111 6
56 65 1111110111 9
67 76 1111111000 7
70 07 0011111110 7

02 20 1111111110 9
13 31 1111100011 7
24 42 1111011010 7
35 53 1011110111 8
46 64 1111011010 7
57 75 0010111111 7
60 06 1111110110 8
71 17 1110111010 7

03 30 1011110111 8
14 41 1100011010 5
25 52 1111111111 a
36 63 1111110011 8
47 74 0010111010 5
50 05 0011110111 7
61 16 1111010010 6
72 27 1111111000 7

04 40 0011111110 7
15 51 1100110111 7
26 62 1111011000 6 match 5
37 73 1011111011 8

Matching output
0 absent
1 absent
2 absent
3 absent
4 absent
5 26 62
6 absent
7 absent

Left
none
Best: none

Right
none
Best: none

XOR
01 10 1111110100 7
12 21 0011011010 5
23 32 0100111011 6
34 43 1011111001 7
45 54 0000101101 4
56 65 1111100111 8
67 76 1101101000 5
70 07 0001001110 4

02 20 1100101110 6
13 31 0111100001 5
24 42 1111000010 5
35 53 1011010100 5
46 64 1111001010 6
57 75 0010001111 5
60 06 1100100110 5
71 17 1110111010 7

03 30 1000010101 4
14 41 1100011000 4
25 52 1111101111 9
36 63 0100110011 5
47 74 0010100010 3
50 05 0011000001 3
61 16 0011010010 4
72 27 1101100000 4

04 40 0011101100 5
15 51 1100110101 6
26 62 0000001000 1
37 73 1001011011 6

Matching output
0 absent
1 absent
2 absent
3 absent
4 absent
5 absent
6 absent
7 absent

Left
none
Best: none

Right
none
Best: none

AND-NOT
01 0011110100 5
12 0000000010 1
23 0100011000 3
34 1011100001 5
45 0000001000 1
56 0000100111 4
67 1101000000 3
70 0000001000 1

02 0000100110 3
13 0100000000 1
24 1111000000 4
35 1011000000 3
46 0000001010 2
57 0000000111 3
60 1100000000 2
71 0010111000 4 match 2

03 0000010100 2
14 1100000000 2
25 1111001000 5
36 0000100011 3
47 0000000010 1
50 0000000001 1
61 0011010000 3
72 0000100000 1

04 0011100100 4
15 1100000000 2
26 0000001000 1
37 1001000011 4
40 0000001000 1
51 0000110101 4
62 0000000000 a
73 0000011000 2

05 0011000000 2
16 0000000010 1
27 1101000000 3
30 1000000001 2
41 0000011000 2
52 0000100111 4
63 0100010000 2
74 0010100000 2

06 0000100110 3
17 1100000010 3 match 4
20 1100001000 3
31 0011100001 4
42 0000000010 1
53 0000010100 2
64 1111000000 4
75 0010001000 2

07 0001000110 3
10 1100000000 2
21 0011011000 4
32 0000100011 3
43 0000011000 2
54 0000100101 3
65 1111000000 4
76 0000101000 2

Matching output
0 absent
1 absent
2 71
3 absent
4 17
5 absent
6 absent
7 absent

Left
none
Best: none

Right
none
Best: none

OR-NOT
01 0011111111 8
12 1100100111 6
23 1111011100 7
34 1111100111 8
45 1111011010 7
56 0000111111 6
67 1111010111 8
70 1110111001 7

02 0011110111 7
13 1100011110 6
24 1111111101 9
35 1111101011 8
46 0000111111 6
57 1101110111 8
60 1111011001 7
71 0011111101 7

03 0111111110 8
14 1111100111 8
25 1111011000 6 match 5
36 1011101111 8
47 1101011111 8
50 1100111111 8
61 1111111101 9
72 0010111111 7

04 1111110111 9
15 1111001010 6
26 1111111111 a
37 1111100111 8
40 1100011011 6
51 0011111111 8
62 1111110111 9
73 0110111100 6

05 1111111110 9
16 1100101111 7
27 1111011111 9
30 1111101011 8
41 0011111111 8
52 0000110111 5 match 0
63 1111011100 7
74 1111111101 9

06 0011111111 8
17 1101000111 6
20 1111011001 7
31 1011111111 9
42 0000111111 6
53 0100111111 7
64 1111110101 8
75 1111111000 7

07 1111110111 9
10 1100001011 5
21 1111111101 9
32 1011100111 7
43 0100011110 5
54 1111110111 9
65 1111011000 6 match 5
76 0010111111 7

Matching output
0 52
1 absent
2 absent
3 absent
4 absent
5 25 65
6 absent
7 absent

Left
52 63x
Best: OR-NOT52: 1

Right
none
Best: none

XOR-NOT
01 0000001011 3
12 1100100101 5
23 1011000100 4
34 0100000110 3
45 1111010010 6
56 0000011000 2
67 0010010111 5
70 1110110001 6

02 0011010001 4
13 1000011110 5
24 0000111101 5
35 0100101011 5
46 0000110101 4
57 1101110000 5
60 0011011001 5
71 0001000101 3

03 0111101010 6
14 0011100111 6
25 0000010000 1
36 1011001100 5
47 1101011101 7
50 1100111110 7
61 1100101101 6
72 0010011111 6

04 1100010011 5
15 0011001010 4
26 1111110111 9
37 0110100100 4
40 1100010011 5
51 0011001010 4
62 1111110111 9
73 0110100100 4

05 1100111110 7
16 1100101101 6
27 0010011111 6
30 0111101010 6
41 0011100111 6
52 0000010000 1
63 1011001100 5
74 1101011101 7

06 0011011001 5
17 0001000101 3
20 0011010001 4
31 1000011110 5
42 0000111101 5
53 0100101011 5
64 0000110101 4
75 1101110000 5

07 1110110001 6
10 0000001011 3
21 1100100101 5
32 1011000100 4
43 0100000110 3
54 1111010010 6
65 0000011000 2
76 0010010111 5

Matching output
0 absent
1 absent
2 absent
3 absent
4 absent
5 absent
6 absent
7 absent

Left
none
Best: none

Right
none
Best: none

Selecting

Lefts
Identity I5 6 7 0 1 2 3 4: 8
NOT none
Constant none
AND none
OR none
XOR none
AND-NOT none
OR-NOT OR-NOT52: 1
XOR-NOT none

Rights
Identity I4 3 2 1 0 7 6 5: 8
NOT none
Constant none
AND none
OR none
XOR none
AND-NOT none
OR-NOT none
XOR-NOT none

Left longest: 8
Right longest: 8

Left winner: Identity yes, NOT no, Constant no, AND no, OR no, XOR no, AND-NOT no, OR-NOT no, XOR-NOT no
Right winner: Identity yes, NOT no, Constant no, AND no, OR no, XOR no, AND-NOT no, OR-NOT no, XOR-NOT no

Best left: I5 6 7 0 1 2 3 4: 8
Best right: I4 3 2 1 0 7 6 5: 8

Truncated left: I5 6 7 0 1 2 3 4: 8
Truncated right: none truncated

Tentative from right
7 pending
6 pending
5 pending
4 pending
3 pending
2 pending
1 pending
0 pending

Tentative
0 I5
1 I6
2 I7
3 I0
4 I1
5 I2
6 I3
7 I4

Preferred from left
0 I5
1 I6
2 I7
3 I0
4 I1
5 I2
6 I3
7 I4

Preferred from right
7 I4
6 I3
5 I2
4 I1
3 I0
2 I7
1 I6
0 I5

Preferred
0 I5
1 I6
2 I7
3 I0
4 I1
5 I2
6 I3
7 I4

Matching
0 I5
1 I6
2 I7
3 I0
4 I1
5 I2
6 I3
7 I4

Perfect match
Identity no
NOT no
Constant no
AND no
OR no
XOR no
AND-NOT no
OR-NOT no
XOR-NOT no

Matched
0 I5
1 I6
2 I7
3 I0
4 I1
5 I2
6 I3
7 I4

Selected
0 I5
1 I6
2 I7
3 I0
4 I1
5 I2
6 I3
7 I4

Applying to 01110110
Input
0 0
1 1
2 1
3 1
4 0
5 1
6 1
7 0
Output
0 I5 = 1
1 I6 = 1
2 I7 = 0
3 I0 = 0
4 I1 = 1
5 I2 = 1
6 I3 = 1
7 I4 = 0

I will now return the answer in \boxed{}
The answer in \boxed{–} is \boxed{11001110}