We need to deduce the transformation by matching the example outputs.
I will put my final answer inside \boxed{}.

Output 0: 11111101
0 1
1 1
2 1
3 1
4 1
5 1
6 0
7 1

Output 1: 01110110
0 0
1 1
2 1
3 1
4 0
5 1
6 1
7 0

Output 2: 00000110
0 0
1 0
2 0
3 0
4 0
5 1
6 1
7 0

Output 3: 11111010
0 1
1 1
2 1
3 1
4 1
5 0
6 1
7 0

Output 4: 01100001
0 0
1 1
2 1
3 0
4 0
5 0
6 0
7 1

Output 5: 01001111
0 0
1 1
2 0
3 0
4 1
5 1
6 1
7 1

Output 6: 10011010
0 1
1 0
2 0
3 1
4 1
5 0
6 1
7 0

Output 7: 00001101
0 0
1 0
2 0
3 0
4 1
5 1
6 0
7 1

Output 8: 10000101
0 1
1 0
2 0
3 0
4 0
5 1
6 0
7 1

Output bit columns (with bitsum as hash)
0 100100101 4
1 110111000 5
2 110110000 4
3 110100100 4
4 100101110 5
5 111001011 6
6 011101100 5
7 100011011 5

Input 0: 10000000
0 1
1 0
2 0
3 0
4 0
5 0
6 0
7 0

Input 1: 01001010
0 0
1 1
2 0
3 0
4 1
5 0
6 1
7 0

Input 2: 01100110
0 0
1 1
2 1
3 0
4 0
5 1
6 1
7 0

Input 3: 01010101
0 0
1 1
2 0
3 1
4 0
5 1
6 0
7 1

Input 4: 10001011
0 1
1 0
2 0
3 0
4 1
5 0
6 1
7 1

Input 5: 00011100
0 0
1 0
2 0
3 1
4 1
5 1
6 0
7 0

Input 6: 01101101
0 0
1 1
2 1
3 0
4 1
5 1
6 0
7 1

Input 7: 10001100
0 1
1 0
2 0
3 0
4 1
5 1
6 0
7 0

Input 8: 11000110
0 1
1 1
2 0
3 0
4 0
5 1
6 1
7 0

When matching output
x: not in operator
y: wrong position

Identity
0 100010011 4
1 011100101 5
2 001000100 2
3 000101000 2
4 010011110 5
5 001101111 6
6 011010001 4
7 000110100 3

Matching output
0 absent
1 absent
2 absent
3 absent
4 absent
5 absent
6 absent
7 absent

Left
none
Best: none

Right
none
Best: none

NOT
0 011101100 5 match 6
1 100011010 4
2 110111011 7
3 111010111 7
4 101100001 4
5 110010000 3
6 100101110 5 match 4
7 111001011 6 match 5

Matching output
0 absent
1 absent
2 absent
3 absent
4 6
5 7
6 0
7 absent

Left
none
Best: none

Right
none
Best: none

Constant
0 000000000 a
1 111111111 a

Matching output
0 absent
1 absent
2 absent
3 absent
4 absent
5 absent
6 absent
7 absent

Left
none
Best: none

Right
none
Best: none

AND
01 10 000000001 1
12 21 001000100 2
23 32 000000000 a
34 43 000001000 1
45 54 000001110 3
56 65 001000001 2
67 76 000010000 1
70 07 000010000 1

02 20 000000000 a
13 31 000100000 1
24 42 000000100 1
35 53 000101000 2
46 64 010010000 2
57 75 000100100 2
60 06 000010001 2
71 17 000100100 2

03 30 000000000 a
14 41 010000100 2
25 52 001000100 2
36 63 000000000 a
47 74 000010100 2
50 05 000000011 2
61 16 011000001 3
72 27 000000100 1

04 40 000010010 2
15 51 001100101 4
26 62 001000000 1
37 73 000100000 1

Matching output
0 absent
1 absent
2 absent
3 absent
4 absent
5 absent
6 absent
7 absent

Left
none
Best: none

Right
none
Best: none

OR
01 10 111110111 8
12 21 011100101 5
23 32 001101100 4
34 43 010111110 6
45 54 011111111 8
56 65 011111111 8
67 76 011110101 6
70 07 100110111 6

02 20 101010111 6
13 31 011101101 6
24 42 011011110 6
35 53 001101111 6
46 64 011011111 7
57 75 001111111 7
60 06 111010011 6
71 17 011110101 6

03 30 100111011 6
14 41 011111111 8
25 52 001101111 6
36 63 011111001 6
47 74 010111110 6
50 05 101111111 8
61 16 011110101 6
72 27 001110100 4

04 40 110011111 7
15 51 011101111 7
26 62 011010101 5
37 73 000111100 4

Matching output
0 absent
1 absent
2 absent
3 absent
4 absent
5 absent
6 absent
7 absent

Left
none
Best: none

Right
none
Best: none

XOR
01 10 111110110 7
12 21 010100001 3
23 32 001101100 4
34 43 010110110 5
45 54 011110001 5
56 65 010111110 6
67 76 011100101 5
70 07 100100111 5

02 20 101010111 6
13 31 011001101 5
24 42 011011010 5
35 53 001000111 4
46 64 001001111 5
57 75 001011011 5
60 06 111000010 4
71 17 011010001 4

03 30 100111011 6
14 41 001111011 6
25 52 000101011 4
36 63 011111001 6
47 74 010101010 4
50 05 101111100 6
61 16 000110100 3
72 27 001110000 3

04 40 110001101 5
15 51 010001010 3
26 62 010010101 4
37 73 000011100 3

Matching output
0 absent
1 absent
2 absent
3 absent
4 absent
5 absent
6 absent
7 absent

Left
none
Best: none

Right
none
Best: none

AND-NOT
01 100010010 3
12 010100001 3
23 001000100 2
34 000100000 1
45 010010000 2
56 000101110 4
67 011000001 3
70 000100100 2

02 100010011 4
13 011000101 4
24 001000000 1
35 000000000 a
46 000001110 3
57 001001011 4
60 011000000 2
71 000010000 1

03 100010011 4
14 001100001 3
25 000000000 a
36 000101000 2
47 010001010 3
50 001101100 4
61 000010000 1
72 000110000 2

04 100000001 2
15 010000000 1
26 000000100 1
37 000001000 1
40 010001100 3
51 000001010 2
62 010010001 3
73 000010100 2

05 100010000 2
16 000100100 2
27 001000000 1
30 000101000 2
41 000011010 3
52 000101011 4
63 011010001 4
74 000100000 1

06 100000010 2
17 011000001 3
20 001000100 2
31 000001000 1
42 010011010 4
53 001000111 4
64 001000001 2
75 000010000 1

07 100000011 3
10 011100100 4
21 000000000 a
32 000101000 2
43 010010110 4
54 001100001 3
65 010010000 2
76 000100100 2

Matching output
0 absent
1 absent
2 absent
3 absent
4 absent
5 absent
6 absent
7 absent

Left
none
Best: none

Right
none
Best: none

OR-NOT
01 100011011 5 match 7
12 111111111 a
23 111010111 7
34 101101001 5
45 110011110 6
56 101101111 7
67 111011011 7
70 011111100 6

02 110111011 7
13 111110111 8
24 101100101 5
35 110111000 5 match 1
46 110111110 7
57 111101111 8
60 011111101 7
71 100111110 6

03 111010111 7
14 111100101 6
25 111010100 5
36 100101110 5 match 4
47 111011111 8
50 011101111 7
61 111011011 7
72 110111111 8

04 101110011 6
15 111110101 7
26 101101110 6
37 111101011 7
40 011111110 7
51 101111111 8
62 111111011 8
73 111110111 8

05 110010011 5
16 111101111 8
27 111001111 7
30 011101100 5 match 6
41 110011110 6
52 111111111 a
63 111010111 7
74 101110101 6

06 100111111 7
17 111101111 8
20 011101100 5 match 6
31 100111010 5
42 110111111 8
53 111111111 a
64 111110001 6
75 110110100 5

07 111011011 7
10 011101101 6
21 101011110 6
32 110111011 7
43 111011111 8
54 101101111 7
65 111010001 5
76 100111110 6

Matching output
0 absent
1 35
2 absent
3 absent
4 36
5 absent
6 30 20
7 01

Left
none
Best: none

Right
01 70x
Best: OR-NOT01: 1

XOR-NOT
01 000001001 2
12 101011110 6
23 110010011 5
34 101001001 4
45 100001110 4
56 101000001 3
67 100011010 4
70 011011000 4

02 010101000 3
13 100110010 4
24 100100101 4 match 0
35 110111000 5 match 1
46 110110000 4 match 2
57 110100100 4 match 3
60 000111101 5
71 100101110 5 match 4

03 011000100 3
14 110000100 3
25 111010100 5
36 100000110 3
47 101010101 5
50 010000011 3
61 111001011 6 match 5
72 110001111 6

04 001110010 4
15 101110101 6
26 101101010 5
37 111100011 6
40 001110010 4
51 101110101 6
62 101101010 5
73 111100011 6

05 010000011 3
16 111001011 6 match 5
27 110001111 6
30 011000100 3
41 110000100 3
52 111010100 5
63 100000110 3
74 101010101 5

06 000111101 5
17 100101110 5 match 4
20 010101000 3
31 100110010 4
42 100100101 4 match 0
53 110111000 5 match 1
64 110110000 4 match 2
75 110100100 4 match 3

07 011011000 4
10 000001001 2
21 101011110 6
32 110010011 5
43 101001001 4
54 100001110 4
65 101000001 3
76 100011010 4

Matching output
0 24 42
1 35 53
2 46 64
3 57 75
4 71 17
5 61 16
6 absent
7 absent

Left
24 35 46 57 60x
42 53 64 75 06x
Best: XOR-NOT24 35 46 57: 4

Right
none
Best: none

Selecting

Lefts
Identity none
NOT none
Constant none
AND none
OR none
XOR none
AND-NOT none
OR-NOT none
XOR-NOT XOR-NOT24 35 46 57: 4

Rights
Identity none
NOT none
Constant none
AND none
OR none
XOR none
AND-NOT none
OR-NOT OR-NOT01: 1
XOR-NOT none

Left longest: 4
Right longest: 1

Left winner: Identity no, NOT no, Constant no, AND no, OR no, XOR no, AND-NOT no, OR-NOT no, XOR-NOT yes
Right winner: Identity no, NOT no, Constant no, AND no, OR no, XOR no, AND-NOT no, OR-NOT yes, XOR-NOT no

Best left: XOR-NOT24 35 46 57: 4
Best right: OR-NOT01: 1

Truncated left: XOR-NOT24 35 46 57: 4
Truncated right: OR-NOT01: 1

Tentative from right
7 OR-NOT01
6 pending
5 pending
4 pending
3 pending
2 pending
1 pending
0 pending

Tentative
0 XOR-NOT24
1 XOR-NOT35
2 XOR-NOT46
3 XOR-NOT57
4 pending
5 pending
6 pending
7 OR-NOT01

Preferred from left
0 XOR-NOT24
1 XOR-NOT35
2 XOR-NOT46
3 XOR-NOT57
4 ?60
5 ?71
6 ?02
7 OR-NOT01

Preferred from right
7 OR-NOT01
6 ?02
5 ?71
4 ?60
3 XOR-NOT57
2 XOR-NOT46
1 XOR-NOT35
0 XOR-NOT24

Preferred
0 XOR-NOT24
1 XOR-NOT35
2 XOR-NOT46
3 XOR-NOT57
4 ?60 ?06
5 ?71 ?17
6 ?02 ?20
7 OR-NOT01

Matching
0 XOR-NOT24
1 XOR-NOT35
2 XOR-NOT46
3 XOR-NOT57
4 ?60 ?06 - Identity absent, NOT NOT6, Constant absent, AND absent, OR absent, XOR absent, AND-NOT absent, OR-NOT absent, XOR-NOT absent
5 ?71 ?17 - Identity absent, NOT NOT7, Constant absent, AND absent, OR absent, XOR absent, AND-NOT absent, OR-NOT absent, XOR-NOT absent
6 ?02 ?20 - Identity absent, NOT NOT0, Constant absent, AND absent, OR absent, XOR absent, AND-NOT absent, OR-NOT20, XOR-NOT absent
7 OR-NOT01

Perfect match
Identity no
NOT yes
Constant no
AND no
OR no
XOR no
AND-NOT no
OR-NOT no
XOR-NOT no

Matched
0 XOR-NOT24
1 XOR-NOT35
2 XOR-NOT46
3 XOR-NOT57
4 NOT6
5 NOT7
6 NOT0
7 OR-NOT01

Selected
0 XOR-NOT24
1 XOR-NOT35
2 XOR-NOT46
3 XOR-NOT57
4 NOT6
5 NOT7
6 NOT0
7 OR-NOT01

Applying to 10000010
Input
0 1
1 0
2 0
3 0
4 0
5 0
6 1
7 0
Output
0 XOR-NOT24 = XOR(0,NOT(0)) = 1
1 XOR-NOT35 = XOR(0,NOT(0)) = 1
2 XOR-NOT46 = XOR(0,NOT(1)) = 0
3 XOR-NOT57 = XOR(0,NOT(0)) = 1
4 NOT6 = NOT(1) = 0
5 NOT7 = NOT(0) = 1
6 NOT0 = NOT(1) = 0
7 OR-NOT01 = OR(1,NOT(0)) = 1

I will now return the answer in \boxed{}
The answer in \boxed{–} is \boxed{11010101}