We need to deduce the transformation by matching the example outputs.
I will put my final answer inside \boxed{}.

Output 0: 00010100
0 0
1 0
2 0
3 1
4 0
5 1
6 0
7 0

Output 1: 01001100
0 0
1 1
2 0
3 0
4 1
5 1
6 0
7 0

Output 2: 10101110
0 1
1 0
2 1
3 0
4 1
5 1
6 1
7 0

Output 3: 00000100
0 0
1 0
2 0
3 0
4 0
5 1
6 0
7 0

Output 4: 00000000
0 0
1 0
2 0
3 0
4 0
5 0
6 0
7 0

Output 5: 00100000
0 0
1 0
2 1
3 0
4 0
5 0
6 0
7 0

Output 6: 01010100
0 0
1 1
2 0
3 1
4 0
5 1
6 0
7 0

Output 7: 00000111
0 0
1 0
2 0
3 0
4 0
5 1
6 1
7 1

Output 8: 10000111
0 1
1 0
2 0
3 0
4 0
5 1
6 1
7 1

Output 9: 01110100
0 0
1 1
2 1
3 1
4 0
5 1
6 0
7 0

Output bit columns (with bitsum as hash)
0 0010000010 2
1 0100001001 3
2 0010010001 3
3 1000001001 3
4 0110000000 2
5 1111001111 8
6 0010000110 3
7 0000000110 2

Input 0: 01000101
0 0
1 1
2 0
3 0
4 0
5 1
6 0
7 1

Input 1: 11010110
0 1
1 1
2 0
3 1
4 0
5 1
6 1
7 0

Input 2: 11101011
0 1
1 1
2 1
3 0
4 1
5 0
6 1
7 1

Input 3: 11011000
0 1
1 1
2 0
3 1
4 1
5 0
6 0
7 0

Input 4: 00001100
0 0
1 0
2 0
3 0
4 1
5 1
6 0
7 0

Input 5: 01001110
0 0
1 1
2 0
3 0
4 1
5 1
6 1
7 0

Input 6: 10010101
0 1
1 0
2 0
3 1
4 0
5 1
6 0
7 1

Input 7: 11110000
0 1
1 1
2 1
3 1
4 0
5 0
6 0
7 0

Input 8: 11111000
0 1
1 1
2 1
3 1
4 1
5 0
6 0
7 0

Input 9: 01011111
0 0
1 1
2 0
3 1
4 1
5 1
6 1
7 1

When matching output
x: not in operator
y: wrong position

Identity
0 0111001110 6
1 1111010111 8
2 0010000110 3 match 6
3 0101001111 6
4 0011110011 6
5 1100111001 6
6 0110010001 4
7 1010001001 4

Matching output
0 absent
1 absent
2 absent
3 absent
4 absent
5 absent
6 2
7 absent

Left
none
Best: none

Right
none
Best: none

NOT
0 1000110001 4
1 0000101000 2
2 1101111001 7
3 1010110000 4
4 1100001100 4
5 0011000110 4
6 1001101110 6
7 0101110110 6

Matching output
0 absent
1 absent
2 absent
3 absent
4 absent
5 absent
6 absent
7 absent

Left
none
Best: none

Right
none
Best: none

Constant
0 0000000000 a
1 1111111111 a

Matching output
0 absent
1 absent
2 absent
3 absent
4 absent
5 absent
6 absent
7 absent

Left
none
Best: none

Right
none
Best: none

AND
01 10 0111000110 5
12 21 0010000110 3 match 6
23 32 0000000110 2 match 7
34 43 0001000011 3
45 54 0000110001 3
56 65 0100010001 3
67 76 0010000001 2
70 07 0010001000 2

02 20 0010000110 3 match 6
13 31 0101000111 5
24 42 0010000010 2 match 0
35 53 0100001001 3 match 1
46 64 0010010001 3 match 2
57 75 1000001001 3 match 3
60 06 0110000000 2 match 4
71 17 1010000001 3

03 30 0101001110 5
14 41 0011010011 5
25 52 0000000000 a
36 63 0100000001 2
47 74 0010000001 2
50 05 0100001000 2
61 16 0110010001 4
72 27 0010000000 1

04 40 0011000010 3
15 51 1100010001 4
26 62 0010000000 1
37 73 0000001001 2

Matching output
0 24 42
1 35 53
2 46 64
3 57 75
4 60 06
5 absent
6 12 21 02 20
7 23 32

Left
24 35 46 57 60 71x
42 53 64 75 06 17x
Best: AND24 35 46 57 60: 5

Right
23 12 01x
32 21 10x
Best: AND23 12: 2

OR
01 10 1111011111 9
12 21 1111010111 8
23 32 0111001111 7
34 43 0111111111 9
45 54 1111111011 9
56 65 1110111001 7
67 76 1110011001 6
70 07 1111001111 8 match 5

02 20 0111001110 6
13 31 1111011111 9
24 42 0011110111 7
35 53 1101111111 9
46 64 0111110011 7
57 75 1110111001 7
60 06 0111011111 8
71 17 1111011111 9

03 30 0111001111 7
14 41 1111110111 9
25 52 1110111111 9
36 63 0111011111 8
47 74 1011111011 8
50 05 1111111111 a
61 16 1111010111 8
72 27 1010001111 6

04 40 0111111111 9
15 51 1111111111 a
26 62 0110010111 6
37 73 1111001111 8 match 5

Matching output
0 absent
1 absent
2 absent
3 absent
4 absent
5 70 07 37 73
6 absent
7 absent

Left
none
Best: none

Right
none
Best: none

XOR
01 10 1000011001 4
12 21 1101010001 5
23 32 0111001001 5
34 43 0110111100 6
45 54 1111001010 6
56 65 1010101000 4
67 76 1100011000 4
70 07 1101000111 6

02 20 0101001000 3
13 31 1010011000 4
24 42 0001110101 5
35 53 1001110110 6
46 64 0101100010 4
57 75 0110110000 4
60 06 0001011111 6
71 17 0101011110 6

03 30 0010000001 2
14 41 1100100100 4
25 52 1110111111 9
36 63 0011011110 6
47 74 1001111010 6
50 05 1011110111 8
61 16 1001000110 4
72 27 1000001111 5

04 40 0100111101 6
15 51 0011101110 6
26 62 0100010111 5
37 73 1111000110 6

Matching output
0 absent
1 absent
2 absent
3 absent
4 absent
5 absent
6 absent
7 absent

Left
none
Best: none

Right
none
Best: none

AND-NOT
01 0000001000 1
12 1101010001 5
23 0010000000 1
34 0100001100 3
45 0011000010 3
56 1000101000 3
67 0100010000 2
70 1000000001 2

02 0101001000 3
13 1010010000 3
24 0000000100 1
35 0001000110 3
46 0001100010 3
57 0100110000 3
60 0000010001 2
71 0000001000 1

03 0010000000 1
14 1100000100 3
25 0010000110 3 match 6
36 0001001110 4
47 0001110010 4
50 1000110001 4
61 0000000000 a
72 1000001001 3 match 3

04 0100001100 3
15 0011000110 4
26 0000000110 2 match 7
37 0101000110 4
40 0000110001 3
51 0000101000 2
62 0100010001 3
73 1010000000 2

05 0011000110 4
16 1001000110 4
27 0000000110 2 match 7
30 0000000001 1
41 0000100000 1
52 1100111001 6
63 0010010000 2
74 1000001000 2

06 0001001110 4
17 0101010110 5
20 0000000000 a
31 0000001000 1
42 0001110001 4
53 1000110000 3
64 0100000000 1
75 0010000000 1

07 0101000110 4
10 1000010001 3
21 0000000000 a
32 0101001001 4
43 0010110000 3
54 1100001000 3
65 0010000000 1
76 1000001000 2

Matching output
0 absent
1 absent
2 absent
3 72
4 absent
5 absent
6 25
7 26 27

Left
none
Best: none

Right
26 15x
27 16x
Best: AND-NOT26: 1

OR-NOT
01 0111101110 7
12 1111111111 a
23 1010110110 6
34 1101001111 7
45 0011110111 7
56 1101111111 9
67 0111110111 8
70 1010111001 6

02 1111111111 a
13 1111110111 9
24 1110001110 6
35 0111001111 7
46 1011111111 9
57 1101111111 9
60 1110110001 6
71 1010101001 5

03 1111111110 9
14 1111011111 9
25 0011000110 4
36 1101101111 8
47 0111110111 8
50 1100111001 6
61 0110111001 6
72 1111111001 8

04 1111001110 7
15 1111010111 8
26 1011101110 7
37 0101111111 8
40 1011110011 7
51 1100111001 6
62 1111111001 8
73 1010111001 6

05 0111001110 6
16 1111111111 a
27 0111110110 7
30 1101111111 9
41 0011111011 7
52 1101111001 7
63 1110110001 6
74 1110001101 6

06 1111101110 8
17 1111110111 9
20 1010110111 7
31 0101101111 7
42 1111111011 9
53 1110111001 7
64 1110011101 7
75 1011001111 7

07 0111111110 8
10 1111110111 9
21 0010101110 5
32 1101111111 9
43 1011110011 7
54 1100111101 7
65 0111010111 7
76 1011101111 8

Matching output
0 absent
1 absent
2 absent
3 absent
4 absent
5 absent
6 absent
7 absent

Left
none
Best: none

Right
none
Best: none

XOR-NOT
01 0111100110 6
12 0010101110 5
23 1000110110 5
34 1001000011 4
45 0000110101 4
56 0101010111 6
67 0011100111 6
70 0010111000 4

02 1010110111 7
13 0101100111 6
24 1110001010 5
35 0110001001 4
46 1010011101 6
57 1001001111 6
60 1110100000 4
71 1010100001 4

03 1101111110 8
14 0011011011 6
25 0001000000 1
36 1100100001 4
47 0110000101 4
50 0100001000 2
61 0110111001 6
72 0111110000 5

04 1011000010 4
15 1100010001 4
26 1011101000 5
37 0000111001 4
40 1011000010 4
51 1100010001 4
62 1011101000 5
73 0000111001 4

05 0100001000 2
16 0110111001 6
27 0111110000 5
30 1101111110 8
41 0011011011 6
52 0001000000 1
63 1100100001 4
74 0110000101 4

06 1110100000 4
17 1010100001 4
20 1010110111 7
31 0101100111 6
42 1110001010 5
53 0110001001 4
64 1010011101 6
75 1001001111 6

07 0010111000 4
10 0111100110 6
21 0010101110 5
32 1000110110 5
43 1001000011 4
54 0000110101 4
65 0101010111 6
76 0011100111 6

Matching output
0 absent
1 absent
2 absent
3 absent
4 absent
5 absent
6 absent
7 absent

Left
none
Best: none

Right
none
Best: none

Selecting

Lefts
Identity none
NOT none
Constant none
AND AND24 35 46 57 60: 5
OR none
XOR none
AND-NOT none
OR-NOT none
XOR-NOT none

Rights
Identity none
NOT none
Constant none
AND AND23 12: 2
OR none
XOR none
AND-NOT AND-NOT26: 1
OR-NOT none
XOR-NOT none

Left longest: 5
Right longest: 2

Left winner: Identity no, NOT no, Constant no, AND yes, OR no, XOR no, AND-NOT no, OR-NOT no, XOR-NOT no
Right winner: Identity no, NOT no, Constant no, AND yes, OR no, XOR no, AND-NOT no, OR-NOT no, XOR-NOT no

Best left: AND24 35 46 57 60: 5
Best right: AND23 12: 2

Truncated left: AND24 35 46 57 60: 5
Truncated right: AND23 12: 2

Tentative from right
7 AND23
6 AND12
5 pending
4 pending
3 pending
2 pending
1 pending
0 pending

Tentative
0 AND24
1 AND35
2 AND46
3 AND57
4 AND60
5 pending
6 AND12
7 AND23

Preferred from left
0 AND24
1 AND35
2 AND46
3 AND57
4 AND60
5 ?71
6 AND12
7 AND23

Preferred from right
7 AND23
6 AND12
5 ?71
4 AND60
3 AND57
2 AND46
1 AND35
0 AND24

Preferred
0 AND24
1 AND35
2 AND46
3 AND57
4 AND60
5 ?71 ?17
6 AND12
7 AND23

Matching
0 AND24
1 AND35
2 AND46
3 AND57
4 AND60
5 ?71 ?17 - Identity absent, NOT absent, Constant absent, AND absent, OR absent, XOR absent, AND-NOT absent, OR-NOT absent, XOR-NOT absent
6 AND12
7 AND23

Perfect match
Identity no
NOT no
Constant no
AND no
OR no
XOR no
AND-NOT no
OR-NOT no
XOR-NOT no

Matched
0 AND24
1 AND35
2 AND46
3 AND57
4 AND60
5 none
6 AND12
7 AND23

Selected
0 AND24
1 AND35
2 AND46
3 AND57
4 AND60
5 default 1
6 AND12
7 AND23

Applying to 00101110
Input
0 0
1 0
2 1
3 0
4 1
5 1
6 1
7 0
Output
0 AND24 = AND(1,1) = 1
1 AND35 = AND(0,1) = 0
2 AND46 = AND(1,1) = 1
3 AND57 = AND(1,0) = 0
4 AND60 = AND(1,0) = 0
5 default 1 = 1
6 AND12 = AND(0,1) = 0
7 AND23 = AND(1,0) = 0

I will now return the answer in \boxed{}
The answer in \boxed{–} is \boxed{10100100}