We need to deduce the transformation by matching the example outputs.
I will put my final answer inside \boxed{}.

Output 0: 00111110
0 0
1 0
2 1
3 1
4 1
5 1
6 1
7 0

Output 1: 01100111
0 0
1 1
2 1
3 0
4 0
5 1
6 1
7 1

Output 2: 10111100
0 1
1 0
2 1
3 1
4 1
5 1
6 0
7 0

Output 3: 11110011
0 1
1 1
2 1
3 1
4 0
5 0
6 1
7 1

Output 4: 01001101
0 0
1 1
2 0
3 0
4 1
5 1
6 0
7 1

Output 5: 10001110
0 1
1 0
2 0
3 0
4 1
5 1
6 1
7 0

Output 6: 00110111
0 0
1 0
2 1
3 1
4 0
5 1
6 1
7 1

Output 7: 11000111
0 1
1 1
2 0
3 0
4 0
5 1
6 1
7 1

Output 8: 10000110
0 1
1 0
2 0
3 0
4 0
5 1
6 1
7 0

Output 9: 11110111
0 1
1 1
2 1
3 1
4 0
5 1
6 1
7 1

Output bit columns (with bitsum as hash)
0 0011010111 6
1 0101100101 5
2 1111001001 6
3 1011001001 5
4 1010110000 4
5 1110111111 9
6 1101011111 8
7 0101101101 6

Input 0: 00001010
0 0
1 0
2 0
3 0
4 1
5 0
6 1
7 0

Input 1: 11100100
0 1
1 1
2 1
3 0
4 0
5 1
6 0
7 0

Input 2: 00011110
0 0
1 0
2 0
3 1
4 1
5 1
6 1
7 0

Input 3: 01101000
0 0
1 1
2 1
3 0
4 1
5 0
6 0
7 0

Input 4: 10111011
0 1
1 0
2 1
3 1
4 1
5 0
6 1
7 1

Input 5: 10001001
0 1
1 0
2 0
3 0
4 1
5 0
6 0
7 1

Input 6: 01010010
0 0
1 1
2 0
3 1
4 0
5 0
6 1
7 0

Input 7: 11100111
0 1
1 1
2 1
3 0
4 0
5 1
6 1
7 1

Input 8: 11011001
0 1
1 1
2 0
3 1
4 1
5 0
6 0
7 1

Input 9: 01000000
0 0
1 1
2 0
3 0
4 0
5 0
6 0
7 0

When matching output
x: not in operator
y: wrong position

Identity
0 0100110110 5
1 0101001111 6
2 0101100100 4
3 0010101010 4
4 1011110010 6
5 0110000100 3
6 1010101100 5
7 0000110110 4

Matching output
0 absent
1 absent
2 absent
3 absent
4 absent
5 absent
6 absent
7 absent

Left
none
Best: none

Right
none
Best: none

NOT
0 1011001001 5 match 3
1 1010110000 4 match 4
2 1010011011 6
3 1101010101 6
4 0100001101 4
5 1001111011 7
6 0101010011 5
7 1111001001 6 match 2

Matching output
0 absent
1 absent
2 7
3 0
4 1
5 absent
6 absent
7 absent

Left
none
Best: none

Right
none
Best: none

Constant
0 0000000000 a
1 1111111111 a

Matching output
0 absent
1 absent
2 absent
3 absent
4 absent
5 absent
6 absent
7 absent

Left
none
Best: none

Right
none
Best: none

AND
01 10 0100000110 3
12 21 0101000100 3
23 32 0000100000 1
34 43 0010100010 3
45 54 0010000000 1
56 65 0010000100 2
67 76 0000100100 2
70 07 0000110110 4

02 20 0100100100 3
13 31 0000001010 2
24 42 0001100000 2
35 53 0010000000 1
46 64 1010100000 3
57 75 0000000100 1
60 06 0000100100 2
71 17 0000000110 2

03 30 0000100010 2
14 41 0001000010 2
25 52 0100000100 2
36 63 0010101000 3
47 74 0000110010 3
50 05 0100000100 2
61 16 0000001100 2
72 27 0000100100 2

04 40 0000110010 3
15 51 0100000100 2
26 62 0000100100 2
37 73 0000100010 2

Matching output
0 absent
1 absent
2 absent
3 absent
4 absent
5 absent
6 absent
7 absent

Left
none
Best: none

Right
none
Best: none

OR
01 10 0101111111 8
12 21 0101101111 7
23 32 0111101110 7
34 43 1011111010 7
45 54 1111110110 8
56 65 1110101100 6
67 76 1010111110 7
70 07 0100110110 5

02 20 0101110110 6
13 31 0111101111 8
24 42 1111110110 8
35 53 0110101110 6
46 64 1011111110 8
57 75 0110110110 6
60 06 1110111110 8
71 17 0101111111 8

03 30 0110111110 7
14 41 1111111111 a
25 52 0111100100 5
36 63 1010101110 6
47 74 1011110110 7
50 05 0110110110 6
61 16 1111101111 9
72 27 0101110110 6

04 40 1111110110 8
15 51 0111001111 7
26 62 1111101100 7
37 73 0010111110 6

Matching output
0 absent
1 absent
2 absent
3 absent
4 absent
5 absent
6 absent
7 absent

Left
none
Best: none

Right
none
Best: none

XOR
01 10 0001111001 5
12 21 0000101011 4
23 32 0111001110 6
34 43 1001011000 4
45 54 1101110110 7
56 65 1100101000 4
67 76 1010011010 5
70 07 0100000000 1

02 20 0001010010 3
13 31 0111100101 6
24 42 1110010110 6
35 53 0100101110 5
46 64 0001011110 5
57 75 0110110010 5
60 06 1110011010 6
71 17 0101111001 6

03 30 0110011100 5
14 41 1110111101 8
25 52 0011100000 3
36 63 1000000110 3
47 74 1011000100 4
50 05 0010110010 4
61 16 1111100011 7
72 27 0101010010 4

04 40 1111000100 5
15 51 0011001011 5
26 62 1111001000 5
37 73 0010011100 4

Matching output
0 absent
1 absent
2 absent
3 absent
4 absent
5 absent
6 absent
7 absent

Left
none
Best: none

Right
none
Best: none

AND-NOT
01 0000110000 2
12 0000001011 3
23 0101000100 3
34 0000001000 1
45 1001110010 5
56 0100000000 1
67 1010001000 3
70 0000000000 a

02 0000010010 2
13 0101000101 4
24 0100000100 2
35 0000101010 3
46 0001010010 3
57 0110000000 2
60 1010001000 3
71 0000110000 2

03 0100010100 3
14 0100001101 4
25 0001100000 2
36 0000000010 1
47 1011000000 3
50 0010000000 1
61 1010100000 3
72 0000010010 2

04 0100000100 2
15 0001001011 4
26 0101000000 2
37 0010001000 2
40 1011000000 3
51 0010000000 1
62 1010001000 3
73 0000010100 2

05 0000110010 3
16 0101000011 4
27 0101000000 2
30 0010001000 2
41 1010110000 4 match 4
52 0010000000 1
63 1000000100 2
74 0000000100 1

06 0100010010 3
17 0101001001 4
20 0001000000 1
31 0010100000 2
42 1010010010 4
53 0100000100 2
64 0000001100 2
75 0000110010 3

07 0100000000 1
10 0001001001 3
21 0000100000 1
32 0010001010 3
43 1001010000 3
54 0100000100 2
65 1000101000 3
76 0000010010 2

Matching output
0 absent
1 absent
2 absent
3 absent
4 41
5 absent
6 absent
7 absent

Left
none
Best: none

Right
none
Best: none

OR-NOT
01 1110110110 7
12 1111011111 9
23 1101110101 7
34 0110101111 7
45 1011111011 8
56 0111010111 7
67 1111101101 8
70 1011111111 9

02 1110111111 9 match 5
13 1101011111 8 match 6
24 0101101101 6 match 7
35 1011111011 8
46 1111110011 8
57 1111001101 7
60 1011101101 7
71 1010110110 6

03 1101110111 8
14 0101001111 6
25 1101111111 9
36 0111111011 8
47 1111111011 9
50 1111001101 7
61 1010111100 6
72 1010111111 8

04 0100111111 7
15 1101111111 9
26 0101110111 7
37 1111101011 8
40 1011111011 8
51 1110110100 6
62 1010111111 8
73 1101110111 8

05 1101111111 9
16 0101011111 7
27 1111101101 8
30 1011101011 7
41 1011110010 6
52 1110011111 8
63 1111111101 9
74 0100111111 7

06 0101110111 7
17 1111001111 8
20 1111101101 8
31 1010111010 6
42 1011111011 8
53 1111010101 7
64 1110101101 7
75 1001111111 8

07 1111111111 a
10 1111001111 8
21 1111110100 7
32 1010111011 7
43 1111110111 9
54 0110001101 5
65 1011111111 9
76 0101110111 7

Matching output
0 absent
1 absent
2 absent
3 absent
4 absent
5 02
6 13
7 24

Left
none
Best: none

Right
24 13 02 71x
Best: OR-NOT24 13 02: 3

XOR-NOT
01 1110000110 5
12 1111010100 6
23 1000110001 4
34 0110100111 6
45 0010001001 3
56 0011010111 6 match 0
67 0101100101 5 match 1
70 1011111111 9

02 1110101101 7
13 1000011010 4
24 0001101001 4
35 1011010001 5
46 1110100001 5
57 1001001101 5
60 0001100101 4
71 1010000110 4

03 1001100011 5
14 0001000010 2
25 1100011111 7
36 0111111001 7
47 0100111011 6
50 1101001101 6
61 0000011100 3
72 1010101101 6

04 0000111011 5
15 1100110100 5
26 0000110111 5
37 1101100011 6
40 0000111011 5
51 1100110100 5
62 0000110111 5
73 1101100011 6

05 1101001101 6
16 0000011100 3
27 1010101101 6
30 1001100011 5
41 0001000010 2
52 1100011111 7
63 0111111001 7
74 0100111011 6

06 0001100101 4
17 1010000110 4
20 1110101101 7
31 1000011010 4
42 0001101001 4
53 1011010001 5
64 1110100001 5
75 1001001101 5

07 1011111111 9
10 1110000110 5
21 1111010100 6
32 1000110001 4
43 0110100111 6
54 0010001001 3
65 0011010111 6 match 0
76 0101100101 5 match 1

Matching output
0 56 65
1 67 76
2 absent
3 absent
4 absent
5 absent
6 absent
7 absent

Left
56 67 70x
65 76 07x
Best: XOR-NOT56 67: 2

Right
none
Best: none

Selecting

Lefts
Identity none
NOT none
Constant none
AND none
OR none
XOR none
AND-NOT none
OR-NOT none
XOR-NOT XOR-NOT56 67: 2

Rights
Identity none
NOT none
Constant none
AND none
OR none
XOR none
AND-NOT none
OR-NOT OR-NOT24 13 02: 3
XOR-NOT none

Left longest: 2
Right longest: 3

Right winner: Identity no, NOT no, Constant no, AND no, OR no, XOR no, AND-NOT no, OR-NOT yes, XOR-NOT no
Left winner: Identity no, NOT no, Constant no, AND no, OR no, XOR no, AND-NOT no, OR-NOT no, XOR-NOT yes

Best right: OR-NOT24 13 02: 3
Best left: XOR-NOT56 67: 2

Truncated right: OR-NOT24 13 02: 3
Truncated left: XOR-NOT56 67: 2

Tentative from right
7 OR-NOT24
6 OR-NOT13
5 OR-NOT02
4 pending
3 pending
2 pending
1 pending
0 pending

Tentative
0 XOR-NOT56
1 XOR-NOT67
2 pending
3 pending
4 pending
5 OR-NOT02
6 OR-NOT13
7 OR-NOT24

Preferred from right
7 OR-NOT24
6 OR-NOT13
5 OR-NOT02
4 ?71
3 ?60
2 ?57
1 XOR-NOT67
0 XOR-NOT56

Preferred from left
0 XOR-NOT56
1 XOR-NOT67
2 ?57
3 ?60
4 ?71
5 OR-NOT02
6 OR-NOT13
7 OR-NOT24

Preferred
0 XOR-NOT56
1 XOR-NOT67
2 ?57 ?75
3 ?60 ?06
4 ?71 ?17
5 OR-NOT02
6 OR-NOT13
7 OR-NOT24

Matching
0 XOR-NOT56
1 XOR-NOT67
2 ?57 ?75 - Identity absent, NOT NOT7, Constant absent, AND absent, OR absent, XOR absent, AND-NOT absent, OR-NOT absent, XOR-NOT absent
3 ?60 ?06 - Identity absent, NOT NOT0, Constant absent, AND absent, OR absent, XOR absent, AND-NOT absent, OR-NOT absent, XOR-NOT absent
4 ?71 ?17 - Identity absent, NOT NOT1, Constant absent, AND absent, OR absent, XOR absent, AND-NOT absent, OR-NOT absent, XOR-NOT absent
5 OR-NOT02
6 OR-NOT13
7 OR-NOT24

Perfect match
Identity no
NOT yes
Constant no
AND no
OR no
XOR no
AND-NOT no
OR-NOT no
XOR-NOT no

Matched
0 XOR-NOT56
1 XOR-NOT67
2 NOT7
3 NOT0
4 NOT1
5 OR-NOT02
6 OR-NOT13
7 OR-NOT24

Selected
0 XOR-NOT56
1 XOR-NOT67
2 NOT7
3 NOT0
4 NOT1
5 OR-NOT02
6 OR-NOT13
7 OR-NOT24

Applying to 01101100
Input
0 0
1 1
2 1
3 0
4 1
5 1
6 0
7 0
Output
0 XOR-NOT56 = XOR(1,NOT(0)) = 0
1 XOR-NOT67 = XOR(0,NOT(0)) = 1
2 NOT7 = NOT(0) = 1
3 NOT0 = NOT(0) = 1
4 NOT1 = NOT(1) = 0
5 OR-NOT02 = OR(0,NOT(1)) = 0
6 OR-NOT13 = OR(1,NOT(0)) = 1
7 OR-NOT24 = OR(1,NOT(1)) = 1

I will now return the answer in \boxed{}
The answer in \boxed{–} is \boxed{01110011}