We need to deduce the transformation by matching the example outputs.
I will put my final answer inside \boxed{}.

Output 0: 01010110
0 0
1 1
2 0
3 1
4 0
5 1
6 1
7 0

Output 1: 01000111
0 0
1 1
2 0
3 0
4 0
5 1
6 1
7 1

Output 2: 11111101
0 1
1 1
2 1
3 1
4 1
5 1
6 0
7 1

Output 3: 00001001
0 0
1 0
2 0
3 0
4 1
5 0
6 0
7 1

Output 4: 00000101
0 0
1 0
2 0
3 0
4 0
5 1
6 0
7 1

Output 5: 01100000
0 0
1 1
2 1
3 0
4 0
5 0
6 0
7 0

Output 6: 11010010
0 1
1 1
2 0
3 1
4 0
5 0
6 1
7 0

Output 7: 00101101
0 0
1 0
2 1
3 0
4 1
5 1
6 0
7 1

Output bit columns (with bitsum as hash)
0 00100010 2
1 11100110 5
2 00100101 3
3 10100010 3
4 00110001 3
5 11101001 5
6 11000010 3
7 01111001 5

Input 0: 01011001
0 0
1 1
2 0
3 1
4 1
5 0
6 0
7 1

Input 1: 00011101
0 0
1 0
2 0
3 1
4 1
5 1
6 0
7 1

Input 2: 11110111
0 1
1 1
2 1
3 1
4 0
5 1
6 1
7 1

Input 3: 00100100
0 0
1 0
2 1
3 0
4 0
5 1
6 0
7 0

Input 4: 00010100
0 0
1 0
2 0
3 1
4 0
5 1
6 0
7 0

Input 5: 10000001
0 1
1 0
2 0
3 0
4 0
5 0
6 0
7 1

Input 6: 01001011
0 0
1 1
2 0
3 0
4 1
5 0
6 1
7 1

Input 7: 10110100
0 1
1 0
2 1
3 1
4 0
5 1
6 0
7 0

When matching output
x: not in operator
y: wrong position

Identity
0 00100101 3 match 2
1 10100010 3 match 3
2 00110001 3 match 4
3 11101001 5 match 5
4 11000010 3 match 6
5 01111001 5 match 7
6 00100010 2 match 0
7 11100110 5 match 1

Matching output
0 6
1 7
2 0
3 1
4 2
5 3
6 4
7 5

Left
6 7 0 1 2 3 4 5
Best: I6 7 0 1 2 3 4 5: 8

Right
5 4 3 2 1 0 7 6
Best: I5 4 3 2 1 0 7 6: 8

NOT
0 11011010 5
1 01011101 5
2 11001110 5
3 00010110 3
4 00111101 5
5 10000110 3
6 11011101 6
7 00011001 3

Matching output
0 absent
1 absent
2 absent
3 absent
4 absent
5 absent
6 absent
7 absent

Left
none
Best: none

Right
none
Best: none

Constant
0 00000000 a
1 11111111 a

Matching output
0 absent
1 absent
2 absent
3 absent
4 absent
5 absent
6 absent
7 absent

Left
none
Best: none

Right
none
Best: none

AND
01 10 00100000 1
12 21 00100000 1
23 32 00100001 2
34 43 11000000 2
45 54 01000000 1
56 65 00100000 1
67 76 00100010 2 match 0
70 07 00100100 2

02 20 00100001 2
13 31 10100000 2
24 42 00000000 a
35 53 01101001 4
46 64 00000010 1
57 75 01100000 2
60 06 00100000 1
71 17 10100010 3 match 3

03 30 00100001 2
14 41 10000010 2
25 52 00110001 3 match 4
36 63 00100000 1
47 74 11000010 3 match 6
50 05 00100001 2
61 16 00100010 2 match 0
72 27 00100000 1

04 40 00000000 a
15 51 00100000 1
26 62 00100000 1
37 73 11100000 3

Matching output
0 67 76 61 16
1 absent
2 absent
3 71 17
4 25 52
5 absent
6 47 74
7 absent

Left
67 70x
76 07x
61 72x
16 27x
Best: AND67: 1

Right
none
Best: none

OR
01 10 10100111 5
12 21 10110011 5
23 32 11111001 6
34 43 11101011 6
45 54 11111011 7
56 65 01111011 6
67 76 11100110 5 match 1
70 07 11100111 6

02 20 00110101 4
13 31 11101011 6
24 42 11110011 6
35 53 11111001 6
46 64 11100010 4
57 75 11111111 a
60 06 00100111 4
71 17 11100110 5 match 1

03 30 11101101 6
14 41 11100010 4
25 52 01111001 5 match 7
36 63 11101011 6
47 74 11100110 5 match 1
50 05 01111101 6
61 16 10100010 3 match 3
72 27 11110111 7

04 40 11100111 6
15 51 11111011 7
26 62 00110011 4
37 73 11101111 7

Matching output
0 absent
1 67 76 71 17 47 74
2 absent
3 61 16
4 absent
5 absent
6 absent
7 25 52

Left
none
Best: none

Right
25 14x
52 41x
Best: OR25: 1

XOR
01 10 10000111 4
12 21 10010011 4
23 32 11011000 4
34 43 00101011 4
45 54 10111011 6
56 65 01011011 5
67 76 11000100 3
70 07 11000011 4

02 20 00010100 2
13 31 01001011 4
24 42 11110011 6
35 53 10010000 2
46 64 11100000 3
57 75 10011111 6
60 06 00000111 3
71 17 01000100 2

03 30 11001100 4
14 41 01100000 2
25 52 01001000 2
36 63 11001011 5
47 74 00100100 2
50 05 01011100 4
61 16 10000000 1
72 27 11010111 6

04 40 11100111 6
15 51 11011011 6
26 62 00010011 3
37 73 00001111 4

Matching output
0 absent
1 absent
2 absent
3 absent
4 absent
5 absent
6 absent
7 absent

Left
none
Best: none

Right
none
Best: none

AND-NOT
01 00000101 2
12 10000010 2
23 00010000 1
34 00101001 3
45 10000010 2
56 01011001 4
67 00000000 a
70 11000010 3 match 6

02 00000100 1
13 00000010 1
24 00110001 3 match 4
35 10000000 1
46 11000000 2
57 00011001 3
60 00000010 1
71 01000100 2

03 00000100 1
14 00100000 1
25 00000000 a
36 11001001 4
47 00000000 a
50 01011000 3
61 00000000 a
72 11000110 4

04 00100101 3 match 2
15 10000010 2
26 00010001 2
37 00001001 2
40 11000010 3 match 6
51 01011001 4
62 00000010 1
73 00000110 2

05 00000100 1
16 10000000 1
27 00010001 2
30 11001000 3
41 01000000 1
52 01001000 2
63 00000010 1
74 00100100 2

06 00000101 2
17 00000000 a
20 00010000 1
31 01001001 3
42 11000010 3 match 6
53 00010000 1
64 00100000 1
75 10000110 3

07 00000001 1
10 10000010 2
21 00010001 2
32 11001000 3
43 00000010 1
54 00111001 4
65 00000010 1
76 11000100 3

Matching output
0 absent
1 absent
2 04
3 absent
4 24
5 absent
6 70 40 42
7 absent

Left
none
Best: none

Right
none
Best: none

OR-NOT
01 01111101 6
12 11101110 6
23 00110111 5
34 11111101 7
45 11000110 4
56 11111101 7
67 00111011 5
70 11111110 7

02 11101111 7
13 10110110 5
24 00111101 5
35 11101111 7
46 11011111 7
57 01111001 5 match 7
60 11111010 6
71 11111111 a

03 00110111 5
14 10111111 7
25 10110111 6
36 11111101 7
47 11011011 6
50 11111011 7
61 01111111 7
72 11101110 6

04 00111101 5
15 10100110 4
26 11111101 7
37 11111001 6
40 11011010 5
51 01111101 6
62 11101110 6
73 11110110 6

05 10100111 5
16 11111111 a
27 00111001 4
30 11111011 7
41 11011111 7
52 11111111 a
63 00110110 4
74 11111111 a

06 11111101 7
17 10111011 6
20 11111011 7
31 11111101 7
42 11001110 5
53 01111111 7
64 00111111 6
75 11100110 5 match 1

07 00111101 5
10 11111010 6
21 01111101 6
32 11101111 7
43 11010110 5
54 01111101 6
65 10100110 4
76 11111111 a

Matching output
0 absent
1 75
2 absent
3 absent
4 absent
5 absent
6 absent
7 57

Left
none
Best: none

Right
57 46x
Best: OR-NOT57: 1

XOR-NOT
01 01111000 4
12 01101100 4
23 00100111 4
34 11010100 4
45 01000100 2
56 10100100 3
67 00111011 5
70 00111100 4

02 11101011 6
13 10110100 4
24 00001100 2
35 01101111 6
46 00011111 5
57 01100000 2
60 11111000 5
71 10111011 6

03 00110011 4
14 10011111 6
25 10110111 6
36 00110100 3
47 11011011 6
50 10100011 4
61 01111111 7
72 00101000 2

04 00011000 2
15 00100100 2
26 11101100 5
37 11110000 4
40 00011000 2
51 00100100 2
62 11101100 5
73 11110000 4

05 10100011 4
16 01111111 7
27 00101000 2
30 00110011 4
41 10011111 6
52 10110111 6
63 00110100 3
74 11011011 6

06 11111000 5
17 10111011 6
20 11101011 6
31 10110100 4
42 00001100 2
53 01101111 6
64 00011111 5
75 01100000 2

07 00111100 4
10 01111000 4
21 01101100 4
32 00100111 4
43 11010100 4
54 01000100 2
65 10100100 3
76 00111011 5

Matching output
0 absent
1 absent
2 absent
3 absent
4 absent
5 absent
6 absent
7 absent

Left
none
Best: none

Right
none
Best: none

Selecting

Lefts
Identity I6 7 0 1 2 3 4 5: 8
NOT none
Constant none
AND AND67: 1
OR none
XOR none
AND-NOT none
OR-NOT none
XOR-NOT none

Rights
Identity I5 4 3 2 1 0 7 6: 8
NOT none
Constant none
AND none
OR OR25: 1
XOR none
AND-NOT none
OR-NOT OR-NOT57: 1
XOR-NOT none

Left longest: 8
Right longest: 8

Left winner: Identity yes, NOT no, Constant no, AND no, OR no, XOR no, AND-NOT no, OR-NOT no, XOR-NOT no
Right winner: Identity yes, NOT no, Constant no, AND no, OR no, XOR no, AND-NOT no, OR-NOT no, XOR-NOT no

Best left: I6 7 0 1 2 3 4 5: 8
Best right: I5 4 3 2 1 0 7 6: 8

Truncated left: I6 7 0 1 2 3 4 5: 8
Truncated right: none truncated

Tentative from right
7 pending
6 pending
5 pending
4 pending
3 pending
2 pending
1 pending
0 pending

Tentative
0 I6
1 I7
2 I0
3 I1
4 I2
5 I3
6 I4
7 I5

Preferred from left
0 I6
1 I7
2 I0
3 I1
4 I2
5 I3
6 I4
7 I5

Preferred from right
7 I5
6 I4
5 I3
4 I2
3 I1
2 I0
1 I7
0 I6

Preferred
0 I6
1 I7
2 I0
3 I1
4 I2
5 I3
6 I4
7 I5

Matching
0 I6
1 I7
2 I0
3 I1
4 I2
5 I3
6 I4
7 I5

Perfect match
Identity no
NOT no
Constant no
AND no
OR no
XOR no
AND-NOT no
OR-NOT no
XOR-NOT no

Matched
0 I6
1 I7
2 I0
3 I1
4 I2
5 I3
6 I4
7 I5

Selected
0 I6
1 I7
2 I0
3 I1
4 I2
5 I3
6 I4
7 I5

Applying to 11000010
Input
0 1
1 1
2 0
3 0
4 0
5 0
6 1
7 0
Output
0 I6 = 1
1 I7 = 0
2 I0 = 1
3 I1 = 1
4 I2 = 0
5 I3 = 0
6 I4 = 0
7 I5 = 0

I will now return the answer in \boxed{}
The answer in \boxed{–} is \boxed{10110000}