We need to deduce the transformation by matching the example outputs.
I will put my final answer inside \boxed{}.

Output 0: 00100110
0 0
1 0
2 1
3 0
4 0
5 1
6 1
7 0

Output 1: 01010010
0 0
1 1
2 0
3 1
4 0
5 0
6 1
7 0

Output 2: 00010011
0 0
1 0
2 0
3 1
4 0
5 0
6 1
7 1

Output 3: 01001011
0 0
1 1
2 0
3 0
4 1
5 0
6 1
7 1

Output 4: 00101101
0 0
1 0
2 1
3 0
4 1
5 1
6 0
7 1

Output 5: 01001011
0 0
1 1
2 0
3 0
4 1
5 0
6 1
7 1

Output 6: 00100000
0 0
1 0
2 1
3 0
4 0
5 0
6 0
7 0

Output 7: 10000000
0 1
1 0
2 0
3 0
4 0
5 0
6 0
7 0

Output bit columns (with bitsum as hash)
0 00000001 1
1 01010100 3
2 10001010 3
3 01100000 2
4 00011100 3
5 10001000 2
6 11110100 5
7 00111100 4

Input 0: 11011100
0 1
1 1
2 0
3 1
4 1
5 1
6 0
7 0

Input 1: 01011010
0 0
1 1
2 0
3 1
4 1
5 0
6 1
7 0

Input 2: 01101110
0 0
1 1
2 1
3 0
4 1
5 1
6 1
7 0

Input 3: 01111001
0 0
1 1
2 1
3 1
4 1
5 0
6 0
7 1

Input 4: 10101101
0 1
1 0
2 1
3 0
4 1
5 1
6 0
7 1

Input 5: 01111011
0 0
1 1
2 1
3 1
4 1
5 0
6 1
7 1

Input 6: 00000100
0 0
1 0
2 0
3 0
4 0
5 1
6 0
7 0

Input 7: 00010000
0 0
1 0
2 0
3 1
4 0
5 0
6 0
7 0

When matching output
x: not in operator
y: wrong position

Identity
0 10001000 2 match 5
1 11110100 5 match 6
2 00111100 4 match 7
3 11010101 5
4 11111100 6
5 10101010 4
6 01100100 3
7 00011100 3 match 4

Matching output
0 absent
1 absent
2 absent
3 absent
4 7
5 0
6 1
7 2

Left
none
Best: none

Right
2 1 0 7 6x
Best: I2 1 0 7: 4

NOT
0 01110111 6
1 00001011 3
2 11000011 4
3 00101010 3
4 00000011 2
5 01010101 4
6 10011011 5
7 11100011 5

Matching output
0 absent
1 absent
2 absent
3 absent
4 absent
5 absent
6 absent
7 absent

Left
none
Best: none

Right
none
Best: none

Constant
0 00000000 a
1 11111111 a

Matching output
0 absent
1 absent
2 absent
3 absent
4 absent
5 absent
6 absent
7 absent

Left
none
Best: none

Right
none
Best: none

AND
01 10 10000000 1
12 21 00110100 3
23 32 00010100 2
34 43 11010100 4
45 54 10101000 3
56 65 00100000 1
67 76 00000100 1
70 07 00001000 1

02 20 00001000 1
13 31 11010100 4
24 42 00111100 4 match 7
35 53 10000000 1
46 64 01100100 3
57 75 00001000 1
60 06 00000000 a
71 17 00010100 2

03 30 10000000 1
14 41 11110100 5 match 6
25 52 00101000 2
36 63 01000100 2
47 74 00011100 3 match 4
50 05 10001000 2 match 5
61 16 01100100 3
72 27 00011100 3 match 4

04 40 10001000 2 match 5
15 51 10100000 2
26 62 00100100 2
37 73 00010100 2

Matching output
0 absent
1 absent
2 absent
3 absent
4 47 74 72 27
5 50 05 04 40
6 14 41
7 24 42

Left
none
Best: none

Right
24 13x
42 31x
Best: AND24: 1

OR
01 10 11111100 6
12 21 11111100 6
23 32 11111101 7
34 43 11111101 7
45 54 11111110 7
56 65 11101110 6
67 76 01111100 5
70 07 10011100 4

02 20 10111100 5
13 31 11110101 6
24 42 11111100 6
35 53 11111111 a
46 64 11111100 6
57 75 10111110 6
60 06 11101100 5
71 17 11111100 6

03 30 11011101 6
14 41 11111100 6
25 52 10111110 6
36 63 11110101 6
47 74 11111100 6
50 05 10101010 4
61 16 11110100 5 match 6
72 27 00111100 4 match 7

04 40 11111100 6
15 51 11111110 7
26 62 01111100 5
37 73 11011101 6

Matching output
0 absent
1 absent
2 absent
3 absent
4 absent
5 absent
6 61 16
7 72 27

Left
none
Best: none

Right
72 61 50x
27 16 05x
Best: OR72 61: 2

XOR
01 10 01111100 5
12 21 11001000 3
23 32 11101001 5
34 43 00101001 3
45 54 01010110 4
56 65 11001110 5
67 76 01111000 4
70 07 10010100 3

02 20 10110100 4
13 31 00100001 2
24 42 11000000 2
35 53 01111111 7
46 64 10011000 3
57 75 10110110 5
60 06 11101100 5
71 17 11101000 4

03 30 01011101 5
14 41 00001000 1
25 52 10010110 4
36 63 10110001 4
47 74 11100000 3
50 05 00100010 2
61 16 10010000 2
72 27 00100000 1

04 40 01110100 4
15 51 01011110 5
26 62 01011000 3
37 73 11001001 4

Matching output
0 absent
1 absent
2 absent
3 absent
4 absent
5 absent
6 absent
7 absent

Left
none
Best: none

Right
none
Best: none

AND-NOT
01 00001000 1
12 11000000 2
23 00101000 2
34 00000001 1 match 0
45 01010100 3 match 1
56 10001010 3 match 2
67 01100000 2 match 3
70 00010100 2

02 10000000 1
13 00100000 1
24 00000000 a
35 01010101 4
46 10011000 3
57 10100010 3
60 01100100 3
71 00001000 1

03 00001000 1
14 00000000 a
25 00010100 2
36 10010001 3
47 11100000 3
50 00100010 2
61 00000000 a
72 00000000 a

04 00000000 a
15 01010100 3 match 1
26 00011000 2
37 11000001 3
40 01110100 4
51 00001010 2
62 01000000 1
73 00001000 1

05 00000000 a
16 10010000 2
27 00100000 1
30 01010101 4
41 00001000 1
52 10000010 2
63 00100000 1
74 00000000 a

06 10001000 2 match 5
17 11100000 3
20 00110100 3
31 00000001 1 match 0
42 11000000 2
53 00101010 3
64 00000000 a
75 00010100 2

07 10000000 1
10 01110100 4
21 00001000 1
32 11000001 3
43 00101000 2
54 00000010 1
65 01000100 2
76 00011000 2

Matching output
0 34 31
1 45 15
2 56
3 67
4 absent
5 06
6 absent
7 absent

Left
34 45 56 67 70x
31 42x
Best: AND-NOT34 45 56 67: 4

Right
none
Best: none

OR-NOT
01 10001011 4
12 11110111 7
23 00111110 5
34 11010111 6
45 11111101 7
56 10111011 6
67 11100111 6
70 01111111 7

02 11001011 5
13 11111110 7
24 00111111 6
35 11010101 5
46 11111111 a
57 11101011 6
60 01110111 6
71 00011111 5

03 10101010 4
14 11110111 7
25 01111101 6
36 11011111 7
47 11111111 a
50 11111111 a
61 01101111 6
72 11011111 7

04 10001011 4
15 11110101 6
26 10111111 7
37 11110111 7
40 11111111 a
51 10101011 5
62 11100111 6
73 00111110 5

05 11011101 6
16 11111111 a
27 11111111 a
30 11110111 7
41 11111111 a
52 11101011 6
63 01101110 5
74 00011111 5

06 10011011 5
17 11110111 7
20 01111111 7
31 11011111 7
42 11111111 a
53 10101010 4
64 01100111 5
75 01011101 5

07 11101011 6
10 11110111 7
21 00111111 6
32 11010111 6
43 11111110 7
54 10101011 5
65 01110101 5
76 10011111 6

Matching output
0 absent
1 absent
2 absent
3 absent
4 absent
5 absent
6 absent
7 absent

Left
none
Best: none

Right
none
Best: none

XOR-NOT
01 10000011 3
12 00110111 5
23 00010110 3
34 11010110 5
45 10101001 4
56 00110001 3
67 10000111 4
70 01101011 5

02 01001011 4
13 11011110 6
24 00111111 6
35 10000000 1
46 01100111 5
57 01001001 3
60 00010011 3
71 00010111 4

03 10100010 3
14 11110111 7
25 01101001 4
36 01001110 4
47 00011111 5
50 11011101 6
61 01101111 6
72 11011111 7

04 10001011 4
15 10100001 3
26 10100111 5
37 00110110 4
40 10001011 4
51 10100001 3
62 10100111 5
73 00110110 4

05 11011101 6
16 01101111 6
27 11011111 7
30 10100010 3
41 11110111 7
52 01101001 4
63 01001110 4
74 00011111 5

06 00010011 3
17 00010111 4
20 01001011 4
31 11011110 6
42 00111111 6
53 10000000 1
64 01100111 5
75 01001001 3

07 01101011 5
10 10000011 3
21 00110111 5
32 00010110 3
43 11010110 5
54 10101001 4
65 00110001 3
76 10000111 4

Matching output
0 absent
1 absent
2 absent
3 absent
4 absent
5 absent
6 absent
7 absent

Left
none
Best: none

Right
none
Best: none

Selecting

Lefts
Identity none
NOT none
Constant none
AND none
OR none
XOR none
AND-NOT AND-NOT34 45 56 67: 4
OR-NOT none
XOR-NOT none

Rights
Identity I2 1 0 7: 4
NOT none
Constant none
AND AND24: 1
OR OR72 61: 2
XOR none
AND-NOT none
OR-NOT none
XOR-NOT none

Left longest: 4
Right longest: 4

Left winner: Identity no, NOT no, Constant no, AND no, OR no, XOR no, AND-NOT yes, OR-NOT no, XOR-NOT no
Right winner: Identity yes, NOT no, Constant no, AND no, OR no, XOR no, AND-NOT no, OR-NOT no, XOR-NOT no

Best left: AND-NOT34 45 56 67: 4
Best right: I2 1 0 7: 4

Truncated left: AND-NOT34 45 56 67: 4
Truncated right: I2 1 0 7: 4

Tentative from right
7 I2
6 I1
5 I0
4 I7
3 pending
2 pending
1 pending
0 pending

Tentative
0 AND-NOT34
1 AND-NOT45
2 AND-NOT56
3 AND-NOT67
4 I7
5 I0
6 I1
7 I2

Preferred from left
0 AND-NOT34
1 AND-NOT45
2 AND-NOT56
3 AND-NOT67
4 I7
5 I0
6 I1
7 I2

Preferred from right
7 I2
6 I1
5 I0
4 I7
3 AND-NOT67
2 AND-NOT56
1 AND-NOT45
0 AND-NOT34

Preferred
0 AND-NOT34
1 AND-NOT45
2 AND-NOT56
3 AND-NOT67
4 I7
5 I0
6 I1
7 I2

Matching
0 AND-NOT34
1 AND-NOT45
2 AND-NOT56
3 AND-NOT67
4 I7
5 I0
6 I1
7 I2

Perfect match
Identity no
NOT no
Constant no
AND no
OR no
XOR no
AND-NOT no
OR-NOT no
XOR-NOT no

Matched
0 AND-NOT34
1 AND-NOT45
2 AND-NOT56
3 AND-NOT67
4 I7
5 I0
6 I1
7 I2

Selected
0 AND-NOT34
1 AND-NOT45
2 AND-NOT56
3 AND-NOT67
4 I7
5 I0
6 I1
7 I2

Applying to 01000001
Input
0 0
1 1
2 0
3 0
4 0
5 0
6 0
7 1
Output
0 AND-NOT34 = AND(0,NOT(0)) = 0
1 AND-NOT45 = AND(0,NOT(0)) = 0
2 AND-NOT56 = AND(0,NOT(0)) = 0
3 AND-NOT67 = AND(0,NOT(1)) = 0
4 I7 = 1
5 I0 = 0
6 I1 = 1
7 I2 = 0

I will now return the answer in \boxed{}
The answer in \boxed{–} is \boxed{00001010}