We need to deduce the transformation by matching the example outputs.
I will put my final answer inside \boxed{}.

Output 0: 00000001
0 0
1 0
2 0
3 0
4 0
5 0
6 0
7 1

Output 1: 01000000
0 0
1 1
2 0
3 0
4 0
5 0
6 0
7 0

Output 2: 00000000
0 0
1 0
2 0
3 0
4 0
5 0
6 0
7 0

Output 3: 00000001
0 0
1 0
2 0
3 0
4 0
5 0
6 0
7 1

Output 4: 01001001
0 0
1 1
2 0
3 0
4 1
5 0
6 0
7 1

Output 5: 11001000
0 1
1 1
2 0
3 0
4 1
5 0
6 0
7 0

Output 6: 00000000
0 0
1 0
2 0
3 0
4 0
5 0
6 0
7 0

Output 7: 00000011
0 0
1 0
2 0
3 0
4 0
5 0
6 1
7 1

Output 8: 00000100
0 0
1 0
2 0
3 0
4 0
5 1
6 0
7 0

Output 9: 01001100
0 0
1 1
2 0
3 0
4 1
5 1
6 0
7 0

Output bit columns (with bitsum as hash)
0 0000010000 1
1 0100110001 4
2 0000000000 a
3 0000000000 a
4 0000110001 3
5 0000000011 2
6 0000000100 1
7 1001100100 4

Input 0: 00110000
0 0
1 0
2 1
3 1
4 0
5 0
6 0
7 0

Input 1: 00011101
0 0
1 0
2 0
3 1
4 1
5 1
6 0
7 1

Input 2: 00101100
0 0
1 0
2 1
3 0
4 1
5 1
6 0
7 0

Input 3: 00110101
0 0
1 0
2 1
3 1
4 0
5 1
6 0
7 1

Input 4: 10111001
0 1
1 0
2 1
3 1
4 1
5 0
6 0
7 1

Input 5: 10011011
0 1
1 0
2 0
3 1
4 1
5 0
6 1
7 1

Input 6: 01011000
0 0
1 1
2 0
3 1
4 1
5 0
6 0
7 0

Input 7: 01110101
0 0
1 1
2 1
3 1
4 0
5 1
6 0
7 1

Input 8: 11011100
0 1
1 1
2 0
3 1
4 1
5 1
6 0
7 0

Input 9: 11001101
0 1
1 1
2 0
3 0
4 1
5 1
6 0
7 1

When matching output
x: not in operator
y: wrong position

Identity
0 0000110011 4
1 0000001111 4
2 1011100100 5
3 1101111110 8
4 0110111011 7
5 0111000111 6
6 0000010000 1 match 0
7 0101110101 6

Matching output
0 6
1 absent
2 absent
3 absent
4 absent
5 absent
6 absent
7 absent

Left
6 7x
Best: I6: 1

Right
none
Best: none

NOT
0 1111001100 6
1 1111110000 6
2 0100011011 5
3 0010000001 2
4 1001000100 3
5 1000111000 4
6 1111101111 9
7 1010001010 4

Matching output
0 absent
1 absent
2 absent
3 absent
4 absent
5 absent
6 absent
7 absent

Left
none
Best: none

Right
none
Best: none

Constant
0 0000000000 a match 2 3
1 1111111111 a

Matching output
0 absent
1 absent
2 C0
3 C0
4 absent
5 absent
6 absent
7 absent

Left
none
Best: none

Right
none
Best: none

AND
01 10 0000000011 2 match 5
12 21 0000000100 1 match 6
23 32 1001100100 4 match 7
34 43 0100111010 5
45 54 0110000011 4
56 65 0000000000 a match 2 3
67 76 0000010000 1 match 0
70 07 0000110001 3 match 4

02 20 0000100000 1
13 31 0000001110 3
24 42 0010100000 2
35 53 0101000110 4
46 64 0000010000 1 match 0
57 75 0101000101 4
60 06 0000010000 1 match 0
71 17 0000000101 2

03 30 0000110010 3
14 41 0000001011 3
25 52 0011000100 3
36 63 0000010000 1 match 0
47 74 0100110001 4 match 1
50 05 0000000011 2 match 5
61 16 0000000000 a match 2 3
72 27 0001100100 3

04 40 0000110011 4
15 51 0000000111 3
26 62 0000000000 a match 2 3
37 73 0101110100 5

Matching output
0 67 76 46 64 60 06 36 63
1 47 74
2 56 65 61 16 26 62
3 56 65 61 16 26 62
4 70 07
5 01 10 50 05
6 12 21
7 23 32

Left
67 70y
76 07y
46 57x
64 75x
60 71x
06 17x
36 47 50y
63 74 05y
Best: AND36 47: 2

Right
23 12 01 70 67y
32 21 10 07 76y
Best: AND23 12 01 70: 4

OR
01 10 0000111111 6
12 21 1011101111 8
23 32 1111111110 9
34 43 1111111111 a
45 54 0111111111 9
56 65 0111010111 7
67 76 0101110101 6
70 07 0101110111 7

02 20 1011110111 8
13 31 1101111111 9
24 42 1111111111 a
35 53 1111111111 a
46 64 0110111011 7
57 75 0111110111 8
60 06 0000110011 4
71 17 0101111111 8

03 30 1101111111 9
14 41 0110111111 8
25 52 1111100111 8
36 63 1101111110 8
47 74 0111111111 9
50 05 0111110111 8
61 16 0000011111 5
72 27 1111110101 8

04 40 0110111011 7
15 51 0111001111 7
26 62 1011110100 6
37 73 1101111111 9

Matching output
0 absent
1 absent
2 absent
3 absent
4 absent
5 absent
6 absent
7 absent

Left
none
Best: none

Right
none
Best: none

XOR
01 10 0000111100 4
12 21 1011101011 7
23 32 0110011010 5
34 43 1011000101 5
45 54 0001111100 5
56 65 0111010111 7
67 76 0101100101 5
70 07 0101000110 4

02 20 1011010111 7
13 31 1101110001 6
24 42 1101011111 8
35 53 1010111001 6
46 64 0110101011 6
57 75 0010110010 4
60 06 0000100011 3
71 17 0101111010 6

03 30 1101001101 6
14 41 0110110100 5
25 52 1100100011 5
36 63 1101101110 7
47 74 0011001110 5
50 05 0111110100 6
61 16 0000011111 5
72 27 1110010001 5

04 40 0110001000 3
15 51 0111001000 4
26 62 1011110100 6
37 73 1000001011 4

Matching output
0 absent
1 absent
2 absent
3 absent
4 absent
5 absent
6 absent
7 absent

Left
none
Best: none

Right
none
Best: none

AND-NOT
01 0000110000 2
12 0000001011 3
23 0010000000 1
34 1001000100 3
45 0000111000 3
56 0111000111 6
67 0000000000 a match 2 3
70 0101000100 3

02 0000010011 3
13 0000000001 1
24 1001000100 3
35 1000111000 4
46 0110101011 6
57 0010000010 2
60 0000000000 a match 2 3
71 0101110000 4

03 0000000001 1
14 0000000100 1 match 6
25 1000100000 2
36 1101101110 7
47 0010001010 3
50 0111000100 4
61 0000010000 1 match 0
72 0100010001 3

04 0000000000 a match 2 3
15 0000001000 1
26 1011100100 5
37 1000001010 3
40 0110001000 3
51 0111000000 3
62 0000010000 1 match 0
73 0000000001 1

05 0000110000 2
16 0000001111 4
27 1010000000 2
30 1101001100 5
41 0110110000 4
52 0100000011 3
63 0000000000 a match 2 3
74 0001000100 2

06 0000100011 3
17 0000001010 2
20 1011000100 4
31 1101110000 5
42 0100011011 5
53 0010000001 2
64 0000000000 a match 2 3
75 0000110000 2

07 0000000010 1
10 0000001100 2
21 1011100000 4
32 0100011010 4
43 0010000001 2
54 0001000100 2
65 0000010000 1 match 0
76 0101100101 5

Matching output
0 61 62 65
1 absent
2 67 60 04 63 64
3 67 60 04 63 64
4 absent
5 absent
6 14
7 absent

Left
61 72x
62 73x
65 76x
Best: AND-NOT61: 1

Right
none
Best: none

OR-NOT
01 1111110011 8
12 0100011111 6
23 1011100101 6
34 1101111110 8
45 1110111011 8
56 1111101111 9
67 1010011010 5
70 1111111101 9

02 0100111011 6
13 0010001111 5
24 1011100100 5
35 1101111110 8
46 1111111111 a
57 1111001111 8
60 1111011100 7
71 1111110101 8

03 0010110011 5
14 1001001111 6
25 1011111100 7
36 1111111111 a
47 1110111011 8
50 1111001111 8
61 1111110000 6
72 0101111111 8

04 1001110111 7
15 1000111111 7
26 1111101111 9
37 1111111110 9
40 1111111111 a
51 1111110111 9
62 0100011011 5
73 0111110101 7

05 1000111011 6
16 1111101111 9
27 1011101110 7
30 1111111110 9
41 1111111011 9
52 0111011111 8
63 0010010001 3
74 1101110101 7

06 1111111111 a
17 1010001111 6
20 1111101100 7
31 1111111110 9
42 0110111011 7
53 0111000111 6
64 1001010100 4
75 1101111101 8

07 1010111011 7
10 1111001111 8
21 1111110100 7
32 1101111111 9
43 0110111011 7
54 1111000111 7
65 1000111000 4
76 1111111111 a

Matching output
0 absent
1 absent
2 absent
3 absent
4 absent
5 absent
6 absent
7 absent

Left
none
Best: none

Right
none
Best: none

XOR-NOT
01 1111000011 6
12 0100010100 3
23 1001100101 5
34 0100111010 5
45 1110000011 5
56 1000101000 3
67 1010011010 5
70 1010111001 6

02 0100101000 3
13 0010001110 4
24 0010100000 2
35 0101000110 4
46 1001010100 4
57 1101001101 6
60 1111011100 7
71 1010000101 4

03 0010110010 4
14 1001001011 5
25 0011011100 5
36 0010010001 3
47 1100110001 5
50 1000001011 4
61 1111100000 5
72 0001101110 5

04 1001110111 7
15 1000110111 6
26 0100001011 4
37 0111110100 6
40 1001110111 7
51 1000110111 6
62 0100001011 4
73 0111110100 6

05 1000001011 4
16 1111100000 5
27 0001101110 5
30 0010110010 4
41 1001001011 5
52 0011011100 5
63 0010010001 3
74 1100110001 5

06 1111011100 7
17 1010000101 4
20 0100101000 3
31 0010001110 4
42 0010100000 2
53 0101000110 4
64 1001010100 4
75 1101001101 6

07 1010111001 6
10 1111000011 6
21 0100010100 3
32 1001100101 5
43 0100111010 5
54 1110000011 5
65 1000101000 3
76 1010011010 5

Matching output
0 absent
1 absent
2 absent
3 absent
4 absent
5 absent
6 absent
7 absent

Left
none
Best: none

Right
none
Best: none

Selecting

Lefts
Identity I6: 1
NOT none
Constant none
AND AND36 47: 2
OR none
XOR none
AND-NOT AND-NOT61: 1
OR-NOT none
XOR-NOT none

Rights
Identity none
NOT none
Constant none
AND AND23 12 01 70: 4
OR none
XOR none
AND-NOT none
OR-NOT none
XOR-NOT none

Left longest: 2
Right longest: 4

Right winner: Identity no, NOT no, Constant no, AND yes, OR no, XOR no, AND-NOT no, OR-NOT no, XOR-NOT no
Left winner: Identity no, NOT no, Constant no, AND yes, OR no, XOR no, AND-NOT no, OR-NOT no, XOR-NOT no

Best right: AND23 12 01 70: 4
Best left: AND36 47: 2

Truncated right: AND23 12 01 70: 4
Truncated left: AND36 47: 2

Tentative from right
7 AND23
6 AND12
5 AND01
4 AND70
3 pending
2 pending
1 pending
0 pending

Tentative
0 AND36
1 AND47
2 pending
3 pending
4 AND70
5 AND01
6 AND12
7 AND23

Preferred from right
7 AND23
6 AND12
5 AND01
4 AND70
3 ?67
2 ?56
1 AND47
0 AND36

Preferred from left
0 AND36
1 AND47
2 ?56
3 ?67
4 AND70
5 AND01
6 AND12
7 AND23

Preferred
0 AND36
1 AND47
2 ?56 ?65
3 ?67 ?76
4 AND70
5 AND01
6 AND12
7 AND23

Matching
0 AND36
1 AND47
2 ?56 ?65 - Identity absent, NOT absent, Constant C0, AND56, OR absent, XOR absent, AND-NOT absent, OR-NOT absent, XOR-NOT absent
3 ?67 ?76 - Identity absent, NOT absent, Constant C0, AND absent, OR absent, XOR absent, AND-NOT67, OR-NOT absent, XOR-NOT absent
4 AND70
5 AND01
6 AND12
7 AND23

Perfect match
Identity no
NOT no
Constant yes
AND no
OR no
XOR no
AND-NOT no
OR-NOT no
XOR-NOT no

Matched
0 AND36
1 AND47
2 C0
3 C0
4 AND70
5 AND01
6 AND12
7 AND23

Selected
0 AND36
1 AND47
2 C0
3 C0
4 AND70
5 AND01
6 AND12
7 AND23

Applying to 01100000
Input
0 0
1 1
2 1
3 0
4 0
5 0
6 0
7 0
Output
0 AND36 = AND(0,0) = 0
1 AND47 = AND(0,0) = 0
2 C0 = 0
3 C0 = 0
4 AND70 = AND(0,0) = 0
5 AND01 = AND(0,1) = 0
6 AND12 = AND(1,1) = 1
7 AND23 = AND(1,0) = 0

I will now return the answer in \boxed{}
The answer in \boxed{–} is \boxed{00000010}