We need to deduce the transformation by matching the example outputs.
I will put my final answer inside \boxed{}.

Output 0: 10001000
0 1
1 0
2 0
3 0
4 1
5 0
6 0
7 0

Output 1: 01110100
0 0
1 1
2 1
3 1
4 0
5 1
6 0
7 0

Output 2: 10010101
0 1
1 0
2 0
3 1
4 0
5 1
6 0
7 1

Output 3: 00000010
0 0
1 0
2 0
3 0
4 0
5 0
6 1
7 0

Output 4: 10000000
0 1
1 0
2 0
3 0
4 0
5 0
6 0
7 0

Output 5: 11101011
0 1
1 1
2 1
3 0
4 1
5 0
6 1
7 1

Output 6: 11011110
0 1
1 1
2 0
3 1
4 1
5 1
6 1
7 0

Output bit columns (with bitsum as hash)
0 1010111 5
1 0100011 3
2 0100010 2
3 0110001 3
4 1000011 3
5 0110001 3
6 0001011 3
7 0010010 2

Input 0: 00000001
0 0
1 0
2 0
3 0
4 0
5 0
6 0
7 1

Input 1: 10001110
0 1
1 0
2 0
3 0
4 1
5 1
6 1
7 0

Input 2: 10110010
0 1
1 0
2 1
3 1
4 0
5 0
6 1
7 0

Input 3: 01000000
0 0
1 1
2 0
3 0
4 0
5 0
6 0
7 0

Input 4: 00010000
0 0
1 0
2 0
3 1
4 0
5 0
6 0
7 0

Input 5: 01101101
0 0
1 1
2 1
3 0
4 1
5 1
6 0
7 1

Input 6: 11011011
0 1
1 1
2 0
3 1
4 1
5 0
6 1
7 1

When matching output
x: not in operator
y: wrong position

Identity
0 0110001 3 match 3 5
1 0001011 3 match 6
2 0010010 2 match 7
3 0010101 3
4 0100011 3 match 1
5 0100010 2 match 2
6 0110001 3 match 3 5
7 1000011 3 match 4

Matching output
0 absent
1 4
2 5
3 0 6
4 7
5 0 6
6 1
7 2

Left
none
Best: none

Right
2 1 0 7 6 5 4 3x
Best: I2 1 0 7 6 5 4: 7

NOT
0 1001110 4
1 1110100 4
2 1101101 5
3 1101010 4
4 1011100 4
5 1011101 5
6 1001110 4
7 0111100 4

Matching output
0 absent
1 absent
2 absent
3 absent
4 absent
5 absent
6 absent
7 absent

Left
none
Best: none

Right
none
Best: none

Constant
0 0000000 a
1 1111111 a

Matching output
0 absent
1 absent
2 absent
3 absent
4 absent
5 absent
6 absent
7 absent

Left
none
Best: none

Right
none
Best: none

AND
01 10 0000001 1
12 21 0000010 1
23 32 0010000 1
34 43 0000001 1
45 54 0100010 2 match 2
56 65 0100000 1
67 76 0000001 1
70 07 0000001 1

02 20 0010000 1
13 31 0000001 1
24 42 0000010 1
35 53 0000000 a
46 64 0100001 2
57 75 0000010 1
60 06 0110001 3 match 3 5
71 17 0000011 2

03 30 0010001 2
14 41 0000011 2
25 52 0000010 1
36 63 0010001 2
47 74 0000011 2
50 05 0100000 1
61 16 0000001 1
72 27 0000010 1

04 40 0100001 2
15 51 0000010 1
26 62 0010000 1
37 73 0000001 1

Matching output
0 absent
1 absent
2 45 54
3 60 06
4 absent
5 60 06
6 absent
7 absent

Left
none
Best: none

Right
none
Best: none

OR
01 10 0111011 5
12 21 0011011 4
23 32 0010111 4
34 43 0110111 5
45 54 0100011 3 match 1
56 65 0110011 4
67 76 1110011 5
70 07 1110011 5

02 20 0110011 4
13 31 0011111 5
24 42 0110011 4
35 53 0110111 5
46 64 0110011 4
57 75 1100011 4
60 06 0110001 3 match 3 5
71 17 1001011 4

03 30 0110101 4
14 41 0101011 4
25 52 0110010 3
36 63 0110101 4
47 74 1100011 4
50 05 0110011 4
61 16 0111011 5
72 27 1010011 4

04 40 0110011 4
15 51 0101011 4
26 62 0110011 4
37 73 1010111 5 match 0

Matching output
0 37 73
1 45 54
2 absent
3 60 06
4 absent
5 60 06
6 absent
7 absent

Left
37 40x
73 04x
Best: OR37: 1

Right
none
Best: none

XOR
01 10 0111010 4
12 21 0011001 3
23 32 0000111 3
34 43 0110110 4
45 54 0000001 1
56 65 0010011 3
67 76 1110010 4
70 07 1110010 4

02 20 0100011 3 match 1
13 31 0011110 4
24 42 0110001 3 match 3 5
35 53 0110111 5
46 64 0010010 2 match 7
57 75 1100001 3
60 06 0000000 a
71 17 1001000 2

03 30 0100100 2
14 41 0101000 2
25 52 0110000 2
36 63 0100100 2
47 74 1100000 2
50 05 0010011 3
61 16 0111010 4
72 27 1010001 3

04 40 0010010 2 match 7
15 51 0101001 3
26 62 0100011 3 match 1
37 73 1010110 4

Matching output
0 absent
1 02 20 26 62
2 absent
3 24 42
4 absent
5 24 42
6 absent
7 46 64 04 40

Left
none
Best: none

Right
46 35x
64 53x
04 73x
40 37x
Best: XOR46: 1

AND-NOT
01 0110000 2
12 0001001 2
23 0000010 1
34 0010100 2
45 0000001 1
56 0000010 1
67 0110000 2
70 1000010 2

02 0100001 2
13 0001010 2
24 0010000 1
35 0010101 3
46 0000010 1
57 0100000 1
60 0000000 a
71 1000000 1

03 0100000 1
14 0001000 1
25 0010000 1
36 0000100 1
47 0100000 1
50 0000010 1
61 0110000 2
72 1000001 2

04 0010000 1
15 0001001 2
26 0000010 1
37 0010100 2
40 0000010 1
51 0100000 1
62 0100001 2
73 1000010 2

05 0010001 2
16 0001010 2
27 0010000 1
30 0000100 1
41 0100000 1
52 0100000 1
63 0100000 1
74 1000000 1

06 0000000 a
17 0001000 1
20 0000010 1
31 0010100 2
42 0100001 2
53 0100010 2 match 2
64 0010000 1
75 1000001 2

07 0110000 2
10 0001010 2
21 0010000 1
32 0000101 2
43 0100010 2 match 2
54 0000000 a
65 0010001 2
76 1000010 2

Matching output
0 absent
1 absent
2 53 43
3 absent
4 absent
5 absent
6 absent
7 absent

Left
none
Best: none

Right
none
Best: none

OR-NOT
01 1110101 5
12 1101111 6
23 1111010 5
34 1011101 5
45 1111111 a
56 1101110 5
67 0111101 5
70 1001111 5

02 1111101 6
13 1101011 5
24 1011110 5
35 1011101 5
46 1101111 6
57 0111110 5
60 1111111 a
71 1110111 6

03 1111011 6
14 1011111 6
25 1011111 6
36 1011111 6
47 0111111 6
50 1101110 5
61 1110101 5
72 1101111 6

04 1111101 6
15 1011111 6
26 1011110 5
37 0111101 5
40 1101111 6
51 1110110 5
62 1111101 6
73 1101011 5

05 1111101 6
16 1001111 5
27 0111110 5
30 1011111 6
41 1110111 6
52 1101111 6
63 1111011 6
74 1011111 6

06 1111111 a
17 0111111 6
20 1011110 5
31 1110101 5
42 1101111 6
53 1101010 4
64 1111101 6
75 1011111 6

07 0111101 5
10 1001111 5
21 1110110 5
32 1111101 6
43 1101011 5
54 1111110 6
65 1111101 6
76 1001111 5

Matching output
0 absent
1 absent
2 absent
3 absent
4 absent
5 absent
6 absent
7 absent

Left
none
Best: none

Right
none
Best: none

XOR-NOT
01 1000101 3
12 1100110 4
23 1111000 4
34 1001001 3
45 1111110 6
56 1101100 4
67 0001101 3
70 0001101 3

02 1011100 4
13 1100001 3
24 1001110 4
35 1001000 2
46 1101101 5
57 0011110 4
60 1111111 a
71 0110111 5

03 1011011 5
14 1010111 5 match 0
25 1001111 5
36 1011011 5
47 0011111 5
50 1101100 4
61 1000101 3
72 0101110 4

04 1101101 5
15 1010110 4
26 1011100 4
37 0101001 3
40 1101101 5
51 1010110 4
62 1011100 4
73 0101001 3

05 1101100 4
16 1000101 3
27 0101110 4
30 1011011 5
41 1010111 5 match 0
52 1001111 5
63 1011011 5
74 0011111 5

06 1111111 a
17 0110111 5
20 1011100 4
31 1100001 3
42 1001110 4
53 1001000 2
64 1101101 5
75 0011110 4

07 0001101 3
10 1000101 3
21 1100110 4
32 1111000 4
43 1001001 3
54 1111110 6
65 1101100 4
76 0001101 3

Matching output
0 14 41
1 absent
2 absent
3 absent
4 absent
5 absent
6 absent
7 absent

Left
14 25x
41 52x
Best: XOR-NOT14: 1

Right
none
Best: none

Selecting

Lefts
Identity none
NOT none
Constant none
AND none
OR OR37: 1
XOR none
AND-NOT none
OR-NOT none
XOR-NOT XOR-NOT14: 1

Rights
Identity I2 1 0 7 6 5 4: 7
NOT none
Constant none
AND none
OR none
XOR XOR46: 1
AND-NOT none
OR-NOT none
XOR-NOT none

Left longest: 1
Right longest: 7

Right winner: Identity yes, NOT no, Constant no, AND no, OR no, XOR no, AND-NOT no, OR-NOT no, XOR-NOT no
Left winner: Identity no, NOT no, Constant no, AND no, OR yes, XOR no, AND-NOT no, OR-NOT no, XOR-NOT no

Best right: I2 1 0 7 6 5 4: 7
Best left: OR37: 1

Truncated right: I2 1 0 7 6 5 4: 7
Truncated left: OR37: 1

Tentative from right
7 I2
6 I1
5 I0
4 I7
3 I6
2 I5
1 I4
0 pending

Tentative
0 OR37
1 I4
2 I5
3 I6
4 I7
5 I0
6 I1
7 I2

Preferred from right
7 I2
6 I1
5 I0
4 I7
3 I6
2 I5
1 I4
0 OR37

Preferred from left
0 OR37
1 I4
2 I5
3 I6
4 I7
5 I0
6 I1
7 I2

Preferred
0 OR37
1 I4
2 I5
3 I6
4 I7
5 I0
6 I1
7 I2

Matching
0 OR37
1 I4
2 I5
3 I6
4 I7
5 I0
6 I1
7 I2

Perfect match
Identity no
NOT no
Constant no
AND no
OR no
XOR no
AND-NOT no
OR-NOT no
XOR-NOT no

Matched
0 OR37
1 I4
2 I5
3 I6
4 I7
5 I0
6 I1
7 I2

Selected
0 OR37
1 I4
2 I5
3 I6
4 I7
5 I0
6 I1
7 I2

Applying to 00010111
Input
0 0
1 0
2 0
3 1
4 0
5 1
6 1
7 1
Output
0 OR37 = OR(1,1) = 1
1 I4 = 0
2 I5 = 1
3 I6 = 1
4 I7 = 1
5 I0 = 0
6 I1 = 0
7 I2 = 0

I will now return the answer in \boxed{}
The answer in \boxed{–} is \boxed{10111000}