We need to deduce the transformation by matching the example outputs.
I will put my final answer inside \boxed{}.

Output 0: 00000000
0 0
1 0
2 0
3 0
4 0
5 0
6 0
7 0

Output 1: 00000000
0 0
1 0
2 0
3 0
4 0
5 0
6 0
7 0

Output 2: 00000001
0 0
1 0
2 0
3 0
4 0
5 0
6 0
7 1

Output 3: 00000000
0 0
1 0
2 0
3 0
4 0
5 0
6 0
7 0

Output 4: 00000001
0 0
1 0
2 0
3 0
4 0
5 0
6 0
7 1

Output 5: 00000000
0 0
1 0
2 0
3 0
4 0
5 0
6 0
7 0

Output 6: 00000000
0 0
1 0
2 0
3 0
4 0
5 0
6 0
7 0

Output 7: 00000000
0 0
1 0
2 0
3 0
4 0
5 0
6 0
7 0

Output 8: 00000000
0 0
1 0
2 0
3 0
4 0
5 0
6 0
7 0

Output bit columns (with bitsum as hash)
0 000000000 a
1 000000000 a
2 000000000 a
3 000000000 a
4 000000000 a
5 000000000 a
6 000000000 a
7 001010000 2

Input 0: 01110001
0 0
1 1
2 1
3 1
4 0
5 0
6 0
7 1

Input 1: 01100000
0 0
1 1
2 1
3 0
4 0
5 0
6 0
7 0

Input 2: 11111111
0 1
1 1
2 1
3 1
4 1
5 1
6 1
7 1

Input 3: 10011100
0 1
1 0
2 0
3 1
4 1
5 1
6 0
7 0

Input 4: 10111010
0 1
1 0
2 1
3 1
4 1
5 0
6 1
7 0

Input 5: 11000010
0 1
1 1
2 0
3 0
4 0
5 0
6 1
7 0

Input 6: 11000011
0 1
1 1
2 0
3 0
4 0
5 0
6 1
7 1

Input 7: 01000011
0 0
1 1
2 0
3 0
4 0
5 0
6 1
7 1

Input 8: 01110000
0 0
1 1
2 1
3 1
4 0
5 0
6 0
7 0

When matching output
x: not in operator
y: wrong position

Identity
0 001111100 5
1 111001111 7
2 111010001 5
3 101110001 5
4 001110000 3
5 001100000 2
6 001011110 5
7 101000110 4

Matching output
0 absent
1 absent
2 absent
3 absent
4 absent
5 absent
6 absent
7 absent

Left
none
Best: none

Right
none
Best: none

NOT
0 110000011 4
1 000110000 2
2 000101110 4
3 010001110 4
4 110001111 6
5 110011111 7
6 110100001 4
7 010111001 5

Matching output
0 absent
1 absent
2 absent
3 absent
4 absent
5 absent
6 absent
7 absent

Left
none
Best: none

Right
none
Best: none

Constant
0 000000000 a match 0 1 2 3 4 5 6
1 111111111 a

Matching output
0 C0
1 C0
2 C0
3 C0
4 C0
5 C0
6 C0
7 absent

Left
0 0 0 0 0 0 0
Best: C0 0 0 0 0 0 0: 7

Right
none
Best: none

AND
01 10 001001100 3
12 21 111000001 4
23 32 101010001 4
34 43 001110000 3
45 54 001100000 2
56 65 001000000 1
67 76 001000110 3
70 07 001000100 2

02 20 001010000 2 match 7
13 31 101000001 3
24 42 001010000 2 match 7
35 53 001100000 2
46 64 001010000 2 match 7
57 75 001000000 1
60 06 001011100 4
71 17 101000110 4

03 30 001110000 3
14 41 001000000 1
25 52 001000000 1
36 63 001010000 2 match 7
47 74 001000000 1
50 05 001100000 2
61 16 001001110 4
72 27 101000000 2

04 40 001110000 3
15 51 001000000 1
26 62 001010000 2 match 7
37 73 101000000 2

Matching output
0 absent
1 absent
2 absent
3 absent
4 absent
5 absent
6 absent
7 02 20 24 42 46 64 36 63 26 62

Left
none
Best: none

Right
02 71x
20 17x
24 13x
42 31x
46 35x
64 53x
36 25x
63 52x
26 15x
62 51x
Best: AND02: 1

OR
01 10 111111111 a
12 21 111011111 8
23 32 111110001 6
34 43 101110001 5
45 54 001110000 3
56 65 001111110 6
67 76 101011110 6
70 07 101111110 7

02 20 111111101 8
13 31 111111111 a
24 42 111110001 6
35 53 101110001 5
46 64 001111110 6
57 75 101100110 5
60 06 001111110 6
71 17 111001111 7

03 30 101111101 7
14 41 111111111 a
25 52 111110001 6
36 63 101111111 8
47 74 101110110 6
50 05 001111100 5
61 16 111011111 8
72 27 111010111 7

04 40 001111100 5
15 51 111101111 8
26 62 111011111 8
37 73 101110111 7

Matching output
0 absent
1 absent
2 absent
3 absent
4 absent
5 absent
6 absent
7 absent

Left
none
Best: none

Right
none
Best: none

XOR
01 10 110110011 6
12 21 000011110 4
23 32 010100000 2
34 43 100000001 2
45 54 000010000 1
56 65 000111110 5
67 76 100011000 3
70 07 100111010 5

02 20 110101101 6
13 31 010111110 6
24 42 110100001 4
35 53 100010001 3
46 64 000101110 4
57 75 100100110 4
60 06 000100010 2
71 17 010001001 3

03 30 100001101 4
14 41 110111111 8
25 52 110110001 5
36 63 100101111 6
47 74 100110110 5
50 05 000011100 3
61 16 110010001 4
72 27 010010111 5

04 40 000001100 2
15 51 110101111 7
26 62 110001111 6
37 73 000110111 5

Matching output
0 absent
1 absent
2 absent
3 absent
4 absent
5 absent
6 absent
7 absent

Left
none
Best: none

Right
none
Best: none

AND-NOT
01 000110000 2
12 000001110 3
23 010000000 1
34 100000001 2
45 000010000 1
56 000100000 1
67 000011000 2
70 100000010 2

02 000101100 3
13 010001110 4
24 110000001 3
35 100010001 3
46 000100000 1
57 000100000 1
60 000000010 1
71 000000000 a match 0 1 2 3 4 5 6

03 000001100 2
14 110001111 6
25 110010001 4
36 100100001 3
47 000110000 2
50 000000000 a match 0 1 2 3 4 5 6
61 000010000 1
72 000000110 2

04 000001100 2
15 110001111 6
26 110000001 3
37 000110001 3
40 000000000 a match 0 1 2 3 4 5 6
51 000100000 1
62 000001110 3
73 000000110 2

05 000011100 3
16 110000001 3
27 010010001 3
30 100000001 2
41 000110000 2
52 000100000 1
63 000001110 3
74 100000110 3

06 000100000 1
17 010001001 3
20 110000001 3
31 000110000 2
42 000100000 1
53 000000000 a match 0 1 2 3 4 5 6
64 000001110 3
75 100000110 3

07 000111000 3
10 110000011 4
21 000010000 1
32 000100000 1
43 000000000 a match 0 1 2 3 4 5 6
54 000000000 a match 0 1 2 3 4 5 6
65 000011110 4
76 100000000 1

Matching output
0 71 50 40 53 43 54
1 71 50 40 53 43 54
2 71 50 40 53 43 54
3 71 50 40 53 43 54
4 71 50 40 53 43 54
5 71 50 40 53 43 54
6 71 50 40 53 43 54
7 absent

Left
71 02x
50 61x
40 51x
53 64x
43 54 65x
54 65x
Best: AND-NOT43 54: 2

Right
none
Best: none

OR-NOT
01 001111100 5
12 111101111 8
23 111011111 8
34 111111111 a
45 111111111 a
56 111100001 5
67 011111111 8
70 111000111 6

02 001111110 6
13 111001111 7
24 111011111 8
35 111111111 a
46 111110001 6
57 011111001 6
60 111011111 8
71 101110110 6

03 011111110 7
14 111001111 7
25 111011111 8
36 111110001 6
47 011111001 6
50 111100011 6
61 001111110 6
72 101101110 6

04 111111111 a
15 111011111 8
26 111110001 6
37 111111001 7
40 111110011 7
51 001110000 3
62 001111110 6
73 111001110 6

05 111111111 a
16 111101111 8
27 111111001 7
30 111110011 7
41 001110000 3
52 001101110 5
63 011011110 6
74 111001111 7

06 111111101 8
17 111111111 a
20 111010011 6
31 101110001 5
42 001111110 6
53 011101110 6
64 111011111 8
75 111011111 8

07 011111101 7
10 111001111 7
21 111110001 6
32 101111111 8
43 011111110 7
54 111101111 8
65 111011111 8
76 111100111 7

Matching output
0 absent
1 absent
2 absent
3 absent
4 absent
5 absent
6 absent
7 absent

Left
none
Best: none

Right
none
Best: none

XOR-NOT
01 001001100 3
12 111100001 5
23 101011111 7
34 011111110 7
45 111101111 8
56 111000001 4
67 011100111 6
70 011000101 4

02 001010010 3
13 101000001 3
24 001011110 5
35 011101110 6
46 111010001 5
57 011011001 5
60 111011101 7
71 101110110 6

03 011110010 5
14 001000000 1
25 001001110 4
36 011010000 3
47 011001001 4
50 111100011 6
61 001101110 5
72 101101000 4

04 111110011 7
15 001010000 2 match 7
26 001110000 3
37 111001000 4
40 111110011 7
51 001010000 2 match 7
62 001110000 3
73 111001000 4

05 111100011 6
16 001101110 5
27 101101000 4
30 011110010 5
41 001000000 1
52 001001110 4
63 011010000 3
74 011001001 4

06 111011101 7
17 101110110 6
20 001010010 3
31 101000001 3
42 001011110 5
53 011101110 6
64 111010001 5
75 011011001 5

07 011000101 4
10 001001100 3
21 111100001 5
32 101011111 7
43 011111110 7
54 111101111 8
65 111000001 4
76 011100111 6

Matching output
0 absent
1 absent
2 absent
3 absent
4 absent
5 absent
6 absent
7 15 51

Left
none
Best: none

Right
15 04x
51 40x
Best: XOR-NOT15: 1

Selecting

Lefts
Identity none
NOT none
Constant C0 0 0 0 0 0 0: 7
AND none
OR none
XOR none
AND-NOT AND-NOT43 54: 2
OR-NOT none
XOR-NOT none

Rights
Identity none
NOT none
Constant none
AND AND02: 1
OR none
XOR none
AND-NOT none
OR-NOT none
XOR-NOT XOR-NOT15: 1

Left longest: 7
Right longest: 1

Left winner: Identity no, NOT no, Constant yes, AND no, OR no, XOR no, AND-NOT no, OR-NOT no, XOR-NOT no
Right winner: Identity no, NOT no, Constant no, AND yes, OR no, XOR no, AND-NOT no, OR-NOT no, XOR-NOT no

Best left: C0 0 0 0 0 0 0: 7
Best right: AND02: 1

Truncated left: C0 0 0 0 0 0 0: 7
Truncated right: AND02: 1

Tentative from right
7 AND02
6 pending
5 pending
4 pending
3 pending
2 pending
1 pending
0 pending

Tentative
0 C0
1 C0
2 C0
3 C0
4 C0
5 C0
6 C0
7 AND02

Preferred from left
0 C0
1 C0
2 C0
3 C0
4 C0
5 C0
6 C0
7 AND02

Preferred from right
7 AND02
6 C0
5 C0
4 C0
3 C0
2 C0
1 C0
0 C0

Preferred
0 C0
1 C0
2 C0
3 C0
4 C0
5 C0
6 C0
7 AND02

Matching
0 C0
1 C0
2 C0
3 C0
4 C0
5 C0
6 C0
7 AND02

Perfect match
Identity no
NOT no
Constant no
AND no
OR no
XOR no
AND-NOT no
OR-NOT no
XOR-NOT no

Matched
0 C0
1 C0
2 C0
3 C0
4 C0
5 C0
6 C0
7 AND02

Selected
0 C0
1 C0
2 C0
3 C0
4 C0
5 C0
6 C0
7 AND02

Applying to 11010001
Input
0 1
1 1
2 0
3 1
4 0
5 0
6 0
7 1
Output
0 C0 = 0
1 C0 = 0
2 C0 = 0
3 C0 = 0
4 C0 = 0
5 C0 = 0
6 C0 = 0
7 AND02 = AND(1,0) = 0

I will now return the answer in \boxed{}
The answer in \boxed{–} is \boxed{00000000}