We need to deduce the transformation by matching the example outputs.
I will put my final answer inside \boxed{}.

Output 0: 10011001
0 1
1 0
2 0
3 1
4 1
5 0
6 0
7 1

Output 1: 10011010
0 1
1 0
2 0
3 1
4 1
5 0
6 1
7 0

Output 2: 11000111
0 1
1 1
2 0
3 0
4 0
5 1
6 1
7 1

Output 3: 11101011
0 1
1 1
2 1
3 0
4 1
5 0
6 1
7 1

Output 4: 10110000
0 1
1 0
2 1
3 1
4 0
5 0
6 0
7 0

Output 5: 01110010
0 0
1 1
2 1
3 1
4 0
5 0
6 1
7 0

Output 6: 10010010
0 1
1 0
2 0
3 1
4 0
5 0
6 1
7 0

Output 7: 11100100
0 1
1 1
2 1
3 0
4 0
5 1
6 0
7 0

Output bit columns (with bitsum as hash)
0 11111011 7
1 00110101 4
2 00011101 4
3 11001110 5
4 11010000 3
5 00100001 2
6 01110110 5
7 10110000 3

Input 0: 11001010
0 1
1 1
2 0
3 0
4 1
5 0
6 1
7 0

Input 1: 01001111
0 0
1 1
2 0
3 0
4 1
5 1
6 1
7 1

Input 2: 11100100
0 1
1 1
2 1
3 0
4 0
5 1
6 0
7 0

Input 3: 01110110
0 0
1 1
2 1
3 1
4 0
5 1
6 1
7 0

Input 4: 11011110
0 1
1 1
2 0
3 1
4 1
5 1
6 1
7 0

Input 5: 10111100
0 1
1 0
2 1
3 1
4 1
5 1
6 0
7 0

Input 6: 01001011
0 0
1 1
2 0
3 0
4 1
5 0
6 1
7 1

Input 7: 11110101
0 1
1 1
2 1
3 1
4 0
5 1
6 0
7 1

When matching output
x: not in operator
y: wrong position

Identity
0 10101101 5
1 11111011 7 match 0
2 00110101 4 match 1
3 00011101 4 match 2
4 11001110 5 match 3
5 01111101 6
6 11011010 5
7 01000011 3

Matching output
0 1
1 2
2 3
3 4
4 absent
5 absent
6 absent
7 absent

Left
1 2 3 4 5x
Best: I1 2 3 4: 4

Right
none
Best: none

NOT
0 01010010 3
1 00000100 1
2 11001010 4
3 11100010 4
4 00110001 3
5 10000010 2
6 00100101 3
7 10111100 5

Matching output
0 absent
1 absent
2 absent
3 absent
4 absent
5 absent
6 absent
7 absent

Left
none
Best: none

Right
none
Best: none

Constant
0 00000000 a
1 11111111 a

Matching output
0 absent
1 absent
2 absent
3 absent
4 absent
5 absent
6 absent
7 absent

Left
none
Best: none

Right
none
Best: none

AND
01 10 10101001 4
12 21 00110001 3
23 32 00010101 3
34 43 00001100 2
45 54 01001100 3
56 65 01011000 3
67 76 01000010 2
70 07 00000001 1

02 20 00100101 3
13 31 00011001 3
24 42 00000100 1
35 53 00011101 4 match 2
46 64 11001010 4
57 75 01000001 2
60 06 10001000 2
71 17 01000011 3

03 30 00001101 3
14 41 11001010 4
25 52 00110101 4 match 1
36 63 00011000 2
47 74 01000010 2
50 05 00101101 4
61 16 11011010 5
72 27 00000001 1

04 40 10001100 3
15 51 01111001 5
26 62 00010000 1
37 73 00000001 1

Matching output
0 absent
1 25 52
2 35 53
3 absent
4 absent
5 absent
6 absent
7 absent

Left
none
Best: none

Right
none
Best: none

OR
01 10 11111111 a
12 21 11111111 a
23 32 00111101 5
34 43 11011111 7
45 54 11111111 a
56 65 11111111 a
67 76 11011011 6
70 07 11101111 7

02 20 10111101 6
13 31 11111111 a
24 42 11111111 a
35 53 01111101 6
46 64 11011110 6
57 75 01111111 7
60 06 11111111 a
71 17 11111011 7 match 0

03 30 10111101 6
14 41 11111111 a
25 52 01111101 6
36 63 11011111 7
47 74 11001111 6
50 05 11111101 7
61 16 11111011 7 match 0
72 27 01110111 6

04 40 11101111 7
15 51 11111111 a
26 62 11111111 a
37 73 01011111 6

Matching output
0 71 17 61 16
1 absent
2 absent
3 absent
4 absent
5 absent
6 absent
7 absent

Left
71 02x
17 20x
61 72x
16 27x
Best: OR71: 1

Right
none
Best: none

XOR
01 10 01010110 4
12 21 11001110 5 match 3
23 32 00101000 2
34 43 11010011 5
45 54 10110011 5
56 65 10100111 5
67 76 10011001 4
70 07 11101110 6

02 20 10011000 3
13 31 11100110 5
24 42 11111011 7 match 0
35 53 01100000 2
46 64 00010100 2
57 75 00111110 5
60 06 01110111 6
71 17 10111000 4

03 30 10110000 3 match 7
14 41 00110101 4 match 1
25 52 01001000 2
36 63 11000111 5
47 74 10001101 4
50 05 11010000 3 match 4
61 16 00100001 2 match 5
72 27 01110110 5 match 6

04 40 01100011 4
15 51 10000110 3
26 62 11101111 7
37 73 01011110 5

Matching output
0 24 42
1 14 41
2 absent
3 12 21
4 50 05
5 61 16
6 72 27
7 03 30

Left
24 35x
42 53x
Best: XOR24: 1

Right
03 72 61 50 47x
30 27 16 05 74x
Best: XOR03 72 61 50: 4

AND-NOT
01 00000100 1
12 11001010 4
23 00100000 1
34 00010001 2
45 10000010 2
56 00100101 3
67 10011000 3
70 01000010 2

02 10001000 2
13 11100010 4
24 00110001 3
35 00000000 a
46 00000100 1
57 00111100 4
60 01010010 3
71 00000000 a

03 10100000 2
14 00110001 3
25 00000000 a
36 00000101 2
47 10001100 3
50 01010000 2
61 00000000 a
72 01000010 2

04 00100001 2 match 5
15 10000010 2
26 00100101 3
37 00011100 3
40 01000010 2
51 00000100 1
62 11001010 4
73 01000010 2

05 10000000 1
16 00100001 2 match 5
27 00110100 3
30 00010000 1
41 00000100 1
52 01001000 2
63 11000010 3
74 00000001 1

06 00100101 3
17 10111000 4
20 00010000 1
31 00000100 1
42 11001010 4
53 01100000 2
64 00010000 1
75 00000010 1

07 10101100 4
10 01010010 3
21 00000100 1
32 00001000 1
43 11000010 3
54 00110001 3
65 10000010 2
76 00000001 1

Matching output
0 absent
1 absent
2 absent
3 absent
4 absent
5 04 16
6 absent
7 absent

Left
none
Best: none

Right
none
Best: none

OR-NOT
01 10101101 5
12 11111011 7 match 0
23 11110111 7
34 00111101 5
45 11001110 5 match 3
56 01111101 6
67 11111110 7
70 01010011 4

02 11101111 7
13 11111011 7 match 0
24 00110101 4 match 1
35 10011111 6
46 11101111 7
57 11111101 7
60 11011010 5
71 01000111 4

03 11101111 7
14 11111011 7 match 0
25 10110111 6
36 00111101 5
47 11111110 7
50 01111111 7
61 11011110 6
72 11001011 5

04 10111101 6
15 11111011 7 match 0
26 00110101 4 match 1
37 10111101 6
40 11011110 6
51 01111101 6
62 11011010 5
73 11100011 5

05 10101111 6
16 11111111 a
27 10111101 6
30 01011111 6
41 11001110 5 match 3
52 11111111 a
63 11111010 6
74 01110011 5

06 10101101 5
17 11111111 a
20 01110111 6
31 00011101 4 match 2
42 11001110 5 match 3
53 11111111 a
64 11111011 7 match 0
75 11000011 4

07 10111101 6
10 11111011 7 match 0
21 00110101 4 match 1
32 11011111 7
43 11101110 6
54 01111101 6
65 11011010 5
76 01100111 5

Matching output
0 12 13 14 15 64 10
1 24 26 21
2 31
3 45 41 42
4 absent
5 absent
6 absent
7 absent

Left
12 23x
13 24 35x
14 25x
15 26 37x
64 75x
10 21 32x
Best: OR-NOT13 24: 2

Right
none
Best: none

XOR-NOT
01 10101001 4
12 00110001 3
23 11010111 6
34 00101100 3
45 01001100 3
56 01011000 3
67 01100110 4
70 00010001 2

02 01100111 5
13 00011001 3
24 00000100 1
35 10011111 6
46 11101011 6
57 11000001 3
60 10001000 2
71 01000111 4

03 01001111 5
14 11001010 4
25 10110111 6
36 00111000 3
47 01110010 4
50 00101111 5
61 11011110 6
72 10001001 3

04 10011100 4
15 01111001 5
26 00010000 1
37 10100001 3
40 10011100 4
51 01111001 5
62 00010000 1
73 10100001 3

05 00101111 5
16 11011110 6
27 10001001 3
30 01001111 5
41 11001010 4
52 10110111 6
63 00111000 3
74 01110010 4

06 10001000 2
17 01000111 4
20 01100111 5
31 00011001 3
42 00000100 1
53 10011111 6
64 11101011 6
75 11000001 3

07 00010001 2
10 10101001 4
21 00110001 3
32 11010111 6
43 00101100 3
54 01001100 3
65 01011000 3
76 01100110 4

Matching output
0 absent
1 absent
2 absent
3 absent
4 absent
5 absent
6 absent
7 absent

Left
none
Best: none

Right
none
Best: none

Selecting

Lefts
Identity I1 2 3 4: 4
NOT none
Constant none
AND none
OR OR71: 1
XOR XOR24: 1
AND-NOT none
OR-NOT OR-NOT13 24: 2
XOR-NOT none

Rights
Identity none
NOT none
Constant none
AND none
OR none
XOR XOR03 72 61 50: 4
AND-NOT none
OR-NOT none
XOR-NOT none

Left longest: 4
Right longest: 4

Left winner: Identity yes, NOT no, Constant no, AND no, OR no, XOR no, AND-NOT no, OR-NOT no, XOR-NOT no
Right winner: Identity no, NOT no, Constant no, AND no, OR no, XOR yes, AND-NOT no, OR-NOT no, XOR-NOT no

Best left: I1 2 3 4: 4
Best right: XOR03 72 61 50: 4

Truncated left: I1 2 3 4: 4
Truncated right: XOR03 72 61 50: 4

Tentative from right
7 XOR03
6 XOR72
5 XOR61
4 XOR50
3 pending
2 pending
1 pending
0 pending

Tentative
0 I1
1 I2
2 I3
3 I4
4 XOR50
5 XOR61
6 XOR72
7 XOR03

Preferred from left
0 I1
1 I2
2 I3
3 I4
4 XOR50
5 XOR61
6 XOR72
7 XOR03

Preferred from right
7 XOR03
6 XOR72
5 XOR61
4 XOR50
3 I4
2 I3
1 I2
0 I1

Preferred
0 I1
1 I2
2 I3
3 I4
4 XOR50
5 XOR61
6 XOR72
7 XOR03

Matching
0 I1
1 I2
2 I3
3 I4
4 XOR50
5 XOR61
6 XOR72
7 XOR03

Perfect match
Identity no
NOT no
Constant no
AND no
OR no
XOR no
AND-NOT no
OR-NOT no
XOR-NOT no

Matched
0 I1
1 I2
2 I3
3 I4
4 XOR50
5 XOR61
6 XOR72
7 XOR03

Selected
0 I1
1 I2
2 I3
3 I4
4 XOR50
5 XOR61
6 XOR72
7 XOR03

Applying to 00101111
Input
0 0
1 0
2 1
3 0
4 1
5 1
6 1
7 1
Output
0 I1 = 0
1 I2 = 1
2 I3 = 0
3 I4 = 1
4 XOR50 = XOR(1,0) = 1
5 XOR61 = XOR(1,0) = 1
6 XOR72 = XOR(1,1) = 0
7 XOR03 = XOR(0,0) = 0

I will now return the answer in \boxed{}
The answer in \boxed{–} is \boxed{01011100}