We need to deduce the transformation by matching the example outputs.
I will put my final answer inside \boxed{}.

Output 0: 01010101
0 0
1 1
2 0
3 1
4 0
5 1
6 0
7 1

Output 1: 00010000
0 0
1 0
2 0
3 1
4 0
5 0
6 0
7 0

Output 2: 00000110
0 0
1 0
2 0
3 0
4 0
5 1
6 1
7 0

Output 3: 00100000
0 0
1 0
2 1
3 0
4 0
5 0
6 0
7 0

Output 4: 01010101
0 0
1 1
2 0
3 1
4 0
5 1
6 0
7 1

Output 5: 01101000
0 0
1 1
2 1
3 0
4 1
5 0
6 0
7 0

Output 6: 01101011
0 0
1 1
2 1
3 0
4 1
5 0
6 1
7 1

Output bit columns (with bitsum as hash)
0 0000000 a
1 1000111 4
2 0001011 3
3 1100100 3
4 0000011 2
5 1010100 3
6 0010001 2
7 1000101 3

Input 0: 10101111
0 1
1 0
2 1
3 0
4 1
5 1
6 1
7 1

Input 1: 11100100
0 1
1 1
2 1
3 0
4 0
5 1
6 0
7 0

Input 2: 00111100
0 0
1 0
2 1
3 1
4 1
5 1
6 0
7 0

Input 3: 01000111
0 0
1 1
2 0
3 0
4 0
5 1
6 1
7 1

Input 4: 10101110
0 1
1 0
2 1
3 0
4 1
5 1
6 1
7 0

Input 5: 11010011
0 1
1 1
2 0
3 1
4 0
5 0
6 1
7 1

Input 6: 11011111
0 1
1 1
2 0
3 1
4 1
5 1
6 1
7 1

When matching output
x: not in operator
y: wrong position

Identity
0 1100111 5
1 0101011 4
2 1110100 4
3 0010011 3
4 1010101 4
5 1111101 6
6 1001111 5
7 1001011 4

Matching output
0 absent
1 absent
2 absent
3 absent
4 absent
5 absent
6 absent
7 absent

Left
none
Best: none

Right
none
Best: none

NOT
0 0011000 2
1 1010100 3 match 5
2 0001011 3 match 2
3 1101100 4
4 0101010 3
5 0000010 1
6 0110000 2
7 0110100 3

Matching output
0 absent
1 absent
2 2
3 absent
4 absent
5 1
6 absent
7 absent

Left
none
Best: none

Right
none
Best: none

Constant
0 0000000 a match 0
1 1111111 a

Matching output
0 C0
1 absent
2 absent
3 absent
4 absent
5 absent
6 absent
7 absent

Left
0
Best: C0: 1

Right
none
Best: none

AND
01 10 0100011 3
12 21 0100000 1
23 32 0010000 1
34 43 0010001 2 match 6
45 54 1010101 4
56 65 1001101 4
67 76 1001011 4
70 07 1000011 3

02 20 1100100 3 match 3
13 31 0000011 2 match 4
24 42 1010100 3 match 5
35 53 0010001 2 match 6
46 64 1000101 3 match 7
57 75 1001001 3
60 06 1000111 4 match 1
71 17 0001011 3 match 2

03 30 0000011 2 match 4
14 41 0000001 1
25 52 1110100 4
36 63 0000011 2 match 4
47 74 1000001 2
50 05 1100101 4
61 16 0001011 3 match 2
72 27 1000000 1

04 40 1000101 3 match 7
15 51 0101001 3
26 62 1000100 2
37 73 0000011 2 match 4

Matching output
0 absent
1 60 06
2 71 17 61 16
3 02 20
4 13 31 03 30 36 63 37 73
5 24 42
6 34 43 35 53
7 46 64 04 40

Left
none
Best: none

Right
46 35 24 13 02 71 60 57x
64 53 42 31 20 17 06 75x
04 73y
40 37y
Best: AND46 35 24 13 02 71 60: 7

OR
01 10 1101111 6
12 21 1111111 a
23 32 1110111 6
34 43 1010111 5
45 54 1111101 6
56 65 1111111 a
67 76 1001111 5
70 07 1101111 6

02 20 1110111 6
13 31 0111011 5
24 42 1110101 5
35 53 1111111 a
46 64 1011111 6
57 75 1111111 a
60 06 1101111 6
71 17 1101011 5

03 30 1110111 6
14 41 1111111 a
25 52 1111101 6
36 63 1011111 6
47 74 1011111 6
50 05 1111111 a
61 16 1101111 6
72 27 1111111 a

04 40 1110111 6
15 51 1111111 a
26 62 1111111 a
37 73 1011011 5

Matching output
0 absent
1 absent
2 absent
3 absent
4 absent
5 absent
6 absent
7 absent

Left
none
Best: none

Right
none
Best: none

XOR
01 10 1001100 3
12 21 1011111 6
23 32 1100111 5
34 43 1000110 3
45 54 0101000 2
56 65 0110010 3
67 76 0000100 1
70 07 0101100 3

02 20 0010011 3
13 31 0111000 3
24 42 0100001 2
35 53 1101110 5
46 64 0011010 3
57 75 0110110 4
60 06 0101000 2
71 17 1100000 2

03 30 1110100 4
14 41 1111110 6
25 52 0001001 2
36 63 1011100 4
47 74 0011110 4
50 05 0011010 3
61 16 1100100 3 match 3
72 27 0111111 6

04 40 0110010 3
15 51 1010110 4
26 62 0111011 5
37 73 1011000 3

Matching output
0 absent
1 absent
2 absent
3 61 16
4 absent
5 absent
6 absent
7 absent

Left
none
Best: none

Right
none
Best: none

AND-NOT
01 1000100 2
12 0001011 3 match 2
23 1100100 3 match 3
34 0000010 1
45 0000000 a match 0
56 0110000 2
67 0000100 1
70 0001000 1

02 0000011 2 match 4
13 0101000 2
24 0100000 1
35 0000010 1
46 0010000 1
57 0110100 3
60 0001000 1
71 1000000 1

03 1100100 3 match 3
14 0101010 3
25 0000000 a match 0
36 0010000 1
47 0010100 2
50 0011000 2
61 1000100 2
72 0001011 3 match 2

04 0100010 2
15 0000010 1
26 0110000 2
37 0010000 1
40 0010000 1
51 1010100 3 match 5
62 0001011 3 match 2
73 1001000 2

05 0000010 1
16 0100000 1
27 0110100 3
30 0010000 1
41 1010100 3 match 5
52 0001001 2
63 1001100 3
74 0001010 2

06 0100000 1
17 0100000 1
20 0010000 1
31 0010000 1
42 0000001 1
53 1101100 4
64 0001010 2
75 0000010 1

07 0100100 2
10 0001000 1
21 1010100 3 match 5
32 0000011 2 match 4
43 1000100 2
54 0101000 2
65 0000010 1
76 0000000 a match 0

Matching output
0 45 25 76
1 absent
2 12 72 62
3 23 03
4 02 32
5 51 41 21
6 absent
7 absent

Left
45 56x
25 36x
76 07x
Best: AND-NOT45: 1

Right
none
Best: none

OR-NOT
01 1110111 6
12 0101011 4
23 1111100 5
34 0111011 5
45 1010111 5
56 1111101 6
67 1111111 a
70 1011011 5

02 1101111 6
13 1101111 6
24 1111110 6
35 0010011 3
46 1110101 5
57 1111101 6
60 1011111 6
71 1011111 6

03 1101111 6
14 0101011 4
25 1110110 5
36 0110011 4
47 1110101 5
50 1111101 6
61 1011111 6
72 1001011 4

04 1101111 6
15 0101011 4
26 1110100 4
37 0110111 5
40 1011101 5
51 1111101 6
62 1001111 5
73 1101111 6

05 1100111 5
16 0111011 5
27 1110100 4
30 0011011 4
41 1010101 4
52 1111111 a
63 1101111 6
74 1101011 5

06 1110111 6
17 0111111 6
20 1111100 5
31 1010111 5
42 1011111 6
53 1111101 6
64 1101111 6
75 1001011 4

07 1110111 6
10 0111011 5
21 1110100 4
32 0011011 4
43 1111101 6
54 1111111 a
65 1001111 5
76 1111011 6

Matching output
0 absent
1 absent
2 absent
3 absent
4 absent
5 absent
6 absent
7 absent

Left
none
Best: none

Right
none
Best: none

XOR-NOT
01 0110011 4
12 0100000 1
23 0011000 2
34 0111001 4
45 1010111 5
56 1001101 4
67 1111011 6
70 1010011 4

02 1101100 4
13 1000111 4 match 1
24 1011110 5
35 0010001 2 match 6
46 1100101 4
57 1001001 3
60 1010111 5
71 0011111 5

03 0001011 3 match 2
14 0000001 1
25 1110110 5
36 0100011 3
47 1100001 3
50 1100101 4
61 0011011 4
72 1000000 1

04 1001101 4
15 0101001 3
26 1000100 2
37 0100111 4
40 1001101 4
51 0101001 3
62 1000100 2
73 0100111 4

05 1100101 4
16 0011011 4
27 1000000 1
30 0001011 3 match 2
41 0000001 1
52 1110110 5
63 0100011 3
74 1100001 3

06 1010111 5
17 0011111 5
20 1101100 4
31 1000111 4 match 1
42 1011110 5
53 0010001 2 match 6
64 1100101 4
75 1001001 3

07 1010011 4
10 0110011 4
21 0100000 1
32 0011000 2
43 0111001 4
54 1010111 5
65 1001101 4
76 1111011 6

Matching output
0 absent
1 13 31
2 03 30
3 absent
4 absent
5 absent
6 35 53
7 absent

Left
none
Best: none

Right
none
Best: none

Selecting

Lefts
Identity none
NOT none
Constant C0: 1
AND none
OR none
XOR none
AND-NOT AND-NOT45: 1
OR-NOT none
XOR-NOT none

Rights
Identity none
NOT none
Constant none
AND AND46 35 24 13 02 71 60: 7
OR none
XOR none
AND-NOT none
OR-NOT none
XOR-NOT none

Left longest: 1
Right longest: 7

Right winner: Identity no, NOT no, Constant no, AND yes, OR no, XOR no, AND-NOT no, OR-NOT no, XOR-NOT no
Left winner: Identity no, NOT no, Constant yes, AND no, OR no, XOR no, AND-NOT no, OR-NOT no, XOR-NOT no

Best right: AND46 35 24 13 02 71 60: 7
Best left: C0: 1

Truncated right: AND46 35 24 13 02 71 60: 7
Truncated left: C0: 1

Tentative from right
7 AND46
6 AND35
5 AND24
4 AND13
3 AND02
2 AND71
1 AND60
0 pending

Tentative
0 C0
1 AND60
2 AND71
3 AND02
4 AND13
5 AND24
6 AND35
7 AND46

Preferred from right
7 AND46
6 AND35
5 AND24
4 AND13
3 AND02
2 AND71
1 AND60
0 C0

Preferred from left
0 C0
1 AND60
2 AND71
3 AND02
4 AND13
5 AND24
6 AND35
7 AND46

Preferred
0 C0
1 AND60
2 AND71
3 AND02
4 AND13
5 AND24
6 AND35
7 AND46

Matching
0 C0
1 AND60
2 AND71
3 AND02
4 AND13
5 AND24
6 AND35
7 AND46

Perfect match
Identity no
NOT no
Constant no
AND no
OR no
XOR no
AND-NOT no
OR-NOT no
XOR-NOT no

Matched
0 C0
1 AND60
2 AND71
3 AND02
4 AND13
5 AND24
6 AND35
7 AND46

Selected
0 C0
1 AND60
2 AND71
3 AND02
4 AND13
5 AND24
6 AND35
7 AND46

Applying to 11101101
Input
0 1
1 1
2 1
3 0
4 1
5 1
6 0
7 1
Output
0 C0 = 0
1 AND60 = AND(0,1) = 0
2 AND71 = AND(1,1) = 1
3 AND02 = AND(1,1) = 1
4 AND13 = AND(1,0) = 0
5 AND24 = AND(1,1) = 1
6 AND35 = AND(0,1) = 0
7 AND46 = AND(1,0) = 0

I will now return the answer in \boxed{}
The answer in \boxed{–} is \boxed{00110100}