We need to deduce the transformation by matching the example outputs.
I will put my final answer inside \boxed{}.

Output 0: 01111100
0 0
1 1
2 1
3 1
4 1
5 1
6 0
7 0

Output 1: 00000100
0 0
1 0
2 0
3 0
4 0
5 1
6 0
7 0

Output 2: 00101000
0 0
1 0
2 1
3 0
4 1
5 0
6 0
7 0

Output 3: 00100000
0 0
1 0
2 1
3 0
4 0
5 0
6 0
7 0

Output 4: 00001111
0 0
1 0
2 0
3 0
4 1
5 1
6 1
7 1

Output 5: 01110000
0 0
1 1
2 1
3 1
4 0
5 0
6 0
7 0

Output 6: 00010000
0 0
1 0
2 0
3 1
4 0
5 0
6 0
7 0

Output 7: 11110001
0 1
1 1
2 1
3 1
4 0
5 0
6 0
7 1

Output bit columns (with bitsum as hash)
0 00000001 1
1 10000101 3
2 10110101 5
3 10000111 4
4 10101000 3
5 11001000 3
6 00001000 1
7 00001001 2

Input 0: 10011111
0 1
1 0
2 0
3 1
4 1
5 1
6 1
7 1

Input 1: 01011001
0 0
1 1
2 0
3 1
4 1
5 0
6 0
7 1

Input 2: 10011010
0 1
1 0
2 0
3 1
4 1
5 0
6 1
7 0

Input 3: 00001110
0 0
1 0
2 0
3 0
4 1
5 1
6 1
7 0

Input 4: 11110011
0 1
1 1
2 1
3 1
4 0
5 0
6 1
7 1

Input 5: 00011111
0 0
1 0
2 0
3 1
4 1
5 1
6 1
7 1

Input 6: 00001101
0 0
1 0
2 0
3 0
4 1
5 1
6 0
7 1

Input 7: 00111111
0 0
1 0
2 1
3 1
4 1
5 1
6 1
7 1

When matching output
x: not in operator
y: wrong position

Identity
0 10101000 3 match 4
1 01001000 2
2 00001001 2 match 7
3 11101101 6
4 11110111 7
5 10010111 5
6 10111101 6
7 11001111 6

Matching output
0 absent
1 absent
2 absent
3 absent
4 0
5 absent
6 absent
7 2

Left
none
Best: none

Right
2 1x
Best: I2: 1

NOT
0 01010111 5
1 10110111 6
2 11110110 6
3 00010010 2
4 00001000 1 match 6
5 01101000 3
6 01000010 2
7 00110000 2

Matching output
0 absent
1 absent
2 absent
3 absent
4 absent
5 absent
6 4
7 absent

Left
none
Best: none

Right
none
Best: none

Constant
0 00000000 a
1 11111111 a

Matching output
0 absent
1 absent
2 absent
3 absent
4 absent
5 absent
6 absent
7 absent

Left
none
Best: none

Right
none
Best: none

AND
01 10 00001000 1 match 6
12 21 00001000 1 match 6
23 32 00001001 2 match 7
34 43 11100101 5
45 54 10010111 5
56 65 10010101 4
67 76 10001101 4
70 07 10001000 2

02 20 00001000 1 match 6
13 31 01001000 2
24 42 00000001 1 match 0
35 53 10000101 3 match 1
46 64 10110101 5 match 2
57 75 10000111 4 match 3
60 06 10101000 3 match 4
71 17 01001000 2

03 30 10101000 3 match 4
14 41 01000000 1
25 52 00000001 1 match 0
36 63 10101101 5
47 74 11000111 5
50 05 10000000 1
61 16 00001000 1 match 6
72 27 00001001 2 match 7

04 40 10100000 2
15 51 00000000 a
26 62 00001001 2 match 7
37 73 11001101 5

Matching output
0 24 42 25 52
1 35 53
2 46 64
3 57 75
4 60 06 03 30
5 absent
6 01 10 12 21 02 20 61 16
7 23 32 72 27 26 62

Left
24 35 46 57 60 71x
42 53 64 75 06 17x
25 36x
52 63x
Best: AND24 35 46 57 60: 5

Right
23 12 01y
32 21 10y
72 61 50x
27 16 05x
26 15x
62 51x
Best: AND23 12: 2

OR
01 10 11101000 4
12 21 01001001 3
23 32 11101101 6
34 43 11111111 a
45 54 11110111 7
56 65 10111111 7
67 76 11111111 a
70 07 11101111 7

02 20 10101001 4
13 31 11101101 6
24 42 11111111 a
35 53 11111111 a
46 64 11111111 a
57 75 11011111 7
60 06 10111101 6
71 17 11001111 6

03 30 11101101 6
14 41 11111111 a
25 52 10011111 6
36 63 11111101 7
47 74 11111111 a
50 05 10111111 7
61 16 11111101 7
72 27 11001111 6

04 40 11111111 a
15 51 11011111 7
26 62 10111101 6
37 73 11101111 7

Matching output
0 absent
1 absent
2 absent
3 absent
4 absent
5 absent
6 absent
7 absent

Left
none
Best: none

Right
none
Best: none

XOR
01 10 11100000 3
12 21 01000001 2
23 32 11100100 4
34 43 00011010 3
45 54 01100000 2
56 65 00101010 3
67 76 01110010 4
70 07 01100111 5

02 20 10100001 3
13 31 10100101 4
24 42 11111110 7
35 53 01111010 5
46 64 01001010 3
57 75 01011000 3
60 06 00010101 3
71 17 10000111 4 match 3

03 30 01000101 3
14 41 10111111 7
25 52 10011110 5
36 63 01010000 2
47 74 00111000 3
50 05 00111111 6
61 16 11110101 6
72 27 11000110 4

04 40 01011111 6
15 51 11011111 7
26 62 10110100 4
37 73 00100010 2

Matching output
0 absent
1 absent
2 absent
3 71 17
4 absent
5 absent
6 absent
7 absent

Left
none
Best: none

Right
none
Best: none

AND-NOT
01 10100000 2
12 01000000 1
23 00000000 a
34 00001000 1 match 6
45 01100000 2
56 00000010 1
67 00110000 2
70 01000111 4

02 10100000 2
13 00000000 a
24 00001000 1 match 6
35 01101000 3
46 01000010 2
57 00010000 1
60 00010101 3
71 10000111 4 match 3

03 00000000 a
14 00001000 1 match 6
25 00001000 1 match 6
36 01000000 1
47 00110000 2
50 00010111 4
61 10110101 5 match 2
72 11000110 4

04 00001000 1 match 6
15 01001000 2
26 00000000 a
37 00100000 1
40 01010111 5
51 10010111 5
62 10110100 4
73 00000010 1

05 00101000 2
16 01000000 1
27 00000000 a
30 01000101 3
41 10110111 6
52 10010110 4
63 00010000 1
74 00001000 1 match 6

06 00000000 a
17 00000000 a
20 00000001 1 match 0
31 10100101 4
42 11110110 6
53 00010010 2
64 00001000 1 match 6
75 01001000 2

07 00100000 1
10 01000000 1
21 00000001 1 match 0
32 11100100 4
43 00010010 2
54 00000000 a
65 00101000 2
76 01000010 2

Matching output
0 20 21
1 absent
2 61
3 71
4 absent
5 absent
6 34 24 14 25 04 74 64
7 absent

Left
20 31x
21 32x
Best: AND-NOT20: 1

Right
none
Best: none

OR-NOT
01 10111111 7
12 11111110 7
23 00011011 4
34 11101101 6
45 11111111 a
56 11010111 6
67 10111101 6
70 11011111 7

02 11111110 7
13 01011010 4
24 00001001 2 match 7
35 11101101 6
46 11110111 7
57 10110111 6
60 11111111 a
71 11111111 a

03 10111010 5
14 01001000 2
25 01101001 4
36 11101111 7
47 11110111 7
50 11010111 6
61 10111111 7
72 11111111 a

04 10101000 3 match 4
15 01101000 3
26 01001011 4
37 11111101 7
40 11110111 7
51 10110111 6
62 11111111 a
73 11011111 7

05 11101000 4
16 01001010 3
27 00111001 4
30 11111111 a
41 11110111 7
52 11110111 7
63 10111111 7
74 11001111 6

06 11101010 5
17 01111000 4
20 01011111 6
31 11111111 a
42 11110111 7
53 10010111 5
64 10111101 6
75 11101111 7

07 10111000 4
10 01011111 6
21 10111111 7
32 11111111 a
43 11110111 7
54 10011111 6
65 11111101 7
76 11001111 6

Matching output
0 absent
1 absent
2 absent
3 absent
4 04
5 absent
6 absent
7 24

Left
none
Best: none

Right
24 13x
Best: OR-NOT24: 1

XOR-NOT
01 00011111 5
12 10111110 6
23 00011011 4
34 11100101 5
45 10011111 6
56 11010101 5
67 10001101 4
70 10011000 3

02 01011110 5
13 01011010 4
24 00000001 1 match 0
35 10000101 3 match 1
46 10110101 5 match 2
57 10100111 5
60 11101010 5
71 01111000 4

03 10111010 5
14 01000000 1
25 01100001 3
36 10101111 6
47 11000111 5
50 11000000 2
61 00001010 2
72 00111001 4

04 10100000 2
15 00100000 1
26 01001011 4
37 11011101 6
40 10100000 2
51 00100000 1
62 01001011 4
73 11011101 6

05 11000000 2
16 00001010 2
27 00111001 4
30 10111010 5
41 01000000 1
52 01100001 3
63 10101111 6
74 11000111 5

06 11101010 5
17 01111000 4
20 01011110 5
31 01011010 4
42 00000001 1 match 0
53 10000101 3 match 1
64 10110101 5 match 2
75 10100111 5

07 10011000 3
10 00011111 5
21 10111110 6
32 00011011 4
43 11100101 5
54 10011111 6
65 11010101 5
76 10001101 4

Matching output
0 24 42
1 35 53
2 46 64
3 absent
4 absent
5 absent
6 absent
7 absent

Left
24 35 46 57x
42 53 64 75x
Best: XOR-NOT24 35 46: 3

Right
none
Best: none

Selecting

Lefts
Identity none
NOT none
Constant none
AND AND24 35 46 57 60: 5
OR none
XOR none
AND-NOT AND-NOT20: 1
OR-NOT none
XOR-NOT XOR-NOT24 35 46: 3

Rights
Identity I2: 1
NOT none
Constant none
AND AND23 12: 2
OR none
XOR none
AND-NOT none
OR-NOT OR-NOT24: 1
XOR-NOT none

Left longest: 5
Right longest: 2

Left winner: Identity no, NOT no, Constant no, AND yes, OR no, XOR no, AND-NOT no, OR-NOT no, XOR-NOT no
Right winner: Identity no, NOT no, Constant no, AND yes, OR no, XOR no, AND-NOT no, OR-NOT no, XOR-NOT no

Best left: AND24 35 46 57 60: 5
Best right: AND23 12: 2

Truncated left: AND24 35 46 57 60: 5
Truncated right: AND23 12: 2

Tentative from right
7 AND23
6 AND12
5 pending
4 pending
3 pending
2 pending
1 pending
0 pending

Tentative
0 AND24
1 AND35
2 AND46
3 AND57
4 AND60
5 pending
6 AND12
7 AND23

Preferred from left
0 AND24
1 AND35
2 AND46
3 AND57
4 AND60
5 ?71
6 AND12
7 AND23

Preferred from right
7 AND23
6 AND12
5 ?71
4 AND60
3 AND57
2 AND46
1 AND35
0 AND24

Preferred
0 AND24
1 AND35
2 AND46
3 AND57
4 AND60
5 ?71 ?17
6 AND12
7 AND23

Matching
0 AND24
1 AND35
2 AND46
3 AND57
4 AND60
5 ?71 ?17 - Identity absent, NOT absent, Constant absent, AND absent, OR absent, XOR absent, AND-NOT absent, OR-NOT absent, XOR-NOT absent
6 AND12
7 AND23

Perfect match
Identity no
NOT no
Constant no
AND no
OR no
XOR no
AND-NOT no
OR-NOT no
XOR-NOT no

Matched
0 AND24
1 AND35
2 AND46
3 AND57
4 AND60
5 none
6 AND12
7 AND23

Selected
0 AND24
1 AND35
2 AND46
3 AND57
4 AND60
5 default 1
6 AND12
7 AND23

Applying to 11000001
Input
0 1
1 1
2 0
3 0
4 0
5 0
6 0
7 1
Output
0 AND24 = AND(0,0) = 0
1 AND35 = AND(0,0) = 0
2 AND46 = AND(0,0) = 0
3 AND57 = AND(0,1) = 0
4 AND60 = AND(0,1) = 0
5 default 1 = 1
6 AND12 = AND(1,0) = 0
7 AND23 = AND(0,0) = 0

I will now return the answer in \boxed{}
The answer in \boxed{–} is \boxed{00000100}