We need to deduce the transformation by matching the example outputs.
I will put my final answer inside \boxed{}.

Output 0: 10000000
0 1
1 0
2 0
3 0
4 0
5 0
6 0
7 0

Output 1: 00000000
0 0
1 0
2 0
3 0
4 0
5 0
6 0
7 0

Output 2: 10000000
0 1
1 0
2 0
3 0
4 0
5 0
6 0
7 0

Output 3: 11000000
0 1
1 1
2 0
3 0
4 0
5 0
6 0
7 0

Output 4: 00000000
0 0
1 0
2 0
3 0
4 0
5 0
6 0
7 0

Output 5: 00000000
0 0
1 0
2 0
3 0
4 0
5 0
6 0
7 0

Output 6: 00000000
0 0
1 0
2 0
3 0
4 0
5 0
6 0
7 0

Output 7: 00000000
0 0
1 0
2 0
3 0
4 0
5 0
6 0
7 0

Output bit columns (with bitsum as hash)
0 10110000 3
1 00010000 1
2 00000000 a
3 00000000 a
4 00000000 a
5 00000000 a
6 00000000 a
7 00000000 a

Input 0: 10111011
0 1
1 0
2 1
3 1
4 1
5 0
6 1
7 1

Input 1: 11010100
0 1
1 1
2 0
3 1
4 0
5 1
6 0
7 0

Input 2: 01111011
0 0
1 1
2 1
3 1
4 1
5 0
6 1
7 1

Input 3: 11101111
0 1
1 1
2 1
3 0
4 1
5 1
6 1
7 1

Input 4: 00110011
0 0
1 0
2 1
3 1
4 0
5 0
6 1
7 1

Input 5: 00001000
0 0
1 0
2 0
3 0
4 1
5 0
6 0
7 0

Input 6: 11100010
0 1
1 1
2 1
3 0
4 0
5 0
6 1
7 0

Input 7: 01100001
0 0
1 1
2 1
3 0
4 0
5 0
6 0
7 1

When matching output
x: not in operator
y: wrong position

Identity
0 11010010 4
1 01110011 5
2 10111011 6
3 11101000 4
4 10110100 4
5 01010000 2
6 10111010 5
7 10111001 5

Matching output
0 absent
1 absent
2 absent
3 absent
4 absent
5 absent
6 absent
7 absent

Left
none
Best: none

Right
none
Best: none

NOT
0 00101101 4
1 10001100 3
2 01000100 2
3 00010111 4
4 01001011 4
5 10101111 6
6 01000101 3
7 01000110 3

Matching output
0 absent
1 absent
2 absent
3 absent
4 absent
5 absent
6 absent
7 absent

Left
none
Best: none

Right
none
Best: none

Constant
0 00000000 a match 2 3 4 5 6 7
1 11111111 a

Matching output
0 absent
1 absent
2 C0
3 C0
4 C0
5 C0
6 C0
7 C0

Left
none
Best: none

Right
0 0 0 0 0 0
Best: C0 0 0 0 0 0: 6

AND
01 10 01010010 3
12 21 00110011 4
23 32 10101000 3
34 43 10100000 2
45 54 00010000 1 match 1
56 65 00010000 1 match 1
67 76 10111000 4
70 07 10010000 2

02 20 10010010 3
13 31 01100000 2
24 42 10110000 3 match 0
35 53 01000000 1
46 64 10110000 3 match 0
57 75 00010000 1 match 1
60 06 10010010 3
71 17 00110001 3

03 30 11000000 2
14 41 00110000 2
25 52 00010000 1 match 1
36 63 10101000 3
47 74 10110000 3 match 0
50 05 01010000 2
61 16 00110010 3
72 27 10111001 5

04 40 10010000 2
15 51 01010000 2
26 62 10111010 5
37 73 10101000 3

Matching output
0 24 42 46 64 47 74
1 45 54 56 65 57 75 25 52
2 absent
3 absent
4 absent
5 absent
6 absent
7 absent

Left
24 35x
42 53x
46 57 60x
64 75 06x
47 50x
74 05x
Best: AND46 57: 2

Right
none
Best: none

OR
01 10 11110011 6
12 21 11111011 7
23 32 11111011 7
34 43 11111100 6
45 54 11110100 5
56 65 11111010 6
67 76 10111011 6
70 07 11111011 7

02 20 11111011 7
13 31 11111011 7
24 42 10111111 7
35 53 11111000 5
46 64 10111110 6
57 75 11111001 6
60 06 11111010 6
71 17 11111011 7

03 30 11111010 6
14 41 11110111 7
25 52 11111011 7
36 63 11111010 6
47 74 10111101 6
50 05 11010010 4
61 16 11111011 7
72 27 10111011 6

04 40 11110110 6
15 51 01110011 5
26 62 10111011 6
37 73 11111001 6

Matching output
0 absent
1 absent
2 absent
3 absent
4 absent
5 absent
6 absent
7 absent

Left
none
Best: none

Right
none
Best: none

XOR
01 10 10100001 3
12 21 11001000 3
23 32 01010011 4
34 43 01011100 4
45 54 11100100 4
56 65 11101010 5
67 76 00000011 2
70 07 01101011 5

02 20 01101001 4
13 31 10011011 5
24 42 00001111 4
35 53 10111000 4
46 64 00001110 3
57 75 11101001 5
60 06 01101000 3
71 17 11001010 4

03 30 00111010 4
14 41 11000111 5
25 52 11101011 6
36 63 01010010 3
47 74 00001101 3
50 05 10000010 2
61 16 11001001 4
72 27 00000010 1

04 40 01100110 4
15 51 00100011 3
26 62 00000001 1
37 73 01010001 3

Matching output
0 absent
1 absent
2 absent
3 absent
4 absent
5 absent
6 absent
7 absent

Left
none
Best: none

Right
none
Best: none

AND-NOT
01 10000000 1
12 01000000 1
23 00010011 3
34 01001000 2
45 10100100 3
56 01000000 1
67 00000010 1
70 00101001 3

02 01000000 1
13 00010011 3
24 00001011 3
35 10101000 3
46 00000100 1
57 01000000 1
60 00101000 2
71 10001000 2

03 00010010 2
14 01000011 3
25 10101011 5
36 01000000 1
47 00000100 1
50 00000000 a match 2 3 4 5 6 7
61 10001000 2
72 00000000 a match 2 3 4 5 6 7

04 01000010 2
15 00100011 3
26 00000001 1
37 01000000 1
40 00100100 2
51 00000000 a match 2 3 4 5 6 7
62 00000000 a match 2 3 4 5 6 7
73 00010001 2

05 10000010 2
16 01000001 2
27 00000010 1
30 00101000 2
41 10000100 2
52 01000000 1
63 00010010 2
74 00001001 2

06 01000000 1
17 01000010 2
20 00101001 3
31 10001000 2
42 00000100 1
53 00010000 1 match 1
64 00001010 2
75 10101001 4

07 01000010 2
10 00100001 2
21 10001000 2
32 01000000 1
43 00010100 2
54 01000000 1
65 10101010 4
76 00000001 1

Matching output
0 absent
1 53
2 50 72 51 62
3 50 72 51 62
4 50 72 51 62
5 50 72 51 62
6 50 72 51 62
7 50 72 51 62

Left
none
Best: none

Right
50 47x
72 61x
51 40x
62 51 40x
Best: AND-NOT62 51: 2

OR-NOT
01 11011110 6
12 01110111 6
23 10111111 7
34 11101011 6
45 10111111 7
56 01010101 4
67 11111110 7
70 10111101 6

02 11010110 5
13 01110111 6
24 11111011 7
35 11101111 7
46 11110101 6
57 01010110 4
60 10111111 7
71 10111101 6

03 11010111 6
14 01111011 6
25 10111111 7
36 11101101 6
47 11110110 6
50 01111101 6
61 10111110 6
72 11111101 7

04 11011011 6
15 11111111 a
26 11111111 a
37 11101110 6
40 10111101 6
51 11011100 5
62 11111110 7
73 10111111 7

05 11111111 a
16 01110111 6
27 11111111 a
30 11101101 6
41 10111100 5
52 01010100 3
63 10111111 7
74 11111011 7

06 11010111 6
17 01110111 6
20 10111111 7
31 11101100 5
42 11110100 5
53 01010111 5
64 11111011 7
75 10111111 7

07 11010110 5
10 01111111 7
21 10111111 7
32 11101100 5
43 10110111 6
54 01011011 5
65 10111111 7
76 11111101 7

Matching output
0 absent
1 absent
2 absent
3 absent
4 absent
5 absent
6 absent
7 absent

Left
none
Best: none

Right
none
Best: none

XOR-NOT
01 01011110 5
12 00110111 5
23 10101100 4
34 10100011 4
45 00011011 4
56 00010101 3
67 11111100 6
70 10010100 3

02 10010110 4
13 01100100 3
24 11110000 4
35 01000111 4
46 11110001 5
57 00010110 3
60 10010111 5
71 00110101 4

03 11000101 4
14 00111000 3
25 00010100 2
36 10101101 5
47 11110010 5
50 01111101 6
61 00110110 4
72 11111101 7

04 10011001 4
15 11011100 5
26 11111110 7
37 10101110 5
40 10011001 4
51 11011100 5
62 11111110 7
73 10101110 5

05 01111101 6
16 00110110 4
27 11111101 7
30 11000101 4
41 00111000 3
52 00010100 2
63 10101101 5
74 11110010 5

06 10010111 5
17 00110101 4
20 10010110 4
31 01100100 3
42 11110000 4
53 01000111 4
64 11110001 5
75 00010110 3

07 10010100 3
10 01011110 5
21 00110111 5
32 10101100 4
43 10100011 4
54 00011011 4
65 00010101 3
76 11111100 6

Matching output
0 absent
1 absent
2 absent
3 absent
4 absent
5 absent
6 absent
7 absent

Left
none
Best: none

Right
none
Best: none

Selecting

Lefts
Identity none
NOT none
Constant none
AND AND46 57: 2
OR none
XOR none
AND-NOT none
OR-NOT none
XOR-NOT none

Rights
Identity none
NOT none
Constant C0 0 0 0 0 0: 6
AND none
OR none
XOR none
AND-NOT AND-NOT62 51: 2
OR-NOT none
XOR-NOT none

Left longest: 2
Right longest: 6

Right winner: Identity no, NOT no, Constant yes, AND no, OR no, XOR no, AND-NOT no, OR-NOT no, XOR-NOT no
Left winner: Identity no, NOT no, Constant no, AND yes, OR no, XOR no, AND-NOT no, OR-NOT no, XOR-NOT no

Best right: C0 0 0 0 0 0: 6
Best left: AND46 57: 2

Truncated right: C0 0 0 0 0 0: 6
Truncated left: AND46 57: 2

Tentative from right
7 C0
6 C0
5 C0
4 C0
3 C0
2 C0
1 pending
0 pending

Tentative
0 AND46
1 AND57
2 C0
3 C0
4 C0
5 C0
6 C0
7 C0

Preferred from right
7 C0
6 C0
5 C0
4 C0
3 C0
2 C0
1 AND57
0 AND46

Preferred from left
0 AND46
1 AND57
2 C0
3 C0
4 C0
5 C0
6 C0
7 C0

Preferred
0 AND46
1 AND57
2 C0
3 C0
4 C0
5 C0
6 C0
7 C0

Matching
0 AND46
1 AND57
2 C0
3 C0
4 C0
5 C0
6 C0
7 C0

Perfect match
Identity no
NOT no
Constant no
AND no
OR no
XOR no
AND-NOT no
OR-NOT no
XOR-NOT no

Matched
0 AND46
1 AND57
2 C0
3 C0
4 C0
5 C0
6 C0
7 C0

Selected
0 AND46
1 AND57
2 C0
3 C0
4 C0
5 C0
6 C0
7 C0

Applying to 01100111
Input
0 0
1 1
2 1
3 0
4 0
5 1
6 1
7 1
Output
0 AND46 = AND(0,1) = 0
1 AND57 = AND(1,1) = 1
2 C0 = 0
3 C0 = 0
4 C0 = 0
5 C0 = 0
6 C0 = 0
7 C0 = 0

I will now return the answer in \boxed{}
The answer in \boxed{–} is \boxed{01000000}