We need to deduce the transformation by matching the example outputs.
I will put my final answer inside \boxed{}.

Output 0: 10001111
0 1
1 0
2 0
3 0
4 1
5 1
6 1
7 1

Output 1: 11001111
0 1
1 1
2 0
3 0
4 1
5 1
6 1
7 1

Output 2: 10111111
0 1
1 0
2 1
3 1
4 1
5 1
6 1
7 1

Output 3: 10001111
0 1
1 0
2 0
3 0
4 1
5 1
6 1
7 1

Output 4: 00011111
0 0
1 0
2 0
3 1
4 1
5 1
6 1
7 1

Output 5: 00101111
0 0
1 0
2 1
3 0
4 1
5 1
6 1
7 1

Output 6: 01101111
0 0
1 1
2 1
3 0
4 1
5 1
6 1
7 1

Output 7: 01101111
0 0
1 1
2 1
3 0
4 1
5 1
6 1
7 1

Output 8: 10101111
0 1
1 0
2 1
3 0
4 1
5 1
6 1
7 1

Output bit columns (with bitsum as hash)
0 111100001 5
1 010000110 3
2 001001111 5
3 001010000 2
4 111111111 a
5 111111111 a
6 111111111 a
7 111111111 a

Input 0: 10111101
0 1
1 0
2 1
3 1
4 1
5 1
6 0
7 1

Input 1: 10110001
0 1
1 0
2 1
3 1
4 0
5 0
6 0
7 1

Input 2: 00001100
0 0
1 0
2 0
3 0
4 1
5 1
6 0
7 0

Input 3: 01001101
0 0
1 1
2 0
3 0
4 1
5 1
6 0
7 1

Input 4: 11011010
0 1
1 1
2 0
3 1
4 1
5 0
6 1
7 0

Input 5: 11101011
0 1
1 1
2 1
3 0
4 1
5 0
6 1
7 1

Input 6: 00010111
0 0
1 0
2 0
3 1
4 0
5 1
6 1
7 1

Input 7: 11110111
0 1
1 1
2 1
3 1
4 0
5 1
6 1
7 1

Input 8: 11000011
0 1
1 1
2 0
3 0
4 0
5 0
6 1
7 1

When matching output
x: not in operator
y: wrong position

Identity
0 110011011 6
1 000111011 5
2 110001010 4
3 110010110 5
4 101111000 5
5 101100110 5
6 000011111 5
7 110101111 7

Matching output
0 absent
1 absent
2 absent
3 absent
4 absent
5 absent
6 absent
7 absent

Left
none
Best: none

Right
none
Best: none

NOT
0 001100100 3
1 111000100 4
2 001110101 5
3 001101001 4
4 010000111 4
5 010011001 4
6 111100000 4
7 001010000 2 match 3

Matching output
0 absent
1 absent
2 absent
3 7
4 absent
5 absent
6 absent
7 absent

Left
none
Best: none

Right
none
Best: none

Constant
0 000000000 a
1 111111111 a match 4 5 6 7

Matching output
0 absent
1 absent
2 absent
3 absent
4 C1
5 C1
6 C1
7 C1

Left
none
Best: none

Right
1 1 1 1
Best: C1 1 1 1: 4

AND
01 10 000011011 4
12 21 000001010 2
23 32 110000010 3
34 43 100010000 2
45 54 101100000 3
56 65 000000110 2
67 76 000001111 4
70 07 110001011 5

02 20 110001010 4
13 31 000010010 2
24 42 100001000 2
35 53 100000110 3
46 64 000011000 2
57 75 100100110 4
60 06 000011011 4
71 17 000101011 4

03 30 110010010 4
14 41 000111000 3
25 52 100000010 2
36 63 000010110 3
47 74 100101000 3
50 05 100000010 2
61 16 000011011 4
72 27 110001010 4

04 40 100011000 3
15 51 000100010 2
26 62 000001010 2
37 73 110000110 4

Matching output
0 absent
1 absent
2 absent
3 absent
4 absent
5 absent
6 absent
7 absent

Left
none
Best: none

Right
none
Best: none

OR
01 10 110111011 7
12 21 110111011 7
23 32 110011110 6
34 43 111111110 8
45 54 101111110 7
56 65 101111111 8
67 76 110111111 8
70 07 110111111 8

02 20 110011011 6
13 31 110111111 8
24 42 111111010 7
35 53 111110110 7
46 64 101111111 8
57 75 111101111 8
60 06 110011111 7
71 17 110111111 8

03 30 110011111 7
14 41 101111011 7
25 52 111101110 7
36 63 110011111 7
47 74 111111111 a match 4 5 6 7
50 05 111111111 a match 4 5 6 7
61 16 000111111 6
72 27 110101111 7

04 40 111111011 8
15 51 101111111 8
26 62 110011111 7
37 73 110111111 8

Matching output
0 absent
1 absent
2 absent
3 absent
4 47 74 50 05
5 47 74 50 05
6 47 74 50 05
7 47 74 50 05

Left
none
Best: none

Right
47 36x
74 63x
50 47 36x
05 74 63x
Best: OR50 47: 2

XOR
01 10 110100000 3
12 21 110110001 5
23 32 000011100 3
34 43 011101110 6
45 54 000011110 4
56 65 101111001 6
67 76 110110000 4
70 07 000110100 3

02 20 000010001 2
13 31 110101101 6
24 42 011110010 5
35 53 011110000 4
46 64 101100111 6
57 75 011001001 4
60 06 110000100 3
71 17 110010100 4

03 30 000001101 3
14 41 101000011 4
25 52 011101100 5
36 63 110001001 4
47 74 011010111 6
50 05 011111101 7
61 16 000100100 2
72 27 000100101 3

04 40 011100011 5
15 51 101011101 6
26 62 110010101 5
37 73 000111001 4

Matching output
0 absent
1 absent
2 absent
3 absent
4 absent
5 absent
6 absent
7 absent

Left
none
Best: none

Right
none
Best: none

AND-NOT
01 110000000 2
12 000110001 3
23 000001000 1
34 010000110 3 match 1
45 000011000 2
56 101100000 3
67 000010000 1
70 000100100 2

02 000010001 2
13 000101001 3
24 010000010 2
35 010010000 2
46 101100000 3
57 001000000 1
60 000000100 1
71 110000100 3

03 000001001 2
14 000000011 2
25 010001000 2
36 110000000 2
47 001010000 2 match 3
50 001100100 3
61 000000100 1
72 000100101 3

04 010000011 3
15 000011001 3
26 110000000 2
37 000010000 1
40 001100000 2
51 101000100 3
62 000010101 3
73 000101001 3

05 010011001 4
16 000100000 1
27 000000000 a
30 000000100 1
41 101000000 2
52 001100100 3
63 000001001 2
74 010000111 4

06 110000000 2
17 000010000 1
20 000000000 a
31 110000100 3
42 001110000 3
53 001100000 2
64 000000111 3
75 010001001 3

07 000010000 1
10 000100000 1
21 110000000 2
32 000010100 2
43 001101000 3
54 000000110 2
65 000011001 3
76 110100000 3

Matching output
0 absent
1 34
2 absent
3 47
4 absent
5 absent
6 absent
7 absent

Left
none
Best: none

Right
none
Best: none

OR-NOT
01 111011111 8
12 001111111 7
23 111101011 7
34 110010111 6
45 111111001 7
56 111100110 6
67 001011111 6
70 111101111 8

02 111111111 a match 4 5 6 7
13 001111011 6
24 110001111 6
35 110011111 7
46 111111000 6
57 101110110 6
60 001111111 7
71 111101111 8

03 111111011 8
14 010111111 7
25 110011011 6
36 111110110 7
47 101111000 5
50 101100110 5
61 111011111 8
72 111111111 a match 4 5 6 7

04 110011111 7
15 010111011 6
26 111101010 6
37 111010110 6
40 101111100 6
51 111100110 6
62 001111111 7
73 111101111 8

05 110011011 6
16 111111011 8
27 111011010 6
30 111110110 7
41 111111100 7
52 101110111 7
63 001111111 7
74 110101111 7

06 111111011 8
17 001111011 6
20 111101110 7
31 111010110 6
42 101111101 7
53 101101111 7
64 010011111 6
75 110111111 8

07 111011011 7
10 001111111 7
21 111001110 6
32 111110111 8
43 101111001 6
54 111100111 7
65 010011111 6
76 111101111 8

Matching output
0 absent
1 absent
2 absent
3 absent
4 02 72
5 02 72
6 02 72
7 02 72

Left
none
Best: none

Right
02 71x
72 61x
Best: OR-NOT02: 1

XOR-NOT
01 001011111 6
12 001001110 4
23 111100011 6
34 100010001 3
45 111100001 5 match 0
56 010000110 3 match 1
67 001001111 5 match 2
70 111001011 6

02 111101110 7
13 001010010 3
24 100001101 4
35 100001111 5
46 010011000 3
57 100110110 5
60 001111011 6
71 001101011 5

03 111110010 6
14 010111100 5
25 100010011 4
36 001110110 5
47 100101000 3
50 100000010 2
61 111011011 7
72 111011010 6

04 100011100 4
15 010100010 3
26 001101010 4
37 111000110 5
40 100011100 4
51 010100010 3
62 001101010 4
73 111000110 5

05 100000010 2
16 111011011 7
27 111011010 6
30 111110010 6
41 010111100 5
52 100010011 4
63 001110110 5
74 100101000 3

06 001111011 6
17 001101011 5
20 111101110 7
31 001010010 3
42 100001101 4
53 100001111 5
64 010011000 3
75 100110110 5

07 111001011 6
10 001011111 6
21 001001110 4
32 111100011 6
43 100010001 3
54 111100001 5 match 0
65 010000110 3 match 1
76 001001111 5 match 2

Matching output
0 45 54
1 56 65
2 67 76
3 absent
4 absent
5 absent
6 absent
7 absent

Left
45 56 67 70x
54 65 76 07x
Best: XOR-NOT45 56 67: 3

Right
none
Best: none

Selecting

Lefts
Identity none
NOT none
Constant none
AND none
OR none
XOR none
AND-NOT none
OR-NOT none
XOR-NOT XOR-NOT45 56 67: 3

Rights
Identity none
NOT none
Constant C1 1 1 1: 4
AND none
OR OR50 47: 2
XOR none
AND-NOT none
OR-NOT OR-NOT02: 1
XOR-NOT none

Left longest: 3
Right longest: 4

Right winner: Identity no, NOT no, Constant yes, AND no, OR no, XOR no, AND-NOT no, OR-NOT no, XOR-NOT no
Left winner: Identity no, NOT no, Constant no, AND no, OR no, XOR no, AND-NOT no, OR-NOT no, XOR-NOT yes

Best right: C1 1 1 1: 4
Best left: XOR-NOT45 56 67: 3

Truncated right: C1 1 1 1: 4
Truncated left: XOR-NOT45 56 67: 3

Tentative from right
7 C1
6 C1
5 C1
4 C1
3 pending
2 pending
1 pending
0 pending

Tentative
0 XOR-NOT45
1 XOR-NOT56
2 XOR-NOT67
3 pending
4 C1
5 C1
6 C1
7 C1

Preferred from right
7 C1
6 C1
5 C1
4 C1
3 pending
2 XOR-NOT67
1 XOR-NOT56
0 XOR-NOT45

Preferred from left
0 XOR-NOT45
1 XOR-NOT56
2 XOR-NOT67
3 ?70
4 C1
5 C1
6 C1
7 C1

Preferred
0 XOR-NOT45
1 XOR-NOT56
2 XOR-NOT67
3 ?70 ?07
4 C1
5 C1
6 C1
7 C1

Matching
0 XOR-NOT45
1 XOR-NOT56
2 XOR-NOT67
3 ?70 ?07 - Identity absent, NOT NOT7, Constant absent, AND absent, OR absent, XOR absent, AND-NOT absent, OR-NOT absent, XOR-NOT absent
4 C1
5 C1
6 C1
7 C1

Perfect match
Identity no
NOT yes
Constant no
AND no
OR no
XOR no
AND-NOT no
OR-NOT no
XOR-NOT no

Matched
0 XOR-NOT45
1 XOR-NOT56
2 XOR-NOT67
3 NOT7
4 C1
5 C1
6 C1
7 C1

Selected
0 XOR-NOT45
1 XOR-NOT56
2 XOR-NOT67
3 NOT7
4 C1
5 C1
6 C1
7 C1

Applying to 01001100
Input
0 0
1 1
2 0
3 0
4 1
5 1
6 0
7 0
Output
0 XOR-NOT45 = XOR(1,NOT(1)) = 1
1 XOR-NOT56 = XOR(1,NOT(0)) = 0
2 XOR-NOT67 = XOR(0,NOT(0)) = 1
3 NOT7 = NOT(0) = 1
4 C1 = 1
5 C1 = 1
6 C1 = 1
7 C1 = 1

I will now return the answer in \boxed{}
The answer in \boxed{–} is \boxed{10111111}