We need to deduce the transformation by matching the example outputs.
I will put my final answer inside \boxed{}.

Output 0: 00010000
0 0
1 0
2 0
3 1
4 0
5 0
6 0
7 0

Output 1: 10101010
0 1
1 0
2 1
3 0
4 1
5 0
6 1
7 0

Output 2: 00011000
0 0
1 0
2 0
3 1
4 1
5 0
6 0
7 0

Output 3: 01010001
0 0
1 1
2 0
3 1
4 0
5 0
6 0
7 1

Output 4: 11011001
0 1
1 1
2 0
3 1
4 1
5 0
6 0
7 1

Output 5: 00001000
0 0
1 0
2 0
3 0
4 1
5 0
6 0
7 0

Output 6: 10001110
0 1
1 0
2 0
3 0
4 1
5 1
6 1
7 0

Output bit columns (with bitsum as hash)
0 0100101 3
1 0001100 2
2 0100000 1
3 1011100 4
4 0110111 5
5 0000001 1
6 0100001 2
7 0001100 2

Input 0: 00100110
0 0
1 0
2 1
3 0
4 0
5 1
6 1
7 0

Input 1: 01010101
0 0
1 1
2 0
3 1
4 0
5 1
6 0
7 1

Input 2: 01100011
0 0
1 1
2 1
3 0
4 0
5 0
6 1
7 1

Input 3: 10011010
0 1
1 0
2 0
3 1
4 1
5 0
6 1
7 0

Input 4: 10011011
0 1
1 0
2 0
3 1
4 1
5 0
6 1
7 1

Input 5: 11010000
0 1
1 1
2 0
3 1
4 0
5 0
6 0
7 0

Input 6: 00111101
0 0
1 0
2 1
3 1
4 1
5 1
6 0
7 1

When matching output
x: not in operator
y: wrong position

Identity
0 0001110 3
1 0110010 3
2 1010001 3
3 0101111 5
4 0001101 3
5 1100001 3
6 1011100 4 match 3
7 0110101 4

Matching output
0 absent
1 absent
2 absent
3 6
4 absent
5 absent
6 absent
7 absent

Left
none
Best: none

Right
none
Best: none

NOT
0 1110001 4
1 1001101 4
2 0101110 4
3 1010000 2
4 1110010 4
5 0011110 4
6 0100011 3
7 1001010 3

Matching output
0 absent
1 absent
2 absent
3 absent
4 absent
5 absent
6 absent
7 absent

Left
none
Best: none

Right
none
Best: none

Constant
0 0000000 a
1 1111111 a

Matching output
0 absent
1 absent
2 absent
3 absent
4 absent
5 absent
6 absent
7 absent

Left
none
Best: none

Right
none
Best: none

AND
01 10 0000010 1
12 21 0010000 1
23 32 0000001 1 match 5
34 43 0001101 3
45 54 0000001 1 match 5
56 65 1000000 1
67 76 0010100 2
70 07 0000100 1

02 20 0000000 a
13 31 0100010 2
24 42 0000001 1 match 5
35 53 0100001 2 match 6
46 64 0001100 2 match 1 7
57 75 0100001 2 match 6
60 06 0001100 2 match 1 7
71 17 0110000 2

03 30 0001110 3
14 41 0000000 a
25 52 1000001 2
36 63 0001100 2 match 1 7
47 74 0000101 2
50 05 0000000 a
61 16 0010000 1
72 27 0010001 2

04 40 0001100 2 match 1 7
15 51 0100000 1 match 2
26 62 1010000 2
37 73 0100101 3 match 0

Matching output
0 37 73
1 46 64 60 06 36 63 04 40
2 15 51
3 absent
4 absent
5 23 32 45 54 24 42
6 35 53 57 75
7 46 64 60 06 36 63 04 40

Left
37 40 51 62x
73 04 15 26x
Best: AND37 40 51: 3

Right
46 35 24 13x
64 53 42 31x
60 57 46y
06 75 64y
36 25x
63 52x
04 73y
40 37y
Best: AND46 35 24: 3

OR
01 10 0111110 5
12 21 1110011 5
23 32 1111111 a
34 43 0101111 5
45 54 1101101 5
56 65 1111101 6
67 76 1111101 6
70 07 0111111 6

02 20 1011111 6
13 31 0111111 6
24 42 1011101 5
35 53 1101111 6
46 64 1011101 5
57 75 1110101 5
60 06 1011110 5
71 17 0110111 5 match 4

03 30 0101111 5
14 41 0111111 6
25 52 1110001 4
36 63 1111111 a
47 74 0111101 5
50 05 1101111 6
61 16 1111110 6
72 27 1110101 5

04 40 0001111 4
15 51 1110011 5
26 62 1011101 5
37 73 0111111 6

Matching output
0 absent
1 absent
2 absent
3 absent
4 71 17
5 absent
6 absent
7 absent

Left
none
Best: none

Right
none
Best: none

XOR
01 10 0111100 4
12 21 1100011 4
23 32 1111110 6
34 43 0100010 2
45 54 1101100 4
56 65 0111101 5
67 76 1101001 4
70 07 0111011 5

02 20 1011111 6
13 31 0011101 4
24 42 1011100 4 match 3
35 53 1001110 4
46 64 1010001 3
57 75 1010100 3
60 06 1010010 3
71 17 0000111 3

03 30 0100001 2 match 6
14 41 0111111 6
25 52 0110000 2
36 63 1110011 5
47 74 0111000 3
50 05 1101111 6
61 16 1101110 5
72 27 1100100 3

04 40 0000011 2
15 51 1010011 4
26 62 0001101 3
37 73 0011010 3

Matching output
0 absent
1 absent
2 absent
3 24 42
4 absent
5 absent
6 03 30
7 absent

Left
none
Best: none

Right
none
Best: none

AND-NOT
01 0001100 2 match 1 7
12 0100010 2
23 1010000 2
34 0100010 2
45 0001100 2 match 1 7
56 0100001 2 match 6
67 1001000 2
70 0110001 3

02 0001110 3
13 0010000 1
24 1010000 2
35 0001110 3
46 0000001 1 match 5
57 1000000 1
60 1010000 2
71 0000101 2

03 0000000 a
14 0110010 3
25 0010000 1
36 0100011 3
47 0001000 1
50 1100001 3
61 1001100 3
72 0100100 2

04 0000010 1
15 0010010 2
26 0000001 1 match 5
37 0001010 2
40 0000001 1 match 5
51 1000001 2
62 0001100 2 match 1 7
73 0010000 1

05 0001110 3
16 0100010 2
27 1000000 1
30 0100001 2 match 6
41 0001101 3
52 0100000 1 match 2
63 1010000 2
74 0110000 2

06 0000010 1
17 0000010 1
20 1010001 3
31 0001101 3
42 0001100 2 match 1 7
53 1000000 1
64 1010000 2
75 0010100 2

07 0001010 2
10 0110000 2
21 1000001 2
32 0101110 4
43 0000000 a
54 1100000 2
65 0011100 3
76 0100001 2 match 6

Matching output
0 absent
1 01 45 62 42
2 52
3 absent
4 absent
5 46 26 40
6 56 30 76
7 01 45 62 42

Left
none
Best: none

Right
01 70x
45 34x
62 51x
42 31x
Best: AND-NOT01: 1

OR-NOT
01 1001111 5
12 0111110 5
23 1010001 3
34 1111111 a
45 0011111 5
56 1100011 4
67 1011110 5
70 1110101 5

02 0101110 4
13 1110010 4
24 1110011 5
35 0111111 6
46 0101111 5
57 1101011 5
60 1111101 6
71 1111101 6

03 1011110 5
14 1110010 4
25 1011111 6
36 0101111 5
47 1001111 5
50 1110001 4
61 1011101 5
72 0111111 6

04 1111110 6
15 0111110 5
26 1110011 5
37 1101111 6
40 1111101 6
51 1101101 5
62 1111110 6
73 1110101 5

05 0011110 4
16 0110011 4
27 1011011 5
30 1111111 a
41 1001101 4
52 1101111 6
63 1011100 4 match 3
74 1110111 6

06 0101111 5
17 1111010 5
20 1110001 4
31 1101111 6
42 0101111 5
53 1110001 4
64 1111110 6
75 0111111 6

07 1001110 4
10 1110011 5
21 1011101 5
32 0101111 5
43 1011101 5
54 1110011 5
65 1011110 5
76 0110111 5 match 4

Matching output
0 absent
1 absent
2 absent
3 63
4 76
5 absent
6 absent
7 absent

Left
none
Best: none

Right
none
Best: none

XOR-NOT
01 1000011 3
12 0011100 3
23 0000001 1 match 5
34 1011101 5
45 0010011 3
56 1000010 2
67 0010110 3
70 1000100 2

02 0100000 1 match 2
13 1100010 3
24 0100011 3
35 0110001 3
46 0101110 4
57 0101011 4
60 0101101 4
71 1111000 4

03 1011110 5
14 1000000 1
25 1001111 5
36 0001100 2 match 1 7
47 1000111 4
50 0010000 1
61 0010001 2
72 0011011 4

04 1111100 5
15 0101100 3
26 1110010 4
37 1100101 4
40 1111100 5
51 0101100 3
62 1110010 4
73 1100101 4

05 0010000 1
16 0010001 2
27 0011011 4
30 1011110 5
41 1000000 1
52 1001111 5
63 0001100 2 match 1 7
74 1000111 4

06 0101101 4
17 1111000 4
20 0100000 1 match 2
31 1100010 3
42 0100011 3
53 0110001 3
64 0101110 4
75 0101011 4

07 1000100 2
10 1000011 3
21 0011100 3
32 0000001 1 match 5
43 1011101 5
54 0010011 3
65 1000010 2
76 0010110 3

Matching output
0 absent
1 36 63
2 02 20
3 absent
4 absent
5 23 32
6 absent
7 36 63

Left
none
Best: none

Right
36 25x
63 52x
Best: XOR-NOT36: 1

Selecting

Lefts
Identity none
NOT none
Constant none
AND AND37 40 51: 3
OR none
XOR none
AND-NOT none
OR-NOT none
XOR-NOT none

Rights
Identity none
NOT none
Constant none
AND AND46 35 24: 3
OR none
XOR none
AND-NOT AND-NOT01: 1
OR-NOT none
XOR-NOT XOR-NOT36: 1

Left longest: 3
Right longest: 3

Left winner: Identity no, NOT no, Constant no, AND yes, OR no, XOR no, AND-NOT no, OR-NOT no, XOR-NOT no
Right winner: Identity no, NOT no, Constant no, AND yes, OR no, XOR no, AND-NOT no, OR-NOT no, XOR-NOT no

Best left: AND37 40 51: 3
Best right: AND46 35 24: 3

Truncated left: AND37 40 51: 3
Truncated right: AND46 35 24: 3

Tentative from right
7 AND46
6 AND35
5 AND24
4 pending
3 pending
2 pending
1 pending
0 pending

Tentative
0 AND37
1 AND40
2 AND51
3 pending
4 pending
5 AND24
6 AND35
7 AND46

Preferred from left
0 AND37
1 AND40
2 AND51
3 ?62
4 ?73
5 AND24
6 AND35
7 AND46

Preferred from right
7 AND46
6 AND35
5 AND24
4 ?73
3 ?62
2 AND51
1 AND40
0 AND37

Preferred
0 AND37
1 AND40
2 AND51
3 ?62 ?26
4 ?73 ?37
5 AND24
6 AND35
7 AND46

Matching
0 AND37
1 AND40
2 AND51
3 ?62 ?26 - Identity I6, NOT absent, Constant absent, AND absent, OR absent, XOR absent, AND-NOT absent, OR-NOT absent, XOR-NOT absent
4 ?73 ?37 - Identity absent, NOT absent, Constant absent, AND absent, OR absent, XOR absent, AND-NOT absent, OR-NOT absent, XOR-NOT absent
5 AND24
6 AND35
7 AND46

Perfect match
Identity no
NOT no
Constant no
AND no
OR no
XOR no
AND-NOT no
OR-NOT no
XOR-NOT no

Matched
0 AND37
1 AND40
2 AND51
3 I6
4 none
5 AND24
6 AND35
7 AND46

Selected
0 AND37
1 AND40
2 AND51
3 I6
4 default 1
5 AND24
6 AND35
7 AND46

Applying to 11001101
Input
0 1
1 1
2 0
3 0
4 1
5 1
6 0
7 1
Output
0 AND37 = AND(0,1) = 0
1 AND40 = AND(1,1) = 1
2 AND51 = AND(1,1) = 1
3 I6 = 0
4 default 1 = 1
5 AND24 = AND(0,1) = 0
6 AND35 = AND(0,1) = 0
7 AND46 = AND(1,0) = 0

I will now return the answer in \boxed{}
The answer in \boxed{–} is \boxed{01101000}