We need to deduce the transformation by matching the example outputs.
I will put my final answer inside \boxed{}.

Output 0: 01000011
0 0
1 1
2 0
3 0
4 0
5 0
6 1
7 1

Output 1: 01100101
0 0
1 1
2 1
3 0
4 0
5 1
6 0
7 1

Output 2: 11011001
0 1
1 1
2 0
3 1
4 1
5 0
6 0
7 1

Output 3: 10101010
0 1
1 0
2 1
3 0
4 1
5 0
6 1
7 0

Output 4: 00100100
0 0
1 0
2 1
3 0
4 0
5 1
6 0
7 0

Output 5: 01010000
0 0
1 1
2 0
3 1
4 0
5 0
6 0
7 0

Output 6: 00100001
0 0
1 0
2 1
3 0
4 0
5 0
6 0
7 1

Output 7: 10111000
0 1
1 0
2 1
3 1
4 1
5 0
6 0
7 0

Output 8: 10011000
0 1
1 0
2 0
3 1
4 1
5 0
6 0
7 0

Output 9: 11101110
0 1
1 1
2 1
3 0
4 1
5 1
6 1
7 0

Output bit columns (with bitsum as hash)
0 0011000111 5
1 1110010001 5
2 0101101101 6
3 0010010110 4
4 0011000111 5
5 0100100001 3
6 1001000001 3
7 1110001000 4

Input 0: 11100110
0 1
1 1
2 1
3 0
4 0
5 1
6 1
7 0

Input 1: 01101010
0 0
1 1
2 1
3 0
4 1
5 0
6 1
7 0

Input 2: 10000011
0 1
1 0
2 0
3 0
4 0
5 0
6 1
7 1

Input 3: 00000101
0 0
1 0
2 0
3 0
4 0
5 1
6 0
7 1

Input 4: 11011001
0 1
1 1
2 0
3 1
4 1
5 0
6 0
7 1

Input 5: 10100000
0 1
1 0
2 1
3 0
4 0
5 0
6 0
7 0

Input 6: 01110011
0 0
1 1
2 1
3 1
4 0
5 0
6 1
7 1

Input 7: 01100001
0 0
1 1
2 1
3 0
4 0
5 0
6 0
7 1

Input 8: 00100001
0 0
1 0
2 1
3 0
4 0
5 0
6 0
7 1

Input 9: 00001101
0 0
1 0
2 0
3 0
4 1
5 1
6 0
7 1

When matching output
x: not in operator
y: wrong position

Identity
0 1010110000 4
1 1100101100 5
2 1100011110 6
3 0000101000 2
4 0100100001 3 match 5
5 1001000001 3 match 6
6 1110001000 4 match 7
7 0011101111 7

Matching output
0 absent
1 absent
2 absent
3 absent
4 absent
5 4
6 5
7 6

Left
none
Best: none

Right
6 5 4 3x
Best: I6 5 4: 3

NOT
0 0101001111 6
1 0011010011 5
2 0011100001 4
3 1111010111 8
4 1011011110 7
5 0110111110 7
6 0001110111 6
7 1100010000 3

Matching output
0 absent
1 absent
2 absent
3 absent
4 absent
5 absent
6 absent
7 absent

Left
none
Best: none

Right
none
Best: none

Constant
0 0000000000 a
1 1111111111 a

Matching output
0 absent
1 absent
2 absent
3 absent
4 absent
5 absent
6 absent
7 absent

Left
none
Best: none

Right
none
Best: none

AND
01 10 1000100000 2
12 21 1100001100 4
23 32 0000001000 1
34 43 0000100000 1
45 54 0000000001 1
56 65 1000000000 1
67 76 0010001000 2
70 07 0010100000 2

02 20 1000010000 2
13 31 0000101000 2
24 42 0100000000 1
35 53 0000000000 a
46 64 0100000000 1
57 75 0001000001 2
60 06 1010000000 2
71 17 0000101100 3

03 30 0000100000 1
14 41 0100100000 2
25 52 1000000000 1
36 63 0000001000 1
47 74 0000100001 2
50 05 1000000000 1
61 16 1100001000 3
72 27 0000001110 3

04 40 0000100000 1
15 51 1000000000 1
26 62 1100001000 3
37 73 0000101000 2

Matching output
0 absent
1 absent
2 absent
3 absent
4 absent
5 absent
6 absent
7 absent

Left
none
Best: none

Right
none
Best: none

OR
01 10 1110111100 7
12 21 1100111110 7
23 32 1100111110 7
34 43 0100101001 4
45 54 1101100001 5
56 65 1111001001 6
67 76 1111101111 9
70 07 1011111111 9

02 20 1110111110 8
13 31 1100101100 5
24 42 1100111111 8
35 53 1001101001 5
46 64 1110101001 6
57 75 1011101111 8
60 06 1110111000 6
71 17 1111101111 9

03 30 1010111000 5
14 41 1100101101 6
25 52 1101011111 8
36 63 1110101000 5
47 74 0111101111 8
50 05 1011110001 6
61 16 1110101100 6
72 27 1111111111 a

04 40 1110110001 6
15 51 1101101101 7
26 62 1110011110 7
37 73 0011101111 7

Matching output
0 absent
1 absent
2 absent
3 absent
4 absent
5 absent
6 absent
7 absent

Left
none
Best: none

Right
none
Best: none

XOR
01 10 0110011100 5
12 21 0000110010 3
23 32 1100110110 6
34 43 0100001001 3
45 54 1101100000 4
56 65 0111001001 5
67 76 1101100111 7
70 07 1001011111 7

02 20 0110101110 6
13 31 1100000100 3
24 42 1000111111 7
35 53 1001101001 5
46 64 1010101001 5
57 75 1010101110 6
60 06 0100111000 4
71 17 1111000011 6

03 30 1010011000 4
14 41 1000001101 4
25 52 0101011111 7
36 63 1110100000 4
47 74 0111001110 6
50 05 0011110001 5
61 16 0010100100 3
72 27 1111110001 7

04 40 1110010001 5 match 1
15 51 0101101101 6 match 2
26 62 0010010110 4 match 3
37 73 0011000111 5 match 0 4

Matching output
0 37 73
1 04 40
2 15 51
3 26 62
4 37 73
5 absent
6 absent
7 absent

Left
37 40 51 62 73 04y
73 04 15 26 37 40y
Best: XOR37 40 51 62 73: 5

Right
none
Best: none

AND-NOT
01 0010010000 2
12 0000100000 1
23 1100010110 5
34 0000001000 1
45 0100100000 2
56 0001000001 2
67 1100000000 2
70 0001001111 5

02 0010100000 2
13 1100000100 3
24 1000011110 5
35 0000101000 2
46 0000100001 2
57 1000000000 1
60 0100001000 2
71 0011000011 4

03 1010010000 3
14 1000001100 3
25 0100011110 5
36 0000100000 1
47 0100000000 1
50 0001000001 2
61 0010000000 1
72 0011100001 4

04 1010010000 3
15 0100101100 4
26 0000010110 3
37 0000000000 a
40 0100000001 2
51 0001000001 2
62 0010000000 1
73 0011000111 5 match 0 4

05 0010110000 3
16 0000100100 2
27 1100010000 3
30 0000001000 1
41 0000000001 1
52 0001000001 2
63 1110000000 3
74 0011001110 5

06 0000110000 2
17 1100000000 2
20 0100001110 4
31 0000000000 a
42 0000100001 2
53 1001000001 3 match 6
64 1010001000 3
75 0010101110 5

07 1000010000 2
10 0100001100 3
21 0000010010 2
32 0000100000 1
43 0100000001 2
54 1001000000 2
65 0110001000 3
76 0001100111 5

Matching output
0 73
1 absent
2 absent
3 absent
4 73
5 absent
6 53
7 absent

Left
73 04x
Best: AND-NOT73: 1

Right
none
Best: none

OR-NOT
01 1011110011 7
12 1111101101 8
23 1111011111 9
34 1011111110 8
45 0110111111 8
56 1001110111 7
67 1110011000 5
70 0111101111 8

02 1011110001 6
13 1111111111 a
24 1111011110 8
35 0110111110 7
46 0101110111 7
57 1101010001 5
60 1111001111 8
71 0011111111 8

03 1111110111 9
14 1111111110 9
25 1110111110 8
36 0001111111 7
47 1100110001 5
50 1101001111 7
61 1111011011 8
72 0011101111 7

04 1011111110 8
15 1110111110 8
26 1101111111 9
37 1100111000 5
40 0101101111 7
51 1011010011 6
62 1111101001 7
73 1111111111 a

05 1110111110 8
16 1101111111 9
27 1100011110 6
30 0101101111 7
41 0111110011 7
52 1011100001 5
63 1111011111 9
74 1011111111 9

06 1011110111 8
17 1100111100 6
20 1101011111 8
31 0011111011 7
42 0111100001 5
53 1111010111 8
64 1111011110 8
75 0111111111 9

07 1110110000 5
10 1101101111 8
21 1111011111 9
32 0011101001 5
43 1111110111 9
54 1011011111 8
65 1110111110 8
76 0011111111 8

Matching output
0 absent
1 absent
2 absent
3 absent
4 absent
5 absent
6 absent
7 absent

Left
none
Best: none

Right
none
Best: none

XOR-NOT
01 1001100011 5
12 1111001101 7
23 0011001001 4
34 1011110110 7
45 0010011111 6
56 1000110110 5
67 0010011000 3
70 0110100000 3

02 1001010001 4
13 0011111011 7
24 0111000000 3
35 0110010110 5
46 0101010110 5
57 0101010001 4
60 1011000111 6
71 0000111100 4

03 0101100111 6
14 0111110010 6
25 1010100000 3
36 0001011111 6
47 1000110001 4
50 1100001110 5
61 1101011011 7
72 0000001110 3

04 0001101110 5
15 1010010010 4
26 1101101001 6
37 1100111000 5
40 0001101110 5
51 1010010010 4
62 1101101001 6
73 1100111000 5

05 1100001110 5
16 1101011011 7
27 0000001110 3
30 0101100111 6
41 0111110010 6
52 1010100000 3
63 0001011111 6
74 1000110001 4

06 1011000111 6
17 0000111100 4
20 1001010001 4
31 0011111011 7
42 0111000000 3
53 0110010110 5
64 0101010110 5
75 0101010001 4

07 0110100000 3
10 1001100011 5
21 1111001101 7
32 0011001001 4
43 1011110110 7
54 0010011111 6
65 1000110110 5
76 0010011000 3

Matching output
0 absent
1 absent
2 absent
3 absent
4 absent
5 absent
6 absent
7 absent

Left
none
Best: none

Right
none
Best: none

Selecting

Lefts
Identity none
NOT none
Constant none
AND none
OR none
XOR XOR37 40 51 62 73: 5
AND-NOT AND-NOT73: 1
OR-NOT none
XOR-NOT none

Rights
Identity I6 5 4: 3
NOT none
Constant none
AND none
OR none
XOR none
AND-NOT none
OR-NOT none
XOR-NOT none

Left longest: 5
Right longest: 3

Left winner: Identity no, NOT no, Constant no, AND no, OR no, XOR yes, AND-NOT no, OR-NOT no, XOR-NOT no
Right winner: Identity yes, NOT no, Constant no, AND no, OR no, XOR no, AND-NOT no, OR-NOT no, XOR-NOT no

Best left: XOR37 40 51 62 73: 5
Best right: I6 5 4: 3

Truncated left: XOR37 40 51 62 73: 5
Truncated right: I6 5 4: 3

Tentative from right
7 I6
6 I5
5 I4
4 pending
3 pending
2 pending
1 pending
0 pending

Tentative
0 XOR37
1 XOR40
2 XOR51
3 XOR62
4 XOR73
5 I4
6 I5
7 I6

Preferred from left
0 XOR37
1 XOR40
2 XOR51
3 XOR62
4 XOR73
5 I4
6 I5
7 I6

Preferred from right
7 I6
6 I5
5 I4
4 XOR73
3 XOR62
2 XOR51
1 XOR40
0 XOR37

Preferred
0 XOR37
1 XOR40
2 XOR51
3 XOR62
4 XOR73
5 I4
6 I5
7 I6

Matching
0 XOR37
1 XOR40
2 XOR51
3 XOR62
4 XOR73
5 I4
6 I5
7 I6

Perfect match
Identity no
NOT no
Constant no
AND no
OR no
XOR no
AND-NOT no
OR-NOT no
XOR-NOT no

Matched
0 XOR37
1 XOR40
2 XOR51
3 XOR62
4 XOR73
5 I4
6 I5
7 I6

Selected
0 XOR37
1 XOR40
2 XOR51
3 XOR62
4 XOR73
5 I4
6 I5
7 I6

Applying to 00101010
Input
0 0
1 0
2 1
3 0
4 1
5 0
6 1
7 0
Output
0 XOR37 = XOR(0,0) = 0
1 XOR40 = XOR(1,0) = 1
2 XOR51 = XOR(0,0) = 0
3 XOR62 = XOR(1,1) = 0
4 XOR73 = XOR(0,0) = 0
5 I4 = 1
6 I5 = 0
7 I6 = 1

I will now return the answer in \boxed{}
The answer in \boxed{–} is \boxed{01000101}