We need to deduce the transformation by matching the example outputs.
I will put my final answer inside \boxed{}.

Output 0: 01010010
0 0
1 1
2 0
3 1
4 0
5 0
6 1
7 0

Output 1: 01001110
0 0
1 1
2 0
3 0
4 1
5 1
6 1
7 0

Output 2: 00010101
0 0
1 0
2 0
3 1
4 0
5 1
6 0
7 1

Output 3: 00001111
0 0
1 0
2 0
3 0
4 1
5 1
6 1
7 1

Output 4: 10011101
0 1
1 0
2 0
3 1
4 1
5 1
6 0
7 1

Output 5: 00010111
0 0
1 0
2 0
3 1
4 0
5 1
6 1
7 1

Output 6: 11011100
0 1
1 1
2 0
3 1
4 1
5 1
6 0
7 0

Output 7: 00111010
0 0
1 0
2 1
3 1
4 1
5 0
6 1
7 0

Output 8: 01011010
0 0
1 1
2 0
3 1
4 1
5 0
6 1
7 0

Output bit columns (with bitsum as hash)
0 000010100 2
1 110000101 4
2 000000010 1
3 101011111 7
4 010110111 6
5 011111100 6
6 110101011 6
7 001111000 4

Input 0: 11100101
0 1
1 1
2 1
3 0
4 0
5 1
6 0
7 1

Input 1: 10011101
0 1
1 0
2 0
3 1
4 1
5 1
6 0
7 1

Input 2: 00101010
0 0
1 0
2 1
3 0
4 1
5 0
6 1
7 0

Input 3: 00011110
0 0
1 0
2 0
3 1
4 1
5 1
6 1
7 0

Input 4: 10111011
0 1
1 0
2 1
3 1
4 1
5 0
6 1
7 1

Input 5: 00101110
0 0
1 0
2 1
3 0
4 1
5 1
6 1
7 0

Input 6: 11111001
0 1
1 1
2 1
3 1
4 1
5 0
6 0
7 1

Input 7: 01110100
0 0
1 1
2 1
3 1
4 0
5 1
6 0
7 0

Input 8: 10110100
0 1
1 0
2 1
3 1
4 0
5 1
6 0
7 0

When matching output
x: not in operator
y: wrong position

Identity
0 110010101 5
1 100000110 3
2 101011111 7 match 3
3 010110111 6 match 4
4 011111100 6 match 5
5 110101011 6 match 6
6 001111000 4 match 7
7 110010100 4

Matching output
0 absent
1 absent
2 absent
3 2
4 3
5 4
6 5
7 6

Left
none
Best: none

Right
6 5 4 3 2 1x
Best: I6 5 4 3 2: 5

NOT
0 001101010 4
1 011111001 6
2 010100000 2
3 101001000 3
4 100000011 3
5 001010100 3
6 110000111 5
7 001101011 5

Matching output
0 absent
1 absent
2 absent
3 absent
4 absent
5 absent
6 absent
7 absent

Left
none
Best: none

Right
none
Best: none

Constant
0 000000000 a
1 111111111 a

Matching output
0 absent
1 absent
2 absent
3 absent
4 absent
5 absent
6 absent
7 absent

Left
none
Best: none

Right
none
Best: none

AND
01 10 100000100 2
12 21 100000110 3
23 32 000010111 4
34 43 010110100 4
45 54 010101000 3
56 65 000101000 2
67 76 000010000 1
70 07 110010100 4

02 20 100010101 4
13 31 000000110 2
24 42 001011100 4
35 53 010100011 4
46 64 001111000 4 match 7
57 75 110000000 2
60 06 000010000 1
71 17 100000100 2

03 30 010010101 4
14 41 000000100 1
25 52 100001011 4
36 63 000110000 2
47 74 010010100 3
50 05 110000001 3
61 16 000000000 a
72 27 100010100 3

04 40 010010100 3
15 51 100000010 2
26 62 001011000 3
37 73 010010100 3

Matching output
0 absent
1 absent
2 absent
3 absent
4 absent
5 absent
6 absent
7 46 64

Left
none
Best: none

Right
46 35x
64 53x
Best: AND46: 1

OR
01 10 110010111 6
12 21 101011111 7 match 3
23 32 111111111 a
34 43 011111111 8
45 54 111111111 a
56 65 111111011 8
67 76 111111100 7
70 07 110010101 5

02 20 111011111 8
13 31 110110111 7
24 42 111111111 a
35 53 110111111 8
46 64 011111100 6 match 5
57 75 110111111 8
60 06 111111101 8
71 17 110010110 5

03 30 110110111 7
14 41 111111110 8
25 52 111111111 a
36 63 011111111 8
47 74 111111100 7
50 05 110111111 8
61 16 101111110 7
72 27 111011111 8

04 40 111111101 8
15 51 110101111 7
26 62 101111111 8
37 73 110110111 7

Matching output
0 absent
1 absent
2 absent
3 12 21
4 absent
5 46 64
6 absent
7 absent

Left
none
Best: none

Right
none
Best: none

XOR
01 10 010010011 4
12 21 001011001 4
23 32 111101000 5
34 43 001001011 4
45 54 101010111 6
56 65 111010011 6
67 76 111101100 6
70 07 000000001 1

02 20 011001010 4
13 31 110110001 5
24 42 110100011 5
35 53 100011100 4
46 64 010000100 2
57 75 000111111 6
60 06 111101101 7
71 17 010010010 3

03 30 100100010 3
14 41 111111010 7
25 52 011110100 5
36 63 011001111 6
47 74 101101000 4
50 05 000111110 5
61 16 101111110 7
72 27 011001011 5

04 40 101101001 5
15 51 010101101 5
26 62 100100111 5
37 73 100100011 4

Matching output
0 absent
1 absent
2 absent
3 absent
4 absent
5 absent
6 absent
7 absent

Left
none
Best: none

Right
none
Best: none

AND-NOT
01 010010001 3
12 000000000 a
23 101001000 3
34 000000011 2
45 001010100 3
56 110000011 4
67 001101000 3
70 000000000 a

02 010000000 1
13 100000000 1
24 100000011 3
35 000010100 2 match 0
46 010000100 2
57 000101011 4
60 001101000 3
71 010010000 2

03 100000000 1
14 100000010 2
25 001010100 3
36 010000111 4
47 001101000 3
50 000101010 3
61 001111000 4 match 7
72 010000000 1

04 100000001 2
15 000000100 1
26 100000111 4
37 000100011 3
40 001101000 3
51 010101001 4
62 000100000 1
73 100000000 1

05 000010100 2 match 0
16 100000110 3
27 001001011 4
30 000100010 2
41 011111000 5
52 010100000 2
63 001001000 2
74 100000000 1

06 110000101 4 match 1
17 000000010 1 match 2
20 001001010 3
31 010110001 4
42 010100000 2
53 100001000 2
64 000000000 a
75 000010100 2 match 0

07 000000001 1
10 000000010 1 match 2
21 001011001 4
32 010100000 2
43 001001000 2
54 100000011 3
65 001010000 2
76 110000100 3

Matching output
0 35 05 75
1 06
2 17 10
3 absent
4 absent
5 absent
6 absent
7 61

Left
35 46x
05 16x
75 06 17 20x
Best: AND-NOT75 06 17: 3

Right
61 50x
Best: AND-NOT61: 1

OR-NOT
01 111111101 8
12 110100110 5
23 101011111 7 match 3
34 110110111 7
45 011111100 6 match 5
56 110101111 7
67 001111011 6
70 111111110 8

02 110110101 6
13 101001110 5
24 101011111 7 match 3
35 011110111 7
46 111111111 a
57 111101011 7
60 001111010 5
71 111111101 8

03 111011101 7
14 100000111 4
25 101011111 7 match 3
36 110110111 7
47 011111111 8
50 111101011 7
61 011111001 6
72 110110100 5

04 110010111 6
15 101010110 5
26 111011111 8
37 011111111 8
40 011111110 7
51 111111011 8
62 011111000 5
73 111011100 6

05 111010101 6
16 110000111 5
27 101111111 8
30 011111111 8
41 011111101 7
52 110101011 6 match 6
63 101111000 5
74 110010111 6

06 110010111 6
17 101101111 7
20 101111111 8
31 011111111 8
42 011111100 6 match 5
53 111101011 7
64 101111011 7
75 111010100 5

07 111111111 a
10 101101110 6
21 111111111 a
32 010110111 6 match 4
43 111111100 7
54 110101011 6 match 6
65 001111100 5
76 110010111 6

Matching output
0 absent
1 absent
2 absent
3 23 24 25
4 32
5 45 42
6 52 54
7 absent

Left
none
Best: none

Right
none
Best: none

XOR-NOT
01 101101100 5
12 110100110 5
23 000010111 4
34 110110100 5
45 010101000 3
56 000101100 3
67 000010011 3
70 111111110 8

02 100110101 5
13 001001110 4
24 001011100 4
35 011100011 5
46 101111011 7
57 111000000 3
60 000010010 2
71 101101101 6

03 011011101 6
14 000000101 2
25 100001011 4
36 100110000 3
47 010010111 5
50 111000001 4
61 010000001 2
72 100110100 4

04 010010110 4
15 101010010 4
26 011011000 4
37 011011100 5
40 010010110 4
51 101010010 4
62 011011000 4
73 011011100 5

05 111000001 4
16 010000001 2
27 100110100 4
30 011011101 6
41 000000101 2
52 100001011 4
63 100110000 3
74 010010111 5

06 000010010 2
17 101101101 6
20 100110101 5
31 001001110 4
42 001011100 4
53 011100011 5
64 101111011 7
75 111000000 3

07 111111110 8
10 101101100 5
21 110100110 5
32 000010111 4
43 110110100 5
54 010101000 3
65 000101100 3
76 000010011 3

Matching output
0 absent
1 absent
2 absent
3 absent
4 absent
5 absent
6 absent
7 absent

Left
none
Best: none

Right
none
Best: none

Selecting

Lefts
Identity none
NOT none
Constant none
AND none
OR none
XOR none
AND-NOT AND-NOT75 06 17: 3
OR-NOT none
XOR-NOT none

Rights
Identity I6 5 4 3 2: 5
NOT none
Constant none
AND AND46: 1
OR none
XOR none
AND-NOT AND-NOT61: 1
OR-NOT none
XOR-NOT none

Left longest: 3
Right longest: 5

Right winner: Identity yes, NOT no, Constant no, AND no, OR no, XOR no, AND-NOT no, OR-NOT no, XOR-NOT no
Left winner: Identity no, NOT no, Constant no, AND no, OR no, XOR no, AND-NOT yes, OR-NOT no, XOR-NOT no

Best right: I6 5 4 3 2: 5
Best left: AND-NOT75 06 17: 3

Truncated right: I6 5 4 3 2: 5
Truncated left: AND-NOT75 06 17: 3

Tentative from right
7 I6
6 I5
5 I4
4 I3
3 I2
2 pending
1 pending
0 pending

Tentative
0 AND-NOT75
1 AND-NOT06
2 AND-NOT17
3 I2
4 I3
5 I4
6 I5
7 I6

Preferred from right
7 I6
6 I5
5 I4
4 I3
3 I2
2 AND-NOT17
1 AND-NOT06
0 AND-NOT75

Preferred from left
0 AND-NOT75
1 AND-NOT06
2 AND-NOT17
3 I2
4 I3
5 I4
6 I5
7 I6

Preferred
0 AND-NOT75
1 AND-NOT06
2 AND-NOT17
3 I2
4 I3
5 I4
6 I5
7 I6

Matching
0 AND-NOT75
1 AND-NOT06
2 AND-NOT17
3 I2
4 I3
5 I4
6 I5
7 I6

Perfect match
Identity no
NOT no
Constant no
AND no
OR no
XOR no
AND-NOT no
OR-NOT no
XOR-NOT no

Matched
0 AND-NOT75
1 AND-NOT06
2 AND-NOT17
3 I2
4 I3
5 I4
6 I5
7 I6

Selected
0 AND-NOT75
1 AND-NOT06
2 AND-NOT17
3 I2
4 I3
5 I4
6 I5
7 I6

Applying to 00100100
Input
0 0
1 0
2 1
3 0
4 0
5 1
6 0
7 0
Output
0 AND-NOT75 = AND(0,NOT(1)) = 0
1 AND-NOT06 = AND(0,NOT(0)) = 0
2 AND-NOT17 = AND(0,NOT(0)) = 0
3 I2 = 1
4 I3 = 0
5 I4 = 0
6 I5 = 1
7 I6 = 0

I will now return the answer in \boxed{}
The answer in \boxed{–} is \boxed{00010010}