We need to deduce the transformation by matching the example outputs.
I will put my final answer inside \boxed{}.

Output 0: 00001001
0 0
1 0
2 0
3 0
4 1
5 0
6 0
7 1

Output 1: 00110000
0 0
1 0
2 1
3 1
4 0
5 0
6 0
7 0

Output 2: 00000001
0 0
1 0
2 0
3 0
4 0
5 0
6 0
7 1

Output 3: 00001001
0 0
1 0
2 0
3 0
4 1
5 0
6 0
7 1

Output 4: 00010010
0 0
1 0
2 0
3 1
4 0
5 0
6 1
7 0

Output 5: 00110000
0 0
1 0
2 1
3 1
4 0
5 0
6 0
7 0

Output 6: 00000010
0 0
1 0
2 0
3 0
4 0
5 0
6 1
7 0

Output 7: 10000001
0 1
1 0
2 0
3 0
4 0
5 0
6 0
7 1

Output 8: 10000101
0 1
1 0
2 0
3 0
4 0
5 1
6 0
7 1

Output 9: 00010011
0 0
1 0
2 0
3 1
4 0
5 0
6 1
7 1

Output bit columns (with bitsum as hash)
0 0000000110 2
1 0000000000 a
2 0100010000 2
3 0100110001 4
4 1001000000 2
5 0000000010 1
6 0000101001 3
7 1011000111 6

Input 0: 11111011
0 1
1 1
2 1
3 1
4 1
5 0
6 1
7 1

Input 1: 10000110
0 1
1 0
2 0
3 0
4 0
5 1
6 1
7 0

Input 2: 00101000
0 0
1 0
2 1
3 0
4 1
5 0
6 0
7 0

Input 3: 00101001
0 0
1 0
2 1
3 0
4 1
5 0
6 0
7 1

Input 4: 11010010
0 1
1 1
2 0
3 1
4 0
5 0
6 1
7 0

Input 5: 00000111
0 0
1 0
2 0
3 0
4 0
5 1
6 1
7 1

Input 6: 01010000
0 0
1 1
2 0
3 1
4 0
5 0
6 0
7 0

Input 7: 10111111
0 1
1 0
2 1
3 1
4 1
5 1
6 1
7 1

Input 8: 10110100
0 1
1 0
2 1
3 1
4 0
5 1
6 0
7 0

Input 9: 01100010
0 0
1 1
2 1
3 0
4 0
5 0
6 1
7 0

When matching output
x: not in operator
y: wrong position

Identity
0 1100100110 5
1 1000101001 4
2 1011000111 6 match 7
3 1000101110 5
4 1011000100 4
5 0100010110 4
6 1100110101 6
7 1001010100 4

Matching output
0 absent
1 absent
2 absent
3 absent
4 absent
5 absent
6 absent
7 2

Left
none
Best: none

Right
2 1x
Best: I2: 1

NOT
0 0011011001 5
1 0111010110 6
2 0100111000 4
3 0111010001 5
4 0100111011 6
5 1011101001 6
6 0011001010 4
7 0110101011 6

Matching output
0 absent
1 absent
2 absent
3 absent
4 absent
5 absent
6 absent
7 absent

Left
none
Best: none

Right
none
Best: none

Constant
0 0000000000 a match 1
1 1111111111 a

Matching output
0 absent
1 C0
2 absent
3 absent
4 absent
5 absent
6 absent
7 absent

Left
none
Best: none

Right
none
Best: none

AND
01 10 1000100000 2
12 21 1000000001 2
23 32 1000000110 3
34 43 1000000100 2
45 54 0000000100 1
56 65 0100010100 3
67 76 1000010100 3
70 07 1000000100 2

02 20 1000000110 3
13 31 1000101000 3
24 42 1011000100 4
35 53 0000000110 2 match 0
46 64 1000000100 2
57 75 0000010100 2
60 06 1100100100 4
71 17 1000000000 1

03 30 1000100110 4
14 41 1000000000 1
25 52 0000000110 2 match 0
36 63 1000100100 3
47 74 1001000100 3
50 05 0100000110 3
61 16 1000100001 3
72 27 1001000100 3

04 40 1000000100 2
15 51 0000000000 a match 1
26 62 1000000101 3
37 73 1000000100 2

Matching output
0 35 53 25 52
1 15 51
2 absent
3 absent
4 absent
5 absent
6 absent
7 absent

Left
35 46x
53 64x
25 36x
52 63x
Best: AND35: 1

Right
none
Best: none

OR
01 10 1100101111 7
12 21 1011101111 8
23 32 1011101111 8
34 43 1011101110 7
45 54 1111010110 7
56 65 1100110111 7
67 76 1101110101 7
70 07 1101110110 7

02 20 1111100111 8
13 31 1000101111 6
24 42 1011000111 6 match 7
35 53 1100111110 7
46 64 1111110101 8
57 75 1101010110 6
60 06 1100110111 7
71 17 1001111101 7

03 30 1100101110 6
14 41 1011101101 7
25 52 1111010111 8
36 63 1100111111 8
47 74 1011010100 5
50 05 1100110110 6
61 16 1100111101 7
72 27 1011010111 7

04 40 1111100110 7
15 51 1100111111 8
26 62 1111110111 9
37 73 1001111110 7

Matching output
0 absent
1 absent
2 absent
3 absent
4 absent
5 absent
6 absent
7 24 42

Left
none
Best: none

Right
24 13x
42 31x
Best: OR24: 1

XOR
01 10 0100001111 5
12 21 0011101110 6
23 32 0011101001 5
34 43 0011101010 5
45 54 1111010010 6
56 65 1000100011 4
67 76 0101100001 4
70 07 0101110010 5

02 20 0111100001 5
13 31 0000000111 3
24 42 0000000011 2
35 53 1100111000 5
46 64 0111110001 6
57 75 1101000010 4
60 06 0000010011 3
71 17 0001111101 6

03 30 0100001000 2
14 41 0011101101 6
25 52 1111010001 6
36 63 0100011011 5
47 74 0010010000 2
50 05 1000110000 3
61 16 0100011100 4
72 27 0010010011 4

04 40 0111100010 5
15 51 1100111111 8
26 62 0111110010 6
37 73 0001111010 5

Matching output
0 absent
1 absent
2 absent
3 absent
4 absent
5 absent
6 absent
7 absent

Left
none
Best: none

Right
none
Best: none

AND-NOT
01 0100000110 3
12 0000101000 2
23 0011000001 3
34 0000101010 3
45 1011000000 3
56 0000000010 1 match 5
67 0100100001 3
70 0001010000 2

02 0100100000 2
13 0000000001 1
24 0000000011 2
35 1000101000 3
46 0011000000 2
57 0100000010 2
60 0000010001 2
71 0001010100 3

03 0100000000 1
14 0000101001 3 match 6
25 1011000001 4
36 0000001010 2
47 0010000000 1
50 0000010000 1
61 0100010100 3
72 0000010000 1

04 0100100010 3
15 1000101001 4
26 0011000010 3
37 0000101010 3
40 0011000000 2
51 0100010110 4
62 0100110000 3
73 0001010000 2

05 1000100000 2
16 0000001000 1
27 0010000011 3
30 0000001000 1
41 0011000100 3
52 0100010000 2 match 2
63 0100010001 3
74 0000010000 1

06 0000000010 1 match 5
17 0000101001 3 match 6
20 0011000001 3
31 0000000110 2 match 0
42 0000000000 a match 1
53 0100010000 2 match 2
64 0100110001 4 match 3
75 1001000000 2 match 4

07 0100100010 3
10 0000001001 2
21 0011000110 4
32 0000101000 2
43 0011000000 2
54 0100010010 3
65 1000100001 3
76 0001000000 1

Matching output
0 31
1 42
2 52 53
3 64
4 75
5 56 06
6 14 17
7 absent

Left
31 42 53 64 75 06 17 20x
Best: AND-NOT31 42 53 64 75 06 17: 7

Right
none
Best: none

OR-NOT
01 1111110110 8
12 1100111001 6
23 1111010111 8
34 1100111111 8
45 1011101101 7
56 0111011110 7
67 1110111111 9
70 1011011101 7

02 1100111110 7
13 1111111001 8
24 1111111111 a
35 1011101111 8
46 1011001110 6
57 0110111111 8
60 1111111101 9
71 1111010110 7

03 1111110111 9
14 1100111011 7
25 1011101111 8
36 1011101110 7
47 1111101111 9
50 0111011111 8
61 1111110111 9
72 1101111100 7

04 1100111111 8
15 1011101001 6
26 1011001111 7
37 1110101111 8
40 1011011101 7
51 0111010110 6
62 1100111101 7
73 1111010101 7

05 1111101111 9
16 1011101011 7
27 1111101111 9
30 1011111111 9
41 1111010110 7
52 0100111110 6
63 1111110101 8
74 1101111111 9

06 1111101110 8
17 1110101011 7
20 1011011111 8
31 1111111110 9
42 1111111100 8
53 0111010111 7
64 1100111111 8
75 1011111101 8

07 1110101111 8
10 1011111001 7
21 1111010111 8
32 1100111110 7
43 1111010101 7
54 0100111111 7
65 1111111101 9
76 1011011110 7

Matching output
0 absent
1 absent
2 absent
3 absent
4 absent
5 absent
6 absent
7 absent

Left
none
Best: none

Right
none
Best: none

XOR-NOT
01 1011110000 5
12 1100010001 4
23 1100010110 5
34 1100010101 5
45 0000101101 4
56 0111011100 6
67 1010011110 6
70 1010001101 5

02 1000011110 5
13 1111111000 7
24 1111111100 8
35 0011000111 5
46 1000001110 4
57 0010111101 6
60 1111101100 7
71 1110000010 4

03 1011110111 8
14 1100010010 4
25 0000101110 4
36 1011100100 5
47 1101101111 8
50 0111001111 7
61 1011100011 6
72 1101101100 6

04 1000011101 5
15 0011000000 2
26 1000001101 4
37 1110000101 5
40 1000011101 5
51 0011000000 2
62 1000001101 4
73 1110000101 5

05 0111001111 7
16 1011100011 6
27 1101101100 6
30 1011110111 8
41 1100010010 4
52 0000101110 4
63 1011100100 5
74 1101101111 8

06 1111101100 7
17 1110000010 4
20 1000011110 5
31 1111111000 7
42 1111111100 8
53 0011000111 5
64 1000001110 4
75 0010111101 6

07 1010001101 5
10 1011110000 5
21 1100010001 4
32 1100010110 5
43 1100010101 5
54 0000101101 4
65 0111011100 6
76 1010011110 6

Matching output
0 absent
1 absent
2 absent
3 absent
4 absent
5 absent
6 absent
7 absent

Left
none
Best: none

Right
none
Best: none

Selecting

Lefts
Identity none
NOT none
Constant none
AND AND35: 1
OR none
XOR none
AND-NOT AND-NOT31 42 53 64 75 06 17: 7
OR-NOT none
XOR-NOT none

Rights
Identity I2: 1
NOT none
Constant none
AND none
OR OR24: 1
XOR none
AND-NOT none
OR-NOT none
XOR-NOT none

Left longest: 7
Right longest: 1

Left winner: Identity no, NOT no, Constant no, AND no, OR no, XOR no, AND-NOT yes, OR-NOT no, XOR-NOT no
Right winner: Identity yes, NOT no, Constant no, AND no, OR no, XOR no, AND-NOT no, OR-NOT no, XOR-NOT no

Best left: AND-NOT31 42 53 64 75 06 17: 7
Best right: I2: 1

Truncated left: AND-NOT31 42 53 64 75 06 17: 7
Truncated right: I2: 1

Tentative from right
7 I2
6 pending
5 pending
4 pending
3 pending
2 pending
1 pending
0 pending

Tentative
0 AND-NOT31
1 AND-NOT42
2 AND-NOT53
3 AND-NOT64
4 AND-NOT75
5 AND-NOT06
6 AND-NOT17
7 I2

Preferred from left
0 AND-NOT31
1 AND-NOT42
2 AND-NOT53
3 AND-NOT64
4 AND-NOT75
5 AND-NOT06
6 AND-NOT17
7 I2

Preferred from right
7 I2
6 AND-NOT17
5 AND-NOT06
4 AND-NOT75
3 AND-NOT64
2 AND-NOT53
1 AND-NOT42
0 AND-NOT31

Preferred
0 AND-NOT31
1 AND-NOT42
2 AND-NOT53
3 AND-NOT64
4 AND-NOT75
5 AND-NOT06
6 AND-NOT17
7 I2

Matching
0 AND-NOT31
1 AND-NOT42
2 AND-NOT53
3 AND-NOT64
4 AND-NOT75
5 AND-NOT06
6 AND-NOT17
7 I2

Perfect match
Identity no
NOT no
Constant no
AND no
OR no
XOR no
AND-NOT no
OR-NOT no
XOR-NOT no

Matched
0 AND-NOT31
1 AND-NOT42
2 AND-NOT53
3 AND-NOT64
4 AND-NOT75
5 AND-NOT06
6 AND-NOT17
7 I2

Selected
0 AND-NOT31
1 AND-NOT42
2 AND-NOT53
3 AND-NOT64
4 AND-NOT75
5 AND-NOT06
6 AND-NOT17
7 I2

Applying to 11111111
Input
0 1
1 1
2 1
3 1
4 1
5 1
6 1
7 1
Output
0 AND-NOT31 = AND(1,NOT(1)) = 0
1 AND-NOT42 = AND(1,NOT(1)) = 0
2 AND-NOT53 = AND(1,NOT(1)) = 0
3 AND-NOT64 = AND(1,NOT(1)) = 0
4 AND-NOT75 = AND(1,NOT(1)) = 0
5 AND-NOT06 = AND(1,NOT(1)) = 0
6 AND-NOT17 = AND(1,NOT(1)) = 0
7 I2 = 1

I will now return the answer in \boxed{}
The answer in \boxed{–} is \boxed{00000001}