We need to deduce the transformation by matching the example outputs.
I will put my final answer inside \boxed{}.

Output 0: 00000001
0 0
1 0
2 0
3 0
4 0
5 0
6 0
7 1

Output 1: 00001100
0 0
1 0
2 0
3 0
4 1
5 1
6 0
7 0

Output 2: 10001001
0 1
1 0
2 0
3 0
4 1
5 0
6 0
7 1

Output 3: 00001011
0 0
1 0
2 0
3 0
4 1
5 0
6 1
7 1

Output 4: 00000000
0 0
1 0
2 0
3 0
4 0
5 0
6 0
7 0

Output 5: 00001010
0 0
1 0
2 0
3 0
4 1
5 0
6 1
7 0

Output 6: 10001101
0 1
1 0
2 0
3 0
4 1
5 1
6 0
7 1

Output 7: 00000111
0 0
1 0
2 0
3 0
4 0
5 1
6 1
7 1

Output 8: 10000100
0 1
1 0
2 0
3 0
4 0
5 1
6 0
7 0

Output 9: 10000000
0 1
1 0
2 0
3 0
4 0
5 0
6 0
7 0

Output bit columns (with bitsum as hash)
0 0010001011 4
1 0000000000 a
2 0000000000 a
3 0000000000 a
4 0111011000 5
5 0100001110 4
6 0001010100 3
7 1011001100 5

Input 0: 00010111
0 0
1 0
2 0
3 1
4 0
5 1
6 1
7 1

Input 1: 11000000
0 1
1 1
2 0
3 0
4 0
5 0
6 0
7 0

Input 2: 10011001
0 1
1 0
2 0
3 1
4 1
5 0
6 0
7 1

Input 3: 10111110
0 1
1 0
2 1
3 1
4 1
5 1
6 1
7 0

Input 4: 00000101
0 0
1 0
2 0
3 0
4 0
5 1
6 0
7 1

Input 5: 10101100
0 1
1 0
2 1
3 0
4 1
5 1
6 0
7 0

Input 6: 11011001
0 1
1 1
2 0
3 1
4 1
5 0
6 0
7 1

Input 7: 01110111
0 0
1 1
2 1
3 1
4 0
5 1
6 1
7 1

Input 8: 01001001
0 0
1 1
2 0
3 0
4 1
5 0
6 0
7 1

Input 9: 00001001
0 0
1 0
2 0
3 0
4 1
5 0
6 0
7 1

When matching output
x: not in operator
y: wrong position

Identity
0 0111011000 5 match 4
1 0100001110 4 match 5
2 0001010100 3 match 6
3 1011001100 5 match 7
4 0011011011 6
5 1001110100 5
6 1001000100 3
7 1010101111 7

Matching output
0 absent
1 absent
2 absent
3 absent
4 0
5 1
6 2
7 3

Left
none
Best: none

Right
3 2 1 0 7x
Best: I3 2 1 0: 4

NOT
0 1000100111 5
1 1011110001 6
2 1110101011 7
3 0100110011 5
4 1100100100 4
5 0110001011 5
6 0110111011 7
7 0101010000 3

Matching output
0 absent
1 absent
2 absent
3 absent
4 absent
5 absent
6 absent
7 absent

Left
none
Best: none

Right
none
Best: none

Constant
0 0000000000 a match 1 2 3
1 1111111111 a

Matching output
0 absent
1 C0
2 C0
3 C0
4 absent
5 absent
6 absent
7 absent

Left
none
Best: none

Right
none
Best: none

AND
01 10 0100001000 2
12 21 0000000100 1
23 32 0001000100 2
34 43 0011001000 3
45 54 0001010000 2
56 65 1001000100 3
67 76 1000000100 2
70 07 0010001000 2

02 20 0001010000 2
13 31 0000001100 2
24 42 0001010000 2
35 53 1001000100 3
46 64 0001000000 1
57 75 1000100100 3
60 06 0001000000 1
71 17 0000001110 3

03 30 0011001000 3
14 41 0000001010 2
25 52 0001010100 3 match 6
36 63 1001000100 3
47 74 0010001011 4 match 0
50 05 0001010000 2
61 16 0000000100 1
72 27 0000000100 1

04 40 0011011000 4
15 51 0000000100 1
26 62 0001000100 2
37 73 1010001100 4

Matching output
0 47 74
1 absent
2 absent
3 absent
4 absent
5 absent
6 25 52
7 absent

Left
47 50x
74 05x
Best: AND47: 1

Right
none
Best: none

OR
01 10 0111011110 7
12 21 0101011110 6
23 32 1011011100 6
34 43 1011011111 8
45 54 1011111111 9
56 65 1001110100 5
67 76 1011101111 8
70 07 1111111111 a

02 20 0111011100 6
13 31 1111001110 7
24 42 0011011111 7
35 53 1011111100 7
46 64 1011011111 8
57 75 1011111111 9
60 06 1111011100 7
71 17 1110101111 8

03 30 1111011100 7
14 41 0111011111 8
25 52 1001110100 5
36 63 1011001100 5 match 7
47 74 1011111111 9
50 05 1111111100 8
61 16 1101001110 6
72 27 1011111111 9

04 40 0111011011 7
15 51 1101111110 8
26 62 1001010100 4
37 73 1011101111 8

Matching output
0 absent
1 absent
2 absent
3 absent
4 absent
5 absent
6 absent
7 36 63

Left
none
Best: none

Right
36 25x
63 52x
Best: OR36: 1

XOR
01 10 0011010110 5
12 21 0101011010 5
23 32 1010011000 4
34 43 1000010111 5
45 54 1010101111 7
56 65 0000110000 2
67 76 0011101011 6
70 07 1101110111 8

02 20 0110001100 4
13 31 1111000010 5
24 42 0010001111 5
35 53 0010111000 4
46 64 1010011111 7
57 75 0011011011 6
60 06 1110011100 6
71 17 1110100001 5

03 30 1100010100 4
14 41 0111010101 6
25 52 1000100000 2
36 63 0010001000 2
47 74 1001110100 5
50 05 1110101100 6
61 16 1101001010 5
72 27 1011111011 8

04 40 0100000011 3
15 51 1101111010 7
26 62 1000010000 2
37 73 0001100011 4

Matching output
0 absent
1 absent
2 absent
3 absent
4 absent
5 absent
6 absent
7 absent

Left
none
Best: none

Right
none
Best: none

AND-NOT
01 0011010000 3
12 0100001010 3
23 0000010000 1
34 1000000100 2
45 0010001011 4 match 0
56 0000110000 2
67 0001000000 1
70 1000100111 5

02 0110001000 3
13 0100000010 2
24 0000000100 1
35 0010001000 2
46 0010011011 5
57 0001010000 2
60 1000000100 2
71 1010100001 4

03 0100010000 2
14 0100000100 2
25 0000000000 a match 1 2 3
36 0010001000 2
47 0001010000 2
50 1000100100 3
61 1001000000 2
72 1010101011 6

04 0100000000 1
15 0100001010 3
26 0000010000 1
37 0001000000 1
40 0000000011 2
51 1001110000 4
62 1000000000 1
73 0000100011 3

05 0110001000 3
16 0100001010 3
27 0001010000 2
30 1000000100 2
41 0011010001 4
52 1000100000 2
63 0000000000 a match 1 2 3
74 1000100100 3

06 0110011000 4
17 0100000000 1
20 0000000100 1
31 1011000000 3
42 0010001011 4 match 0
53 0000110000 2
64 1000000100 2
75 0010001011 4 match 0

07 0101010000 3
10 0000000110 2
21 0001010000 2
32 1010001000 3
43 0000010011 3
54 1000100100 3
65 0000000000 a match 1 2 3
76 0010101011 5

Matching output
0 45 42 75
1 25 63 65
2 25 63 65
3 25 63 65
4 absent
5 absent
6 absent
7 absent

Left
45 56x
42 53x
75 06x
Best: AND-NOT45: 1

Right
none
Best: none

OR-NOT
01 1111111001 8
12 1110101111 8
23 0101110111 7
34 1111101100 7
45 0111011011 7
56 1111111111 a
67 1101010100 5
70 1010101111 7

02 1111111011 9
13 0100111111 7
24 1101110100 6
35 1111001111 8
46 0111111011 8
57 1101110100 6
60 1001100111 6
71 1011111111 9

03 0111111011 8
14 1100101110 6
25 0111011111 8
36 1111111111 a
47 0111011011 7
50 1001110111 7
61 1011110101 7
72 1110101111 8

04 1111111100 8
15 0110001111 6
26 0111111111 9
37 1111011100 7
40 1011111111 9
51 1011110101 7
62 1111101111 9
73 1110111111 9

05 0111011011 7
16 0110111111 8
27 0101010100 4
30 1011101111 8
41 1011111011 8
52 1111111111 a
63 1101110111 8
74 1110101111 8

06 0111111011 8
17 0101011110 6
20 1001110111 7
31 1011111101 8
42 1111111011 9
53 1101110111 8
64 1101100100 5
75 1110101111 8

07 0111011000 5 match 4
10 1100101111 7
21 1011110101 7
32 1111101111 9
43 0111111011 8
54 1101110100 6
65 1111001111 8
76 1110111111 9

Matching output
0 absent
1 absent
2 absent
3 absent
4 07
5 absent
6 absent
7 absent

Left
none
Best: none

Right
none
Best: none

XOR-NOT
01 1100101001 5
12 1010100101 5
23 0101100111 6
34 0111101000 5
45 0101010000 3
56 1111001111 8
67 1100010100 4
70 0010001000 2

02 1001110011 6
13 0000111101 5
24 1101110000 5
35 1101000111 6
46 0101100000 3
57 1100100100 4
60 0001100011 4
71 0001011110 5

03 0011101011 6
14 1000101010 4
25 0111011111 8
36 1101110111 8
47 0110001011 5
50 0001010011 4
61 0010110101 5
72 0100000100 2

04 1011111100 7
15 0010000101 3
26 0111101111 8
37 1110011100 6
40 1011111100 7
51 0010000101 3
62 0111101111 8
73 1110011100 6

05 0001010011 4
16 0010110101 5
27 0100000100 2
30 0011101011 6
41 1000101010 4
52 0111011111 8
63 1101110111 8
74 0110001011 5

06 0001100011 4
17 0001011110 5
20 1001110011 6
31 0000111101 5
42 1101110000 5
53 1101000111 6
64 0101100000 3
75 1100100100 4

07 0010001000 2
10 1100101001 5
21 1010100101 5
32 0101100111 6
43 0111101000 5
54 0101010000 3
65 1111001111 8
76 1100010100 4

Matching output
0 absent
1 absent
2 absent
3 absent
4 absent
5 absent
6 absent
7 absent

Left
none
Best: none

Right
none
Best: none

Selecting

Lefts
Identity none
NOT none
Constant none
AND AND47: 1
OR none
XOR none
AND-NOT AND-NOT45: 1
OR-NOT none
XOR-NOT none

Rights
Identity I3 2 1 0: 4
NOT none
Constant none
AND none
OR OR36: 1
XOR none
AND-NOT none
OR-NOT none
XOR-NOT none

Left longest: 1
Right longest: 4

Right winner: Identity yes, NOT no, Constant no, AND no, OR no, XOR no, AND-NOT no, OR-NOT no, XOR-NOT no
Left winner: Identity no, NOT no, Constant no, AND yes, OR no, XOR no, AND-NOT no, OR-NOT no, XOR-NOT no

Best right: I3 2 1 0: 4
Best left: AND47: 1

Truncated right: I3 2 1 0: 4
Truncated left: AND47: 1

Tentative from right
7 I3
6 I2
5 I1
4 I0
3 pending
2 pending
1 pending
0 pending

Tentative
0 AND47
1 pending
2 pending
3 pending
4 I0
5 I1
6 I2
7 I3

Preferred from right
7 I3
6 I2
5 I1
4 I0
3 ??7
2 ??6
1 ??5
0 AND47

Preferred from left
0 AND47
1 ??5
2 ??6
3 ??7
4 I0
5 I1
6 I2
7 I3

Preferred
0 AND47
1 ??5
2 ??6
3 ??7
4 I0
5 I1
6 I2
7 I3

Matching
0 AND47
1 ??5 - Identity absent, NOT absent, Constant C0, AND absent, OR absent, XOR absent, AND-NOT25, OR-NOT absent, XOR-NOT absent
2 ??6 - Identity absent, NOT absent, Constant C0, AND absent, OR absent, XOR absent, AND-NOT absent, OR-NOT absent, XOR-NOT absent
3 ??7 - Identity absent, NOT absent, Constant C0, AND absent, OR absent, XOR absent, AND-NOT absent, OR-NOT absent, XOR-NOT absent
4 I0
5 I1
6 I2
7 I3

Perfect match
Identity no
NOT no
Constant yes
AND no
OR no
XOR no
AND-NOT no
OR-NOT no
XOR-NOT no

Matched
0 AND47
1 C0
2 C0
3 C0
4 I0
5 I1
6 I2
7 I3

Selected
0 AND47
1 C0
2 C0
3 C0
4 I0
5 I1
6 I2
7 I3

Applying to 00100010
Input
0 0
1 0
2 1
3 0
4 0
5 0
6 1
7 0
Output
0 AND47 = AND(0,0) = 0
1 C0 = 0
2 C0 = 0
3 C0 = 0
4 I0 = 0
5 I1 = 0
6 I2 = 1
7 I3 = 0

I will now return the answer in \boxed{}
The answer in \boxed{–} is \boxed{00000010}