We need to deduce the transformation by matching the example outputs.
I will put my final answer inside \boxed{}.

Output 0: 00100011
0 0
1 0
2 1
3 0
4 0
5 0
6 1
7 1

Output 1: 00110001
0 0
1 0
2 1
3 1
4 0
5 0
6 0
7 1

Output 2: 01011101
0 0
1 1
2 0
3 1
4 1
5 1
6 0
7 1

Output 3: 01001000
0 0
1 1
2 0
3 0
4 1
5 0
6 0
7 0

Output 4: 01101100
0 0
1 1
2 1
3 0
4 1
5 1
6 0
7 0

Output 5: 01010100
0 0
1 1
2 0
3 1
4 0
5 1
6 0
7 0

Output 6: 01110100
0 0
1 1
2 1
3 1
4 0
5 1
6 0
7 0

Output 7: 00000010
0 0
1 0
2 0
3 0
4 0
5 0
6 1
7 0

Output 8: 00111011
0 0
1 0
2 1
3 1
4 1
5 0
6 1
7 1

Output 9: 00110101
0 0
1 0
2 1
3 1
4 0
5 1
6 0
7 1

Output bit columns (with bitsum as hash)
0 0000000000 a
1 0011111000 5
2 1100101011 6
3 0110011011 6
4 0011100010 4
5 0010111001 5
6 1000000110 3
7 1110000011 5

Input 0: 01000111
0 0
1 1
2 0
3 0
4 0
5 1
6 1
7 1

Input 1: 01100011
0 0
1 1
2 1
3 0
4 0
5 0
6 1
7 1

Input 2: 10111011
0 1
1 0
2 1
3 1
4 1
5 0
6 1
7 1

Input 3: 10010000
0 1
1 0
2 0
3 1
4 0
5 0
6 0
7 0

Input 4: 11011000
0 1
1 1
2 0
3 1
4 1
5 0
6 0
7 0

Input 5: 10101000
0 1
1 0
2 1
3 0
4 1
5 0
6 0
7 0

Input 6: 11101000
0 1
1 1
2 1
3 0
4 1
5 0
6 0
7 0

Input 7: 00000101
0 0
1 0
2 0
3 0
4 0
5 1
6 0
7 1

Input 8: 01110111
0 0
1 1
2 1
3 1
4 0
5 1
6 1
7 1

Input 9: 01101011
0 0
1 1
2 1
3 0
4 1
5 0
6 1
7 1

When matching output
x: not in operator
y: wrong position

Identity
0 0011111000 5 match 1
1 1100101011 6 match 2
2 0110011011 6 match 3
3 0011100010 4 match 4
4 0010111001 5 match 5
5 1000000110 3 match 6
6 1110000011 5 match 7
7 1110000111 6

Matching output
0 absent
1 0
2 1
3 2
4 3
5 4
6 5
7 6

Left
none
Best: none

Right
6 5 4 3 2 1 0 7x
Best: I6 5 4 3 2 1 0: 7

NOT
0 1100000111 5
1 0011010100 4
2 1001100100 4
3 1100011101 6
4 1101000110 5
5 0111111001 7
6 0001111100 5
7 0001111000 4

Matching output
0 absent
1 absent
2 absent
3 absent
4 absent
5 absent
6 absent
7 absent

Left
none
Best: none

Right
none
Best: none

Constant
0 0000000000 a match 0
1 1111111111 a

Matching output
0 C0
1 absent
2 absent
3 absent
4 absent
5 absent
6 absent
7 absent

Left
0
Best: C0: 1

Right
none
Best: none

AND
01 10 0000101000 2
12 21 0100001011 4
23 32 0010000010 2
34 43 0010100000 2
45 54 0000000000 a match 0
56 65 1000000010 2
67 76 1110000011 5 match 7
70 07 0010000000 1

02 20 0010011000 3
13 31 0000100010 2
24 42 0010011001 4
35 53 0000000010 1
46 64 0010000001 2
57 75 1000000110 3 match 6
60 06 0010000000 1
71 17 1100000011 4

03 30 0011100000 3
14 41 0000101001 3
25 52 0000000010 1
36 63 0010000010 2
47 74 0010000001 2
50 05 0000000000 a match 0
61 16 1100000011 4
72 27 0110000011 4

04 40 0010111000 4
15 51 1000000010 2
26 62 0110000011 4
37 73 0010000010 2

Matching output
0 45 54 50 05
1 absent
2 absent
3 absent
4 absent
5 absent
6 57 75
7 67 76

Left
45 56x
54 65x
50 61x
05 16x
Best: AND45: 1

Right
67 56x
76 65x
Best: AND67: 1

OR
01 10 1111111011 9
12 21 1110111011 8
23 32 0111111011 8
34 43 0011111011 7
45 54 1010111111 8
56 65 1110000111 6
67 76 1110000111 6
70 07 1111111111 a

02 20 0111111011 8
13 31 1111101011 8
24 42 0110111011 7
35 53 1011100110 6
46 64 1110111011 8
57 75 1110000111 6
60 06 1111111011 9
71 17 1110101111 8

03 30 0011111010 6
14 41 1110111011 8
25 52 1110011111 8
36 63 1111100011 7
47 74 1110111111 9
50 05 1011111110 8
61 16 1110101011 7
72 27 1110011111 8

04 40 0011111001 6
15 51 1100101111 7
26 62 1110011011 7
37 73 1111100111 8

Matching output
0 absent
1 absent
2 absent
3 absent
4 absent
5 absent
6 absent
7 absent

Left
none
Best: none

Right
none
Best: none

XOR
01 10 1111010011 7
12 21 1010110000 4
23 32 0101111001 6
34 43 0001011011 5
45 54 1010111111 8
56 65 0110000101 4
67 76 0000000100 1
70 07 1101111111 9

02 20 0101100011 5
13 31 1111001001 6
24 42 0100100010 3
35 53 1011100100 5
46 64 1100111010 6
57 75 0110000001 3
60 06 1101111011 8
71 17 0010101100 4

03 30 0000011010 3
14 41 1110010010 5
25 52 1110011101 7
36 63 1101100001 5
47 74 1100111110 7
50 05 1011111110 8
61 16 0010101000 3
72 27 1000011100 4

04 40 0001000001 2
15 51 0100101101 5
26 62 1000011000 3
37 73 1101100101 6

Matching output
0 absent
1 absent
2 absent
3 absent
4 absent
5 absent
6 absent
7 absent

Left
none
Best: none

Right
none
Best: none

AND-NOT
01 0011010000 3
12 1000100000 2
23 0100011001 4
34 0001000010 2
45 0010111001 5 match 5
56 0000000100 1
67 0000000000 a match 0
70 1100000111 5

02 0001100000 2
13 1100001001 4
24 0100000010 2
35 0011100000 3
46 0000111000 3
57 0000000000 a match 0
60 1100000011 4
71 0010000100 2

03 0000011000 2
14 1100000010 3
25 0110011001 5
36 0001100000 2
47 0000111000 3
50 1000000110 3 match 6
61 0010000000 1
72 1000000100 2

04 0001000000 1
15 0100101001 4
26 0000011000 2
37 0001100000 2
40 0000000001 1
51 0000000100 1
62 1000000000 1
73 1100000101 4

05 0011111000 5 match 1
16 0000101000 2
27 0000011000 2
30 0000000010 1
41 0010010000 2
52 1000000100 2
63 1100000001 3
74 1100000110 4

06 0001111000 4
17 0000101000 2
20 0100000011 3
31 0011000000 2
42 0000100000 1
53 1000000100 2
64 1100000010 3
75 0110000001 3

07 0001111000 4
10 1100000011 4
21 0010010000 2
32 0001100000 2
43 0000011001 3
54 1000000110 3 match 6
65 0110000001 3
76 0000000100 1

Matching output
0 67 57
1 05
2 absent
3 absent
4 absent
5 45
6 50 54
7 absent

Left
67 70x
57 60x
Best: AND-NOT67: 1

Right
none
Best: none

OR-NOT
01 0011111100 6
12 1101101111 8
23 1110011111 8
34 1111100110 7
45 0111111001 7
56 1001111110 7
67 1111111011 9
70 1110000111 6

02 1011111100 7
13 1100111111 8
24 1111011111 9
35 0111111011 8
46 0011111101 7
57 1001111110 7
60 1110000111 6
71 1111010111 8

03 1111111101 9
14 1101101111 8
25 0111111011 8
36 0011111110 7
47 0011111001 6
50 1100000111 5
61 1111010111 8
72 1111100111 8

04 1111111110 9
15 1111111011 9
26 0111111111 9
37 0011111010 6
40 1110111111 9
51 1011010110 6
62 1111100111 8
73 1110011111 8

05 0111111001 7
16 1101111111 9
27 0111111011 8
30 1111100111 8
41 0011111101 7
52 1001100110 5
63 1110011111 8
74 1111000111 7

06 0011111100 6
17 1101111011 8
20 1110011111 8
31 0011110110 6
42 1011111101 8
53 1100011111 7
64 1111000111 7
75 1111111111 a

07 0011111000 5 match 1
10 1100101111 7
21 0111011111 8
32 1011100110 6
43 1110111101 8
54 1101000110 5
65 1111111011 9
76 1111111111 a

Matching output
0 absent
1 07
2 absent
3 absent
4 absent
5 absent
6 absent
7 absent

Left
none
Best: none

Right
none
Best: none

XOR-NOT
01 0000101100 3
12 0101001111 6
23 1010000110 4
34 1110100100 5
45 0101000000 2
56 1001111010 6
67 1111111011 9
70 0010000000 1

02 1010011100 5
13 0000110110 4
24 1011011101 7
35 0100011011 5
46 0011000101 4
57 1001111110 7
60 0010000100 2
71 1101010011 6

03 1111100101 7
14 0001101101 5
25 0001100010 3
36 0010011110 5
47 0011000001 3
50 0100000001 2
61 1101010111 7
72 0111100011 6

04 1110111110 8
15 1011010010 5
26 0111100111 7
37 0010011010 4
40 1110111110 8
51 1011010010 5
62 0111100111 7
73 0010011010 4

05 0100000001 2
16 1101010111 7
27 0111100011 6
30 1111100101 7
41 0001101101 5
52 0001100010 3
63 0010011110 5
74 0011000001 3

06 0010000100 2
17 1101010011 6
20 1010011100 5
31 0000110110 4
42 1011011101 7
53 0100011011 5
64 0011000101 4
75 1001111110 7

07 0010000000 1
10 0000101100 3
21 0101001111 6
32 1010000110 4
43 1110100100 5
54 0101000000 2
65 1001111010 6
76 1111111011 9

Matching output
0 absent
1 absent
2 absent
3 absent
4 absent
5 absent
6 absent
7 absent

Left
none
Best: none

Right
none
Best: none

Selecting

Lefts
Identity none
NOT none
Constant C0: 1
AND AND45: 1
OR none
XOR none
AND-NOT AND-NOT67: 1
OR-NOT none
XOR-NOT none

Rights
Identity I6 5 4 3 2 1 0: 7
NOT none
Constant none
AND AND67: 1
OR none
XOR none
AND-NOT none
OR-NOT none
XOR-NOT none

Left longest: 1
Right longest: 7

Right winner: Identity yes, NOT no, Constant no, AND no, OR no, XOR no, AND-NOT no, OR-NOT no, XOR-NOT no
Left winner: Identity no, NOT no, Constant yes, AND no, OR no, XOR no, AND-NOT no, OR-NOT no, XOR-NOT no

Best right: I6 5 4 3 2 1 0: 7
Best left: C0: 1

Truncated right: I6 5 4 3 2 1 0: 7
Truncated left: C0: 1

Tentative from right
7 I6
6 I5
5 I4
4 I3
3 I2
2 I1
1 I0
0 pending

Tentative
0 C0
1 I0
2 I1
3 I2
4 I3
5 I4
6 I5
7 I6

Preferred from right
7 I6
6 I5
5 I4
4 I3
3 I2
2 I1
1 I0
0 C0

Preferred from left
0 C0
1 I0
2 I1
3 I2
4 I3
5 I4
6 I5
7 I6

Preferred
0 C0
1 I0
2 I1
3 I2
4 I3
5 I4
6 I5
7 I6

Matching
0 C0
1 I0
2 I1
3 I2
4 I3
5 I4
6 I5
7 I6

Perfect match
Identity no
NOT no
Constant no
AND no
OR no
XOR no
AND-NOT no
OR-NOT no
XOR-NOT no

Matched
0 C0
1 I0
2 I1
3 I2
4 I3
5 I4
6 I5
7 I6

Selected
0 C0
1 I0
2 I1
3 I2
4 I3
5 I4
6 I5
7 I6

Applying to 11101111
Input
0 1
1 1
2 1
3 0
4 1
5 1
6 1
7 1
Output
0 C0 = 0
1 I0 = 1
2 I1 = 1
3 I2 = 1
4 I3 = 0
5 I4 = 1
6 I5 = 1
7 I6 = 1

I will now return the answer in \boxed{}
The answer in \boxed{–} is \boxed{01110111}