We need to deduce the transformation by matching the example outputs.
I will put my final answer inside \boxed{}.

Output 0: 11101110
0 1
1 1
2 1
3 0
4 1
5 1
6 1
7 0

Output 1: 11001100
0 1
1 1
2 0
3 0
4 1
5 1
6 0
7 0

Output 2: 11111111
0 1
1 1
2 1
3 1
4 1
5 1
6 1
7 1

Output 3: 10111011
0 1
1 0
2 1
3 1
4 1
5 0
6 1
7 1

Output 4: 01110111
0 0
1 1
2 1
3 1
4 0
5 1
6 1
7 1

Output 5: 10111011
0 1
1 0
2 1
3 1
4 1
5 0
6 1
7 1

Output 6: 01110111
0 0
1 1
2 1
3 1
4 0
5 1
6 1
7 1

Output 7: 11111111
0 1
1 1
2 1
3 1
4 1
5 1
6 1
7 1

Output 8: 11111111
0 1
1 1
2 1
3 1
4 1
5 1
6 1
7 1

Output 9: 11111111
0 1
1 1
2 1
3 1
4 1
5 1
6 1
7 1

Output bit columns (with bitsum as hash)
0 1111010111 8
1 1110101111 8
2 1011111111 9
3 0011111111 8
4 1111010111 8
5 1110101111 8
6 1011111111 9
7 0011111111 8

Input 0: 01000111
0 0
1 1
2 0
3 0
4 0
5 1
6 1
7 1

Input 1: 01100000
0 0
1 1
2 1
3 0
4 0
5 0
6 0
7 0

Input 2: 01111110
0 0
1 1
2 1
3 1
4 1
5 1
6 1
7 0

Input 3: 10011100
0 1
1 0
2 0
3 1
4 1
5 1
6 0
7 0

Input 4: 10001011
0 1
1 0
2 0
3 0
4 1
5 0
6 1
7 1

Input 5: 00001101
0 0
1 0
2 0
3 0
4 1
5 1
6 0
7 1

Input 6: 10111010
0 1
1 0
2 1
3 1
4 1
5 0
6 1
7 0

Input 7: 01111101
0 0
1 1
2 1
3 1
4 1
5 1
6 0
7 1

Input 8: 01111000
0 0
1 1
2 1
3 1
4 1
5 0
6 0
7 0

Input 9: 01111100
0 0
1 1
2 1
3 1
4 1
5 1
6 0
7 0

When matching output
x: not in operator
y: wrong position

Identity
0 0001101000 3
1 1110000111 6
2 0110001111 6
3 0011001111 6
4 0011111111 8 match 3 7
5 1011010101 6
6 1010101000 4
7 1000110100 4

Matching output
0 absent
1 absent
2 absent
3 4
4 absent
5 absent
6 absent
7 4

Left
none
Best: none

Right
4 3x
Best: I4: 1

NOT
0 1110010111 7
1 0001111000 4
2 1001110000 4
3 1100110000 4
4 1100000000 2
5 0100101010 4
6 0101010111 6
7 0111001011 6

Matching output
0 absent
1 absent
2 absent
3 absent
4 absent
5 absent
6 absent
7 absent

Left
none
Best: none

Right
none
Best: none

Constant
0 0000000000 a
1 1111111111 a

Matching output
0 absent
1 absent
2 absent
3 absent
4 absent
5 absent
6 absent
7 absent

Left
none
Best: none

Right
none
Best: none

AND
01 10 0000000000 a
12 21 0110000111 5
23 32 0010001111 5
34 43 0011001111 6
45 54 0011010101 5
56 65 1010000000 2
67 76 1000100000 2
70 07 0000100000 1

02 20 0000001000 1
13 31 0010000111 4
24 42 0010001111 5
35 53 0011000101 4
46 64 0010101000 3
57 75 1000010100 3
60 06 0000101000 2
71 17 1000000100 2

03 30 0001001000 2
14 41 0010000111 4
25 52 0010000101 3
36 63 0010001000 2
47 74 0000110100 3
50 05 0001000000 1
61 16 1010000000 2
72 27 0000000100 1

04 40 0001101000 3
15 51 1010000101 4
26 62 0010001000 2
37 73 0000000100 1

Matching output
0 absent
1 absent
2 absent
3 absent
4 absent
5 absent
6 absent
7 absent

Left
none
Best: none

Right
none
Best: none

OR
01 10 1111101111 9
12 21 1110001111 7
23 32 0111001111 7
34 43 0011111111 8 match 3 7
45 54 1011111111 9 match 2 6
56 65 1011111101 8
67 76 1010111100 6
70 07 1001111100 6

02 20 0111101111 8
13 31 1111001111 8
24 42 0111111111 9
35 53 1011011111 8
46 64 1011111111 9 match 2 6
57 75 1011110101 7
60 06 1011101000 5
71 17 1110110111 8

03 30 0011101111 7
14 41 1111111111 a
25 52 1111011111 9
36 63 1011101111 8
47 74 1011111111 9 match 2 6
50 05 1011111101 8
61 16 1110101111 8 match 1 5
72 27 1110111111 9

04 40 0011111111 8 match 3 7
15 51 1111010111 8 match 0 4
26 62 1110101111 8 match 1 5
37 73 1011111111 9 match 2 6

Matching output
0 15 51
1 61 16 26 62
2 45 54 46 64 47 74 37 73
3 34 43 04 40
4 15 51
5 61 16 26 62
6 45 54 46 64 47 74 37 73
7 34 43 04 40

Left
15 26 37 40 51 62 73 04
51 62 73 04 15 26 37 40
Best: OR15 26 37 40 51 62 73 04: 8

Right
34 23x
43 32x
04 73 62 51 40 37 26 15
40 37 26 15 04 73 62 51
Best: OR04 73 62 51 40 37 26 15: 8

XOR
01 10 1111101111 9
12 21 1000001000 2
23 32 0101000000 2
34 43 0000110000 2
45 54 1000101010 4
56 65 0001111101 6
67 76 0010011100 4
70 07 1001011100 5

02 20 0111100111 7
13 31 1101001000 4
24 42 0101110000 4
35 53 1000011010 4
46 64 1001010111 6
57 75 0011100001 4
60 06 1011000000 3
71 17 0110110011 6

03 30 0010100111 5
14 41 1101111000 6
25 52 1101011010 6
36 63 1001100111 6
47 74 1011001011 6
50 05 1010111101 7
61 16 0100101111 6
72 27 1110111011 8

04 40 0010010111 5
15 51 0101010010 4
26 62 1100100111 6
37 73 1011111011 8

Matching output
0 absent
1 absent
2 absent
3 absent
4 absent
5 absent
6 absent
7 absent

Left
none
Best: none

Right
none
Best: none

AND-NOT
01 0001101000 3
12 1000000000 1
23 0100000000 1
34 0000000000 a
45 0000101010 3
56 0001010101 4
67 0010001000 2
70 1000010100 3

02 0001100000 2
13 1100000000 2
24 0100000000 1
35 0000001010 2
46 0001010111 5
57 0011000001 3
60 1010000000 2
71 0000110000 2

03 0000100000 1
14 1100000000 2
25 0100001010 3
36 0001000111 4
47 0011001011 5
50 1010010101 5
61 0000101000 2
72 1000110000 3

04 0000000000 a
15 0100000010 2
26 0100000111 4
37 0011001011 5
40 0010010111 5
51 0001010000 2
62 1000100000 2
73 1000110000 3

05 0000101000 2
16 0100000111 4
27 0110001011 5
30 0010000111 4
41 0001111000 4
52 1001010000 3
63 1000100000 2
74 1000000000 1

06 0001000000 1
17 0110000011 4
20 0110000111 5
31 0001001000 2
42 0001110000 3
53 1000010000 2
64 1000000000 1
75 0000100000 1

07 0001001000 2
10 1110000111 6
21 0000001000 1
32 0001000000 1
43 0000110000 2
54 1000000000 1
65 0000101000 2
76 0000010100 2

Matching output
0 absent
1 absent
2 absent
3 absent
4 absent
5 absent
6 absent
7 absent

Left
none
Best: none

Right
none
Best: none

OR-NOT
01 0001111000 4
12 1111110111 9
23 1110111111 9
34 1111001111 8
45 0111111111 9
56 1111010111 8 match 0 4
67 1111101011 8
70 1110110111 8

02 1001111000 5
13 1110110111 8
24 1110001111 7
35 0111101111 8
46 0111111111 9
57 1111011111 9
60 1110111111 9
71 1001111100 6

03 1101111000 6
14 1110000111 6
25 0110101111 7
36 0111011111 8
47 0111111111 9
50 1111010111 8 match 0 4
61 1011111000 6
72 1001110100 5

04 1101101000 5
15 1110101111 8 match 1 5
26 0111011111 8
37 0111001111 7
40 1111111111 a
51 1011111101 8
62 1011111000 6
73 1100110100 5

05 0101101010 5
16 1111010111 8 match 0 4
27 0111001111 7
30 1111011111 9
41 0011111111 8 match 3 7
52 1011110101 7
63 1110111000 6
74 1100110100 5

06 0101111111 8
17 1111001111 8
20 1110011111 8
31 0011111111 8 match 3 7
42 1011111111 9 match 2 6
53 1111110101 8
64 1110101000 5
75 1100111110 7

07 0111101011 7
10 1110010111 7
21 0111111111 9
32 1011111111 9 match 2 6
43 1111111111 a
54 1111010101 7
65 1110101010 6
76 1101110111 8

Matching output
0 56 50 16
1 15
2 42 32
3 41 31
4 56 50 16
5 15
6 42 32
7 41 31

Left
56 67x
50 61x
16 27x
Best: OR-NOT56: 1

Right
41 30x
31 20x
Best: OR-NOT41: 1

XOR-NOT
01 0000010000 1
12 0111110111 8
23 1010111111 8
34 1111001111 8
45 0111010101 6
56 1110000010 4
67 1101100011 6
70 0110100011 5

02 1000011000 3
13 0010110111 6
24 1010001111 6
35 0111100101 6
46 0110101000 4
57 1100011110 6
60 0100111111 7
71 1001001100 4

03 1101011000 5
14 0010000111 4
25 0010100101 4
36 0110011000 4
47 0100110100 4
50 0101000010 3
61 1011010000 4
72 0001000100 2

04 1101101000 5
15 1010101101 6
26 0011011000 4
37 0100000100 2
40 1101101000 5
51 1010101101 6
62 0011011000 4
73 0100000100 2

05 0101000010 3
16 1011010000 4
27 0001000100 2
30 1101011000 5
41 0010000111 4
52 0010100101 4
63 0110011000 4
74 0100110100 4

06 0100111111 7
17 1001001100 4
20 1000011000 3
31 0010110111 6
42 1010001111 6
53 0111100101 6
64 0110101000 4
75 1100011110 6

07 0110100011 5
10 0000010000 1
21 0111110111 8
32 1010111111 8
43 1111001111 8
54 0111010101 6
65 1110000010 4
76 1101100011 6

Matching output
0 absent
1 absent
2 absent
3 absent
4 absent
5 absent
6 absent
7 absent

Left
none
Best: none

Right
none
Best: none

Selecting

Lefts
Identity none
NOT none
Constant none
AND none
OR OR15 26 37 40 51 62 73 04: 8
XOR none
AND-NOT none
OR-NOT OR-NOT56: 1
XOR-NOT none

Rights
Identity I4: 1
NOT none
Constant none
AND none
OR OR04 73 62 51 40 37 26 15: 8
XOR none
AND-NOT none
OR-NOT OR-NOT41: 1
XOR-NOT none

Left longest: 8
Right longest: 8

Left winner: Identity no, NOT no, Constant no, AND no, OR yes, XOR no, AND-NOT no, OR-NOT no, XOR-NOT no
Right winner: Identity no, NOT no, Constant no, AND no, OR yes, XOR no, AND-NOT no, OR-NOT no, XOR-NOT no

Best left: OR15 26 37 40 51 62 73 04: 8
Best right: OR04 73 62 51 40 37 26 15: 8

Truncated left: OR15 26 37 40 51 62 73 04: 8
Truncated right: none truncated

Tentative from right
7 pending
6 pending
5 pending
4 pending
3 pending
2 pending
1 pending
0 pending

Tentative
0 OR15
1 OR26
2 OR37
3 OR40
4 OR51
5 OR62
6 OR73
7 OR04

Preferred from left
0 OR15
1 OR26
2 OR37
3 OR40
4 OR51
5 OR62
6 OR73
7 OR04

Preferred from right
7 OR04
6 OR73
5 OR62
4 OR51
3 OR40
2 OR37
1 OR26
0 OR15

Preferred
0 OR15
1 OR26
2 OR37
3 OR40
4 OR51
5 OR62
6 OR73
7 OR04

Matching
0 OR15
1 OR26
2 OR37
3 OR40
4 OR51
5 OR62
6 OR73
7 OR04

Perfect match
Identity no
NOT no
Constant no
AND no
OR no
XOR no
AND-NOT no
OR-NOT no
XOR-NOT no

Matched
0 OR15
1 OR26
2 OR37
3 OR40
4 OR51
5 OR62
6 OR73
7 OR04

Selected
0 OR15
1 OR26
2 OR37
3 OR40
4 OR51
5 OR62
6 OR73
7 OR04

Applying to 01100100
Input
0 0
1 1
2 1
3 0
4 0
5 1
6 0
7 0
Output
0 OR15 = OR(1,1) = 1
1 OR26 = OR(1,0) = 1
2 OR37 = OR(0,0) = 0
3 OR40 = OR(0,0) = 0
4 OR51 = OR(1,1) = 1
5 OR62 = OR(0,1) = 1
6 OR73 = OR(0,0) = 0
7 OR04 = OR(0,0) = 0

I will now return the answer in \boxed{}
The answer in \boxed{–} is \boxed{11001100}