We need to deduce the transformation by matching the example outputs.
I will put my final answer inside \boxed{}.

Output 0: 11011110
0 1
1 1
2 0
3 1
4 1
5 1
6 1
7 0

Output 1: 11111011
0 1
1 1
2 1
3 1
4 1
5 0
6 1
7 1

Output 2: 00011111
0 0
1 0
2 0
3 1
4 1
5 1
6 1
7 1

Output 3: 00111111
0 0
1 0
2 1
3 1
4 1
5 1
6 1
7 1

Output 4: 00100111
0 0
1 0
2 1
3 0
4 0
5 1
6 1
7 1

Output 5: 01011110
0 0
1 1
2 0
3 1
4 1
5 1
6 1
7 0

Output 6: 00111110
0 0
1 0
2 1
3 1
4 1
5 1
6 1
7 0

Output bit columns (with bitsum as hash)
0 1100000 2
1 1100010 3
2 0101101 4
3 1111011 6
4 1111011 6
5 1011111 6
6 1111111 a
7 0111100 4

Input 0: 01001000
0 0
1 1
2 0
3 0
4 1
5 0
6 0
7 0

Input 1: 01100111
0 0
1 1
2 1
3 0
4 0
5 1
6 1
7 1

Input 2: 01111110
0 0
1 1
2 1
3 1
4 1
5 1
6 1
7 0

Input 3: 01110110
0 0
1 1
2 1
3 1
4 0
5 1
6 1
7 0

Input 4: 00010111
0 0
1 0
2 0
3 1
4 0
5 1
6 1
7 1

Input 5: 01101010
0 0
1 1
2 1
3 0
4 1
5 0
6 1
7 0

Input 6: 01110000
0 0
1 1
2 1
3 1
4 0
5 0
6 0
7 0

When matching output
x: not in operator
y: wrong position

Identity
0 0000000 a
1 1111011 6 match 3 4
2 0111011 5
3 0011101 4
4 1010010 3
5 0111100 4 match 7
6 0111110 5
7 0100100 2

Matching output
0 absent
1 absent
2 absent
3 1
4 1
5 absent
6 absent
7 5

Left
none
Best: none

Right
5 4x
Best: I5: 1

NOT
0 1111111 a match 6
1 0000100 1
2 1000100 2
3 1100010 3 match 1
4 0101101 4 match 2
5 1000011 3
6 1000001 2
7 1011011 5

Matching output
0 absent
1 3
2 4
3 absent
4 absent
5 absent
6 0
7 absent

Left
none
Best: none

Right
none
Best: none

Constant
0 0000000 a
1 1111111 a match 6

Matching output
0 absent
1 absent
2 absent
3 absent
4 absent
5 absent
6 C1
7 absent

Left
none
Best: none

Right
none
Best: none

AND
01 10 0000000 a
12 21 0111011 5
23 32 0011001 3
34 43 0010000 1
45 54 0010000 1
56 65 0111100 4 match 7
67 76 0100100 2
70 07 0000000 a

02 20 0000000 a
13 31 0011001 3
24 42 0010010 2
35 53 0011100 3
46 64 0010010 2
57 75 0100100 2
60 06 0000000 a
71 17 0100000 1

03 30 0000000 a
14 41 1010010 3
25 52 0111000 3
36 63 0011100 3
47 74 0000000 a
50 05 0000000 a
61 16 0111010 4
72 27 0100000 1

04 40 0000000 a
15 51 0111000 3
26 62 0111010 4
37 73 0000100 1

Matching output
0 absent
1 absent
2 absent
3 absent
4 absent
5 absent
6 absent
7 56 65

Left
none
Best: none

Right
56 45x
65 54x
Best: AND56: 1

OR
01 10 1111011 6 match 3 4
12 21 1111011 6 match 3 4
23 32 0111111 6
34 43 1011111 6 match 5
45 54 1111110 6
56 65 0111110 5
67 76 0111110 5
70 07 0100100 2

02 20 0111011 5
13 31 1111111 a match 6
24 42 1111011 6 match 3 4
35 53 0111101 5
46 64 1111110 6
57 75 0111100 4 match 7
60 06 0111110 5
71 17 1111111 a match 6

03 30 0011101 4
14 41 1111011 6 match 3 4
25 52 0111111 6
36 63 0111111 6
47 74 1110110 5
50 05 0111100 4 match 7
61 16 1111111 a match 6
72 27 0111111 6

04 40 1010010 3
15 51 1111111 a match 6
26 62 0111111 6
37 73 0111101 5

Matching output
0 absent
1 absent
2 absent
3 01 10 12 21 24 42 14 41
4 01 10 12 21 24 42 14 41
5 34 43
6 13 31 71 17 61 16 15 51
7 57 75 50 05

Left
none
Best: none

Right
57 46x
75 64x
50 47x
05 74x
Best: OR57: 1

XOR
01 10 1111011 6 match 3 4
12 21 1000000 1
23 32 0100110 3
34 43 1001111 5
45 54 1101110 5
56 65 0000010 1
67 76 0011010 3
70 07 0100100 2

02 20 0111011 5
13 31 1100110 4
24 42 1101001 4
35 53 0100001 2
46 64 1101100 4
57 75 0011000 2
60 06 0111110 5
71 17 1011111 6 match 5

03 30 0011101 4
14 41 0101001 3
25 52 0000111 3
36 63 0100011 3
47 74 1110110 5
50 05 0111100 4 match 7
61 16 1000101 3
72 27 0011111 5

04 40 1010010 3
15 51 1000111 4
26 62 0000101 2
37 73 0111001 4

Matching output
0 absent
1 absent
2 absent
3 01 10
4 01 10
5 71 17
6 absent
7 50 05

Left
none
Best: none

Right
50 47x
05 74x
Best: XOR50: 1

AND-NOT
01 0000000 a
12 1000000 1
23 0100010 2
34 0001101 3
45 1000010 2
56 0000000 a
67 0011010 3
70 0100100 2

02 0000000 a
13 1100010 3 match 1
24 0101001 3
35 0000001 1
46 1000000 1
57 0011000 2
60 0111110 5
71 0000100 1

03 0000000 a
14 0101001 3
25 0000011 2
36 0000001 1
47 1010010 3
50 0111100 4 match 7
61 0000100 1
72 0000100 1

04 0000000 a
15 1000011 3
26 0000001 1
37 0011001 3
40 1010010 3
51 0000100 1
62 0000100 1
73 0100000 1

05 0000000 a
16 1000001 2
27 0011011 4
30 0011101 4
41 0000000 a
52 0000100 1
63 0100010 2
74 0100100 2

06 0000000 a
17 1011011 5
20 0111011 5
31 0000100 1
42 1000000 1
53 0100000 1
64 0101100 3
75 0000000 a

07 0000000 a
10 1111011 6 match 3 4
21 0000000 a
32 0000100 1
43 1000010 2
54 0101100 3
65 0000010 1
76 0000000 a

Matching output
0 absent
1 13
2 absent
3 10
4 10
5 absent
6 absent
7 50

Left
none
Best: none

Right
50 47x
Best: AND-NOT50: 1

OR-NOT
01 0000100 1
12 1111111 a match 6
23 1111011 6 match 3 4
34 0111101 5
45 1010011 4
56 1111101 6
67 1111111 a match 6
70 1111111 a match 6

02 1000100 2
13 1111011 6 match 3 4
24 0111111 6
35 1011111 6 match 5
46 1010011 4
57 1111111 a match 6
60 1111111 a match 6
71 0100100 2

03 1100010 3 match 1
14 1111111 a match 6
25 1111011 6 match 3 4
36 1011101 5
47 1011011 5
50 1111111 a match 6
61 0111110 5
72 1100100 3

04 0101101 4 match 2
15 1111011 6 match 3 4
26 1111011 6 match 3 4
37 1011111 6 match 5
40 1111111 a match 6
51 0111100 4 match 7
62 1111110 6
73 1100110 4

05 1000011 3
16 1111011 6 match 3 4
27 1111011 6 match 3 4
30 1111111 a match 6
41 1010110 4
52 1111100 5
63 1111110 6
74 0101101 4 match 2

06 1000001 2
17 1111011 6 match 3 4
20 1111111 a match 6
31 0011101 4
42 1010110 4
53 1111110 6
64 0111111 6
75 1100111 5

07 1011011 5
10 1111111 a match 6
21 0111111 6
32 1011101 5
43 1110010 4
54 0111101 5
65 1111111 a match 6
76 1100101 4

Matching output
0 absent
1 03
2 04 74
3 23 13 25 15 26 16 27 17
4 23 13 25 15 26 16 27 17
5 35 37
6 12 67 70 57 60 14 50 40 30 20 10 65
7 51

Left
none
Best: none

Right
51 40 37 26 15 04 73x
Best: OR-NOT51 40 37 26 15 04: 6

XOR-NOT
01 0000100 1
12 0111111 6
23 1011001 4
34 0110000 2
45 0010001 2
56 1111101 6
67 1100101 4
70 1011011 5

02 1000100 2
13 0011001 3
24 0010110 3
35 1011110 5
46 0010011 3
57 1100111 5
60 1000001 2
71 0100000 1

03 1100010 3 match 1
14 1010110 4
25 1111000 4
36 1011100 4
47 0001001 2
50 1000011 3
61 0111010 4
72 1100000 2 match 0

04 0101101 4 match 2
15 0111000 3
26 1111010 5
37 1000110 3
40 0101101 4 match 2
51 0111000 3
62 1111010 5
73 1000110 3

05 1000011 3
16 0111010 4
27 1100000 2 match 0
30 1100010 3 match 1
41 1010110 4
52 1111000 4
63 1011100 4
74 0001001 2

06 1000001 2
17 0100000 1
20 1000100 2
31 0011001 3
42 0010110 3
53 1011110 5
64 0010011 3
75 1100111 5

07 1011011 5
10 0000100 1
21 0111111 6
32 1011001 4
43 0110000 2
54 0010001 2
65 1111101 6
76 1100101 4

Matching output
0 72 27
1 03 30
2 04 40
3 absent
4 absent
5 absent
6 absent
7 absent

Left
72 03 14x
27 30 41x
Best: XOR-NOT72 03: 2

Right
none
Best: none

Selecting

Lefts
Identity none
NOT none
Constant none
AND none
OR none
XOR none
AND-NOT none
OR-NOT none
XOR-NOT XOR-NOT72 03: 2

Rights
Identity I5: 1
NOT none
Constant none
AND AND56: 1
OR OR57: 1
XOR XOR50: 1
AND-NOT AND-NOT50: 1
OR-NOT OR-NOT51 40 37 26 15 04: 6
XOR-NOT none

Left longest: 2
Right longest: 6

Right winner: Identity no, NOT no, Constant no, AND no, OR no, XOR no, AND-NOT no, OR-NOT yes, XOR-NOT no
Left winner: Identity no, NOT no, Constant no, AND no, OR no, XOR no, AND-NOT no, OR-NOT no, XOR-NOT yes

Best right: OR-NOT51 40 37 26 15 04: 6
Best left: XOR-NOT72 03: 2

Truncated right: OR-NOT51 40 37 26 15 04: 6
Truncated left: XOR-NOT72 03: 2

Tentative from right
7 OR-NOT51
6 OR-NOT40
5 OR-NOT37
4 OR-NOT26
3 OR-NOT15
2 OR-NOT04
1 pending
0 pending

Tentative
0 XOR-NOT72
1 XOR-NOT03
2 OR-NOT04
3 OR-NOT15
4 OR-NOT26
5 OR-NOT37
6 OR-NOT40
7 OR-NOT51

Preferred from right
7 OR-NOT51
6 OR-NOT40
5 OR-NOT37
4 OR-NOT26
3 OR-NOT15
2 OR-NOT04
1 XOR-NOT03
0 XOR-NOT72

Preferred from left
0 XOR-NOT72
1 XOR-NOT03
2 OR-NOT04
3 OR-NOT15
4 OR-NOT26
5 OR-NOT37
6 OR-NOT40
7 OR-NOT51

Preferred
0 XOR-NOT72
1 XOR-NOT03
2 OR-NOT04
3 OR-NOT15
4 OR-NOT26
5 OR-NOT37
6 OR-NOT40
7 OR-NOT51

Matching
0 XOR-NOT72
1 XOR-NOT03
2 OR-NOT04
3 OR-NOT15
4 OR-NOT26
5 OR-NOT37
6 OR-NOT40
7 OR-NOT51

Perfect match
Identity no
NOT no
Constant no
AND no
OR no
XOR no
AND-NOT no
OR-NOT no
XOR-NOT no

Matched
0 XOR-NOT72
1 XOR-NOT03
2 OR-NOT04
3 OR-NOT15
4 OR-NOT26
5 OR-NOT37
6 OR-NOT40
7 OR-NOT51

Selected
0 XOR-NOT72
1 XOR-NOT03
2 OR-NOT04
3 OR-NOT15
4 OR-NOT26
5 OR-NOT37
6 OR-NOT40
7 OR-NOT51

Applying to 00110011
Input
0 0
1 0
2 1
3 1
4 0
5 0
6 1
7 1
Output
0 XOR-NOT72 = XOR(1,NOT(1)) = 1
1 XOR-NOT03 = XOR(0,NOT(1)) = 0
2 OR-NOT04 = OR(0,NOT(0)) = 1
3 OR-NOT15 = OR(0,NOT(0)) = 1
4 OR-NOT26 = OR(1,NOT(1)) = 1
5 OR-NOT37 = OR(1,NOT(1)) = 1
6 OR-NOT40 = OR(0,NOT(0)) = 1
7 OR-NOT51 = OR(0,NOT(0)) = 1

I will now return the answer in \boxed{}
The answer in \boxed{–} is \boxed{10111111}