We need to deduce the transformation by matching the example outputs.
I will put my final answer inside \boxed{}.

Output 0: 01010010
0 0
1 1
2 0
3 1
4 0
5 0
6 1
7 0

Output 1: 01100000
0 0
1 1
2 1
3 0
4 0
5 0
6 0
7 0

Output 2: 00111101
0 0
1 0
2 1
3 1
4 1
5 1
6 0
7 1

Output 3: 00110011
0 0
1 0
2 1
3 1
4 0
5 0
6 1
7 1

Output 4: 01101001
0 0
1 1
2 1
3 0
4 1
5 0
6 0
7 1

Output 5: 01010111
0 0
1 1
2 0
3 1
4 0
5 1
6 1
7 1

Output 6: 00011011
0 0
1 0
2 0
3 1
4 1
5 0
6 1
7 1

Output bit columns (with bitsum as hash)
0 0000000 a
1 1100110 4
2 0111100 4
3 1011011 5
4 0010101 3
5 0010010 2
6 1001011 4
7 0011111 5

Input 0: 10100100
0 1
1 0
2 1
3 0
4 0
5 1
6 0
7 0

Input 1: 11000001
0 1
1 1
2 0
3 0
4 0
5 0
6 0
7 1

Input 2: 01111011
0 0
1 1
2 1
3 1
4 1
5 0
6 1
7 1

Input 3: 01100110
0 0
1 1
2 1
3 0
4 0
5 1
6 1
7 0

Input 4: 11010010
0 1
1 1
2 0
3 1
4 0
5 0
6 1
7 0

Input 5: 10101110
0 1
1 0
2 1
3 0
4 1
5 1
6 1
7 0

Input 6: 00110110
0 0
1 0
2 1
3 1
4 0
5 1
6 1
7 0

When matching output
x: not in operator
y: wrong position

Identity
0 1100110 4 match 1
1 0111100 4 match 2
2 1011011 5 match 3
3 0010101 3 match 4
4 0010010 2 match 5
5 1001011 4 match 6
6 0011111 5 match 7
7 0110000 2

Matching output
0 absent
1 0
2 1
3 2
4 3
5 4
6 5
7 6

Left
none
Best: none

Right
6 5 4 3 2 1 0 7x
Best: I6 5 4 3 2 1 0: 7

NOT
0 0011001 3
1 1000011 3
2 0100100 2
3 1101010 4
4 1101101 5
5 0110100 3
6 1100000 2
7 1001111 5

Matching output
0 absent
1 absent
2 absent
3 absent
4 absent
5 absent
6 absent
7 absent

Left
none
Best: none

Right
none
Best: none

Constant
0 0000000 a match 0
1 1111111 a

Matching output
0 C0
1 absent
2 absent
3 absent
4 absent
5 absent
6 absent
7 absent

Left
0
Best: C0: 1

Right
none
Best: none

AND
01 10 0100100 2
12 21 0011000 2
23 32 0010001 2
34 43 0010000 1
45 54 0000010 1
56 65 0001011 3
67 76 0010000 1
70 07 0100000 1

02 20 1000010 2
13 31 0010100 2
24 42 0010010 2 match 5
35 53 0000001 1
46 64 0010010 2 match 5
57 75 0000000 a match 0
60 06 0000110 2
71 17 0110000 2

03 30 0000100 1
14 41 0010000 1
25 52 1001011 4 match 6
36 63 0010101 3 match 4
47 74 0010000 1
50 05 1000010 2
61 16 0011100 3
72 27 0010000 1

04 40 0000010 1
15 51 0001000 1
26 62 0011011 4
37 73 0010000 1

Matching output
0 57 75
1 absent
2 absent
3 absent
4 36 63
5 24 42 46 64
6 25 52
7 absent

Left
57 60x
75 06x
Best: AND57: 1

Right
none
Best: none

OR
01 10 1111110 6
12 21 1111111 a
23 32 1011111 6
34 43 0010111 4
45 54 1011011 5 match 3
56 65 1011111 6
67 76 0111111 6
70 07 1110110 5

02 20 1111111 a
13 31 0111101 5
24 42 1011011 5 match 3
35 53 1011111 6
46 64 0011111 5 match 7
57 75 1111011 6
60 06 1111111 a
71 17 0111100 4 match 2

03 30 1110111 6
14 41 0111110 5
25 52 1011011 5 match 3
36 63 0011111 5 match 7
47 74 0110010 3
50 05 1101111 6
61 16 0111111 6
72 27 1111011 6

04 40 1110110 5
15 51 1111111 a
26 62 1011111 6
37 73 0110101 4

Matching output
0 absent
1 absent
2 71 17
3 45 54 24 42 25 52
4 absent
5 absent
6 absent
7 46 64 36 63

Left
none
Best: none

Right
46 35x
64 53x
36 25y
63 52y
Best: OR46: 1

XOR
01 10 1011010 4
12 21 1100111 5
23 32 1001110 4
34 43 0000111 3
45 54 1011001 4
56 65 1010100 3
67 76 0101111 5
70 07 1010110 4

02 20 0111101 5
13 31 0101001 3
24 42 1001001 3
35 53 1011110 5
46 64 0001101 3
57 75 1111011 6
60 06 1111001 5
71 17 0001100 2

03 30 1110011 5
14 41 0101110 4
25 52 0010000 1
36 63 0001010 2
47 74 0100010 2
50 05 0101101 4
61 16 0100011 3
72 27 1101011 5

04 40 1110100 4
15 51 1110111 6
26 62 1000100 2
37 73 0100101 3

Matching output
0 absent
1 absent
2 absent
3 absent
4 absent
5 absent
6 absent
7 absent

Left
none
Best: none

Right
none
Best: none

AND-NOT
01 1000010 2
12 0100100 2
23 1001010 3
34 0000101 2
45 0010000 1
56 1000000 1
67 0001111 4
70 0010000 1

02 0100100 2
13 0101000 2
24 1001001 3
35 0010100 2
46 0000000 a match 0
57 1001011 4 match 6
60 0011001 3
71 0000000 a match 0

03 1100010 3
14 0101100 3
25 0010000 1
36 0000000 a match 0
47 0000010 1
50 0001001 2
61 0000011 2
72 0100000 1

04 1100100 3
15 0110100 3
26 1000000 1
37 0000101 2
40 0010000 1
51 1000011 3
62 0000100 1
73 0100000 1

05 0100100 2
16 0100000 1
27 1001011 4 match 6
30 0010001 2
41 0000010 1
52 0000000 a match 0
63 0001010 2
74 0100000 1

06 1100000 2
17 0001100 2
20 0011001 3
31 0000001 1
42 0000000 a match 0
53 1001010 3
64 0001101 3
75 0110000 2

07 1000110 3
10 0011000 2
21 1000011 3
32 0000100 1
43 0000010 1
54 1001001 3
65 0010100 2
76 0100000 1

Matching output
0 46 71 36 52 42
1 absent
2 absent
3 absent
4 absent
5 absent
6 57 27
7 absent

Left
46 57y
71 02x
36 47x
52 63x
42 53x
Best: AND-NOT46: 1

Right
none
Best: none

OR-NOT
01 1100111 5
12 0111100 4 match 2
23 1111011 6
34 1111101 6
45 0110110 4
56 1101011 5
67 1011111 6
70 0111001 4

02 1100110 4 match 1
13 1111110 6
24 1111111 a
35 0110101 4
46 1110010 4
57 1001111 5
60 0011111 5 match 7
71 1110011 5

03 1101110 5
14 1111101 6
25 1111111 a
36 1110101 5
47 1011111 6
50 1011011 5 match 3
61 1011111 6
72 0110100 3

04 1101111 6
15 0111100 4 match 2
26 1111011 6
37 1011111 6
40 0011011 4
51 1001011 4 match 6
62 0111111 6
73 1111010 5

05 1110110 5
16 1111100 5
27 1011111 6
30 0011101 4
41 1010011 4
52 1101111 6
63 1111111 a
74 1111101 6

06 1100110 4 match 1
17 1111111 a
20 1011011 5 match 3
31 1010111 5
42 0110110 4
53 1101011 5
64 1111111 a
75 0110100 3

07 1101111 6
10 0111101 5
21 1011011 5 match 3
32 0110101 4
43 1111010 5
54 1101111 6
65 0111111 6
76 1110000 3

Matching output
0 absent
1 02 06
2 12 15
3 50 20 21
4 absent
5 absent
6 51
7 60

Left
none
Best: none

Right
60 57x
Best: OR-NOT60: 1

XOR-NOT
01 0100101 3
12 0011000 2
23 0110001 3
34 1111000 4
45 0100110 3
56 0101011 4
67 1010000 2
70 0101001 3

02 1000010 2
13 1010110 4
24 0110110 4
35 0100001 2
46 1110010 4
57 0000100 1
60 0000110 2
71 1110011 5

03 0001100 2
14 1010001 3
25 1101111 6
36 1110101 5
47 1011101 5
50 1010010 3
61 1011100 4
72 0010100 2

04 0001011 3
15 0001000 1
26 0111011 5
37 1011010 4
40 0001011 3
51 0001000 1
62 0111011 5
73 1011010 4

05 1010010 3
16 1011100 4
27 0010100 2
30 0001100 2
41 1010001 3
52 1101111 6
63 1110101 5
74 1011101 5

06 0000110 2
17 1110011 5
20 1000010 2
31 1010110 4
42 0110110 4
53 0100001 2
64 1110010 4
75 0000100 1

07 0101001 3
10 0100101 3
21 0011000 2
32 0110001 3
43 1111000 4
54 0100110 3
65 0101011 4
76 1010000 2

Matching output
0 absent
1 absent
2 absent
3 absent
4 absent
5 absent
6 absent
7 absent

Left
none
Best: none

Right
none
Best: none

Selecting

Lefts
Identity none
NOT none
Constant C0: 1
AND AND57: 1
OR none
XOR none
AND-NOT AND-NOT46: 1
OR-NOT none
XOR-NOT none

Rights
Identity I6 5 4 3 2 1 0: 7
NOT none
Constant none
AND none
OR OR46: 1
XOR none
AND-NOT none
OR-NOT OR-NOT60: 1
XOR-NOT none

Left longest: 1
Right longest: 7

Right winner: Identity yes, NOT no, Constant no, AND no, OR no, XOR no, AND-NOT no, OR-NOT no, XOR-NOT no
Left winner: Identity no, NOT no, Constant yes, AND no, OR no, XOR no, AND-NOT no, OR-NOT no, XOR-NOT no

Best right: I6 5 4 3 2 1 0: 7
Best left: C0: 1

Truncated right: I6 5 4 3 2 1 0: 7
Truncated left: C0: 1

Tentative from right
7 I6
6 I5
5 I4
4 I3
3 I2
2 I1
1 I0
0 pending

Tentative
0 C0
1 I0
2 I1
3 I2
4 I3
5 I4
6 I5
7 I6

Preferred from right
7 I6
6 I5
5 I4
4 I3
3 I2
2 I1
1 I0
0 C0

Preferred from left
0 C0
1 I0
2 I1
3 I2
4 I3
5 I4
6 I5
7 I6

Preferred
0 C0
1 I0
2 I1
3 I2
4 I3
5 I4
6 I5
7 I6

Matching
0 C0
1 I0
2 I1
3 I2
4 I3
5 I4
6 I5
7 I6

Perfect match
Identity no
NOT no
Constant no
AND no
OR no
XOR no
AND-NOT no
OR-NOT no
XOR-NOT no

Matched
0 C0
1 I0
2 I1
3 I2
4 I3
5 I4
6 I5
7 I6

Selected
0 C0
1 I0
2 I1
3 I2
4 I3
5 I4
6 I5
7 I6

Applying to 11001000
Input
0 1
1 1
2 0
3 0
4 1
5 0
6 0
7 0
Output
0 C0 = 0
1 I0 = 1
2 I1 = 1
3 I2 = 0
4 I3 = 0
5 I4 = 1
6 I5 = 0
7 I6 = 0

I will now return the answer in \boxed{}
The answer in \boxed{–} is \boxed{01100100}