We need to deduce the transformation by matching the example outputs.
I will put my final answer inside \boxed{}.

Output 0: 10000001
0 1
1 0
2 0
3 0
4 0
5 0
6 0
7 1

Output 1: 00110000
0 0
1 0
2 1
3 1
4 0
5 0
6 0
7 0

Output 2: 01010000
0 0
1 1
2 0
3 1
4 0
5 0
6 0
7 0

Output 3: 00111001
0 0
1 0
2 1
3 1
4 1
5 0
6 0
7 1

Output 4: 11110001
0 1
1 1
2 1
3 1
4 0
5 0
6 0
7 1

Output 5: 01010000
0 0
1 1
2 0
3 1
4 0
5 0
6 0
7 0

Output 6: 00010001
0 0
1 0
2 0
3 1
4 0
5 0
6 0
7 1

Output 7: 01000000
0 0
1 1
2 0
3 0
4 0
5 0
6 0
7 0

Output bit columns (with bitsum as hash)
0 10001000 2
1 00101101 4
2 01011000 3
3 01111110 6
4 00010000 1
5 00000000 a
6 00000000 a
7 10011010 4

Input 0: 10010000
0 1
1 0
2 0
3 1
4 0
5 0
6 0
7 0

Input 1: 00000110
0 0
1 0
2 0
3 0
4 0
5 1
6 1
7 0

Input 2: 00001010
0 0
1 0
2 0
3 0
4 1
5 0
6 1
7 0

Input 3: 10100111
0 1
1 0
2 1
3 0
4 0
5 1
6 1
7 1

Input 4: 10111110
0 1
1 0
2 1
3 1
4 1
5 1
6 1
7 0

Input 5: 01001010
0 0
1 1
2 0
3 0
4 1
5 0
6 1
7 0

Input 6: 10100010
0 1
1 0
2 1
3 0
4 0
5 0
6 1
7 0

Input 7: 00101000
0 0
1 0
2 1
3 0
4 1
5 0
6 0
7 0

When matching output
x: not in operator
y: wrong position

Identity
0 10011010 4 match 7
1 00000100 1
2 00011011 4
3 10001000 2 match 0
4 00101101 4 match 1
5 01011000 3 match 2
6 01111110 6 match 3
7 00010000 1 match 4

Matching output
0 3
1 4
2 5
3 6
4 7
5 absent
6 absent
7 0

Left
3 4 5 6 7 0y
Best: I3 4 5 6 7: 5

Right
0 7y
Best: I0: 1

NOT
0 01100101 4
1 11111011 7
2 11100100 4
3 01110111 6
4 11010010 4
5 10100111 5
6 10000001 2
7 11101111 7

Matching output
0 absent
1 absent
2 absent
3 absent
4 absent
5 absent
6 absent
7 absent

Left
none
Best: none

Right
none
Best: none

Constant
0 00000000 a match 5 6
1 11111111 a

Matching output
0 absent
1 absent
2 absent
3 absent
4 absent
5 C0
6 C0
7 absent

Left
none
Best: none

Right
none
Best: none

AND
01 10 00000000 a match 5 6
12 21 00000000 a match 5 6
23 32 00001000 1
34 43 00001000 1
45 54 00001000 1
56 65 01011000 3 match 2
67 76 00010000 1 match 4
70 07 00010000 1 match 4

02 20 00011010 3
13 31 00000000 a match 5 6
24 42 00001001 2
35 53 00001000 1
46 64 00101100 3
57 75 00010000 1 match 4
60 06 00011010 3
71 17 00000000 a match 5 6

03 30 10001000 2 match 0
14 41 00000100 1
25 52 00011000 2
36 63 00001000 1
47 74 00000000 a match 5 6
50 05 00011000 2
61 16 00000100 1
72 27 00010000 1 match 4

04 40 00001000 1
15 51 00000000 a match 5 6
26 62 00011010 3
37 73 00000000 a match 5 6

Matching output
0 03 30
1 absent
2 56 65
3 absent
4 67 76 70 07 57 75 72 27
5 01 10 12 21 13 31 71 17 47 74 15 51 37 73
6 01 10 12 21 13 31 71 17 47 74 15 51 37 73
7 absent

Left
03 14x
30 41x
Best: AND03: 1

Right
none
Best: none

OR
01 10 10011110 5
12 21 00011111 5
23 32 10011011 5
34 43 10101101 5
45 54 01111101 6
56 65 01111110 6 match 3
67 76 01111110 6 match 3
70 07 10011010 4 match 7

02 20 10011011 5
13 31 10001100 3
24 42 00111111 6
35 53 11011000 4
46 64 01111111 7
57 75 01011000 3 match 2
60 06 11111110 7
71 17 00010100 2

03 30 10011010 4 match 7
14 41 00101101 4 match 1
25 52 01011011 5
36 63 11111110 7
47 74 00111101 5
50 05 11011010 5
61 16 01111110 6 match 3
72 27 00011011 4

04 40 10111111 7
15 51 01011100 4
26 62 01111111 7
37 73 10011000 3

Matching output
0 absent
1 14 41
2 57 75
3 56 65 67 76 61 16
4 absent
5 absent
6 absent
7 70 07 03 30

Left
none
Best: none

Right
70 67y
07 76y
03 72x
30 27x
Best: OR70: 1

XOR
01 10 10011110 5
12 21 00011111 5
23 32 10010011 4
34 43 10100101 4
45 54 01110101 5
56 65 00100110 3
67 76 01101110 5
70 07 10001010 3

02 20 10000001 2
13 31 10001100 3
24 42 00110110 4
35 53 11010000 3
46 64 01010011 4
57 75 01001000 2
60 06 11100100 4
71 17 00010100 2

03 30 00010010 2
14 41 00101001 3
25 52 01000011 3
36 63 11110110 6
47 74 00111101 5
50 05 11000010 3
61 16 01111010 5
72 27 00001011 3

04 40 10110111 6
15 51 01011100 4
26 62 01100101 4
37 73 10011000 3

Matching output
0 absent
1 absent
2 absent
3 absent
4 absent
5 absent
6 absent
7 absent

Left
none
Best: none

Right
none
Best: none

AND-NOT
01 10011010 4 match 7
12 00000100 1
23 00010011 3
34 10000000 1
45 00100101 3
56 00000000 a match 5 6
67 01101110 5
70 00000000 a match 5 6

02 10000000 1
13 00000100 1
24 00010010 2
35 10000000 1
46 00000001 1
57 01001000 2
60 01100100 3
71 00010000 1 match 4

03 00010010 2
14 00000000 a match 5 6
25 00000011 2
36 10000000 1
47 00101101 4 match 1
50 01000000 1
61 01111010 5
72 00000000 a match 5 6

04 10010010 3
15 00000100 1
26 00000001 1
37 10001000 2 match 0
40 00100101 3
51 01011000 3 match 2
62 01100100 3
73 00010000 1 match 4

05 10000010 2
16 00000000 a match 5 6
27 00001011 3
30 00000000 a match 5 6
41 00101001 3
52 01000000 1
63 01110110 5
74 00010000 1 match 4

06 10000000 1
17 00000100 1
20 00000001 1
31 10001000 2 match 0
42 00100100 2
53 01010000 2
64 01010010 3
75 00000000 a match 5 6

07 10001010 3
10 00000100 1
21 00011011 4
32 10000000 1
43 00100101 3
54 01010000 2
65 00100110 3
76 00000000 a match 5 6

Matching output
0 37 31
1 47
2 51
3 absent
4 71 73 74
5 56 70 14 72 16 30 75 76
6 56 70 14 72 16 30 75 76
7 01

Left
37 40x
31 42x
Best: AND-NOT37: 1

Right
01 70 67x
Best: AND-NOT01 70: 2

OR-NOT
01 11111011 7
12 11100100 4
23 01111111 7
34 11011010 5
45 10101111 6
56 11011001 5
67 11111111 a
70 01110101 5

02 11111110 7
13 01110111 6
24 11011011 6
35 10101111 6
46 10101101 5
57 11111111 a
60 01111111 7
71 11111011 7

03 11111111 a
14 11010110 5
25 10111111 7
36 10001001 3
47 11101111 7
50 01111101 6
61 11111111 a
72 11110100 5

04 11011010 5
15 10100111 5
26 10011011 5
37 11101111 7
40 01101101 5
51 11111011 7
62 11111110 7
73 01110111 6

05 10111111 7
16 10000101 3
27 11111111 a
30 11101101 6
41 11111111 a
52 11111100 6
63 01111111 7
74 11010010 4

06 10011011 5
17 11101111 7
20 01111111 7
31 11111011 7
42 11101101 6
53 01111111 7
64 11111110 7
75 10110111 6

07 11111111 a
10 01100101 4
21 11111011 7
32 11101100 5
43 01111111 7
54 11011010 5
65 11111111 a
76 10010001 3

Matching output
0 absent
1 absent
2 absent
3 absent
4 absent
5 absent
6 absent
7 absent

Left
none
Best: none

Right
none
Best: none

XOR-NOT
01 01100001 3
12 11100000 3
23 01101100 4
34 01011010 4
45 10001010 3
56 11011001 5
67 10010001 3
70 01110101 5

02 01111110 6 match 3
13 01110011 5
24 11001001 4
35 00101111 5
46 10101100 4
57 10110111 6
60 00011011 4
71 11101011 6

03 11101101 6
14 11010110 5
25 10111100 5
36 00001001 2
47 11000010 3
50 00111101 5
61 10000101 3
72 11110100 5

04 01001000 2
15 10100011 4
26 10011010 4 match 7
37 01100111 5
40 01001000 2
51 10100011 4
62 10011010 4 match 7
73 01100111 5

05 00111101 5
16 10000101 3
27 11110100 5
30 11101101 6
41 11010110 5
52 10111100 5
63 00001001 2
74 11000010 3

06 00011011 4
17 11101011 6
20 01111110 6 match 3
31 01110011 5
42 11001001 4
53 00101111 5
64 10101100 4
75 10110111 6

07 01110101 5
10 01100001 3
21 11100000 3
32 01101100 4
43 01011010 4
54 10001010 3
65 11011001 5
76 10010001 3

Matching output
0 absent
1 absent
2 absent
3 02 20
4 absent
5 absent
6 absent
7 26 62

Left
none
Best: none

Right
26 15x
62 51x
Best: XOR-NOT26: 1

Selecting

Lefts
Identity I3 4 5 6 7: 5
NOT none
Constant none
AND AND03: 1
OR none
XOR none
AND-NOT AND-NOT37: 1
OR-NOT none
XOR-NOT none

Rights
Identity I0: 1
NOT none
Constant none
AND none
OR OR70: 1
XOR none
AND-NOT AND-NOT01 70: 2
OR-NOT none
XOR-NOT XOR-NOT26: 1

Left longest: 5
Right longest: 2

Left winner: Identity yes, NOT no, Constant no, AND no, OR no, XOR no, AND-NOT no, OR-NOT no, XOR-NOT no
Right winner: Identity no, NOT no, Constant no, AND no, OR no, XOR no, AND-NOT yes, OR-NOT no, XOR-NOT no

Best left: I3 4 5 6 7: 5
Best right: AND-NOT01 70: 2

Truncated left: I3 4 5 6 7: 5
Truncated right: AND-NOT01 70: 2

Tentative from right
7 AND-NOT01
6 AND-NOT70
5 pending
4 pending
3 pending
2 pending
1 pending
0 pending

Tentative
0 I3
1 I4
2 I5
3 I6
4 I7
5 pending
6 AND-NOT70
7 AND-NOT01

Preferred from left
0 I3
1 I4
2 I5
3 I6
4 I7
5 ?0?
6 AND-NOT70
7 AND-NOT01

Preferred from right
7 AND-NOT01
6 AND-NOT70
5 ?0?
4 I7
3 I6
2 I5
1 I4
0 I3

Preferred
0 I3
1 I4
2 I5
3 I6
4 I7
5 ?0?
6 AND-NOT70
7 AND-NOT01

Matching
0 I3
1 I4
2 I5
3 I6
4 I7
5 ?0? - Identity absent, NOT absent, Constant C0, AND01, OR absent, XOR absent, AND-NOT absent, OR-NOT absent, XOR-NOT absent
6 AND-NOT70
7 AND-NOT01

Perfect match
Identity no
NOT no
Constant yes
AND no
OR no
XOR no
AND-NOT no
OR-NOT no
XOR-NOT no

Matched
0 I3
1 I4
2 I5
3 I6
4 I7
5 C0
6 AND-NOT70
7 AND-NOT01

Selected
0 I3
1 I4
2 I5
3 I6
4 I7
5 C0
6 AND-NOT70
7 AND-NOT01

Applying to 00110101
Input
0 0
1 0
2 1
3 1
4 0
5 1
6 0
7 1
Output
0 I3 = 1
1 I4 = 0
2 I5 = 1
3 I6 = 0
4 I7 = 1
5 C0 = 0
6 AND-NOT70 = AND(1,NOT(0)) = 1
7 AND-NOT01 = AND(0,NOT(0)) = 0

I will now return the answer in \boxed{}
The answer in \boxed{–} is \boxed{10101010}