We need to deduce the transformation by matching the example outputs.
I will put my final answer inside \boxed{}.

Output 0: 10000100
0 1
1 0
2 0
3 0
4 0
5 1
6 0
7 0

Output 1: 10000010
0 1
1 0
2 0
3 0
4 0
5 0
6 1
7 0

Output 2: 10000010
0 1
1 0
2 0
3 0
4 0
5 0
6 1
7 0

Output 3: 10000100
0 1
1 0
2 0
3 0
4 0
5 1
6 0
7 0

Output 4: 00000011
0 0
1 0
2 0
3 0
4 0
5 0
6 1
7 1

Output 5: 00000000
0 0
1 0
2 0
3 0
4 0
5 0
6 0
7 0

Output 6: 10000111
0 1
1 0
2 0
3 0
4 0
5 1
6 1
7 1

Output 7: 00000010
0 0
1 0
2 0
3 0
4 0
5 0
6 1
7 0

Output bit columns (with bitsum as hash)
0 11110010 5
1 00000000 a
2 00000000 a
3 00000000 a
4 00000000 a
5 10010010 3
6 01101011 5
7 00001010 2

Input 0: 10011011
0 1
1 0
2 0
3 1
4 1
5 0
6 1
7 1

Input 1: 01010001
0 0
1 1
2 0
3 1
4 0
5 0
6 0
7 1

Input 2: 01011001
0 0
1 1
2 0
3 1
4 1
5 0
6 0
7 1

Input 3: 10010001
0 1
1 0
2 0
3 1
4 0
5 0
6 0
7 1

Input 4: 01110010
0 0
1 1
2 1
3 1
4 0
5 0
6 1
7 0

Input 5: 00001100
0 0
1 0
2 0
3 0
4 1
5 1
6 0
7 0

Input 6: 11101011
0 1
1 1
2 1
3 0
4 1
5 0
6 1
7 1

Input 7: 01001000
0 0
1 1
2 0
3 0
4 1
5 0
6 0
7 0

When matching output
x: not in operator
y: wrong position

Identity
0 10010010 3 match 5
1 01101011 5 match 6
2 00001010 2 match 7
3 11111000 5
4 10100111 5
5 00000100 1
6 10001010 3
7 11110010 5 match 0

Matching output
0 7
1 absent
2 absent
3 absent
4 absent
5 0
6 1
7 2

Left
7 0y
Best: I7: 1

Right
2 1 0 7y
Best: I2 1 0: 3

NOT
0 01101101 5
1 10010100 3
2 11110101 6
3 00000111 3
4 01011000 3
5 11111011 7
6 01110101 5
7 00001101 3

Matching output
0 absent
1 absent
2 absent
3 absent
4 absent
5 absent
6 absent
7 absent

Left
none
Best: none

Right
none
Best: none

Constant
0 00000000 a match 1 2 3 4
1 11111111 a

Matching output
0 absent
1 C0
2 C0
3 C0
4 C0
5 absent
6 absent
7 absent

Left
none
Best: none

Right
none
Best: none

AND
01 10 00000010 1
12 21 00001010 2 match 7
23 32 00001000 1
34 43 10100000 2
45 54 00000100 1
56 65 00000000 a match 1 2 3 4
67 76 10000010 2
70 07 10010010 3 match 5

02 20 00000010 1
13 31 01101000 3
24 42 00000010 1
35 53 00000000 a match 1 2 3 4
46 64 10000010 2
57 75 00000000 a match 1 2 3 4
60 06 10000010 2
71 17 01100010 3

03 30 10010000 2
14 41 00100011 3
25 52 00000000 a match 1 2 3 4
36 63 10001000 2
47 74 10100010 3
50 05 00000000 a match 1 2 3 4
61 16 00001010 2 match 7
72 27 00000010 1

04 40 10000010 2
15 51 00000000 a match 1 2 3 4
26 62 00001010 2 match 7
37 73 11110000 4

Matching output
0 absent
1 56 65 35 53 57 75 25 52 50 05 15 51
2 56 65 35 53 57 75 25 52 50 05 15 51
3 56 65 35 53 57 75 25 52 50 05 15 51
4 56 65 35 53 57 75 25 52 50 05 15 51
5 70 07
6 absent
7 12 21 61 16 26 62

Left
none
Best: none

Right
12 01x
21 10x
61 50y
16 05y
26 15y
62 51y
Best: AND12: 1

OR
01 10 11111011 7
12 21 01101011 5 match 6
23 32 11111010 6
34 43 11111111 a
45 54 10100111 5
56 65 10001110 4
67 76 11111010 6
70 07 11110010 5 match 0

02 20 10011010 4
13 31 11111011 7
24 42 10101111 6
35 53 11111100 6
46 64 10101111 6
57 75 11110110 6
60 06 10011010 4
71 17 11111011 7

03 30 11111010 6
14 41 11101111 7
25 52 00001110 3
36 63 11111010 6
47 74 11110111 7
50 05 10010110 4
61 16 11101011 6
72 27 11111010 6

04 40 10110111 6
15 51 01101111 6
26 62 10001010 3
37 73 11111010 6

Matching output
0 70 07
1 absent
2 absent
3 absent
4 absent
5 absent
6 12 21
7 absent

Left
70 01x
07 10x
Best: OR70: 1

Right
none
Best: none

XOR
01 10 11111001 6
12 21 01100001 3
23 32 11110010 5 match 0
34 43 01011111 6
45 54 10100011 4
56 65 10001110 4
67 76 01111000 4
70 07 01100000 2

02 20 10011000 3
13 31 10010011 4
24 42 10101101 5
35 53 11111100 6
46 64 00101101 4
57 75 11110110 6
60 06 00011000 2
71 17 10011001 4

03 30 01101010 4
14 41 11001100 4
25 52 00001110 3
36 63 01110010 4
47 74 01010101 4
50 05 10010110 4
61 16 11100001 4
72 27 11111000 5

04 40 00110101 4
15 51 01101111 6
26 62 10000000 1
37 73 00001010 2 match 7

Matching output
0 23 32
1 absent
2 absent
3 absent
4 absent
5 absent
6 absent
7 37 73

Left
23 34x
32 43x
Best: XOR23: 1

Right
37 26x
73 62x
Best: XOR37: 1

AND-NOT
01 10010000 2
12 01100001 3
23 00000010 1
34 01011000 3
45 10100011 4
56 00000100 1
67 00001000 1
70 01100000 2

02 10010000 2
13 00000011 2
24 00001000 1
35 11111000 5
46 00100101 3
57 00000100 1
60 00001000 1
71 10010000 2

03 00000010 1
14 01001000 2
25 00001010 2 match 7
36 01110000 3
47 00000101 2
50 00000100 1
61 10000000 1
72 11110000 4

04 00010000 1
15 01101011 5 match 6
26 00000000 a match 1 2 3 4
37 00001000 1
40 00100101 3
51 00000100 1
62 10000000 1
73 00000010 1

05 10010010 3 match 5
16 01100001 3
27 00001000 1
30 01101000 3
41 10000100 2
52 00000100 1
63 00000010 1
74 01010000 2

06 00010000 1
17 00001001 2
20 00001000 1
31 10010000 2
42 10100101 4
53 00000100 1
64 00001000 1
75 11110010 5 match 0

07 00000000 a match 1 2 3 4
10 01101001 4
21 00000000 a match 1 2 3 4
32 11110000 4
43 00000111 3
54 00000000 a match 1 2 3 4
65 10001010 3
76 01110000 3

Matching output
0 75
1 26 07 21 54
2 26 07 21 54
3 26 07 21 54
4 26 07 21 54
5 05
6 15
7 25

Left
75 06x
Best: AND-NOT75: 1

Right
25 14x
Best: AND-NOT25: 1

OR-NOT
01 10010110 4
12 11111111 a
23 00001111 4
34 11111000 5
45 11111111 a
56 01110101 5
67 10001111 5
70 11111111 a

02 11110111 7
13 01101111 6
24 01011010 4
35 11111011 7
46 11110111 7
57 00001101 3
60 11101111 7
71 11110110 6

03 10010111 5
14 01111011 6
25 11111011 7
36 11111101 7
47 10101111 6
50 01101101 5
61 10011110 5
72 11110111 7

04 11011010 5
15 11111011 7
26 01111111 7
37 11111101 7
40 11101111 7
51 10010100 3
62 11111111 a
73 11110111 7

05 11111011 7
16 01111111 7
27 00001111 4
30 11111101 7
41 10110111 6
52 11110101 6
63 10001111 5
74 11111010 6

06 11110111 7
17 01101111 6
20 01101111 6
31 11111100 6
42 11110111 7
53 00000111 3
64 11011010 5
75 11111011 7

07 10011111 6
10 01101111 6
21 10011110 5
32 11111101 7
43 10100111 5
54 01011100 4
65 11111011 7
76 11110111 7

Matching output
0 absent
1 absent
2 absent
3 absent
4 absent
5 absent
6 absent
7 absent

Left
none
Best: none

Right
none
Best: none

XOR-NOT
01 00000110 2
12 10011110 5
23 00001101 3
34 10100000 2
45 01011100 4
56 01110001 4
67 10000111 4
70 10011111 6

02 01100111 5
13 01101100 4
24 01010010 3
35 00000011 2
46 11010010 4
57 00001001 2
60 11100111 6
71 01100110 4

03 10010101 4
14 00110011 4
25 11110001 5
36 10001101 4
47 10101010 4
50 01101001 4
61 00011110 4
72 00000111 3

04 11001010 4
15 10010000 2
26 01111111 7
37 11110101 6
40 11001010 4
51 10010000 2
62 01111111 7
73 11110101 6

05 01101001 4
16 00011110 4
27 00000111 3
30 10010101 4
41 00110011 4
52 11110001 5
63 10001101 4
74 10101010 4

06 11100111 6
17 01100110 4
20 01100111 5
31 01101100 4
42 01010010 3
53 00000011 2
64 11010010 4
75 00001001 2

07 10011111 6
10 00000110 2
21 10011110 5
32 00001101 3
43 10100000 2
54 01011100 4
65 01110001 4
76 10000111 4

Matching output
0 absent
1 absent
2 absent
3 absent
4 absent
5 absent
6 absent
7 absent

Left
none
Best: none

Right
none
Best: none

Selecting

Lefts
Identity I7: 1
NOT none
Constant none
AND none
OR OR70: 1
XOR XOR23: 1
AND-NOT AND-NOT75: 1
OR-NOT none
XOR-NOT none

Rights
Identity I2 1 0: 3
NOT none
Constant none
AND AND12: 1
OR none
XOR XOR37: 1
AND-NOT AND-NOT25: 1
OR-NOT none
XOR-NOT none

Left longest: 1
Right longest: 3

Right winner: Identity yes, NOT no, Constant no, AND no, OR no, XOR no, AND-NOT no, OR-NOT no, XOR-NOT no
Left winner: Identity yes, NOT no, Constant no, AND no, OR no, XOR no, AND-NOT no, OR-NOT no, XOR-NOT no

Best right: I2 1 0: 3
Best left: I7: 1

Truncated right: I2 1 0: 3
Truncated left: I7: 1

Tentative from right
7 I2
6 I1
5 I0
4 pending
3 pending
2 pending
1 pending
0 pending

Tentative
0 I7
1 pending
2 pending
3 pending
4 pending
5 I0
6 I1
7 I2

Preferred from right
7 I2
6 I1
5 I0
4 ??7
3 ??6
2 ??5
1 ??4
0 I7

Preferred from left
0 I7
1 ?04
2 ?15
3 ?26
4 ?37
5 I0
6 I1
7 I2

Preferred
0 I7
1 ?04 ?40
2 ?15 ?51
3 ?26 ?62
4 ?37 ?73
5 I0
6 I1
7 I2

Matching
0 I7
1 ?04 ?40 - Identity absent, NOT absent, Constant C0, AND absent, OR absent, XOR absent, AND-NOT absent, OR-NOT absent, XOR-NOT absent
2 ?15 ?51 - Identity absent, NOT absent, Constant C0, AND15, OR absent, XOR absent, AND-NOT absent, OR-NOT absent, XOR-NOT absent
3 ?26 ?62 - Identity absent, NOT absent, Constant C0, AND absent, OR absent, XOR absent, AND-NOT26, OR-NOT absent, XOR-NOT absent
4 ?37 ?73 - Identity absent, NOT absent, Constant C0, AND absent, OR absent, XOR absent, AND-NOT absent, OR-NOT absent, XOR-NOT absent
5 I0
6 I1
7 I2

Perfect match
Identity no
NOT no
Constant yes
AND no
OR no
XOR no
AND-NOT no
OR-NOT no
XOR-NOT no

Matched
0 I7
1 C0
2 C0
3 C0
4 C0
5 I0
6 I1
7 I2

Selected
0 I7
1 C0
2 C0
3 C0
4 C0
5 I0
6 I1
7 I2

Applying to 01100100
Input
0 0
1 1
2 1
3 0
4 0
5 1
6 0
7 0
Output
0 I7 = 0
1 C0 = 0
2 C0 = 0
3 C0 = 0
4 C0 = 0
5 I0 = 0
6 I1 = 1
7 I2 = 1

I will now return the answer in \boxed{}
The answer in \boxed{–} is \boxed{00000011}