We need to deduce the transformation by matching the example outputs.
I will put my final answer inside \boxed{}.

Output 0: 10001001
0 1
1 0
2 0
3 0
4 1
5 0
6 0
7 1

Output 1: 00001101
0 0
1 0
2 0
3 0
4 1
5 1
6 0
7 1

Output 2: 01010111
0 0
1 1
2 0
3 1
4 0
5 1
6 1
7 1

Output 3: 10001110
0 1
1 0
2 0
3 0
4 1
5 1
6 1
7 0

Output 4: 11010110
0 1
1 1
2 0
3 1
4 0
5 1
6 1
7 0

Output 5: 11011011
0 1
1 1
2 0
3 1
4 1
5 0
6 1
7 1

Output 6: 10111111
0 1
1 0
2 1
3 1
4 1
5 1
6 1
7 1

Output 7: 10011011
0 1
1 0
2 0
3 1
4 1
5 0
6 1
7 1

Output bit columns (with bitsum as hash)
0 10011111 6
1 00101100 3
2 00000010 1
3 00101111 5
4 11010111 6
5 01111010 5
6 00111111 6
7 11100111 6

Input 0: 10001100
0 1
1 0
2 0
3 0
4 1
5 1
6 0
7 0

Input 1: 01010111
0 0
1 1
2 0
3 1
4 0
5 1
6 1
7 1

Input 2: 10011011
0 1
1 0
2 0
3 1
4 1
5 0
6 1
7 1

Input 3: 11100011
0 1
1 1
2 1
3 0
4 0
5 0
6 1
7 1

Input 4: 01100111
0 0
1 1
2 1
3 0
4 0
5 1
6 1
7 1

Input 5: 00001000
0 0
1 0
2 0
3 0
4 1
5 0
6 0
7 0

Input 6: 01011010
0 0
1 1
2 0
3 1
4 1
5 0
6 1
7 0

Input 7: 00011010
0 0
1 0
2 0
3 1
4 1
5 0
6 1
7 0

When matching output
x: not in operator
y: wrong position

Identity
0 10110000 3
1 01011010 4
2 00011000 2
3 01100011 4
4 10100111 5
5 11001000 3
6 01111011 6
7 01111000 4

Matching output
0 absent
1 absent
2 absent
3 absent
4 absent
5 absent
6 absent
7 absent

Left
none
Best: none

Right
none
Best: none

NOT
0 01001111 5
1 10100101 4
2 11100111 6 match 7
3 10011100 4
4 01011000 3
5 00110111 5
6 10000100 2
7 10000111 4

Matching output
0 absent
1 absent
2 absent
3 absent
4 absent
5 absent
6 absent
7 2

Left
none
Best: none

Right
2 1x
Best: NOT2: 1

Constant
0 00000000 a
1 11111111 a

Matching output
0 absent
1 absent
2 absent
3 absent
4 absent
5 absent
6 absent
7 absent

Left
none
Best: none

Right
none
Best: none

AND
01 10 00010000 1
12 21 00011000 2
23 32 00000000 a
34 43 00100011 3
45 54 10000000 1
56 65 01001000 2
67 76 01111000 4
70 07 00110000 2

02 20 00010000 1
13 31 01000010 2
24 42 00000000 a
35 53 01000000 1
46 64 00100011 3
57 75 01001000 2
60 06 00110000 2
71 17 01011000 3

03 30 00100000 1
14 41 00000010 1 match 2
25 52 00001000 1
36 63 01100011 4
47 74 00100000 1
50 05 10000000 1
61 16 01011010 4
72 27 00011000 2

04 40 10100000 2
15 51 01001000 2
26 62 00011000 2
37 73 01100000 2

Matching output
0 absent
1 absent
2 14 41
3 absent
4 absent
5 absent
6 absent
7 absent

Left
none
Best: none

Right
none
Best: none

OR
01 10 11111010 6
12 21 01011010 4
23 32 01111011 6
34 43 11100111 6 match 7
45 54 11101111 7
56 65 11111011 7
67 76 01111011 6
70 07 11111000 5

02 20 10111000 4
13 31 01111011 6
24 42 10111111 7
35 53 11101011 6
46 64 11111111 a
57 75 11111000 5
60 06 11111011 7
71 17 01111010 5 match 5

03 30 11110011 6
14 41 11111111 a
25 52 11011000 4
36 63 01111011 6
47 74 11111111 a
50 05 11111000 5
61 16 01111011 6
72 27 01111000 4

04 40 10110111 6
15 51 11011010 5
26 62 01111011 6
37 73 01111011 6

Matching output
0 absent
1 absent
2 absent
3 absent
4 absent
5 71 17
6 absent
7 34 43

Left
none
Best: none

Right
34 23x
43 32x
Best: OR34: 1

XOR
01 10 11101010 5
12 21 01000010 2
23 32 01111011 6
34 43 11000100 3
45 54 01101111 6
56 65 10110011 5
67 76 00000011 2
70 07 11001000 3

02 20 10101000 3
13 31 00111001 4
24 42 10111111 7
35 53 10101011 5
46 64 11011100 5
57 75 10110000 3
60 06 11001011 5
71 17 00100010 2

03 30 11010011 5
14 41 11111101 7
25 52 11010000 3
36 63 00011000 2
47 74 11011111 7
50 05 01111000 4
61 16 00100001 2
72 27 01100000 2

04 40 00010111 4
15 51 10010010 3
26 62 01100011 4
37 73 00011011 4

Matching output
0 absent
1 absent
2 absent
3 absent
4 absent
5 absent
6 absent
7 absent

Left
none
Best: none

Right
none
Best: none

AND-NOT
01 10100000 2
12 01000010 2
23 00011000 2
34 01000000 1
45 00100111 4
56 10000000 1
67 00000011 2
70 01001000 2

02 10100000 2
13 00011000 2
24 00011000 2
35 00100011 3
46 10000100 2
57 10000000 1
60 01001011 4
71 00100000 1

03 10010000 2
14 01011000 3
25 00010000 1
36 00000000 a
47 10000111 4
50 01001000 2
61 00100001 2
72 01100000 2

04 00010000 1
15 00010010 2
26 00000000 a
37 00000011 2
40 00000111 3
51 10000000 1
62 01100011 4
73 00011000 2

05 00110000 2
16 00000000 a
27 00000000 a
30 01000011 3
41 10100101 4
52 11000000 2
63 00011000 2
74 01011000 3

06 10000000 1
17 00000010 1 match 2
20 00001000 1
31 00100001 2
42 10100111 5
53 10001000 2
64 01011000 3
75 00110000 2

07 10000000 1
10 01001010 3
21 00000000 a
32 01100011 4
43 10000100 2
54 01001000 2
65 00110011 4
76 00000000 a

Matching output
0 absent
1 absent
2 17
3 absent
4 absent
5 absent
6 absent
7 absent

Left
none
Best: none

Right
none
Best: none

OR-NOT
01 10110101 5
12 11111111 a
23 10011100 4
34 01111011 6
45 10110111 6
56 11001100 4
67 11111111 a
70 01111111 7

02 11110111 7
13 11011110 6
24 01011000 3
35 01110111 6
46 10100111 5
57 11001111 6
60 01111111 7
71 11111101 7

03 10111100 5
14 01011010 4
25 00111111 6 match 6
36 11100111 6 match 7
47 10100111 5
50 11001111 6
61 11111111 a
72 11111111 a

04 11111000 5
15 01111111 7
26 10011100 4
37 11100111 6 match 7
40 11101111 7
51 11101101 6
62 11111111 a
73 11111100 6

05 10110111 6
16 11011110 6
27 10011111 6 match 0
30 01101111 6
41 10100111 5
52 11101111 7
63 11111111 a
74 01111000 4

06 10110100 4
17 11011111 7
20 01011111 6
31 11100111 6 match 7
42 11100111 6 match 7
53 11011100 5
64 01111011 6
75 01111111 7

07 10110111 6
10 01011111 6
21 10111101 6
32 11100111 6 match 7
43 10111111 7
54 11011000 4
65 01111111 7
76 11111100 6

Matching output
0 27
1 absent
2 absent
3 absent
4 absent
5 absent
6 25
7 36 37 31 42 32

Left
27 30x
Best: OR-NOT27: 1

Right
36 25 14x
37 26x
31 20x
42 31y
32 21x
Best: OR-NOT36 25: 2

XOR-NOT
01 00010101 3
12 10111101 6
23 10000100 2
34 00111011 5
45 10010000 2
56 01001100 3
67 11111100 6
70 00110111 5

02 01010111 5
13 11000110 4
24 01000000 1
35 01010100 3
46 00100011 3
57 01001111 5
60 00110100 3
71 11011101 6

03 00101100 3 match 1
14 00000010 1 match 2
25 00101111 5 match 3
36 11100111 6 match 7
47 00100000 1
50 10000111 4
61 11011110 6
72 10011111 6 match 0

04 11101000 4
15 01101101 5
26 10011100 4
37 11100100 4
40 11101000 4
51 01101101 5
62 10011100 4
73 11100100 4

05 10000111 4
16 11011110 6
27 10011111 6 match 0
30 00101100 3 match 1
41 00000010 1 match 2
52 00101111 5 match 3
63 11100111 6 match 7
74 00100000 1

06 00110100 3
17 11011101 6
20 01010111 5
31 11000110 4
42 01000000 1
53 01010100 3
64 00100011 3
75 01001111 5

07 00110111 5
10 00010101 3
21 10111101 6
32 10000100 2
43 00111011 5
54 10010000 2
65 01001100 3
76 11111100 6

Matching output
0 72 27
1 03 30
2 14 41
3 25 52
4 absent
5 absent
6 absent
7 36 63

Left
72 03 14 25 36y
27 30 41 52 63y
Best: XOR-NOT72 03 14 25: 4

Right
36 25y
63 52y
Best: XOR-NOT36: 1

Selecting

Lefts
Identity none
NOT none
Constant none
AND none
OR none
XOR none
AND-NOT none
OR-NOT OR-NOT27: 1
XOR-NOT XOR-NOT72 03 14 25: 4

Rights
Identity none
NOT NOT2: 1
Constant none
AND none
OR OR34: 1
XOR none
AND-NOT none
OR-NOT OR-NOT36 25: 2
XOR-NOT XOR-NOT36: 1

Left longest: 4
Right longest: 2

Left winner: Identity no, NOT no, Constant no, AND no, OR no, XOR no, AND-NOT no, OR-NOT no, XOR-NOT yes
Right winner: Identity no, NOT no, Constant no, AND no, OR no, XOR no, AND-NOT no, OR-NOT yes, XOR-NOT no

Best left: XOR-NOT72 03 14 25: 4
Best right: OR-NOT36 25: 2

Truncated left: XOR-NOT72 03 14 25: 4
Truncated right: OR-NOT36 25: 2

Tentative from right
7 OR-NOT36
6 OR-NOT25
5 pending
4 pending
3 pending
2 pending
1 pending
0 pending

Tentative
0 XOR-NOT72
1 XOR-NOT03
2 XOR-NOT14
3 XOR-NOT25
4 pending
5 pending
6 OR-NOT25
7 OR-NOT36

Preferred from left
0 XOR-NOT72
1 XOR-NOT03
2 XOR-NOT14
3 XOR-NOT25
4 ?36
5 ?47
6 OR-NOT25
7 OR-NOT36

Preferred from right
7 OR-NOT36
6 OR-NOT25
5 ?47
4 ?36
3 XOR-NOT25
2 XOR-NOT14
1 XOR-NOT03
0 XOR-NOT72

Preferred
0 XOR-NOT72
1 XOR-NOT03
2 XOR-NOT14
3 XOR-NOT25
4 ?36 ?63
5 ?47 ?74
6 OR-NOT25
7 OR-NOT36

Matching
0 XOR-NOT72
1 XOR-NOT03
2 XOR-NOT14
3 XOR-NOT25
4 ?36 ?63 - Identity absent, NOT absent, Constant absent, AND absent, OR absent, XOR absent, AND-NOT absent, OR-NOT absent, XOR-NOT absent
5 ?47 ?74 - Identity absent, NOT absent, Constant absent, AND absent, OR absent, XOR absent, AND-NOT absent, OR-NOT absent, XOR-NOT absent
6 OR-NOT25
7 OR-NOT36

Perfect match
Identity no
NOT no
Constant no
AND no
OR no
XOR no
AND-NOT no
OR-NOT no
XOR-NOT no

Matched
0 XOR-NOT72
1 XOR-NOT03
2 XOR-NOT14
3 XOR-NOT25
4 none
5 none
6 OR-NOT25
7 OR-NOT36

Selected
0 XOR-NOT72
1 XOR-NOT03
2 XOR-NOT14
3 XOR-NOT25
4 default 1
5 default 1
6 OR-NOT25
7 OR-NOT36

Applying to 11111001
Input
0 1
1 1
2 1
3 1
4 1
5 0
6 0
7 1
Output
0 XOR-NOT72 = XOR(1,NOT(1)) = 1
1 XOR-NOT03 = XOR(1,NOT(1)) = 1
2 XOR-NOT14 = XOR(1,NOT(1)) = 1
3 XOR-NOT25 = XOR(1,NOT(0)) = 0
4 default 1 = 1
5 default 1 = 1
6 OR-NOT25 = OR(1,NOT(0)) = 1
7 OR-NOT36 = OR(1,NOT(0)) = 1

I will now return the answer in \boxed{}
The answer in \boxed{–} is \boxed{11101111}