We need to deduce the transformation by matching the example outputs.
I will put my final answer inside \boxed{}.

Output 0: 10000000
0 1
1 0
2 0
3 0
4 0
5 0
6 0
7 0

Output 1: 10000000
0 1
1 0
2 0
3 0
4 0
5 0
6 0
7 0

Output 2: 10000000
0 1
1 0
2 0
3 0
4 0
5 0
6 0
7 0

Output 3: 10000000
0 1
1 0
2 0
3 0
4 0
5 0
6 0
7 0

Output 4: 00000000
0 0
1 0
2 0
3 0
4 0
5 0
6 0
7 0

Output 5: 11100000
0 1
1 1
2 1
3 0
4 0
5 0
6 0
7 0

Output 6: 10100000
0 1
1 0
2 1
3 0
4 0
5 0
6 0
7 0

Output 7: 01000000
0 0
1 1
2 0
3 0
4 0
5 0
6 0
7 0

Output bit columns (with bitsum as hash)
0 11110110 6
1 00000101 2
2 00000110 2
3 00000000 a
4 00000000 a
5 00000000 a
6 00000000 a
7 00000000 a

Input 0: 10110100
0 1
1 0
2 1
3 1
4 0
5 1
6 0
7 0

Input 1: 01101110
0 0
1 1
2 1
3 0
4 1
5 1
6 1
7 0

Input 2: 01100111
0 0
1 1
2 1
3 0
4 0
5 1
6 1
7 1

Input 3: 10100110
0 1
1 0
2 1
3 0
4 0
5 1
6 1
7 0

Input 4: 01001100
0 0
1 1
2 0
3 0
4 1
5 1
6 0
7 0

Input 5: 01111111
0 0
1 1
2 1
3 1
4 1
5 1
6 1
7 1

Input 6: 00111101
0 0
1 0
2 1
3 1
4 1
5 1
6 0
7 1

Input 7: 11110011
0 1
1 1
2 1
3 1
4 0
5 0
6 1
7 1

When matching output
x: not in operator
y: wrong position

Identity
0 10010001 3
1 01101101 5
2 11110111 7
3 10000111 4
4 01001110 4
5 11111110 7
6 01110101 5
7 00100111 4

Matching output
0 absent
1 absent
2 absent
3 absent
4 absent
5 absent
6 absent
7 absent

Left
none
Best: none

Right
none
Best: none

NOT
0 01101110 5
1 10010010 3
2 00001000 1
3 01111000 4
4 10110001 4
5 00000001 1
6 10001010 3
7 11011000 4

Matching output
0 absent
1 absent
2 absent
3 absent
4 absent
5 absent
6 absent
7 absent

Left
none
Best: none

Right
none
Best: none

Constant
0 00000000 a match 3 4 5 6 7
1 11111111 a

Matching output
0 absent
1 absent
2 absent
3 C0
4 C0
5 C0
6 C0
7 C0

Left
none
Best: none

Right
0 0 0 0 0
Best: C0 0 0 0 0: 5

AND
01 10 00000001 1
12 21 01100101 4
23 32 10000111 4
34 43 00000110 2 match 2
45 54 01001110 4
56 65 01110100 4
67 76 00100101 3
70 07 00000001 1

02 20 10010001 3
13 31 00000101 2 match 1
24 42 01000110 3
35 53 10000110 3
46 64 01000100 2
57 75 00100110 3
60 06 00010001 2
71 17 00100101 3

03 30 10000001 2
14 41 01001100 3
25 52 11110110 6 match 0
36 63 00000101 2 match 1
47 74 00000110 2 match 2
50 05 10010000 2
61 16 01100101 4
72 27 00100111 4

04 40 00000000 a match 3 4 5 6 7
15 51 01101100 4
26 62 01110101 5
37 73 00000111 3

Matching output
0 25 52
1 13 31 36 63
2 34 43 47 74
3 04 40
4 04 40
5 04 40
6 04 40
7 04 40

Left
25 36 47 50x
52 63 74 05x
Best: AND25 36 47: 3

Right
04 73x
40 37x
Best: AND04: 1

OR
01 10 11111101 7
12 21 11111111 a
23 32 11110111 7
34 43 11001111 6
45 54 11111110 7
56 65 11111111 a
67 76 01110111 6
70 07 10110111 6

02 20 11110111 7
13 31 11101111 7
24 42 11111111 a
35 53 11111111 a
46 64 01111111 7
57 75 11111111 a
60 06 11110101 6
71 17 01101111 6

03 30 10010111 5
14 41 01101111 6
25 52 11111111 a
36 63 11110111 7
47 74 01101111 6
50 05 11111111 a
61 16 01111101 6
72 27 11110111 7

04 40 11011111 7
15 51 11111111 a
26 62 11110111 7
37 73 10100111 5

Matching output
0 absent
1 absent
2 absent
3 absent
4 absent
5 absent
6 absent
7 absent

Left
none
Best: none

Right
none
Best: none

XOR
01 10 11111100 6
12 21 10011010 4
23 32 01110000 3
34 43 11001001 4
45 54 10110000 3
56 65 10001011 4
67 76 01010010 3
70 07 10110110 5

02 20 01100110 4
13 31 11101010 5
24 42 10111001 5
35 53 01111001 5
46 64 00111011 5
57 75 11011001 5
60 06 11100100 4
71 17 01001010 3

03 30 00010110 3
14 41 00100011 3
25 52 00001001 2
36 63 11110010 5
47 74 01101001 4
50 05 01101111 6
61 16 00011000 2
72 27 11010000 3

04 40 11011111 7
15 51 10010011 4
26 62 10000010 2
37 73 10100000 2

Matching output
0 absent
1 absent
2 absent
3 absent
4 absent
5 absent
6 absent
7 absent

Left
none
Best: none

Right
none
Best: none

AND-NOT
01 10010000 2
12 00001000 1
23 01110000 3
34 10000001 2
45 00000000 a match 3 4 5 6 7
56 10001010 3
67 01010000 2
70 00100110 3

02 00000000 a match 3 4 5 6 7
13 01101000 3
24 10110001 4
35 00000001 1
46 00001010 2
57 11011000 4
60 01100100 3
71 00000010 1

03 00010000 1
14 00100001 2
25 00000001 1
36 10000010 2
47 01001000 2
50 01101110 5
61 00010000 1
72 00000000 a match 3 4 5 6 7

04 10010001 3
15 00000001 1
26 10000010 2
37 10000000 1
40 01001110 4
51 10010010 3
62 00000000 a match 3 4 5 6 7
73 00100000 1

05 00000001 1
16 00001000 1
27 11010000 3
30 00000110 2 match 2
41 00000010 1
52 00001000 1
63 01110000 3
74 00100001 2

06 10000000 1
17 01001000 2
20 01100110 4
31 10000010 2
42 00001000 1
53 01111000 4
64 00110001 3
75 00000001 1

07 10010000 2
10 01101100 4
21 10010010 3
32 00000000 a match 3 4 5 6 7
43 01001000 2
54 10110000 3
65 00000001 1
76 00000010 1

Matching output
0 absent
1 absent
2 30
3 45 02 72 62 32
4 45 02 72 62 32
5 45 02 72 62 32
6 45 02 72 62 32
7 45 02 72 62 32

Left
none
Best: none

Right
45 34x
02 71x
72 61x
62 51x
32 21x
Best: AND-NOT45: 1

OR-NOT
01 10010011 4
12 01101101 5
23 11111111 a
34 10110111 6
45 01001111 5
56 11111110 7
67 11111101 7
70 01101111 6

02 10011001 4
13 01111101 6
24 11110111 7
35 10000111 4
46 11001110 5
57 11111110 7
60 01111111 7
71 10110111 6

03 11111001 6
14 11111101 7
25 11110111 7
36 10001111 5
47 11011110 6
50 11111110 7
61 11110111 7
72 00101111 5

04 10110001 4
15 01101101 5
26 11111111 a
37 11011111 7
40 01101110 5
51 11111110 7
62 01111101 6
73 01111111 7

05 10010001 3
16 11101111 7
27 11111111 a
30 11101111 7
41 11011110 6
52 11111110 7
63 01111101 6
74 10110111 6

06 10011011 5
17 11111101 7
20 11111111 a
31 10010111 5
42 01001110 4
53 11111110 7
64 11110101 6
75 00100111 4

07 11011001 5
10 01101111 6
21 11110111 7
32 10001111 5
43 01111110 6
54 11111111 a
65 01110101 5
76 10101111 6

Matching output
0 absent
1 absent
2 absent
3 absent
4 absent
5 absent
6 absent
7 absent

Left
none
Best: none

Right
none
Best: none

XOR-NOT
01 00000011 2
12 01100101 4
23 10001111 5
34 00110110 4
45 01001111 5
56 01110100 4
67 10101101 5
70 01001001 3

02 10011001 4
13 00010101 3
24 01000110 3
35 10000110 3
46 11000100 3
57 00100110 3
60 00011011 4
71 10110101 5

03 11101001 5
14 11011100 5
25 11110110 6 match 0
36 00001101 3
47 10010110 4
50 10010000 2
61 11100111 6
72 00101111 5

04 00100000 1
15 01101100 4
26 01111101 6
37 01011111 6
40 00100000 1
51 01101100 4
62 01111101 6
73 01011111 6

05 10010000 2
16 11100111 6
27 00101111 5
30 11101001 5
41 11011100 5
52 11110110 6 match 0
63 00001101 3
74 10010110 4

06 00011011 4
17 10110101 5
20 10011001 4
31 00010101 3
42 01000110 3
53 10000110 3
64 11000100 3
75 00100110 3

07 01001001 3
10 00000011 2
21 01100101 4
32 10001111 5
43 00110110 4
54 01001111 5
65 01110100 4
76 10101101 5

Matching output
0 25 52
1 absent
2 absent
3 absent
4 absent
5 absent
6 absent
7 absent

Left
25 36x
52 63x
Best: XOR-NOT25: 1

Right
none
Best: none

Selecting

Lefts
Identity none
NOT none
Constant none
AND AND25 36 47: 3
OR none
XOR none
AND-NOT none
OR-NOT none
XOR-NOT XOR-NOT25: 1

Rights
Identity none
NOT none
Constant C0 0 0 0 0: 5
AND AND04: 1
OR none
XOR none
AND-NOT AND-NOT45: 1
OR-NOT none
XOR-NOT none

Left longest: 3
Right longest: 5

Right winner: Identity no, NOT no, Constant yes, AND no, OR no, XOR no, AND-NOT no, OR-NOT no, XOR-NOT no
Left winner: Identity no, NOT no, Constant no, AND yes, OR no, XOR no, AND-NOT no, OR-NOT no, XOR-NOT no

Best right: C0 0 0 0 0: 5
Best left: AND25 36 47: 3

Truncated right: C0 0 0 0 0: 5
Truncated left: AND25 36 47: 3

Tentative from right
7 C0
6 C0
5 C0
4 C0
3 C0
2 pending
1 pending
0 pending

Tentative
0 AND25
1 AND36
2 AND47
3 C0
4 C0
5 C0
6 C0
7 C0

Preferred from right
7 C0
6 C0
5 C0
4 C0
3 C0
2 AND47
1 AND36
0 AND25

Preferred from left
0 AND25
1 AND36
2 AND47
3 C0
4 C0
5 C0
6 C0
7 C0

Preferred
0 AND25
1 AND36
2 AND47
3 C0
4 C0
5 C0
6 C0
7 C0

Matching
0 AND25
1 AND36
2 AND47
3 C0
4 C0
5 C0
6 C0
7 C0

Perfect match
Identity no
NOT no
Constant no
AND no
OR no
XOR no
AND-NOT no
OR-NOT no
XOR-NOT no

Matched
0 AND25
1 AND36
2 AND47
3 C0
4 C0
5 C0
6 C0
7 C0

Selected
0 AND25
1 AND36
2 AND47
3 C0
4 C0
5 C0
6 C0
7 C0

Applying to 11001010
Input
0 1
1 1
2 0
3 0
4 1
5 0
6 1
7 0
Output
0 AND25 = AND(0,0) = 0
1 AND36 = AND(0,1) = 0
2 AND47 = AND(1,0) = 0
3 C0 = 0
4 C0 = 0
5 C0 = 0
6 C0 = 0
7 C0 = 0

I will now return the answer in \boxed{}
The answer in \boxed{–} is \boxed{00000000}