We need to deduce the transformation by matching the example outputs.
I will put my final answer inside \boxed{}.

Output 0: 00110011
0 0
1 0
2 1
3 1
4 0
5 0
6 1
7 1

Output 1: 01110111
0 0
1 1
2 1
3 1
4 0
5 1
6 1
7 1

Output 2: 10111011
0 1
1 0
2 1
3 1
4 1
5 0
6 1
7 1

Output 3: 11111111
0 1
1 1
2 1
3 1
4 1
5 1
6 1
7 1

Output 4: 11111111
0 1
1 1
2 1
3 1
4 1
5 1
6 1
7 1

Output 5: 11111111
0 1
1 1
2 1
3 1
4 1
5 1
6 1
7 1

Output 6: 10111011
0 1
1 0
2 1
3 1
4 1
5 0
6 1
7 1

Output 7: 00011011
0 0
1 0
2 0
3 1
4 1
5 0
6 1
7 1

Output bit columns (with bitsum as hash)
0 00111110 5
1 01011100 4
2 11111110 7
3 11111111 a
4 00111111 6
5 01011100 4
6 11111111 a
7 11111111 a

Input 0: 01000111
0 0
1 1
2 0
3 0
4 0
5 1
6 1
7 1

Input 1: 01000110
0 0
1 1
2 0
3 0
4 0
5 1
6 1
7 0

Input 2: 10000001
0 1
1 0
2 0
3 0
4 0
5 0
6 0
7 1

Input 3: 01010001
0 0
1 1
2 0
3 1
4 0
5 0
6 0
7 1

Input 4: 11011101
0 1
1 1
2 0
3 1
4 1
5 1
6 0
7 1

Input 5: 01100110
0 0
1 1
2 1
3 0
4 0
5 1
6 1
7 0

Input 6: 11100111
0 1
1 1
2 1
3 0
4 0
5 1
6 1
7 1

Input 7: 01101101
0 0
1 1
2 1
3 0
4 1
5 1
6 0
7 1

When matching output
x: not in operator
y: wrong position

Identity
0 00101010 3
1 11011111 7
2 00000111 3
3 00011000 2
4 00001001 2
5 11001111 6
6 11000110 4
7 10111011 6

Matching output
0 absent
1 absent
2 absent
3 absent
4 absent
5 absent
6 absent
7 absent

Left
none
Best: none

Right
none
Best: none

NOT
0 11010101 5
1 00100000 1
2 11111000 5
3 11100111 6
4 11110110 6
5 00110000 2
6 00111001 4
7 01000100 2

Matching output
0 absent
1 absent
2 absent
3 absent
4 absent
5 absent
6 absent
7 absent

Left
none
Best: none

Right
none
Best: none

Constant
0 00000000 a
1 11111111 a match 3 6 7

Matching output
0 absent
1 absent
2 absent
3 C1
4 absent
5 absent
6 C1
7 C1

Left
none
Best: none

Right
1 1
Best: C1 1: 2

AND
01 10 00001010 2
12 21 00000111 3
23 32 00000000 a
34 43 00001000 1
45 54 00001001 2
56 65 11000110 4
67 76 10000010 2
70 07 00101010 3

02 20 00000010 1
13 31 00011000 2
24 42 00000001 1
35 53 00001000 1
46 64 00000000 a
57 75 10001011 4
60 06 00000010 1
71 17 10011011 5

03 30 00001000 1
14 41 00001001 2
25 52 00000111 3
36 63 00000000 a
47 74 00001001 2
50 05 00001010 2
61 16 11000110 4
72 27 00000011 2

04 40 00001000 1
15 51 11001111 6
26 62 00000110 2
37 73 00011000 2

Matching output
0 absent
1 absent
2 absent
3 absent
4 absent
5 absent
6 absent
7 absent

Left
none
Best: none

Right
none
Best: none

OR
01 10 11111111 a match 3 6 7
12 21 11011111 7
23 32 00011111 5
34 43 00011001 3
45 54 11001111 6
56 65 11001111 6
67 76 11111111 a match 3 6 7
70 07 10111011 6

02 20 00101111 5
13 31 11011111 7
24 42 00001111 4
35 53 11011111 7
46 64 11001111 6
57 75 11111111 a match 3 6 7
60 06 11101110 6
71 17 11111111 a match 3 6 7

03 30 00111010 4
14 41 11011111 7
25 52 11001111 6
36 63 11011110 6
47 74 10111011 6
50 05 11101111 7
61 16 11011111 7
72 27 10111111 7

04 40 00101011 4
15 51 11011111 7
26 62 11000111 5
37 73 10111011 6

Matching output
0 absent
1 absent
2 absent
3 01 10 67 76 57 75 71 17
4 absent
5 absent
6 01 10 67 76 57 75 71 17
7 01 10 67 76 57 75 71 17

Left
none
Best: none

Right
01 70x
10 07x
67 56x
76 65x
57 46x
75 64x
71 60x
17 06x
Best: OR01: 1

XOR
01 10 11110101 6
12 21 11011000 4
23 32 00011111 5
34 43 00010001 2
45 54 11000110 4
56 65 00001001 2
67 76 01111101 6
70 07 10010001 3

02 20 00101101 4
13 31 11000111 5
24 42 00001110 3
35 53 11010111 6
46 64 11001111 6
57 75 01110100 4
60 06 11101100 5
71 17 01100100 3

03 30 00110010 3
14 41 11010110 5
25 52 11001000 3
36 63 11011110 6
47 74 10110010 4
50 05 11100101 5
61 16 00011001 3
72 27 10111100 5

04 40 00100011 3
15 51 00010000 1
26 62 11000001 3
37 73 10100011 4

Matching output
0 absent
1 absent
2 absent
3 absent
4 absent
5 absent
6 absent
7 absent

Left
none
Best: none

Right
none
Best: none

AND-NOT
01 00100000 1
12 11011000 4
23 00000111 3
34 00010000 1
45 00000000 a
56 00001001 2
67 01000100 2
70 10010001 3

02 00101000 2
13 11000111 5
24 00000110 2
35 00010000 1
46 00001001 2
57 01000100 2
60 11000100 3
71 00100000 1

03 00100010 2
14 11010110 5
25 00000000 a
36 00011000 2
47 00000000 a
50 11000101 4
61 00000000 a
72 10111000 4

04 00100010 2
15 00010000 1
26 00000001 1
37 00000000 a
40 00000001 1
51 00000000 a
62 11000000 2
73 10100011 4

05 00100000 1
16 00011001 3
27 00000100 1
30 00010000 1
41 00000000 a
52 11001000 3
63 11000110 4
74 10110010 4

06 00101000 2
17 01000100 2
20 00000101 2
31 00000000 a
42 00001000 1
53 11000111 5
64 11000110 4
75 00110000 2

07 00000000 a
10 11010101 5
21 00000000 a
32 00011000 2
43 00000001 1
54 11000110 4
65 00000000 a
76 00111001 4

Matching output
0 absent
1 absent
2 absent
3 absent
4 absent
5 absent
6 absent
7 absent

Left
none
Best: none

Right
none
Best: none

OR-NOT
01 00101010 3
12 11111111 a match 3 6 7
23 11100111 6
34 11111110 7 match 2
45 00111001 4
56 11111111 a match 3 6 7
67 11000110 4
70 11111111 a match 3 6 7

02 11111010 6
13 11111111 a match 3 6 7
24 11110111 7
35 00111000 3
46 00111001 4
57 11001111 6
60 11010111 6
71 10111011 6

03 11101111 7
14 11111111 a match 3 6 7
25 00110111 5
36 00111001 4
47 01001101 4
50 11011111 7
61 11100110 5
72 11111011 7

04 11111110 7 match 2
15 11111111 a match 3 6 7
26 00111111 6 match 4
37 01011100 4 match 1 5
40 11011101 6
51 11101111 7
62 11111110 7 match 2
73 11111111 a match 3 6 7

05 00111010 4
16 11111111 a match 3 6 7
27 01000111 4
30 11011101 6
41 00101001 3
52 11111111 a match 3 6 7
63 11100111 6
74 11111111 a match 3 6 7

06 00111011 5
17 11011111 7
20 11010111 6
31 00111000 3
42 11111001 6
53 11101111 7
64 11110110 6
75 10111011 6

07 01101110 5
10 11011111 7
21 00100111 4
32 11111000 5
43 11101111 7
54 11111111 a match 3 6 7
65 11110110 6
76 10111011 6

Matching output
0 absent
1 37
2 34 04 62
3 12 56 70 13 14 15 73 16 52 74 54
4 26
5 37
6 12 56 70 13 14 15 73 16 52 74 54
7 12 56 70 13 14 15 73 16 52 74 54

Left
none
Best: none

Right
12 01x
56 45x
70 67x
13 02x
14 03x
15 04y
73 62y
16 05x
52 41x
74 63x
54 43x
Best: OR-NOT12: 1

XOR-NOT
01 00001010 2
12 00100111 4
23 11100000 3
34 11101110 6
45 00111001 4
56 11110110 6
67 10000010 2
70 01101110 5

02 11010010 4
13 00111000 3
24 11110001 5
35 00101000 2
46 00110000 2
57 10001011 4
60 00010011 3
71 10011011 5

03 11001101 5
14 00101001 3
25 00110111 5
36 00100001 2
47 01001101 4
50 00011010 3
61 11100110 5
72 01000011 3

04 11011100 5
15 11101111 7
26 00111110 5 match 0
37 01011100 4 match 1 5
40 11011100 5
51 11101111 7
62 00111110 5 match 0
73 01011100 4 match 1 5

05 00011010 3
16 11100110 5
27 01000011 3
30 11001101 5
41 00101001 3
52 00110111 5
63 00100001 2
74 01001101 4

06 00010011 3
17 10011011 5
20 11010010 4
31 00111000 3
42 11110001 5
53 00101000 2
64 00110000 2
75 10001011 4

07 01101110 5
10 00001010 2
21 00100111 4
32 11100000 3
43 11101110 6
54 00111001 4
65 11110110 6
76 10000010 2

Matching output
0 26 62
1 37 73
2 absent
3 absent
4 absent
5 37 73
6 absent
7 absent

Left
26 37 40x
62 73 04x
Best: XOR-NOT26 37: 2

Right
none
Best: none

Selecting

Lefts
Identity none
NOT none
Constant none
AND none
OR none
XOR none
AND-NOT none
OR-NOT none
XOR-NOT XOR-NOT26 37: 2

Rights
Identity none
NOT none
Constant C1 1: 2
AND none
OR OR01: 1
XOR none
AND-NOT none
OR-NOT OR-NOT12: 1
XOR-NOT none

Left longest: 2
Right longest: 2

Left winner: Identity no, NOT no, Constant no, AND no, OR no, XOR no, AND-NOT no, OR-NOT no, XOR-NOT yes
Right winner: Identity no, NOT no, Constant yes, AND no, OR no, XOR no, AND-NOT no, OR-NOT no, XOR-NOT no

Best left: XOR-NOT26 37: 2
Best right: C1 1: 2

Truncated left: XOR-NOT26 37: 2
Truncated right: C1 1: 2

Tentative from right
7 C1
6 C1
5 pending
4 pending
3 pending
2 pending
1 pending
0 pending

Tentative
0 XOR-NOT26
1 XOR-NOT37
2 pending
3 pending
4 pending
5 pending
6 C1
7 C1

Preferred from left
0 XOR-NOT26
1 XOR-NOT37
2 ?40
3 ?51
4 ?62
5 ?73
6 C1
7 C1

Preferred from right
7 C1
6 C1
5 ?73
4 ?62
3 ?51
2 ?40
1 XOR-NOT37
0 XOR-NOT26

Preferred
0 XOR-NOT26
1 XOR-NOT37
2 ?40 ?04
3 ?51 ?15
4 ?62 ?26
5 ?73 ?37
6 C1
7 C1

Matching
0 XOR-NOT26
1 XOR-NOT37
2 ?40 ?04 - Identity absent, NOT absent, Constant absent, AND absent, OR absent, XOR absent, AND-NOT absent, OR-NOT04, XOR-NOT absent
3 ?51 ?15 - Identity absent, NOT absent, Constant C1, AND absent, OR absent, XOR absent, AND-NOT absent, OR-NOT15, XOR-NOT absent
4 ?62 ?26 - Identity absent, NOT absent, Constant absent, AND absent, OR absent, XOR absent, AND-NOT absent, OR-NOT26, XOR-NOT absent
5 ?73 ?37 - Identity absent, NOT absent, Constant absent, AND absent, OR absent, XOR absent, AND-NOT absent, OR-NOT37, XOR-NOT73
6 C1
7 C1

Perfect match
Identity no
NOT no
Constant no
AND no
OR no
XOR no
AND-NOT no
OR-NOT yes
XOR-NOT no

Matched
0 XOR-NOT26
1 XOR-NOT37
2 OR-NOT04
3 OR-NOT15
4 OR-NOT26
5 OR-NOT37
6 C1
7 C1

Selected
0 XOR-NOT26
1 XOR-NOT37
2 OR-NOT04
3 OR-NOT15
4 OR-NOT26
5 OR-NOT37
6 C1
7 C1

Applying to 11001001
Input
0 1
1 1
2 0
3 0
4 1
5 0
6 0
7 1
Output
0 XOR-NOT26 = XOR(0,NOT(0)) = 1
1 XOR-NOT37 = XOR(0,NOT(1)) = 0
2 OR-NOT04 = OR(1,NOT(1)) = 1
3 OR-NOT15 = OR(1,NOT(0)) = 1
4 OR-NOT26 = OR(0,NOT(0)) = 1
5 OR-NOT37 = OR(0,NOT(1)) = 0
6 C1 = 1
7 C1 = 1

I will now return the answer in \boxed{}
The answer in \boxed{–} is \boxed{10111011}