We need to deduce the transformation by matching the example outputs.
I will put my final answer inside \boxed{}.

Output 0: 00101110
0 0
1 0
2 1
3 0
4 1
5 1
6 1
7 0

Output 1: 00111011
0 0
1 0
2 1
3 1
4 1
5 0
6 1
7 1

Output 2: 01100101
0 0
1 1
2 1
3 0
4 0
5 1
6 0
7 1

Output 3: 10110001
0 1
1 0
2 1
3 1
4 0
5 0
6 0
7 1

Output 4: 01000101
0 0
1 1
2 0
3 0
4 0
5 1
6 0
7 1

Output 5: 00010111
0 0
1 0
2 0
3 1
4 0
5 1
6 1
7 1

Output 6: 11000000
0 1
1 1
2 0
3 0
4 0
5 0
6 0
7 0

Output 7: 01001111
0 0
1 1
2 0
3 0
4 1
5 1
6 1
7 1

Output 8: 10111110
0 1
1 0
2 1
3 1
4 1
5 1
6 1
7 0

Output bit columns (with bitsum as hash)
0 000100101 3
1 001010110 4
2 111100001 5
3 010101001 4
4 110000011 4
5 101011011 6
6 110001011 5
7 011111010 6

Input 0: 01101001
0 0
1 1
2 1
3 0
4 1
5 0
6 0
7 1

Input 1: 11100001
0 1
1 1
2 1
3 0
4 0
5 0
6 0
7 1

Input 2: 00100011
0 0
1 0
2 1
3 0
4 0
5 0
6 1
7 1

Input 3: 10100101
0 1
1 0
2 1
3 0
4 0
5 1
6 0
7 1

Input 4: 00100010
0 0
1 0
2 1
3 0
4 0
5 0
6 1
7 0

Input 5: 10011000
0 1
1 0
2 0
3 1
4 1
5 0
6 0
7 0

Input 6: 00000110
0 0
1 0
2 0
3 0
4 0
5 1
6 1
7 0

Input 7: 01100010
0 0
1 1
2 1
3 0
4 0
5 0
6 1
7 0

Input 8: 11000101
0 1
1 1
2 0
3 0
4 0
5 1
6 0
7 1

When matching output
x: not in operator
y: wrong position

Identity
0 010101001 4 match 3
1 110000011 4 match 4
2 111110010 6
3 000001000 1
4 100001000 2
5 000100101 3 match 0
6 001010110 4 match 1
7 111100001 5 match 2

Matching output
0 5
1 6
2 7
3 0
4 1
5 absent
6 absent
7 absent

Left
5 6 7 0 1 2x
Best: I5 6 7 0 1: 5

Right
none
Best: none

NOT
0 101010110 5
1 001111100 5
2 000001101 3
3 111110111 8
4 011110111 7
5 111011010 6
6 110101001 5
7 000011110 4

Matching output
0 absent
1 absent
2 absent
3 absent
4 absent
5 absent
6 absent
7 absent

Left
none
Best: none

Right
none
Best: none

Constant
0 000000000 a
1 111111111 a

Matching output
0 absent
1 absent
2 absent
3 absent
4 absent
5 absent
6 absent
7 absent

Left
none
Best: none

Right
none
Best: none

AND
01 10 010000001 2
12 21 110000010 3
23 32 000000000 a
34 43 000001000 1
45 54 000000000 a
56 65 000000100 1
67 76 001000000 1
70 07 010100001 3

02 20 010100000 2
13 31 000000000 a
24 42 100000000 1
35 53 000000000 a
46 64 000000000 a
57 75 000100001 2
60 06 000000000 a
71 17 110000001 3

03 30 000001000 1
14 41 100000000 1
25 52 000100000 1
36 63 000000000 a
47 74 100000000 1
50 05 000100001 2
61 16 000000010 1
72 27 111100000 4

04 40 000001000 1
15 51 000000001 1
26 62 001010010 3
37 73 000000000 a

Matching output
0 absent
1 absent
2 absent
3 absent
4 absent
5 absent
6 absent
7 absent

Left
none
Best: none

Right
none
Best: none

OR
01 10 110101011 6
12 21 111110011 7
23 32 111111010 7
34 43 100001000 2
45 54 100101101 5
56 65 001110111 6
67 76 111110111 8
70 07 111101001 6

02 20 111111011 8
13 31 110001011 5 match 6
24 42 111111010 7
35 53 000101101 4
46 64 101011110 6
57 75 111100101 6
60 06 011111111 8
71 17 111100011 6

03 30 010101001 4 match 3
14 41 110001011 5 match 6
25 52 111110111 8
36 63 001011110 5
47 74 111101001 6
50 05 010101101 5
61 16 111010111 7
72 27 111110011 7

04 40 110101001 5
15 51 110100111 6
26 62 111110110 7
37 73 111101001 6

Matching output
0 absent
1 absent
2 absent
3 03 30
4 absent
5 absent
6 13 31 14 41
7 absent

Left
none
Best: none

Right
none
Best: none

XOR
01 10 100101010 4
12 21 001110001 4
23 32 111111010 7
34 43 100000000 1
45 54 100101101 5
56 65 001110011 5
67 76 110110111 7
70 07 101001000 3

02 20 101011011 6 match 5
13 31 110001011 5 match 6
24 42 011111010 6 match 7
35 53 000101101 4
46 64 101011110 6
57 75 111000100 4
60 06 011111111 8
71 17 001100010 3

03 30 010100001 3
14 41 010001011 4
25 52 111010111 7
36 63 001011110 5
47 74 011101001 5
50 05 010001100 3
61 16 111010101 6
72 27 000010011 3

04 40 110100001 4
15 51 110100110 5
26 62 110100100 4
37 73 111101001 6

Matching output
0 absent
1 absent
2 absent
3 absent
4 absent
5 02 20
6 13 31
7 24 42

Left
none
Best: none

Right
24 13 02 71x
42 31 20 17x
Best: XOR24 13 02: 3

AND-NOT
01 000101000 2
12 000000001 1
23 111110010 6
34 000000000 a
45 100001000 2
56 000100001 2
67 000010110 3
70 101000000 2

02 000001001 2
13 110000011 4 match 4
24 011110010 5
35 000001000 1
46 100001000 2
57 000000100 1
60 001010110 4 match 1
71 001100000 2

03 010100001 3
14 010000011 3
25 111010010 5
36 000001000 1
47 000001000 1
50 000000100 1
61 001010100 3
72 000000001 1

04 010100001 3
15 110000010 3
26 110100000 3
37 000001000 1
40 100000000 1
51 000100100 2
62 000000100 1
73 111100001 5 match 2

05 010001000 2
16 110000001 3
27 000010010 2
30 000000000 a
41 000001000 1
52 000000101 2
63 001010110 4 match 1
74 011100001 4

06 010101001 4 match 3
17 000000010 1
20 101010010 4
31 000001000 1
42 000001000 1
53 000100101 3 match 0
64 001010110 4 match 1
75 111000000 3

07 000001000 1
10 100000010 2
21 001110000 3
32 000001000 1
43 100000000 1
54 000100101 3 match 0
65 001010010 3
76 110100001 4

Matching output
0 53 54
1 60 63 64
2 73
3 06
4 13
5 absent
6 absent
7 absent

Left
53 64 75x
54 65x
Best: AND-NOT53 64: 2

Right
none
Best: none

OR-NOT
01 011111101 7
12 110001111 6
23 111110111 8
34 011111111 8
45 111011010 6
56 110101101 6
67 001011110 5
70 111110111 8

02 010101101 5
13 111110111 8
24 111110111 8
35 111011010 6
46 110101001 5
57 000111111 6
60 101010110 5
71 111111101 8

03 111111111 a
14 111110111 8
25 111111010 7
36 110101001 5
47 100011110 5
50 101110111 7
61 001111110 6
72 111101101 7

04 011111111 8
15 111011011 7
26 111111011 8
37 000011110 4
40 101011110 6
51 001111101 6
62 001011111 6
73 111110111 8

05 111111011 8
16 110101011 6
27 111111110 8
30 101011110 6
41 101111100 6
52 000101101 4
63 111110111 8
74 111110111 8

06 110101001 5
17 110011111 7
20 111110110 7
31 001111100 5
42 100001101 4
53 111110111 8
64 011110111 7
75 111111011 8

07 010111111 7
10 111010111 7
21 111111110 8
32 000001101 3
43 111111111 a
54 011110111 7
65 111011110 7
76 111101001 6

Matching output
0 absent
1 absent
2 absent
3 absent
4 absent
5 absent
6 absent
7 absent

Left
none
Best: none

Right
none
Best: none

XOR-NOT
01 011010101 5
12 110001110 5
23 000000101 2
34 011111111 8
45 011010010 4
56 110001100 4
67 001001000 2
70 010110111 6

02 010100100 3
13 001110100 4
24 100000101 3
35 111010010 5
46 010100001 3
57 000111011 5
60 100000000 1
71 110011101 6

03 101011110 6
14 101110100 5
25 000101000 2
36 110100001 4
47 100010110 4
50 101110011 6
61 000101010 3
72 111101100 6

04 001011110 5
15 001011001 4
26 001011011 5
37 000010110 3
40 001011110 5
51 001011001 4
62 001011011 5
73 000010110 3

05 101110011 6
16 000101010 3
27 111101100 6
30 101011110 6
41 101110100 5
52 000101000 2
63 110100001 4
74 100010110 4

06 100000000 1
17 110011101 6
20 010100100 3
31 001110100 4
42 100000101 3
53 111010010 5
64 010100001 3
75 000111011 5

07 010110111 6
10 011010101 5
21 110001110 5
32 000000101 2
43 011111111 8
54 011010010 4
65 110001100 4
76 001001000 2

Matching output
0 absent
1 absent
2 absent
3 absent
4 absent
5 absent
6 absent
7 absent

Left
none
Best: none

Right
none
Best: none

Selecting

Lefts
Identity I5 6 7 0 1: 5
NOT none
Constant none
AND none
OR none
XOR none
AND-NOT AND-NOT53 64: 2
OR-NOT none
XOR-NOT none

Rights
Identity none
NOT none
Constant none
AND none
OR none
XOR XOR24 13 02: 3
AND-NOT none
OR-NOT none
XOR-NOT none

Left longest: 5
Right longest: 3

Left winner: Identity yes, NOT no, Constant no, AND no, OR no, XOR no, AND-NOT no, OR-NOT no, XOR-NOT no
Right winner: Identity no, NOT no, Constant no, AND no, OR no, XOR yes, AND-NOT no, OR-NOT no, XOR-NOT no

Best left: I5 6 7 0 1: 5
Best right: XOR24 13 02: 3

Truncated left: I5 6 7 0 1: 5
Truncated right: XOR24 13 02: 3

Tentative from right
7 XOR24
6 XOR13
5 XOR02
4 pending
3 pending
2 pending
1 pending
0 pending

Tentative
0 I5
1 I6
2 I7
3 I0
4 I1
5 XOR02
6 XOR13
7 XOR24

Preferred from left
0 I5
1 I6
2 I7
3 I0
4 I1
5 XOR02
6 XOR13
7 XOR24

Preferred from right
7 XOR24
6 XOR13
5 XOR02
4 I1
3 I0
2 I7
1 I6
0 I5

Preferred
0 I5
1 I6
2 I7
3 I0
4 I1
5 XOR02
6 XOR13
7 XOR24

Matching
0 I5
1 I6
2 I7
3 I0
4 I1
5 XOR02
6 XOR13
7 XOR24

Perfect match
Identity no
NOT no
Constant no
AND no
OR no
XOR no
AND-NOT no
OR-NOT no
XOR-NOT no

Matched
0 I5
1 I6
2 I7
3 I0
4 I1
5 XOR02
6 XOR13
7 XOR24

Selected
0 I5
1 I6
2 I7
3 I0
4 I1
5 XOR02
6 XOR13
7 XOR24

Applying to 10101010
Input
0 1
1 0
2 1
3 0
4 1
5 0
6 1
7 0
Output
0 I5 = 0
1 I6 = 1
2 I7 = 0
3 I0 = 1
4 I1 = 0
5 XOR02 = XOR(1,1) = 0
6 XOR13 = XOR(0,0) = 0
7 XOR24 = XOR(1,1) = 0

I will now return the answer in \boxed{}
The answer in \boxed{–} is \boxed{01010000}