We need to deduce the transformation by matching the example outputs.
I will put my final answer inside \boxed{}.

Output 0: 01000000
0 0
1 1
2 0
3 0
4 0
5 0
6 0
7 0

Output 1: 00100001
0 0
1 0
2 1
3 0
4 0
5 0
6 0
7 1

Output 2: 00100001
0 0
1 0
2 1
3 0
4 0
5 0
6 0
7 1

Output 3: 00010000
0 0
1 0
2 0
3 1
4 0
5 0
6 0
7 0

Output 4: 01001010
0 0
1 1
2 0
3 0
4 1
5 0
6 1
7 0

Output 5: 00000011
0 0
1 0
2 0
3 0
4 0
5 0
6 1
7 1

Output 6: 01010001
0 0
1 1
2 0
3 1
4 0
5 0
6 0
7 1

Output 7: 00010101
0 0
1 0
2 0
3 1
4 0
5 1
6 0
7 1

Output bit columns (with bitsum as hash)
0 00000000 a
1 10001010 3
2 01100000 2
3 00010011 3
4 00001000 1
5 00000001 1
6 00001100 2
7 01100111 5

Input 0: 00011110
0 0
1 0
2 0
3 1
4 1
5 1
6 1
7 0

Input 1: 01001100
0 0
1 1
2 0
3 0
4 1
5 1
6 0
7 0

Input 2: 01001000
0 0
1 1
2 0
3 0
4 1
5 0
6 0
7 0

Input 3: 00000100
0 0
1 0
2 0
3 0
4 0
5 1
6 0
7 0

Input 4: 10011010
0 1
1 0
2 0
3 1
4 1
5 0
6 1
7 0

Input 5: 11100000
0 1
1 1
2 1
3 0
4 0
5 0
6 0
7 0

Input 6: 01010110
0 0
1 1
2 0
3 1
4 0
5 1
6 1
7 0

Input 7: 11100101
0 1
1 1
2 1
3 0
4 0
5 1
6 0
7 1

When matching output
x: not in operator
y: wrong position

Identity
0 00001101 3
1 01100111 5 match 7
2 00000101 2
3 10001010 3 match 1
4 11101000 4
5 11010011 5
6 10001010 3 match 1
7 00000001 1 match 5

Matching output
0 absent
1 3 6
2 absent
3 absent
4 absent
5 7
6 absent
7 1

Left
none
Best: none

Right
1 0x
Best: I1: 1

NOT
0 11110010 5
1 10011000 3
2 11111010 6
3 01110101 5
4 00010111 4
5 00101100 3
6 01110101 5
7 11111110 7

Matching output
0 absent
1 absent
2 absent
3 absent
4 absent
5 absent
6 absent
7 absent

Left
none
Best: none

Right
none
Best: none

Constant
0 00000000 a match 0
1 11111111 a

Matching output
0 C0
1 absent
2 absent
3 absent
4 absent
5 absent
6 absent
7 absent

Left
0
Best: C0: 1

Right
none
Best: none

AND
01 10 00000101 2
12 21 00000101 2
23 32 00000000 a match 0
34 43 10001000 2
45 54 11000000 2
56 65 10000010 2
67 76 00000000 a match 0
70 07 00000001 1 match 5

02 20 00000101 2
13 31 00000010 1
24 42 00000000 a match 0
35 53 10000010 2
46 64 10001000 2
57 75 00000001 1 match 5
60 06 00001000 1 match 4
71 17 00000001 1 match 5

03 30 00001000 1 match 4
14 41 01100000 2 match 2
25 52 00000001 1 match 5
36 63 10001010 3 match 1
47 74 00000000 a match 0
50 05 00000001 1 match 5
61 16 00000010 1
72 27 00000001 1 match 5

04 40 00001000 1 match 4
15 51 01000011 3
26 62 00000000 a match 0
37 73 00000000 a match 0

Matching output
0 23 32 67 76 24 42 47 74 26 62 37 73
1 36 63
2 14 41
3 absent
4 60 06 03 30 04 40
5 70 07 57 75 71 17 25 52 50 05 72 27
6 absent
7 absent

Left
23 34x
32 43x
67 70y
76 07y
24 35x
42 53x
47 50y
74 05y
26 37y
62 73y
37 40y
73 04y
Best: AND23: 1

Right
none
Best: none

OR
01 10 01101111 6
12 21 01100111 5 match 7
23 32 10001111 5
34 43 11101010 5
45 54 11111011 7
56 65 11011011 6
67 76 10001011 4
70 07 00001101 3

02 20 00001101 3
13 31 11101111 7
24 42 11101101 6
35 53 11011011 6
46 64 11101010 5
57 75 11010011 5
60 06 10001111 5
71 17 01100111 5 match 7

03 30 10001111 5
14 41 11101111 7
25 52 11010111 6
36 63 10001010 3 match 1
47 74 11101001 5
50 05 11011111 7
61 16 11101111 7
72 27 00000101 2

04 40 11101101 6
15 51 11110111 7
26 62 10001111 5
37 73 10001011 4

Matching output
0 absent
1 36 63
2 absent
3 absent
4 absent
5 absent
6 absent
7 12 21 71 17

Left
none
Best: none

Right
12 01x
21 10x
71 60x
17 06x
Best: OR12: 1

XOR
01 10 01101010 4
12 21 01100010 3
23 32 10001111 5
34 43 01100010 3
45 54 00111011 5
56 65 01011001 4
67 76 10001011 4
70 07 00001100 2 match 6

02 20 00001000 1 match 4
13 31 11101101 6
24 42 11101101 6
35 53 01011001 4
46 64 01100010 3
57 75 11010010 4
60 06 10000111 4
71 17 01100110 4

03 30 10000111 4
14 41 10001111 5
25 52 11010110 5
36 63 00000000 a match 0
47 74 11101001 5
50 05 11011110 6
61 16 11101101 6
72 27 00000100 1

04 40 11100101 5
15 51 10110100 4
26 62 10001111 5
37 73 10001011 4

Matching output
0 36 63
1 absent
2 absent
3 absent
4 02 20
5 absent
6 70 07
7 absent

Left
36 47x
63 74x
Best: XOR36: 1

Right
none
Best: none

AND-NOT
01 00001000 1 match 4
12 01100010 3
23 00000101 2
34 00000010 1
45 00101000 2
56 01010001 3
67 10001010 3 match 1
70 00000000 a match 0

02 00001000 1 match 4
13 01100101 4
24 00000101 2
35 00001000 1 match 4
46 01100000 2 match 2
57 11010010 4
60 10000010 2
71 00000000 a match 0

03 00000101 2
14 00000111 3
25 00000100 1
36 00000000 a match 0
47 11101000 4
50 11010010 4
61 10001000 2
72 00000000 a match 0

04 00000101 2
15 00100100 2
26 00000101 2
37 10001010 3 match 1
40 11100000 3
51 10010000 2
62 10001010 3 match 1
73 00000001 1 match 5

05 00001100 2 match 6
16 01100101 4
27 00000100 1
30 10000010 2
41 10001000 2
52 11010010 4
63 00000000 a match 0
74 00000001 1 match 5

06 00000101 2
17 01100110 4
20 00000000 a match 0
31 10001000 2
42 11101000 4
53 01010001 3
64 00000010 1
75 00000000 a match 0

07 00001100 2 match 6
10 01100010 3
21 00000000 a match 0
32 10001010 3 match 1
43 01100000 2 match 2
54 00010011 3 match 3
65 00001000 1 match 4
76 00000001 1 match 5

Matching output
0 70 71 36 72 63 20 75 21
1 67 37 62 32
2 46 43
3 54
4 01 02 35 65
5 73 74 76
6 05 07
7 absent

Left
70 01y
71 02y
36 47x
72 03x
63 74y
20 31x
75 06x
21 32 43 54 65 76 07 10x
Best: AND-NOT21 32 43 54 65 76 07: 7

Right
none
Best: none

OR-NOT
01 10011101 5
12 11111111 a
23 01110101 5
34 10011111 6
45 11101100 5
56 11110111 7
67 11111110 7
70 11110011 6

02 11111111 a
13 01110111 6
24 00010111 4
35 10101110 5
46 11111101 7
57 11111111 a
60 11111010 6
71 10011001 4

03 01111101 6
14 01110111 6
25 00101101 4
36 11111111 a
47 11111110 7
50 11110011 6
61 10011010 4
72 11111011 7

04 00011111 5
15 01101111 6
26 01110101 5
37 11111110 7
40 11111010 6
51 11011011 6
62 11111010 6
73 01110101 5

05 00101101 4
16 01110111 6
27 11111111 a
30 11111010 6
41 11111000 5
52 11111011 7
63 11111111 a
74 00010111 4

06 01111101 6
17 11111111 a
20 11110111 7
31 10011010 4
42 11111010 6
53 11110111 7
64 10011111 6
75 00101101 4

07 11111111 a
10 11110111 7
21 10011101 5
32 11111010 6
43 11111101 7
54 11010111 6
65 10101110 5
76 01110101 5

Matching output
0 absent
1 absent
2 absent
3 absent
4 absent
5 absent
6 absent
7 absent

Left
none
Best: none

Right
none
Best: none

XOR-NOT
01 10010101 4
12 10011101 5
23 01110000 3
34 10011101 5
45 11000100 3
56 10100110 4
67 01110100 4
70 11110011 6

02 11110111 7
13 00010010 2
24 00010010 2
35 10100110 4
46 10011101 5
57 00101101 4
60 01111000 4
71 10011001 4

03 01111000 4
14 01110000 3
25 00101001 3
36 11111111 a
47 00010110 3
50 00100001 2
61 00010010 2
72 11111011 7

04 00011010 3
15 01001011 4
26 01110000 3
37 01110100 4
40 00011010 3
51 01001011 4
62 01110000 3
73 01110100 4

05 00100001 2
16 00010010 2
27 11111011 7
30 01111000 4
41 01110000 3
52 00101001 3
63 11111111 a
74 00010110 3

06 01111000 4
17 10011001 4
20 11110111 7
31 00010010 2
42 00010010 2
53 10100110 4
64 10011101 5
75 00101101 4

07 11110011 6
10 10010101 4
21 10011101 5
32 01110000 3
43 10011101 5
54 11000100 3
65 10100110 4
76 01110100 4

Matching output
0 absent
1 absent
2 absent
3 absent
4 absent
5 absent
6 absent
7 absent

Left
none
Best: none

Right
none
Best: none

Selecting

Lefts
Identity none
NOT none
Constant C0: 1
AND AND23: 1
OR none
XOR XOR36: 1
AND-NOT AND-NOT21 32 43 54 65 76 07: 7
OR-NOT none
XOR-NOT none

Rights
Identity I1: 1
NOT none
Constant none
AND none
OR OR12: 1
XOR none
AND-NOT none
OR-NOT none
XOR-NOT none

Left longest: 7
Right longest: 1

Left winner: Identity no, NOT no, Constant no, AND no, OR no, XOR no, AND-NOT yes, OR-NOT no, XOR-NOT no
Right winner: Identity yes, NOT no, Constant no, AND no, OR no, XOR no, AND-NOT no, OR-NOT no, XOR-NOT no

Best left: AND-NOT21 32 43 54 65 76 07: 7
Best right: I1: 1

Truncated left: AND-NOT21 32 43 54 65 76 07: 7
Truncated right: I1: 1

Tentative from right
7 I1
6 pending
5 pending
4 pending
3 pending
2 pending
1 pending
0 pending

Tentative
0 AND-NOT21
1 AND-NOT32
2 AND-NOT43
3 AND-NOT54
4 AND-NOT65
5 AND-NOT76
6 AND-NOT07
7 I1

Preferred from left
0 AND-NOT21
1 AND-NOT32
2 AND-NOT43
3 AND-NOT54
4 AND-NOT65
5 AND-NOT76
6 AND-NOT07
7 I1

Preferred from right
7 I1
6 AND-NOT07
5 AND-NOT76
4 AND-NOT65
3 AND-NOT54
2 AND-NOT43
1 AND-NOT32
0 AND-NOT21

Preferred
0 AND-NOT21
1 AND-NOT32
2 AND-NOT43
3 AND-NOT54
4 AND-NOT65
5 AND-NOT76
6 AND-NOT07
7 I1

Matching
0 AND-NOT21
1 AND-NOT32
2 AND-NOT43
3 AND-NOT54
4 AND-NOT65
5 AND-NOT76
6 AND-NOT07
7 I1

Perfect match
Identity no
NOT no
Constant no
AND no
OR no
XOR no
AND-NOT no
OR-NOT no
XOR-NOT no

Matched
0 AND-NOT21
1 AND-NOT32
2 AND-NOT43
3 AND-NOT54
4 AND-NOT65
5 AND-NOT76
6 AND-NOT07
7 I1

Selected
0 AND-NOT21
1 AND-NOT32
2 AND-NOT43
3 AND-NOT54
4 AND-NOT65
5 AND-NOT76
6 AND-NOT07
7 I1

Applying to 10011101
Input
0 1
1 0
2 0
3 1
4 1
5 1
6 0
7 1
Output
0 AND-NOT21 = AND(0,NOT(0)) = 0
1 AND-NOT32 = AND(1,NOT(0)) = 1
2 AND-NOT43 = AND(1,NOT(1)) = 0
3 AND-NOT54 = AND(1,NOT(1)) = 0
4 AND-NOT65 = AND(0,NOT(1)) = 0
5 AND-NOT76 = AND(1,NOT(0)) = 1
6 AND-NOT07 = AND(1,NOT(1)) = 0
7 I1 = 0

I will now return the answer in \boxed{}
The answer in \boxed{–} is \boxed{01000100}