We need to deduce the transformation by matching the example outputs.
I will put my final answer inside \boxed{}.

Output 0: 10010011
0 1
1 0
2 0
3 1
4 0
5 0
6 1
7 1

Output 1: 00010000
0 0
1 0
2 0
3 1
4 0
5 0
6 0
7 0

Output 2: 01101011
0 0
1 1
2 1
3 0
4 1
5 0
6 1
7 1

Output 3: 00110110
0 0
1 0
2 1
3 1
4 0
5 1
6 1
7 0

Output 4: 01101101
0 0
1 1
2 1
3 0
4 1
5 1
6 0
7 1

Output 5: 01011000
0 0
1 1
2 0
3 1
4 1
5 0
6 0
7 0

Output 6: 01111111
0 0
1 1
2 1
3 1
4 1
5 1
6 1
7 1

Output 7: 10010000
0 1
1 0
2 0
3 1
4 0
5 0
6 0
7 0

Output 8: 01111110
0 0
1 1
2 1
3 1
4 1
5 1
6 1
7 0

Output bit columns (with bitsum as hash)
0 100000010 2
1 001011101 5
2 001110101 5
3 110101111 7
4 001011101 5
5 000110101 4
6 101100101 5
7 101010100 4

Input 0: 01001110
0 0
1 1
2 0
3 0
4 1
5 1
6 1
7 0

Input 1: 01000000
0 0
1 1
2 0
3 0
4 0
5 0
6 0
7 0

Input 2: 10101111
0 1
1 0
2 1
3 0
4 1
5 1
6 1
7 1

Input 3: 11011000
0 1
1 1
2 0
3 1
4 1
5 0
6 0
7 0

Input 4: 10110101
0 1
1 0
2 1
3 1
4 0
5 1
6 0
7 1

Input 5: 01100011
0 0
1 1
2 1
3 0
4 0
5 0
6 1
7 1

Input 6: 11111101
0 1
1 1
2 1
3 1
4 1
5 1
6 0
7 1

Input 7: 01000010
0 0
1 1
2 0
3 0
4 0
5 0
6 1
7 0

Input 8: 11111001
0 1
1 1
2 1
3 1
4 1
5 0
6 0
7 1

When matching output
x: not in operator
y: wrong position

Identity
0 001110101 5 match 2
1 110101111 7 match 3
2 001011101 5 match 1 4
3 000110101 4 match 5
4 101100101 5 match 6
5 101010100 4 match 7
6 101001010 4
7 001011101 5 match 1 4

Matching output
0 absent
1 2 7
2 0
3 1
4 2 7
5 3
6 4
7 5

Left
none
Best: none

Right
5 4 3 2 1 0 7 6x
Best: I5 4 3 2 1 0 7: 7

NOT
0 110001010 4
1 001010000 2
2 110100010 4
3 111001010 5
4 010011010 4
5 010101011 5
6 010110101 5
7 110100010 4

Matching output
0 absent
1 absent
2 absent
3 absent
4 absent
5 absent
6 absent
7 absent

Left
none
Best: none

Right
none
Best: none

Constant
0 000000000 a
1 111111111 a

Matching output
0 absent
1 absent
2 absent
3 absent
4 absent
5 absent
6 absent
7 absent

Left
none
Best: none

Right
none
Best: none

AND
01 10 000100101 3
12 21 000001101 3
23 32 000010101 3
34 43 000100101 3
45 54 101000100 3
56 65 101000000 2
67 76 001001000 2
70 07 001010101 4

02 20 001010101 4
13 31 000100101 3
24 42 001000101 3
35 53 000010100 2
46 64 101000000 2
57 75 001010100 3
60 06 001000000 1
71 17 000001101 3

03 30 000110101 4 match 5
14 41 100100101 4
25 52 001010100 3
36 63 000000000 a
47 74 001000101 3
50 05 001010100 3
61 16 100001010 3
72 27 001011101 5 match 1 4

04 40 001100101 4
15 51 100000100 2
26 62 001001000 2
37 73 000010101 3

Matching output
0 absent
1 72 27
2 absent
3 absent
4 72 27
5 03 30
6 absent
7 absent

Left
none
Best: none

Right
none
Best: none

OR
01 10 111111111 a
12 21 111111111 a
23 32 001111101 6
34 43 101110101 6
45 54 101110101 6
56 65 101011110 6
67 76 101011111 7
70 07 001111101 6

02 20 001111101 6
13 31 110111111 8
24 42 101111101 7
35 53 101110101 6
46 64 101101111 7
57 75 101011101 6
60 06 101111111 8
71 17 111111111 a

03 30 001110101 5 match 2
14 41 111101111 8
25 52 101011101 6
36 63 101111111 8
47 74 101111101 7
50 05 101110101 6
61 16 111101111 8
72 27 001011101 5 match 1 4

04 40 101110101 6
15 51 111111111 a
26 62 101011111 7
37 73 001111101 6

Matching output
0 absent
1 72 27
2 03 30
3 absent
4 72 27
5 absent
6 absent
7 absent

Left
none
Best: none

Right
none
Best: none

XOR
01 10 111011010 6
12 21 111110010 6
23 32 001101000 3
34 43 101010000 3
45 54 000110001 3
56 65 000011110 4
67 76 100010111 5
70 07 000101000 2

02 20 000101000 2
13 31 110011010 5
24 42 100111000 4
35 53 101100001 4
46 64 000101111 5
57 75 100001001 3
60 06 100111111 7
71 17 111110010 6

03 30 001000000 1
14 41 011001010 4
25 52 100001001 3
36 63 101111111 8
47 74 100111000 4
50 05 100100001 3
61 16 011100101 5
72 27 000000000 a

04 40 100010000 2
15 51 011111011 7
26 62 100010111 5
37 73 001101000 3

Matching output
0 absent
1 absent
2 absent
3 absent
4 absent
5 absent
6 absent
7 absent

Left
none
Best: none

Right
none
Best: none

AND-NOT
01 001010000 2
12 110100010 4
23 001001000 2
34 000010000 1
45 000100001 2
56 000010100 2
67 100000010 2 match 0
70 000001000 1

02 000100000 1
13 110001010 4
24 000011000 2
35 000100001 2
46 000100101 3
57 100000000 1
60 100001010 3
71 001010000 2

03 001000000 1
14 010001010 3
25 000001001 2
36 000110101 4 match 5
47 100100000 2
50 100000000 1
61 001000000 1
72 000000000 a

04 000010000 1
15 010101011 5
26 000010101 3
37 000100000 1
40 100000000 1
51 001010000 2
62 100000010 2 match 0
73 001001000 2

05 000100001 2
16 010100101 4
27 000000000 a
30 000000000 a
41 001000000 1
52 100000000 1
63 101001010 4
74 000011000 2

06 000110101 4 match 5
17 110100010 4
20 000001000 1
31 000010000 1
42 100100000 2
53 101000000 2
64 000001010 2
75 000001001 2

07 000100000 1
10 110001010 4
21 001010000 2
32 000100000 1
43 101000000 2
54 000010000 1
65 000001010 2
76 000010101 3

Matching output
0 67 62
1 absent
2 absent
3 absent
4 absent
5 36 06
6 absent
7 absent

Left
67 70x
62 73x
Best: AND-NOT67: 1

Right
none
Best: none

OR-NOT
01 001110101 5 match 2
12 110101111 7 match 3
23 111011111 8
34 010111111 7
45 111101111 8
56 111110101 7
67 111101010 6
70 111011111 8

02 111110111 8
13 111101111 8
24 011011111 7
35 010111111 7
46 111110101 7
57 111110110 7
60 111001010 5
71 001011101 5 match 1 4

03 111111111 a
14 110111111 8
25 011111111 8
36 010110101 5
47 111100111 7
50 111011110 7
61 101011010 5
72 111111111 a

04 011111111 8
15 110101111 7 match 3
26 011111101 7
37 110110111 7
40 111101111 8
51 101010100 4 match 7
62 111101010 6
73 111011111 8

05 011111111 8
16 110111111 8
27 111111111 a
30 110111111 8
41 101110101 6
52 111110110 7
63 111001010 5
74 011011111 7

06 011110101 6
17 110101111 7 match 3
20 111011111 8
31 001110101 5 match 2
42 111100111 7
53 111011110 7
64 111011010 6
75 011111111 8

07 111110111 8
10 110101111 7 match 3
21 001011101 5 match 1 4
32 110110111 7
43 111101111 8
54 111011110 7
65 111101011 7
76 011111101 7

Matching output
0 absent
1 71 21
2 01 31
3 12 15 17 10
4 71 21
5 absent
6 absent
7 51

Left
none
Best: none

Right
51 40x
Best: OR-NOT51: 1

XOR-NOT
01 000100101 3
12 000001101 3
23 110010111 6
34 010101111 6
45 111001110 6
56 111100001 5
67 011101000 4
70 111010111 7

02 111010111 7
13 001100101 4
24 011000111 5
35 010011110 5
46 111010000 4
57 011110110 6
60 011000000 2
71 000001101 3

03 110111111 8
14 100110101 5
25 011110110 6
36 010000000 1
47 011000111 5
50 011011110 6
61 100011010 4
72 111111111 a

04 011101111 7
15 100000100 2
26 011101000 4
37 110010111 6
40 011101111 7
51 100000100 2
62 011101000 4
73 110010111 6

05 011011110 6
16 100011010 4
27 111111111 a
30 110111111 8
41 100110101 5
52 011110110 6
63 010000000 1
74 011000111 5

06 011000000 2
17 000001101 3
20 111010111 7
31 001100101 4
42 011000111 5
53 010011110 5
64 111010000 4
75 011110110 6

07 111010111 7
10 000100101 3
21 000001101 3
32 110010111 6
43 010101111 6
54 111001110 6
65 111100001 5
76 011101000 4

Matching output
0 absent
1 absent
2 absent
3 absent
4 absent
5 absent
6 absent
7 absent

Left
none
Best: none

Right
none
Best: none

Selecting

Lefts
Identity none
NOT none
Constant none
AND none
OR none
XOR none
AND-NOT AND-NOT67: 1
OR-NOT none
XOR-NOT none

Rights
Identity I5 4 3 2 1 0 7: 7
NOT none
Constant none
AND none
OR none
XOR none
AND-NOT none
OR-NOT OR-NOT51: 1
XOR-NOT none

Left longest: 1
Right longest: 7

Right winner: Identity yes, NOT no, Constant no, AND no, OR no, XOR no, AND-NOT no, OR-NOT no, XOR-NOT no
Left winner: Identity no, NOT no, Constant no, AND no, OR no, XOR no, AND-NOT yes, OR-NOT no, XOR-NOT no

Best right: I5 4 3 2 1 0 7: 7
Best left: AND-NOT67: 1

Truncated right: I5 4 3 2 1 0 7: 7
Truncated left: AND-NOT67: 1

Tentative from right
7 I5
6 I4
5 I3
4 I2
3 I1
2 I0
1 I7
0 pending

Tentative
0 AND-NOT67
1 I7
2 I0
3 I1
4 I2
5 I3
6 I4
7 I5

Preferred from right
7 I5
6 I4
5 I3
4 I2
3 I1
2 I0
1 I7
0 AND-NOT67

Preferred from left
0 AND-NOT67
1 I7
2 I0
3 I1
4 I2
5 I3
6 I4
7 I5

Preferred
0 AND-NOT67
1 I7
2 I0
3 I1
4 I2
5 I3
6 I4
7 I5

Matching
0 AND-NOT67
1 I7
2 I0
3 I1
4 I2
5 I3
6 I4
7 I5

Perfect match
Identity no
NOT no
Constant no
AND no
OR no
XOR no
AND-NOT no
OR-NOT no
XOR-NOT no

Matched
0 AND-NOT67
1 I7
2 I0
3 I1
4 I2
5 I3
6 I4
7 I5

Selected
0 AND-NOT67
1 I7
2 I0
3 I1
4 I2
5 I3
6 I4
7 I5

Applying to 10101101
Input
0 1
1 0
2 1
3 0
4 1
5 1
6 0
7 1
Output
0 AND-NOT67 = AND(0,NOT(1)) = 0
1 I7 = 1
2 I0 = 1
3 I1 = 0
4 I2 = 1
5 I3 = 0
6 I4 = 1
7 I5 = 1

I will now return the answer in \boxed{}
The answer in \boxed{–} is \boxed{01101011}