We need to deduce the transformation by matching the example outputs.
I will put my final answer inside \boxed{}.

Output 0: 00000001
0 0
1 0
2 0
3 0
4 0
5 0
6 0
7 1

Output 1: 11000000
0 1
1 1
2 0
3 0
4 0
5 0
6 0
7 0

Output 2: 11000001
0 1
1 1
2 0
3 0
4 0
5 0
6 0
7 1

Output 3: 10000001
0 1
1 0
2 0
3 0
4 0
5 0
6 0
7 1

Output 4: 11000001
0 1
1 1
2 0
3 0
4 0
5 0
6 0
7 1

Output 5: 10100000
0 1
1 0
2 1
3 0
4 0
5 0
6 0
7 0

Output 6: 11000001
0 1
1 1
2 0
3 0
4 0
5 0
6 0
7 1

Output 7: 00000001
0 0
1 0
2 0
3 0
4 0
5 0
6 0
7 1

Output 8: 00100000
0 0
1 0
2 1
3 0
4 0
5 0
6 0
7 0

Output bit columns (with bitsum as hash)
0 011111100 6
1 011010100 4
2 000001001 2
3 000000000 a
4 000000000 a
5 000000000 a
6 000000000 a
7 101110110 6

Input 0: 11010000
0 1
1 1
2 0
3 1
4 0
5 0
6 0
7 0

Input 1: 00000110
0 0
1 0
2 0
3 0
4 0
5 1
6 1
7 0

Input 2: 11011110
0 1
1 1
2 0
3 1
4 1
5 1
6 1
7 0

Input 3: 11010100
0 1
1 1
2 0
3 1
4 0
5 1
6 0
7 0

Input 4: 10001110
0 1
1 0
2 0
3 0
4 1
5 1
6 1
7 0

Input 5: 01000101
0 0
1 1
2 0
3 0
4 0
5 1
6 0
7 1

Input 6: 10100110
0 1
1 0
2 1
3 0
4 0
5 1
6 1
7 0

Input 7: 11110000
0 1
1 1
2 1
3 1
4 0
5 0
6 0
7 0

Input 8: 01000001
0 0
1 1
2 0
3 0
4 0
5 0
6 0
7 1

When matching output
x: not in operator
y: wrong position

Identity
0 101110110 6 match 7
1 101101011 6
2 000000110 2
3 101100010 4
4 001010000 2
5 011111100 6 match 0
6 011010100 4 match 1
7 000001001 2 match 2

Matching output
0 5
1 6
2 7
3 absent
4 absent
5 absent
6 absent
7 0

Left
5 6 7 0y
Best: I5 6 7: 3

Right
0 7y
Best: I0: 1

NOT
0 010001001 3
1 010010100 3
2 111111001 7
3 010011101 5
4 110101111 7
5 100000011 3
6 100101011 5
7 111110110 7

Matching output
0 absent
1 absent
2 absent
3 absent
4 absent
5 absent
6 absent
7 absent

Left
none
Best: none

Right
none
Best: none

Constant
0 000000000 a match 3 4 5 6
1 111111111 a

Matching output
0 absent
1 absent
2 absent
3 C0
4 C0
5 C0
6 C0
7 absent

Left
none
Best: none

Right
none
Best: none

AND
01 10 101100010 4
12 21 000000010 1
23 32 000000010 1
34 43 001000000 1
45 54 001010000 2
56 65 011010100 4 match 1
67 76 000000000 a match 3 4 5 6
70 07 000000000 a match 3 4 5 6

02 20 000000110 2
13 31 101100010 4
24 42 000000000 a match 3 4 5 6
35 53 001100000 2
46 64 001010000 2
57 75 000001000 1
60 06 001010100 3
71 17 000001001 2 match 2

03 30 101100010 4
14 41 001000000 1
25 52 000000100 1
36 63 001000000 1
47 74 000000000 a match 3 4 5 6
50 05 001110100 4
61 16 001000000 1
72 27 000000000 a match 3 4 5 6

04 40 001010000 2
15 51 001101000 3
26 62 000000100 1
37 73 000000000 a match 3 4 5 6

Matching output
0 absent
1 56 65
2 71 17
3 67 76 70 07 24 42 47 74 72 27 37 73
4 67 76 70 07 24 42 47 74 72 27 37 73
5 67 76 70 07 24 42 47 74 72 27 37 73
6 67 76 70 07 24 42 47 74 72 27 37 73
7 absent

Left
none
Best: none

Right
none
Best: none

OR
01 10 101111111 8
12 21 101101111 7
23 32 101100110 5
34 43 101110010 5
45 54 011111100 6 match 0
56 65 011111100 6 match 0
67 76 011011101 6
70 07 101111111 8

02 20 101110110 6 match 7
13 31 101101011 6
24 42 001010110 4
35 53 111111110 8
46 64 011010100 4 match 1
57 75 011111101 7
60 06 111110110 7
71 17 101101011 6

03 30 101110110 6 match 7
14 41 101111011 7
25 52 011111110 7
36 63 111110110 7
47 74 001011001 4
50 05 111111110 8
61 16 111111111 a
72 27 000001111 4

04 40 101110110 6 match 7
15 51 111111111 a
26 62 011010110 5
37 73 101101011 6

Matching output
0 45 54 56 65
1 46 64
2 absent
3 absent
4 absent
5 absent
6 absent
7 02 20 03 30 04 40

Left
45 56y
54 65y
56 67x
65 76x
Best: OR45: 1

Right
02 71x
20 17x
03 72x
30 27x
04 73x
40 37x
Best: OR02: 1

XOR
01 10 000011101 4
12 21 101101101 6
23 32 101100100 4
34 43 100110010 4
45 54 010101100 4
56 65 000101000 2
67 76 011011101 6
70 07 101111111 8

02 20 101110000 4
13 31 000001001 2 match 2
24 42 001010110 4
35 53 110011110 6
46 64 010000100 2
57 75 011110101 6
60 06 110100010 4
71 17 101100010 4

03 30 000010100 2
14 41 100111011 6
25 52 011111010 6
36 63 110110110 6
47 74 001011001 4
50 05 110001010 4
61 16 110111111 8
72 27 000001111 4

04 40 100100110 4
15 51 110010111 6
26 62 011010010 4
37 73 101101011 6

Matching output
0 absent
1 absent
2 13 31
3 absent
4 absent
5 absent
6 absent
7 absent

Left
none
Best: none

Right
none
Best: none

AND-NOT
01 000010100 2
12 101101001 5
23 000000100 1
34 100100010 3
45 000000000 a match 3 4 5 6
56 000101000 2
67 011010100 4 match 1
70 000001001 2 match 2

02 101110000 4
13 000001001 2 match 2
24 000000110 2
35 100000010 2
46 000000000 a match 3 4 5 6
57 011110100 5
60 010000000 1
71 000000000 a match 3 4 5 6

03 000010100 2
14 100101011 5
25 000000010 1
36 100100010 3
47 001010000 2
50 010001000 2
61 010010100 3
72 000001001 2 match 2

04 100100110 4
15 100000011 3
26 000000010 1
37 101100010 4
40 000000000 a match 3 4 5 6
51 010010100 3
62 011010000 3
73 000001001 2 match 2

05 100000010 2
16 100101011 5
27 000000110 2
30 000000000 a match 3 4 5 6
41 000010000 1
52 011111000 5
63 010010100 3
74 000001001 2 match 2

06 100100010 3
17 101100010 4
20 000000000 a match 3 4 5 6
31 000000000 a match 3 4 5 6
42 001010000 2
53 010011100 4
64 010000100 2
75 000000001 1

07 101110110 6 match 7
10 000001001 2 match 2
21 000000100 1
32 101100000 3
43 000010000 1
54 010101100 4
65 000000000 a match 3 4 5 6
76 000001001 2 match 2

Matching output
0 absent
1 67
2 70 13 72 73 74 10 76
3 45 46 71 40 30 20 31 65
4 45 46 71 40 30 20 31 65
5 45 46 71 40 30 20 31 65
6 45 46 71 40 30 20 31 65
7 07

Left
none
Best: none

Right
07 76y
Best: AND-NOT07: 1

OR-NOT
01 111110110 7
12 111111011 8
23 010011111 6
34 111101111 8
45 101010011 5
56 111111111 a
67 111110110 7
70 010001001 3

02 111111111 a
13 111111111 a
24 110101111 7
35 101100011 5
46 101111011 7
57 111111110 8
60 011011101 6
71 010011101 5

03 111111111 a
14 111101111 8
25 100000111 4
36 101101011 6
47 111110110 7
50 011111101 7
61 011010100 4 match 1
72 111111001 7

04 111111111 a
15 101101011 6
26 100101111 6
37 111110110 7
40 011011001 5
51 011111100 6 match 0
62 111111101 8
73 010011101 5

05 101110111 7
16 101101011 6
27 111110110 7
30 111101011 7
41 011010100 4 match 1
52 111111101 8
63 011011101 6
74 110101111 7

06 101111111 8
17 111111111 a
20 010001111 5
31 111110110 7
42 111111001 7
53 011111101 7
64 111111111 a
75 100001011 4

07 111110110 7
10 111101011 7
21 010010110 4
32 111111011 8
43 011011101 6
54 111111111 a
65 111010111 7
76 100101011 5

Matching output
0 51
1 61 41
2 absent
3 absent
4 absent
5 absent
6 absent
7 absent

Left
51 62x
Best: OR-NOT51: 1

Right
none
Best: none

XOR-NOT
01 111100010 5
12 010010010 3
23 010011011 5
34 011001101 5
45 101010011 5
56 111010111 7
67 100100010 3
70 010000000 1

02 010001111 5
13 111110110 7
24 110101001 5
35 001100001 3
46 101111011 7
57 100001010 3
60 001011101 5
71 010011101 5

03 111101011 7
14 011000100 3
25 100000101 3
36 001001001 3
47 110100110 5
50 001110101 5
61 001000000 1
72 111110000 5

04 011011001 5
15 001101000 3
26 100101101 5
37 010010100 3
40 011011001 5
51 001101000 3
62 100101101 5
73 010010100 3

05 001110101 5
16 001000000 1
27 111110000 5
30 111101011 7
41 011000100 3
52 100000101 3
63 001001001 3
74 110100110 5

06 001011101 5
17 010011101 5
20 010001111 5
31 111110110 7
42 110101001 5
53 001100001 3
64 101111011 7
75 100001010 3

07 010000000 1
10 111100010 5
21 010010010 3
32 010011011 5
43 011001101 5
54 101010011 5
65 111010111 7
76 100100010 3

Matching output
0 absent
1 absent
2 absent
3 absent
4 absent
5 absent
6 absent
7 absent

Left
none
Best: none

Right
none
Best: none

Selecting

Lefts
Identity I5 6 7: 3
NOT none
Constant none
AND none
OR OR45: 1
XOR none
AND-NOT none
OR-NOT OR-NOT51: 1
XOR-NOT none

Rights
Identity I0: 1
NOT none
Constant none
AND none
OR OR02: 1
XOR none
AND-NOT AND-NOT07: 1
OR-NOT none
XOR-NOT none

Left longest: 3
Right longest: 1

Left winner: Identity yes, NOT no, Constant no, AND no, OR no, XOR no, AND-NOT no, OR-NOT no, XOR-NOT no
Right winner: Identity yes, NOT no, Constant no, AND no, OR no, XOR no, AND-NOT no, OR-NOT no, XOR-NOT no

Best left: I5 6 7: 3
Best right: I0: 1

Truncated left: I5 6 7: 3
Truncated right: I0: 1

Tentative from right
7 I0
6 pending
5 pending
4 pending
3 pending
2 pending
1 pending
0 pending

Tentative
0 I5
1 I6
2 I7
3 pending
4 pending
5 pending
6 pending
7 I0

Preferred from left
0 I5
1 I6
2 I7
3 ?0?
4 ?1?
5 ?2?
6 ?3?
7 I0

Preferred from right
7 I0
6 ?37
5 ?26
4 ?15
3 ?04
2 I7
1 I6
0 I5

Preferred
0 I5
1 I6
2 I7
3 ?04 ?40
4 ?15 ?51
5 ?26 ?62
6 ?37 ?73
7 I0

Matching
0 I5
1 I6
2 I7
3 ?04 ?40 - Identity absent, NOT absent, Constant C0, AND absent, OR absent, XOR absent, AND-NOT40, OR-NOT absent, XOR-NOT absent
4 ?15 ?51 - Identity absent, NOT absent, Constant C0, AND absent, OR absent, XOR absent, AND-NOT absent, OR-NOT absent, XOR-NOT absent
5 ?26 ?62 - Identity absent, NOT absent, Constant C0, AND absent, OR absent, XOR absent, AND-NOT absent, OR-NOT absent, XOR-NOT absent
6 ?37 ?73 - Identity absent, NOT absent, Constant C0, AND37, OR absent, XOR absent, AND-NOT absent, OR-NOT absent, XOR-NOT absent
7 I0

Perfect match
Identity no
NOT no
Constant yes
AND no
OR no
XOR no
AND-NOT no
OR-NOT no
XOR-NOT no

Matched
0 I5
1 I6
2 I7
3 C0
4 C0
5 C0
6 C0
7 I0

Selected
0 I5
1 I6
2 I7
3 C0
4 C0
5 C0
6 C0
7 I0

Applying to 11010110
Input
0 1
1 1
2 0
3 1
4 0
5 1
6 1
7 0
Output
0 I5 = 1
1 I6 = 1
2 I7 = 0
3 C0 = 0
4 C0 = 0
5 C0 = 0
6 C0 = 0
7 I0 = 1

I will now return the answer in \boxed{}
The answer in \boxed{–} is \boxed{11000001}