We need to deduce the transformation by matching the example outputs.
I will put my final answer inside \boxed{}.

Output 0: 10000011
0 1
1 0
2 0
3 0
4 0
5 0
6 1
7 1

Output 1: 00100011
0 0
1 0
2 1
3 0
4 0
5 0
6 1
7 1

Output 2: 00100000
0 0
1 0
2 1
3 0
4 0
5 0
6 0
7 0

Output 3: 11111010
0 1
1 1
2 1
3 1
4 1
5 0
6 1
7 0

Output 4: 01001001
0 0
1 1
2 0
3 0
4 1
5 0
6 0
7 1

Output 5: 11100111
0 1
1 1
2 1
3 0
4 0
5 1
6 1
7 1

Output 6: 00001001
0 0
1 0
2 0
3 0
4 1
5 0
6 0
7 1

Output bit columns (with bitsum as hash)
0 1001010 3
1 0001110 3
2 0111010 4
3 0001000 1
4 0001101 3
5 0000010 1
6 1101010 4
7 1100111 5

Input 0: 10000110
0 1
1 0
2 0
3 0
4 0
5 1
6 1
7 0

Input 1: 10000111
0 1
1 0
2 0
3 0
4 0
5 1
6 1
7 1

Input 2: 01000000
0 0
1 1
2 0
3 0
4 0
5 0
6 0
7 0

Input 3: 11110100
0 1
1 1
2 1
3 1
4 0
5 1
6 0
7 0

Input 4: 00010010
0 0
1 0
2 0
3 1
4 0
5 0
6 1
7 0

Input 5: 01001110
0 0
1 1
2 0
3 0
4 1
5 1
6 1
7 0

Input 6: 10010010
0 1
1 0
2 0
3 1
4 0
5 0
6 1
7 0

When matching output
x: not in operator
y: wrong position

Identity
0 1101001 4
1 0011010 3
2 0001000 1 match 3
3 0001101 3 match 4
4 0000010 1 match 5
5 1101010 4 match 6
6 1100111 5 match 7
7 0100000 1

Matching output
0 absent
1 absent
2 absent
3 2
4 3
5 4
6 5
7 6

Left
none
Best: none

Right
6 5 4 3 2 1x
Best: I6 5 4 3 2: 5

NOT
0 0010110 3
1 1100101 4
2 1110111 6
3 1110010 4
4 1111101 6
5 0010101 3
6 0011000 2
7 1011111 6

Matching output
0 absent
1 absent
2 absent
3 absent
4 absent
5 absent
6 absent
7 absent

Left
none
Best: none

Right
none
Best: none

Constant
0 0000000 a
1 1111111 a

Matching output
0 absent
1 absent
2 absent
3 absent
4 absent
5 absent
6 absent
7 absent

Left
none
Best: none

Right
none
Best: none

AND
01 10 0001000 1 match 3
12 21 0001000 1 match 3
23 32 0001000 1 match 3
34 43 0000000 a
45 54 0000010 1 match 5
56 65 1100010 3
67 76 0100000 1
70 07 0100000 1

02 20 0001000 1 match 3
13 31 0001000 1 match 3
24 42 0000000 a
35 53 0001000 1 match 3
46 64 0000010 1 match 5
57 75 0100000 1
60 06 1100001 3
71 17 0000000 a

03 30 0001001 2
14 41 0000010 1 match 5
25 52 0001000 1 match 3
36 63 0000101 2
47 74 0000000 a
50 05 1101000 3
61 16 0000010 1 match 5
72 27 0000000 a

04 40 0000000 a
15 51 0001010 2
26 62 0000000 a
37 73 0000000 a

Matching output
0 absent
1 absent
2 absent
3 01 10 12 21 23 32 02 20 13 31 35 53 25 52
4 absent
5 45 54 46 64 14 41 61 16
6 absent
7 absent

Left
none
Best: none

Right
none
Best: none

OR
01 10 1111011 6
12 21 0011010 3
23 32 0001101 3 match 4
34 43 0001111 4
45 54 1101010 4 match 6
56 65 1101111 6
67 76 1100111 5 match 7
70 07 1101001 4

02 20 1101001 4
13 31 0011111 5
24 42 0001010 2
35 53 1101111 6
46 64 1100111 5 match 7
57 75 1101010 4 match 6
60 06 1101111 6
71 17 0111010 4 match 2

03 30 1101101 5
14 41 0011010 3
25 52 1101010 4 match 6
36 63 1101111 6
47 74 0100010 2
50 05 1101011 5
61 16 1111111 a
72 27 0101000 2

04 40 1101011 5
15 51 1111010 5
26 62 1101111 6
37 73 0101101 4

Matching output
0 absent
1 absent
2 71 17
3 absent
4 23 32
5 absent
6 45 54 57 75 25 52
7 67 76 46 64

Left
none
Best: none

Right
67 56x
76 65x
46 35x
64 53x
Best: OR67: 1

XOR
01 10 1110011 5
12 21 0010010 2
23 32 0000101 2
34 43 0001111 4
45 54 1101000 3
56 65 0001101 3 match 4
67 76 1000111 4
70 07 1001001 3

02 20 1100001 3
13 31 0010111 4
24 42 0001010 2
35 53 1100111 5 match 7
46 64 1100101 4
57 75 1001010 3 match 0
60 06 0001110 3 match 1
71 17 0111010 4 match 2

03 30 1100100 3
14 41 0011000 2
25 52 1100010 3
36 63 1101010 4 match 6
47 74 0100010 2
50 05 0000011 2
61 16 1111101 6
72 27 0101000 2

04 40 1101011 5
15 51 1110000 3
26 62 1101111 6
37 73 0101101 4

Matching output
0 57 75
1 60 06
2 71 17
3 absent
4 56 65
5 absent
6 36 63
7 35 53

Left
57 60 71 02x
75 06 17 20x
Best: XOR57 60 71: 3

Right
35 24x
53 42x
Best: XOR35: 1

AND-NOT
01 1100001 3
12 0010010 2
23 0000000 a
34 0001101 3 match 4
45 0000000 a
56 0001000 1 match 3
67 1000111 4
70 0000000 a

02 1100001 3
13 0010010 2
24 0001000 1 match 3
35 0000101 2
46 0000000 a
57 1001010 3 match 0
60 0000110 2
71 0100000 1

03 1100000 2
14 0011000 2
25 0000000 a
36 0001000 1 match 3
47 0000010 1 match 5
50 0000010 1 match 5
61 1100101 4
72 0100000 1

04 1101001 4
15 0010000 1
26 0001000 1 match 3
37 0001101 3 match 4
40 0000010 1 match 5
51 1100000 2
62 1100111 5 match 7
73 0100000 1

05 0000001 1
16 0011000 2
27 0001000 1 match 3
30 0000100 1
41 0000000 a
52 1100010 3
63 1100010 3
74 0100000 1

06 0001000 1 match 3
17 0011010 3
20 0000000 a
31 0000101 2
42 0000010 1 match 5
53 1100010 3
64 1100101 4
75 0000000 a

07 1001001 3
10 0010010 2
21 0000000 a
32 0000101 2
43 0000010 1 match 5
54 1101000 3
65 0000101 2
76 0000000 a

Matching output
0 57
1 absent
2 absent
3 56 24 36 26 27 06
4 34 37
5 47 50 40 42 43
6 absent
7 62

Left
57 60x
Best: AND-NOT57: 1

Right
62 51x
Best: AND-NOT62: 1

OR-NOT
01 1101101 5
12 1111111 a
23 1111010 5
34 1111101 6
45 0010111 4
56 1111010 5
67 1111111 a
70 0110110 4

02 1111111 a
13 1111010 5
24 1111101 6
35 0011101 4
46 0011010 3
57 1111111 a
60 1110111 6
71 1100101 4

03 1111011 6
14 1111111 a
25 0011101 4
36 0011101 4
47 1011111 6
50 1111110 6
61 1100111 5 match 7
72 1110111 6

04 1111101 6
15 0011111 5
26 0011000 2
37 1011111 6
40 0010110 3
51 1101111 6
62 1110111 6
73 1110010 4

05 1111101 6
16 0011010 3
27 1011111 6
30 0011111 5
41 1100111 5 match 7
52 1111111 a
63 1110111 6
74 1111101 6

06 1111001 5
17 1011111 6
20 0011110 4
31 1101101 5
42 1110111 6
53 1111010 5
64 1111111 a
75 0110101 4

07 1111111 a
10 0011110 4
21 1101101 5
32 1111111 a
43 1110010 4
54 1111111 a
65 1110111 6
76 0111000 3

Matching output
0 absent
1 absent
2 absent
3 absent
4 absent
5 absent
6 absent
7 61 41

Left
none
Best: none

Right
61 50x
41 30x
Best: OR-NOT61: 1

XOR-NOT
01 0001100 2
12 1101101 5
23 1111010 5
34 1110000 3
45 0010111 4
56 1110010 4
67 0111000 3
70 0110110 4

02 0011110 4
13 1101000 3
24 1110101 5
35 0011000 2
46 0011010 3
57 0110101 4
60 1110001 4
71 1000101 3

03 0011011 4
14 1100111 5 match 7
25 0011101 4
36 0010101 3
47 1011101 5
50 1111100 5
61 0000010 1 match 5
72 1010111 5

04 0010100 2
15 0001111 4
26 0010000 1
37 1010010 3
40 0010100 2
51 0001111 4
62 0010000 1
73 1010010 3

05 1111100 5
16 0000010 1 match 5
27 1010111 5
30 0011011 4
41 1100111 5 match 7
52 0011101 4
63 0010101 3
74 1011101 5

06 1110001 4
17 1000101 3
20 0011110 4
31 1101000 3
42 1110101 5
53 0011000 2
64 0011010 3
75 0110101 4

07 0110110 4
10 0001100 2
21 1101101 5
32 1111010 5
43 1110000 3
54 0010111 4
65 1110010 4
76 0111000 3

Matching output
0 absent
1 absent
2 absent
3 absent
4 absent
5 61 16
6 absent
7 14 41

Left
none
Best: none

Right
14 03x
41 30x
Best: XOR-NOT14: 1

Selecting

Lefts
Identity none
NOT none
Constant none
AND none
OR none
XOR XOR57 60 71: 3
AND-NOT AND-NOT57: 1
OR-NOT none
XOR-NOT none

Rights
Identity I6 5 4 3 2: 5
NOT none
Constant none
AND none
OR OR67: 1
XOR XOR35: 1
AND-NOT AND-NOT62: 1
OR-NOT OR-NOT61: 1
XOR-NOT XOR-NOT14: 1

Left longest: 3
Right longest: 5

Right winner: Identity yes, NOT no, Constant no, AND no, OR no, XOR no, AND-NOT no, OR-NOT no, XOR-NOT no
Left winner: Identity no, NOT no, Constant no, AND no, OR no, XOR yes, AND-NOT no, OR-NOT no, XOR-NOT no

Best right: I6 5 4 3 2: 5
Best left: XOR57 60 71: 3

Truncated right: I6 5 4 3 2: 5
Truncated left: XOR57 60 71: 3

Tentative from right
7 I6
6 I5
5 I4
4 I3
3 I2
2 pending
1 pending
0 pending

Tentative
0 XOR57
1 XOR60
2 XOR71
3 I2
4 I3
5 I4
6 I5
7 I6

Preferred from right
7 I6
6 I5
5 I4
4 I3
3 I2
2 XOR71
1 XOR60
0 XOR57

Preferred from left
0 XOR57
1 XOR60
2 XOR71
3 I2
4 I3
5 I4
6 I5
7 I6

Preferred
0 XOR57
1 XOR60
2 XOR71
3 I2
4 I3
5 I4
6 I5
7 I6

Matching
0 XOR57
1 XOR60
2 XOR71
3 I2
4 I3
5 I4
6 I5
7 I6

Perfect match
Identity no
NOT no
Constant no
AND no
OR no
XOR no
AND-NOT no
OR-NOT no
XOR-NOT no

Matched
0 XOR57
1 XOR60
2 XOR71
3 I2
4 I3
5 I4
6 I5
7 I6

Selected
0 XOR57
1 XOR60
2 XOR71
3 I2
4 I3
5 I4
6 I5
7 I6

Applying to 11101100
Input
0 1
1 1
2 1
3 0
4 1
5 1
6 0
7 0
Output
0 XOR57 = XOR(1,0) = 1
1 XOR60 = XOR(0,1) = 1
2 XOR71 = XOR(0,1) = 1
3 I2 = 1
4 I3 = 0
5 I4 = 1
6 I5 = 1
7 I6 = 0

I will now return the answer in \boxed{}
The answer in \boxed{–} is \boxed{11110110}