We need to deduce the transformation by matching the example outputs.
I will put my final answer inside \boxed{}.

Output 0: 01101000
0 0
1 1
2 1
3 0
4 1
5 0
6 0
7 0

Output 1: 11110001
0 1
1 1
2 1
3 1
4 0
5 0
6 0
7 1

Output 2: 10110111
0 1
1 0
2 1
3 1
4 0
5 1
6 1
7 1

Output 3: 01000110
0 0
1 1
2 0
3 0
4 0
5 1
6 1
7 0

Output 4: 10000101
0 1
1 0
2 0
3 0
4 0
5 1
6 0
7 1

Output 5: 00011110
0 0
1 0
2 0
3 1
4 1
5 1
6 1
7 0

Output 6: 01100100
0 0
1 1
2 1
3 0
4 0
5 1
6 0
7 0

Output bit columns (with bitsum as hash)
0 0110100 3
1 1101001 4
2 1110001 4
3 0110010 3
4 1000010 2
5 0011111 5
6 0011010 3
7 0110100 3

Input 0: 01000110
0 0
1 1
2 0
3 0
4 0
5 1
6 1
7 0

Input 1: 10001110
0 1
1 0
2 0
3 0
4 1
5 1
6 1
7 0

Input 2: 00111011
0 0
1 0
2 1
3 1
4 1
5 0
6 1
7 1

Input 3: 10110101
0 1
1 0
2 1
3 1
4 0
5 1
6 0
7 1

Input 4: 00101000
0 0
1 0
2 1
3 0
4 1
5 0
6 0
7 0

Input 5: 01110001
0 0
1 1
2 1
3 1
4 0
5 0
6 0
7 1

Input 6: 00100110
0 0
1 0
2 1
3 0
4 0
5 1
6 1
7 0

When matching output
x: not in operator
y: wrong position

Identity
0 0101000 2
1 1000010 2 match 4
2 0011111 5 match 5
3 0011010 3 match 6
4 0110100 3 match 0 7
5 1101001 4 match 1
6 1110001 4 match 2
7 0011010 3 match 6

Matching output
0 4
1 5
2 6
3 absent
4 1
5 2
6 3 7
7 4

Left
4 5 6 7y
Best: I4 5 6: 3

Right
4 3 2 1 0x
Best: I4 3 2 1: 4

NOT
0 1010111 5
1 0111101 5
2 1100000 2
3 1100101 4
4 1001011 4
5 0010110 3
6 0001110 3
7 1100101 4

Matching output
0 absent
1 absent
2 absent
3 absent
4 absent
5 absent
6 absent
7 absent

Left
none
Best: none

Right
none
Best: none

Constant
0 0000000 a
1 1111111 a

Matching output
0 absent
1 absent
2 absent
3 absent
4 absent
5 absent
6 absent
7 absent

Left
none
Best: none

Right
none
Best: none

AND
01 10 0000000 a
12 21 0000010 1
23 32 0011010 3 match 6
34 43 0010000 1
45 54 0100000 1
56 65 1100001 3
67 76 0010000 1
70 07 0001000 1

02 20 0001000 1
13 31 0000010 1
24 42 0010100 2
35 53 0001000 1
46 64 0110000 2
57 75 0001000 1
60 06 0100000 1
71 17 0000010 1

03 30 0001000 1
14 41 0000000 a
25 52 0001001 2
36 63 0010000 1
47 74 0010000 1
50 05 0101000 2
61 16 1000000 1
72 27 0011010 3 match 6

04 40 0100000 1
15 51 1000000 1
26 62 0010001 2
37 73 0011010 3 match 6

Matching output
0 absent
1 absent
2 absent
3 absent
4 absent
5 absent
6 23 32 72 27 37 73
7 absent

Left
none
Best: none

Right
none
Best: none

OR
01 10 1101010 4
12 21 1011111 6
23 32 0011111 5 match 5
34 43 0111110 5
45 54 1111101 6
56 65 1111001 5
67 76 1111011 6
70 07 0111010 4

02 20 0111111 6
13 31 1011010 4
24 42 0111111 6
35 53 1111011 6
46 64 1110101 5
57 75 1111011 6
60 06 1111001 5
71 17 1011010 4

03 30 0111010 4
14 41 1110110 5
25 52 1111111 a
36 63 1111011 6
47 74 0111110 5
50 05 1101001 4 match 1
61 16 1110011 5
72 27 0011111 5 match 5

04 40 0111100 4
15 51 1101011 5
26 62 1111111 a
37 73 0011010 3 match 6

Matching output
0 absent
1 50 05
2 absent
3 absent
4 absent
5 23 32 72 27
6 37 73
7 absent

Left
none
Best: none

Right
none
Best: none

XOR
01 10 1101010 4
12 21 1011101 5
23 32 0000101 2
34 43 0101110 4
45 54 1011101 5
56 65 0011000 2
67 76 1101011 5
70 07 0110010 3 match 3

02 20 0110111 5
13 31 1011000 3
24 42 0101011 4
35 53 1110011 5
46 64 1000101 3
57 75 1110011 5
60 06 1011001 4
71 17 1011000 3

03 30 0110010 3 match 3
14 41 1110110 5
25 52 1110110 5
36 63 1101011 5
47 74 0101110 4
50 05 1000001 2
61 16 0110011 4
72 27 0000101 2

04 40 0011100 3
15 51 0101011 4
26 62 1101110 5
37 73 0000000 a

Matching output
0 absent
1 absent
2 absent
3 70 07 03 30
4 absent
5 absent
6 absent
7 absent

Left
none
Best: none

Right
none
Best: none

AND-NOT
01 0101000 2
12 1000000 1
23 0000101 2
34 0001010 2
45 0010100 2
56 0001000 1
67 1100001 3
70 0010010 2

02 0100000 1
13 1000000 1
24 0001011 3
35 0010010 2
46 0000100 1
57 1100001 3
60 1010001 3
71 0011000 2

03 0100000 1
14 1000010 2 match 4
25 0010110 3
36 0001010 2
47 0100100 2
50 1000001 2
61 0110001 3
72 0000000 a

04 0001000 1
15 0000010 1
26 0001110 3
37 0000000 a
40 0010100 2
51 0101001 3
62 1100000 2
73 0000000 a

05 0000000 a
16 0000010 1
27 0000101 2
30 0010010 2
41 0110100 3 match 0 7
52 1100000 2
63 1100001 3
74 0001010 2

06 0001000 1
17 1000000 1
20 0010111 4
31 0011000 2
42 0100000 1
53 1100001 3
64 1000001 2
75 0010010 2

07 0100000 1
10 1000010 2 match 4
21 0011101 4
32 0000000 a
43 0100100 2
54 1001001 3
65 0010000 1
76 0001010 2

Matching output
0 41
1 absent
2 absent
3 absent
4 14 10
5 absent
6 absent
7 41

Left
41 52x
Best: AND-NOT41: 1

Right
41 30x
Best: AND-NOT41: 1

OR-NOT
01 0111101 5
12 1100010 3
23 1111111 a
34 1011011 5
45 0110110 4
56 1101111 6
67 1110101 5
70 1011111 6

02 1101000 3
13 1100111 5
24 1011111 6
35 0011110 4
46 0111110 5
57 1101101 5
60 1110111 6
71 0111111 6

03 1101101 5
14 1001011 4
25 0011111 5 match 5
36 0011110 4
47 1110101 5
50 1111111 a
61 1111101 6
72 1111010 5

04 1101011 5
15 1010110 4
26 0011111 5 match 5
37 1111111 a
40 1110111 6
51 1111101 6
62 1110001 4 match 2
73 1111111 a

05 0111110 5
16 1001110 4
27 1111111 a
30 1011111 6
41 0111101 5
52 1101001 4 match 1
63 1110101 5
74 1011011 5

06 0101110 4
17 1100111 5
20 1011111 6
31 0111111 6
42 1110100 4
53 1101101 5
64 1111011 6
75 0011110 4

07 1101101 5
10 1010111 5
21 0111111 6
32 1111010 5
43 1110101 5
54 1101011 5
65 1110111 6
76 0011110 4

Matching output
0 absent
1 52
2 62
3 absent
4 absent
5 25 26
6 absent
7 absent

Left
none
Best: none

Right
none
Best: none

XOR-NOT
01 0010101 3
12 0100010 2
23 1111010 5
34 1010001 3
45 0100010 2
56 1100111 5
67 0010100 2
70 1001101 4

02 1001000 2
13 0100111 4
24 1010100 3
35 0001100 2
46 0111010 4
57 0001100 2
60 0100110 3
71 0100111 4

03 1001101 4
14 0001001 2
25 0001001 2
36 0010100 2
47 1010001 3
50 0111110 5
61 1001100 3
72 1111010 5

04 1100011 4
15 1010100 3
26 0010001 2
37 1111111 a
40 1100011 4
51 1010100 3
62 0010001 2
73 1111111 a

05 0111110 5
16 1001100 3
27 1111010 5
30 1001101 4
41 0001001 2
52 0001001 2
63 0010100 2
74 1010001 3

06 0100110 3
17 0100111 4
20 1001000 2
31 0100111 4
42 1010100 3
53 0001100 2
64 0111010 4
75 0001100 2

07 1001101 4
10 0010101 3
21 0100010 2
32 1111010 5
43 1010001 3
54 0100010 2
65 1100111 5
76 0010100 2

Matching output
0 absent
1 absent
2 absent
3 absent
4 absent
5 absent
6 absent
7 absent

Left
none
Best: none

Right
none
Best: none

Selecting

Lefts
Identity I4 5 6: 3
NOT none
Constant none
AND none
OR none
XOR none
AND-NOT AND-NOT41: 1
OR-NOT none
XOR-NOT none

Rights
Identity I4 3 2 1: 4
NOT none
Constant none
AND none
OR none
XOR none
AND-NOT AND-NOT41: 1
OR-NOT none
XOR-NOT none

Left longest: 3
Right longest: 4

Right winner: Identity yes, NOT no, Constant no, AND no, OR no, XOR no, AND-NOT no, OR-NOT no, XOR-NOT no
Left winner: Identity yes, NOT no, Constant no, AND no, OR no, XOR no, AND-NOT no, OR-NOT no, XOR-NOT no

Best right: I4 3 2 1: 4
Best left: I4 5 6: 3

Truncated right: I4 3 2 1: 4
Truncated left: I4 5 6: 3

Tentative from right
7 I4
6 I3
5 I2
4 I1
3 pending
2 pending
1 pending
0 pending

Tentative
0 I4
1 I5
2 I6
3 pending
4 I1
5 I2
6 I3
7 I4

Preferred from right
7 I4
6 I3
5 I2
4 I1
3 ??0
2 I6
1 I5
0 I4

Preferred from left
0 I4
1 I5
2 I6
3 ?70
4 I1
5 I2
6 I3
7 I4

Preferred
0 I4
1 I5
2 I6
3 ?70 ?07
4 I1
5 I2
6 I3
7 I4

Matching
0 I4
1 I5
2 I6
3 ?70 ?07 - Identity absent, NOT absent, Constant absent, AND absent, OR absent, XOR70, AND-NOT absent, OR-NOT absent, XOR-NOT absent
4 I1
5 I2
6 I3
7 I4

Perfect match
Identity no
NOT no
Constant no
AND no
OR no
XOR yes
AND-NOT no
OR-NOT no
XOR-NOT no

Matched
0 I4
1 I5
2 I6
3 XOR70
4 I1
5 I2
6 I3
7 I4

Selected
0 I4
1 I5
2 I6
3 XOR70
4 I1
5 I2
6 I3
7 I4

Applying to 10100111
Input
0 1
1 0
2 1
3 0
4 0
5 1
6 1
7 1
Output
0 I4 = 0
1 I5 = 1
2 I6 = 1
3 XOR70 = XOR(1,1) = 0
4 I1 = 0
5 I2 = 1
6 I3 = 0
7 I4 = 0

I will now return the answer in \boxed{}
The answer in \boxed{–} is \boxed{01100100}