We need to deduce the transformation by matching the example outputs.
I will put my final answer inside \boxed{}.

Output 0: 10011111
0 1
1 0
2 0
3 1
4 1
5 1
6 1
7 1

Output 1: 00100100
0 0
1 0
2 1
3 0
4 0
5 1
6 0
7 0

Output 2: 00100010
0 0
1 0
2 1
3 0
4 0
5 0
6 1
7 0

Output 3: 00010100
0 0
1 0
2 0
3 1
4 0
5 1
6 0
7 0

Output 4: 10111001
0 1
1 0
2 1
3 1
4 1
5 0
6 0
7 1

Output 5: 01000110
0 0
1 1
2 0
3 0
4 0
5 1
6 1
7 0

Output 6: 00010010
0 0
1 0
2 0
3 1
4 0
5 0
6 1
7 0

Output 7: 01000010
0 0
1 1
2 0
3 0
4 0
5 0
6 1
7 0

Output 8: 00010000
0 0
1 0
2 0
3 1
4 0
5 0
6 0
7 0

Output 9: 01101110
0 0
1 1
2 1
3 0
4 1
5 1
6 1
7 0

Output bit columns (with bitsum as hash)
0 1000100000 2
1 0000010101 3
2 0110100001 4
3 1001101010 5
4 1000100001 3
5 1101010001 5
6 1010011101 6
7 1000100000 2

Input 0: 11111101
0 1
1 1
2 1
3 1
4 1
5 1
6 0
7 1

Input 1: 00010001
0 0
1 0
2 0
3 1
4 0
5 0
6 0
7 1

Input 2: 00001001
0 0
1 0
2 0
3 0
4 1
5 0
6 0
7 1

Input 3: 11010001
0 1
1 1
2 0
3 1
4 0
5 0
6 0
7 1

Input 4: 01100101
0 0
1 1
2 1
3 0
4 0
5 1
6 0
7 1

Input 5: 10011011
0 1
1 0
2 0
3 1
4 1
5 0
6 1
7 1

Input 6: 01001000
0 0
1 1
2 0
3 0
4 1
5 0
6 0
7 0

Input 7: 00001010
0 0
1 0
2 0
3 0
4 1
5 0
6 1
7 0

Input 8: 11000001
0 1
1 1
2 0
3 0
4 0
5 0
6 0
7 1

Input 9: 10111010
0 1
1 0
2 1
3 1
4 1
5 0
6 1
7 0

When matching output
x: not in operator
y: wrong position

Identity
0 1001010011 5
1 1001101010 5 match 3
2 1000100001 3 match 4
3 1101010001 5 match 5
4 1010011101 6 match 6
5 1000100000 2 match 0 7
6 0000010101 3 match 1
7 1111110010 7

Matching output
0 5
1 6
2 absent
3 1
4 2
5 3
6 4
7 5

Left
5 6 7x
Best: I5 6: 2

Right
5 4 3 2 1 0x
Best: I5 4 3 2 1: 5

NOT
0 0110101100 5
1 0110010101 5
2 0111011110 7
3 0010101110 5
4 0101100010 4
5 0111011111 8
6 1111101010 7
7 0000001101 3

Matching output
0 absent
1 absent
2 absent
3 absent
4 absent
5 absent
6 absent
7 absent

Left
none
Best: none

Right
none
Best: none

Constant
0 0000000000 a
1 1111111111 a

Matching output
0 absent
1 absent
2 absent
3 absent
4 absent
5 absent
6 absent
7 absent

Left
none
Best: none

Right
none
Best: none

AND
01 10 1001000010 3
12 21 1000100000 2 match 0 7
23 32 1000000001 2
34 43 1000010001 3
45 54 1000000000 1
56 65 0000000000 a
67 76 0000010000 1
70 07 1001010010 4

02 20 1000000001 2
13 31 1001000000 2
24 42 1000000001 2
35 53 1000000000 1
46 64 0000010101 3 match 1
57 75 1000100000 2 match 0 7
60 06 0000010001 2
71 17 1001100010 4

03 30 1001010001 4
14 41 1000001000 2
25 52 1000100000 2 match 0 7
36 63 0000010001 2
47 74 1010010000 3
50 05 1000000000 1
61 16 0000000000 a
72 27 1000100000 2 match 0 7

04 40 1000010001 3
15 51 1000100000 2 match 0 7
26 62 0000000001 1
37 73 1101010000 4

Matching output
0 12 21 57 75 25 52 72 27 15 51
1 46 64
2 absent
3 absent
4 absent
5 absent
6 absent
7 12 21 57 75 25 52 72 27 15 51

Left
12 23x
21 32x
57 60x
75 06x
25 36x
52 63x
72 03x
27 30x
15 26x
51 62x
Best: AND12: 1

Right
12 01x
21 10x
57 46y
75 64y
25 14x
52 41x
72 61x
27 16x
15 04x
51 40x
Best: AND12: 1

OR
01 10 1001111011 7
12 21 1001101011 6
23 32 1101110001 6
34 43 1111011101 8
45 54 1010111101 7
56 65 1000110101 5
67 76 1111110111 9
70 07 1111110011 8

02 20 1001110011 6
13 31 1101111011 8
24 42 1010111101 7
35 53 1101110001 6
46 64 1010011101 6 match 6
57 75 1111110010 7
60 06 1001010111 6
71 17 1111111010 8

03 30 1101010011 6
14 41 1011111111 9
25 52 1000100001 3 match 4
36 63 1101010101 6
47 74 1111111111 a
50 05 1001110011 6
61 16 1001111111 8
72 27 1111110011 8

04 40 1011011111 8
15 51 1001101010 5 match 3
26 62 1000110101 5
37 73 1111110011 8

Matching output
0 absent
1 absent
2 absent
3 15 51
4 25 52
5 absent
6 46 64
7 absent

Left
none
Best: none

Right
none
Best: none

XOR
01 10 0000111001 4
12 21 0001001011 4
23 32 0101110000 4
34 43 0111001100 5
45 54 0010111101 6
56 65 1000110101 5
67 76 1111100111 8
70 07 0110100001 4 match 2

02 20 0001110010 4
13 31 0100111011 6
24 42 0010111100 5
35 53 0101110001 5
46 64 1010001000 3
57 75 0111010010 5
60 06 1001000110 4
71 17 0110011000 4

03 30 0100000010 2
14 41 0011110111 7
25 52 0000000001 1
36 63 1101000100 4
47 74 0101101111 7
50 05 0001110011 5
61 16 1001111111 8
72 27 0111010011 6

04 40 0011001110 5
15 51 0001001010 3
26 62 1000110100 4
37 73 0010100011 4

Matching output
0 absent
1 absent
2 70 07
3 absent
4 absent
5 absent
6 absent
7 absent

Left
none
Best: none

Right
none
Best: none

AND-NOT
01 0000010001 2
12 0001001010 3
23 0000100000 1
34 0101000000 2
45 0010011101 5
56 1000100000 2 match 0 7
67 0000000101 2
70 0110100000 3

02 0001010010 3
13 0000101010 3
24 0000100000 1
35 0101010001 4
46 1010001000 3
57 0000000000 a
60 0000000100 1
71 0110010000 3

03 0000000010 1
14 0001100010 3
25 0000000001 1
36 1101000000 3
47 0000001101 3
50 0000100000 1
61 0000010101 3 match 1
72 0111010010 5

04 0001000010 2
15 0001001010 3
26 1000100000 2 match 0 7
37 0000000001 1
40 0010001100 3
51 0000000000 a
62 0000010100 2
73 0010100010 3

05 0001010011 4
16 1001101010 5 match 3
27 0000000001 1
30 0100000000 1
41 0010010101 4
52 0000000000 a
63 0000000100 1
74 0101100010 4

06 1001000010 3
17 0000001000 1
20 0000100000 1
31 0100010001 3
42 0010011100 4
53 0000100000 1
64 0000000000 a
75 0111010010 5

07 0000000001 1
10 0000101000 2
21 0000000001 1
32 0101010000 3
43 0010001100 3
54 0000100000 1
65 0000010101 3 match 1
76 1111100010 6

Matching output
0 56 26
1 61 65
2 absent
3 16
4 absent
5 absent
6 absent
7 56 26

Left
56 67x
26 37x
Best: AND-NOT56: 1

Right
56 45x
26 15x
Best: AND-NOT56: 1

OR-NOT
01 1111010111 8
12 1111111110 9
23 1010101111 7
34 1101110011 7
45 1111011111 9
56 1111101010 7
67 0000011101 4
70 1111111110 9

02 1111011111 9
13 1011101110 7
24 1101100011 6
35 1111011111 9
46 1111111111 a
57 1000101101 5
60 0110111101 7
71 1111110111 9

03 1011111111 9
14 1101101010 6
25 1111111111 a
36 1111111011 9
47 1010011101 6 match 6
50 1110101100 6
61 0110010101 5
72 1111111110 9

04 1101110011 7
15 1111111111 a
26 1111101011 8
37 1101011101 7
40 1110111101 8
51 1110110101 7
62 0111011111 8
73 1111111110 9

05 1111011111 9
16 1111101010 7
27 1000101101 5
30 1111111101 9
41 1110011101 7
52 1111111110 9
63 0010111111 7
74 1111110010 7

06 1111111011 9
17 1001101111 7
20 1110101101 7
31 1111010101 7
42 1111011111 9
53 1010101110 6
64 0101110111 7
75 1111111111 a

07 1001011111 7
10 1111101110 8
21 1110110101 7
32 1111011111 9
43 1010111111 8
54 1101100010 5
65 0111011111 8
76 1111111010 8

Matching output
0 absent
1 absent
2 absent
3 absent
4 absent
5 absent
6 47
7 absent

Left
none
Best: none

Right
none
Best: none

XOR-NOT
01 1111000110 6
12 1110110100 6
23 1010001111 6
34 1000110011 5
45 1101000010 4
56 0111001010 5
67 0000011000 2
70 1001011110 6

02 1110001101 6
13 1011000100 4
24 1101000011 5
35 1010001110 5
46 0101110111 7
57 1000101101 5
60 0110111001 6
71 1001100111 6

03 1011111101 8
14 1100001000 3
25 1111111110 9
36 0010111011 6
47 1010010000 3
50 1110001100 5
61 0110000000 2
72 1000101100 4

04 1100110001 5
15 1110110101 7
26 0111001011 6
37 1101011100 6
40 1100110001 5
51 1110110101 7
62 0111001011 6
73 1101011100 6

05 1110001100 5
16 0110000000 2
27 1000101100 4
30 1011111101 8
41 1100001000 3
52 1111111110 9
63 0010111011 6
74 1010010000 3

06 0110111001 6
17 1001100111 6
20 1110001101 6
31 1011000100 4
42 1101000011 5
53 1010001110 5
64 0101110111 7
75 1000101101 5

07 1001011110 6
10 1111000110 6
21 1110110100 6
32 1010001111 6
43 1000110011 5
54 1101000010 4
65 0111001010 5
76 0000011000 2

Matching output
0 absent
1 absent
2 absent
3 absent
4 absent
5 absent
6 absent
7 absent

Left
none
Best: none

Right
none
Best: none

Selecting

Lefts
Identity I5 6: 2
NOT none
Constant none
AND AND12: 1
OR none
XOR none
AND-NOT AND-NOT56: 1
OR-NOT none
XOR-NOT none

Rights
Identity I5 4 3 2 1: 5
NOT none
Constant none
AND AND12: 1
OR none
XOR none
AND-NOT AND-NOT56: 1
OR-NOT none
XOR-NOT none

Left longest: 2
Right longest: 5

Right winner: Identity yes, NOT no, Constant no, AND no, OR no, XOR no, AND-NOT no, OR-NOT no, XOR-NOT no
Left winner: Identity yes, NOT no, Constant no, AND no, OR no, XOR no, AND-NOT no, OR-NOT no, XOR-NOT no

Best right: I5 4 3 2 1: 5
Best left: I5 6: 2

Truncated right: I5 4 3 2 1: 5
Truncated left: I5 6: 2

Tentative from right
7 I5
6 I4
5 I3
4 I2
3 I1
2 pending
1 pending
0 pending

Tentative
0 I5
1 I6
2 pending
3 I1
4 I2
5 I3
6 I4
7 I5

Preferred from right
7 I5
6 I4
5 I3
4 I2
3 I1
2 ??0
1 I6
0 I5

Preferred from left
0 I5
1 I6
2 ?70
3 I1
4 I2
5 I3
6 I4
7 I5

Preferred
0 I5
1 I6
2 ?70 ?07
3 I1
4 I2
5 I3
6 I4
7 I5

Matching
0 I5
1 I6
2 ?70 ?07 - Identity absent, NOT absent, Constant absent, AND absent, OR absent, XOR70, AND-NOT absent, OR-NOT absent, XOR-NOT absent
3 I1
4 I2
5 I3
6 I4
7 I5

Perfect match
Identity no
NOT no
Constant no
AND no
OR no
XOR yes
AND-NOT no
OR-NOT no
XOR-NOT no

Matched
0 I5
1 I6
2 XOR70
3 I1
4 I2
5 I3
6 I4
7 I5

Selected
0 I5
1 I6
2 XOR70
3 I1
4 I2
5 I3
6 I4
7 I5

Applying to 00010111
Input
0 0
1 0
2 0
3 1
4 0
5 1
6 1
7 1
Output
0 I5 = 1
1 I6 = 1
2 XOR70 = XOR(1,0) = 1
3 I1 = 0
4 I2 = 0
5 I3 = 1
6 I4 = 0
7 I5 = 1

I will now return the answer in \boxed{}
The answer in \boxed{–} is \boxed{11100101}