We need to deduce the transformation by matching the example outputs.
I will put my final answer inside \boxed{}.

Output 0: 00001100
0 0
1 0
2 0
3 0
4 1
5 1
6 0
7 0

Output 1: 01000101
0 0
1 1
2 0
3 0
4 0
5 1
6 0
7 1

Output 2: 01001011
0 0
1 1
2 0
3 0
4 1
5 0
6 1
7 1

Output 3: 00010100
0 0
1 0
2 0
3 1
4 0
5 1
6 0
7 0

Output 4: 10001011
0 1
1 0
2 0
3 0
4 1
5 0
6 1
7 1

Output 5: 10010011
0 1
1 0
2 0
3 1
4 0
5 0
6 1
7 1

Output 6: 00010010
0 0
1 0
2 0
3 1
4 0
5 0
6 1
7 0

Output 7: 01001010
0 0
1 1
2 0
3 0
4 1
5 0
6 1
7 0

Output 8: 01011011
0 0
1 1
2 0
3 1
4 1
5 0
6 1
7 1

Output bit columns (with bitsum as hash)
0 000011000 2
1 011000011 4
2 000000000 a
3 000101101 4
4 101010011 5
5 110100000 3
6 001011111 6
7 011011001 5

Input 0: 01100000
0 0
1 1
2 1
3 0
4 0
5 0
6 0
7 0

Input 1: 00101001
0 0
1 0
2 1
3 0
4 1
5 0
6 0
7 1

Input 2: 01011001
0 0
1 1
2 0
3 1
4 1
5 0
6 0
7 1

Input 3: 10100100
0 1
1 0
2 1
3 0
4 0
5 1
6 0
7 0

Input 4: 01011010
0 0
1 1
2 0
3 1
4 1
5 0
6 1
7 0

Input 5: 10011010
0 1
1 0
2 0
3 1
4 1
5 0
6 1
7 0

Input 6: 10010100
0 1
1 0
2 0
3 1
4 0
5 1
6 0
7 0

Input 7: 01010101
0 0
1 1
2 0
3 1
4 0
5 1
6 0
7 1

Input 8: 11011001
0 1
1 1
2 0
3 1
4 1
5 0
6 0
7 1

When matching output
x: not in operator
y: wrong position

Identity
0 000101101 4 match 3
1 101010011 5 match 4
2 110100000 3 match 5
3 001011111 6 match 6
4 011011001 5 match 7
5 000100110 3
6 000011000 2 match 0
7 011000011 4 match 1

Matching output
0 6
1 7
2 absent
3 0
4 1
5 2
6 3
7 4

Left
6 7 0y
Best: I6 7: 2

Right
4 3 2 1 0 7y
Best: I4 3 2 1 0: 5

NOT
0 111010010 5
1 010101100 4
2 001011111 6 match 6
3 110100000 3 match 5
4 100100110 4
5 111011001 6
6 111100111 7
7 100111100 5

Matching output
0 absent
1 absent
2 absent
3 absent
4 absent
5 3
6 2
7 absent

Left
none
Best: none

Right
none
Best: none

Constant
0 000000000 a match 2
1 111111111 a

Matching output
0 absent
1 absent
2 C0
3 absent
4 absent
5 absent
6 absent
7 absent

Left
none
Best: none

Right
none
Best: none

AND
01 10 000000001 1
12 21 100000000 1
23 32 000000000 a match 2
34 43 001011001 4
45 54 000000000 a match 2
56 65 000000000 a match 2
67 76 000000000 a match 2
70 07 000000001 1

02 20 000100000 1
13 31 001010011 4
24 42 010000000 1
35 53 000000110 2
46 64 000011000 2 match 0
57 75 000000010 1
60 06 000001000 1
71 17 001000011 3

03 30 000001101 3
14 41 001010001 3
25 52 000100000 1
36 63 000011000 2 match 0
47 74 011000001 3
50 05 000100100 2
61 16 000010000 1
72 27 010000000 1

04 40 000001001 2
15 51 000000010 1
26 62 000000000 a match 2
37 73 001000011 3

Matching output
0 46 64 36 63
1 absent
2 23 32 45 54 56 65 67 76 26 62
3 absent
4 absent
5 absent
6 absent
7 absent

Left
46 57x
64 75x
36 47x
63 74x
Best: AND46: 1

Right
none
Best: none

OR
01 10 101111111 8
12 21 111110011 7
23 32 111111111 a
34 43 011011111 7
45 54 011111111 8
56 65 000111110 5
67 76 011011011 6
70 07 011101111 7

02 20 110101101 6
13 31 101011111 7
24 42 111111001 7
35 53 001111111 7
46 64 011011001 5 match 7
57 75 011100111 6
60 06 000111101 5
71 17 111010011 6

03 30 001111111 7
14 41 111011011 7
25 52 110100110 5
36 63 001011111 6 match 6
47 74 011011011 6
50 05 000101111 5
61 16 101011011 6
72 27 111100011 6

04 40 011111101 7
15 51 101110111 7
26 62 110111000 5
37 73 011011111 7

Matching output
0 absent
1 absent
2 absent
3 absent
4 absent
5 absent
6 36 63
7 46 64

Left
none
Best: none

Right
46 35x
64 53x
Best: OR46: 1

XOR
01 10 101111110 7
12 21 011110011 6
23 32 111111111 a
34 43 010000110 3
45 54 011111111 8
56 65 000111110 5
67 76 011011011 6
70 07 011101110 6

02 20 110001101 5
13 31 100001100 3
24 42 101111001 6
35 53 001111001 5
46 64 011000001 3
57 75 011100101 5
60 06 000110101 4
71 17 110010000 3

03 30 001110010 4
14 41 110001010 4
25 52 110000110 4
36 63 001000111 4
47 74 000011010 3
50 05 000001011 3
61 16 101001011 5
72 27 101100011 5

04 40 011110100 5
15 51 101110101 6
26 62 110111000 5
37 73 010011100 4

Matching output
0 absent
1 absent
2 absent
3 absent
4 absent
5 absent
6 absent
7 absent

Left
none
Best: none

Right
none
Best: none

AND-NOT
01 000101100 3
12 001010011 4
23 110100000 3 match 5
34 000000110 2
45 011011001 5 match 7
56 000100110 3
67 000011000 2 match 0
70 011000010 3

02 000001101 3
13 100000000 1
24 100100000 2
35 001011001 4
46 011000001 3
57 000100100 2
60 000010000 1
71 010000000 1

03 000100000 1
14 100000010 2
25 110000000 2
36 001000111 4
47 000011000 2 match 0
50 000000010 1
61 000001000 1
72 001000011 3

04 000100100 2
15 101010001 4
26 110100000 3 match 5
37 000011100 3
40 011010000 3
51 000100100 2
62 000011000 2 match 0
73 010000000 1

05 000001001 2
16 101000011 4
27 100100000 2
30 001010010 3
41 010001000 2
52 000000110 2
63 000000000 a match 2
74 000000010 1

06 000100101 3
17 100010000 2
20 110000000 2
31 000001100 2
42 001011001 4
53 000100000 1
64 000000000 a match 2
75 011000001 3

07 000101100 3
10 101010010 4
21 010100000 2
32 001011111 6 match 6
43 010000000 1
54 000100110 3
65 000011000 2 match 0
76 011000011 4 match 1

Matching output
0 67 47 62 65
1 76
2 63 64
3 absent
4 absent
5 23 26
6 32
7 45

Left
67 70x
47 50x
62 73x
65 76 07x
Best: AND-NOT65 76: 2

Right
45 34x
Best: AND-NOT45: 1

OR-NOT
01 010101101 5
12 101011111 7
23 110100000 3 match 5
34 101111111 8
45 111011001 6
56 111100111 7
67 100111100 5
70 111010011 6

02 001111111 7
13 111110011 7
24 110100110 5
35 111011111 8
46 111111111 a
57 100111110 6
60 111011010 6
71 011101111 7

03 110101101 6
14 101110111 7
25 111111001 7
36 111111111 a
47 111111101 8
50 111110110 7
61 010111100 5
72 011011111 7

04 100101111 6
15 111011011 7
26 111100111 7
37 101111111 8
40 111011011 7
51 010101110 5
62 001011111 6 match 6
73 111100011 6

05 111111101 8
16 111110111 8
27 110111100 6
30 111011111 8
41 011111101 7
52 001111111 7
63 110111000 5
74 111100111 7

06 111101111 8
17 101111111 8
20 111110010 6
31 011111111 8
42 011011111 7
53 110100110 5
64 100111110 6
75 111011011 7

07 100111101 6
10 111010011 6
21 110101100 5
32 001011111 6 match 6
43 111111001 7
54 100100110 4
65 111011001 6
76 111100111 7

Matching output
0 absent
1 absent
2 absent
3 absent
4 absent
5 23
6 62 32
7 absent

Left
none
Best: none

Right
none
Best: none

XOR-NOT
01 010000001 2
12 100001100 3
23 000000000 a match 2
34 101111001 6
45 100000000 1
56 111000001 4
67 100100100 3
70 100010001 3

02 001110010 4
13 011110011 6
24 010000110 3
35 110000110 4
46 100111110 6
57 100011010 4
60 111001010 5
71 001101111 6

03 110001101 5
14 001110101 5
25 001111001 5
36 110111000 5
47 111100101 6
50 111110100 6
61 010110100 4
72 010011100 4

04 100001011 4
15 010001010 3
26 001000111 4
37 101100011 5
40 100001011 4
51 010001010 3
62 001000111 4
73 101100011 5

05 111110100 6
16 010110100 4
27 010011100 4
30 110001101 5
41 001110101 5
52 001111001 5
63 110111000 5
74 111100101 6

06 111001010 5
17 001101111 6
20 001110010 4
31 011110011 6
42 010000110 3
53 110000110 4
64 100111110 6
75 100011010 4

07 100010001 3
10 010000001 2
21 100001100 3
32 000000000 a match 2
43 101111001 6
54 100000000 1
65 111000001 4
76 100100100 3

Matching output
0 absent
1 absent
2 23 32
3 absent
4 absent
5 absent
6 absent
7 absent

Left
none
Best: none

Right
none
Best: none

Selecting

Lefts
Identity I6 7: 2
NOT none
Constant none
AND AND46: 1
OR none
XOR none
AND-NOT AND-NOT65 76: 2
OR-NOT none
XOR-NOT none

Rights
Identity I4 3 2 1 0: 5
NOT none
Constant none
AND none
OR OR46: 1
XOR none
AND-NOT AND-NOT45: 1
OR-NOT none
XOR-NOT none

Left longest: 2
Right longest: 5

Right winner: Identity yes, NOT no, Constant no, AND no, OR no, XOR no, AND-NOT no, OR-NOT no, XOR-NOT no
Left winner: Identity yes, NOT no, Constant no, AND no, OR no, XOR no, AND-NOT no, OR-NOT no, XOR-NOT no

Best right: I4 3 2 1 0: 5
Best left: I6 7: 2

Truncated right: I4 3 2 1 0: 5
Truncated left: I6 7: 2

Tentative from right
7 I4
6 I3
5 I2
4 I1
3 I0
2 pending
1 pending
0 pending

Tentative
0 I6
1 I7
2 pending
3 I0
4 I1
5 I2
6 I3
7 I4

Preferred from right
7 I4
6 I3
5 I2
4 I1
3 I0
2 ??7
1 I7
0 I6

Preferred from left
0 I6
1 I7
2 ?07
3 I0
4 I1
5 I2
6 I3
7 I4

Preferred
0 I6
1 I7
2 ?07 ?70
3 I0
4 I1
5 I2
6 I3
7 I4

Matching
0 I6
1 I7
2 ?07 ?70 - Identity absent, NOT absent, Constant C0, AND absent, OR absent, XOR absent, AND-NOT absent, OR-NOT absent, XOR-NOT absent
3 I0
4 I1
5 I2
6 I3
7 I4

Perfect match
Identity no
NOT no
Constant yes
AND no
OR no
XOR no
AND-NOT no
OR-NOT no
XOR-NOT no

Matched
0 I6
1 I7
2 C0
3 I0
4 I1
5 I2
6 I3
7 I4

Selected
0 I6
1 I7
2 C0
3 I0
4 I1
5 I2
6 I3
7 I4

Applying to 11100110
Input
0 1
1 1
2 1
3 0
4 0
5 1
6 1
7 0
Output
0 I6 = 1
1 I7 = 0
2 C0 = 0
3 I0 = 1
4 I1 = 1
5 I2 = 1
6 I3 = 0
7 I4 = 0

I will now return the answer in \boxed{}
The answer in \boxed{–} is \boxed{10011100}