We need to deduce the transformation by matching the example outputs.
I will put my final answer inside \boxed{}.

Output 0: 10101110
0 1
1 0
2 1
3 0
4 1
5 1
6 1
7 0

Output 1: 00000000
0 0
1 0
2 0
3 0
4 0
5 0
6 0
7 0

Output 2: 10000111
0 1
1 0
2 0
3 0
4 0
5 1
6 1
7 1

Output 3: 00000000
0 0
1 0
2 0
3 0
4 0
5 0
6 0
7 0

Output 4: 10010010
0 1
1 0
2 0
3 1
4 0
5 0
6 1
7 0

Output 5: 00101000
0 0
1 0
2 1
3 0
4 1
5 0
6 0
7 0

Output 6: 00101000
0 0
1 0
2 1
3 0
4 1
5 0
6 0
7 0

Output 7: 01000001
0 0
1 1
2 0
3 0
4 0
5 0
6 0
7 1

Output 8: 00100000
0 0
1 0
2 1
3 0
4 0
5 0
6 0
7 0

Output bit columns (with bitsum as hash)
0 101010000 3
1 000000010 1
2 100001101 4
3 000010000 1
4 100001100 3
5 101000000 2
6 101010000 3
7 001000010 2

Input 0: 11110101
0 1
1 1
2 1
3 1
4 0
5 1
6 0
7 1

Input 1: 11001100
0 1
1 1
2 0
3 0
4 1
5 1
6 0
7 0

Input 2: 11111100
0 1
1 1
2 1
3 1
4 1
5 1
6 0
7 0

Input 3: 01000100
0 0
1 1
2 0
3 0
4 0
5 1
6 0
7 0

Input 4: 11010110
0 1
1 1
2 0
3 1
4 0
5 1
6 1
7 0

Input 5: 01100111
0 0
1 1
2 1
3 0
4 0
5 1
6 1
7 1

Input 6: 01001101
0 0
1 1
2 0
3 0
4 1
5 1
6 0
7 1

Input 7: 00101010
0 0
1 0
2 1
3 0
4 1
5 0
6 1
7 0

Input 8: 00000101
0 0
1 0
2 0
3 0
4 0
5 1
6 0
7 1

When matching output
x: not in operator
y: wrong position

Identity
0 111010000 4
1 111111100 7
2 101001010 4
3 101010000 3 match 0 6
4 011000110 4
5 111111101 8
6 000011010 3
7 100001101 4 match 2

Matching output
0 3
1 absent
2 7
3 absent
4 absent
5 absent
6 3
7 absent

Left
3 4x
Best: I3: 1

Right
none
Best: none

NOT
0 000101111 5
1 000000011 2
2 010110101 5
3 010101111 6
4 100111001 5
5 000000010 1 match 1
6 111100101 6
7 011110010 5

Matching output
0 absent
1 5
2 absent
3 absent
4 absent
5 absent
6 absent
7 absent

Left
none
Best: none

Right
none
Best: none

Constant
0 000000000 a
1 111111111 a

Matching output
0 absent
1 absent
2 absent
3 absent
4 absent
5 absent
6 absent
7 absent

Left
none
Best: none

Right
none
Best: none

AND
01 10 111010000 4
12 21 101001000 3
23 32 101000000 2 match 5
34 43 001000000 1
45 54 011000100 3
56 65 000011000 2
67 76 000001000 1
70 07 100000000 1

02 20 101000000 2 match 5
13 31 101010000 3 match 0 6
24 42 001000010 2 match 7
35 53 101010000 3 match 0 6
46 64 000000010 1 match 1
57 75 100001101 4 match 2
60 06 000010000 1 match 3
71 17 100001100 3 match 4

03 30 101010000 3 match 0 6
14 41 011000100 3
25 52 101001000 3
36 63 000010000 1 match 3
47 74 000000100 1
50 05 111010000 4
61 16 000011000 2
72 27 100001000 2

04 40 011000000 2
15 51 111111100 7
26 62 000001010 2
37 73 100000000 1

Matching output
0 13 31 35 53 03 30
1 46 64
2 57 75
3 60 06 36 63
4 71 17
5 23 32 02 20
6 13 31 35 53 03 30
7 24 42

Left
13 24y
31 42y
35 46 57 60 71 02 13 24
53 64 75 06 17 20 31 42
03 14x
30 41x
Best: AND35 46 57 60 71 02 13 24: 8

Right
24 13 02 71 60 57 46 35
42 31 20 17 06 75 64 53
Best: AND24 13 02 71 60 57 46 35: 8

OR
01 10 111111100 7
12 21 111111110 8
23 32 101011010 5
34 43 111010110 6
45 54 111111111 a
56 65 111111111 a
67 76 100011111 6
70 07 111011101 7

02 20 111011010 6
13 31 111111100 7
24 42 111001110 6
35 53 111111101 8
46 64 011011110 6
57 75 111111101 8
60 06 111011010 6
71 17 111111101 8

03 30 111010000 4
14 41 111111110 8
25 52 111111111 a
36 63 101011010 5
47 74 111001111 7
50 05 111111101 8
61 16 111111110 8
72 27 101001111 6

04 40 111010110 6
15 51 111111101 8
26 62 101011010 5
37 73 101011101 6

Matching output
0 absent
1 absent
2 absent
3 absent
4 absent
5 absent
6 absent
7 absent

Left
none
Best: none

Right
none
Best: none

XOR
01 10 000101100 3
12 21 010110110 5
23 32 000011010 3
34 43 110010110 5
45 54 100111011 6
56 65 111100111 7
67 76 100010111 5
70 07 011011101 6

02 20 010011010 4
13 31 010101100 4
24 42 110001100 4
35 53 010101101 5
46 64 011011100 5
57 75 011110000 4
60 06 111001010 5
71 17 011110001 5

03 30 010000000 1
14 41 100111010 5
25 52 010110111 6
36 63 101001010 4
47 74 111001011 6
50 05 000101101 4
61 16 111100110 6
72 27 001000111 4

04 40 100010110 4
15 51 000000001 1
26 62 101010000 3 match 0 6
37 73 001011101 5

Matching output
0 26 62
1 absent
2 absent
3 absent
4 absent
5 absent
6 26 62
7 absent

Left
26 37x
62 73x
Best: XOR26: 1

Right
none
Best: none

AND-NOT
01 000000000 a
12 010110100 4
23 000001010 2
34 100010000 2
45 000000010 1 match 1
56 111100101 6
67 000010010 2
70 000001101 3

02 010010000 2
13 010101100 4
24 100001000 2
35 000000000 a
46 011000100 3
57 011110000 4
60 000001010 2
71 000000001 1

03 010000000 1
14 100111000 4
25 000000010 1 match 1
36 101000000 2 match 5
47 011000010 3
50 000101101 4
61 000000010 1 match 1
72 000000101 2

04 100010000 2
15 000000000 a
26 101000000 2 match 5
37 001010000 2
40 000000110 2
51 000000001 1
62 000010000 1 match 3
73 000001101 3

05 000000000 a
16 111100100 5
27 001000010 2 match 7
30 000000000 a
41 000000010 1 match 1
52 010110101 5
63 000001010 2
74 100001001 3

06 111000000 3
17 011110000 4
20 000001010 2
31 000000000 a
42 010000100 2
53 010101101 5
64 000011000 2
75 000000000 a

07 011010000 3
10 000101100 3
21 000000010 1 match 1
32 000010000 1 match 3
43 010000110 3
54 100111001 5
65 000000010 1 match 1
76 100000101 3

Matching output
0 absent
1 45 25 61 41 21 65
2 absent
3 62 32
4 absent
5 36 26
6 absent
7 27

Left
none
Best: none

Right
27 16x
Best: AND-NOT27: 1

OR-NOT
01 111010011 6
12 111111101 8
23 111101111 8
34 101111001 6
45 011000110 4
56 111111101 8
67 011111010 6
70 100101111 6

02 111110101 7
13 111111111 a
24 101111011 7
35 101010010 4
46 111100111 7
57 111111111 a
60 000111111 6
71 100001111 5

03 111111111 a
14 111111101 8
25 101001010 4
36 111110101 7
47 011110110 6
50 111111111 a
61 000011011 4
72 110111101 7

04 111111001 7
15 111111110 8
26 111101111 8
37 111110010 6
40 011101111 7
51 111111111 a
62 010111111 7
73 110101111 7

05 111010010 5
16 111111101 8
27 111111010 7
30 101111111 8
41 011000111 5
52 111111101 8
63 010111111 7
74 100111101 6

06 111110101 7
17 111111110 8
20 101101111 7
31 101010011 5
42 011110111 7
53 111111111 a
64 100111011 6
75 100001111 5

07 111110010 6
10 111111111 a
21 101001011 5
32 111110101 7
43 011101111 7
54 111111101 8
65 000011010 3
76 111101101 7

Matching output
0 absent
1 absent
2 absent
3 absent
4 absent
5 absent
6 absent
7 absent

Left
none
Best: none

Right
none
Best: none

XOR-NOT
01 111010011 6
12 101001001 4
23 111100101 6
34 001101001 4
45 011000100 3
56 000011000 2
67 011101000 4
70 100100010 3

02 101100101 5
13 101010011 5
24 001110011 5
35 101010010 4
46 100100011 4
57 100001111 5
60 000110101 4
71 100001110 4

03 101111111 8
14 011000101 4
25 101001000 3
36 010110101 5
47 000110100 3
50 111010010 5
61 000011001 3
72 110111000 5

04 011101001 5
15 111111110 8
26 010101111 6
37 110100010 4
40 011101001 5
51 111111110 8
62 010101111 6
73 110100010 4

05 111010010 5
16 000011001 3
27 110111000 5
30 101111111 8
41 011000101 4
52 101001000 3
63 010110101 5
74 000110100 3

06 000110101 4
17 100001110 4
20 101100101 5
31 101010011 5
42 001110011 5
53 101010010 4
64 100100011 4
75 100001111 5

07 100100010 3
10 111010011 6
21 101001001 4
32 111100101 6
43 001101001 4
54 011000100 3
65 000011000 2
76 011101000 4

Matching output
0 absent
1 absent
2 absent
3 absent
4 absent
5 absent
6 absent
7 absent

Left
none
Best: none

Right
none
Best: none

Selecting

Lefts
Identity I3: 1
NOT none
Constant none
AND AND35 46 57 60 71 02 13 24: 8
OR none
XOR XOR26: 1
AND-NOT none
OR-NOT none
XOR-NOT none

Rights
Identity none
NOT none
Constant none
AND AND24 13 02 71 60 57 46 35: 8
OR none
XOR none
AND-NOT AND-NOT27: 1
OR-NOT none
XOR-NOT none

Left longest: 8
Right longest: 8

Left winner: Identity no, NOT no, Constant no, AND yes, OR no, XOR no, AND-NOT no, OR-NOT no, XOR-NOT no
Right winner: Identity no, NOT no, Constant no, AND yes, OR no, XOR no, AND-NOT no, OR-NOT no, XOR-NOT no

Best left: AND35 46 57 60 71 02 13 24: 8
Best right: AND24 13 02 71 60 57 46 35: 8

Truncated left: AND35 46 57 60 71 02 13 24: 8
Truncated right: none truncated

Tentative from right
7 pending
6 pending
5 pending
4 pending
3 pending
2 pending
1 pending
0 pending

Tentative
0 AND35
1 AND46
2 AND57
3 AND60
4 AND71
5 AND02
6 AND13
7 AND24

Preferred from left
0 AND35
1 AND46
2 AND57
3 AND60
4 AND71
5 AND02
6 AND13
7 AND24

Preferred from right
7 AND24
6 AND13
5 AND02
4 AND71
3 AND60
2 AND57
1 AND46
0 AND35

Preferred
0 AND35
1 AND46
2 AND57
3 AND60
4 AND71
5 AND02
6 AND13
7 AND24

Matching
0 AND35
1 AND46
2 AND57
3 AND60
4 AND71
5 AND02
6 AND13
7 AND24

Perfect match
Identity no
NOT no
Constant no
AND no
OR no
XOR no
AND-NOT no
OR-NOT no
XOR-NOT no

Matched
0 AND35
1 AND46
2 AND57
3 AND60
4 AND71
5 AND02
6 AND13
7 AND24

Selected
0 AND35
1 AND46
2 AND57
3 AND60
4 AND71
5 AND02
6 AND13
7 AND24

Applying to 00101100
Input
0 0
1 0
2 1
3 0
4 1
5 1
6 0
7 0
Output
0 AND35 = AND(0,1) = 0
1 AND46 = AND(1,0) = 0
2 AND57 = AND(1,0) = 0
3 AND60 = AND(0,0) = 0
4 AND71 = AND(0,0) = 0
5 AND02 = AND(0,1) = 0
6 AND13 = AND(0,0) = 0
7 AND24 = AND(1,1) = 1

I will now return the answer in \boxed{}
The answer in \boxed{–} is \boxed{00000001}