We need to deduce the transformation by matching the example outputs.
I will put my final answer inside \boxed{}.

Output 0: 11111010
0 1
1 1
2 1
3 1
4 1
5 0
6 1
7 0

Output 1: 10111101
0 1
1 0
2 1
3 1
4 1
5 1
6 0
7 1

Output 2: 00100000
0 0
1 0
2 1
3 0
4 0
5 0
6 0
7 0

Output 3: 01100011
0 0
1 1
2 1
3 0
4 0
5 0
6 1
7 1

Output 4: 11100111
0 1
1 1
2 1
3 0
4 0
5 1
6 1
7 1

Output 5: 00101001
0 0
1 0
2 1
3 0
4 1
5 0
6 0
7 1

Output 6: 00000010
0 0
1 0
2 0
3 0
4 0
5 0
6 1
7 0

Output 7: 00110110
0 0
1 0
2 1
3 1
4 0
5 1
6 1
7 0

Output 8: 01010111
0 0
1 1
2 0
3 1
4 0
5 1
6 1
7 1

Output 9: 01111010
0 0
1 1
2 1
3 1
4 1
5 0
6 1
7 0

Output bit columns (with bitsum as hash)
0 1100100000 3
1 1001100011 5
2 1111110101 8
3 1100000111 5
4 1100010001 4
5 0100100110 4
6 1001101111 7
7 0101110010 5

Input 0: 01110011
0 0
1 1
2 1
3 1
4 0
5 0
6 1
7 1

Input 1: 11000110
0 1
1 1
2 0
3 0
4 0
5 1
6 1
7 0

Input 2: 00010010
0 0
1 0
2 0
3 1
4 0
5 0
6 1
7 0

Input 3: 10100101
0 1
1 0
2 1
3 0
4 0
5 1
6 0
7 1

Input 4: 01111100
0 0
1 1
2 1
3 1
4 1
5 1
6 0
7 0

Input 5: 10000100
0 1
1 0
2 0
3 0
4 0
5 1
6 0
7 0

Input 6: 10010011
0 1
1 0
2 0
3 1
4 0
5 0
6 1
7 1

Input 7: 10001010
0 1
1 0
2 0
3 0
4 1
5 0
6 1
7 0

Input 8: 10111100
0 1
1 0
2 1
3 1
4 1
5 1
6 0
7 0

Input 9: 00111010
0 0
1 0
2 1
3 1
4 1
5 0
6 1
7 0

When matching output
x: not in operator
y: wrong position

Identity
0 0101011110 6
1 1100100000 3 match 0
2 1001100011 5 match 1
3 1010101011 6
4 0000100111 4
5 0101110010 5 match 7
6 1110001101 6
7 1001001000 3

Matching output
0 1
1 2
2 absent
3 absent
4 absent
5 absent
6 absent
7 5

Left
1 2 3x
Best: I1 2: 2

Right
5 4x
Best: I5: 1

NOT
0 1010100001 4
1 0011011111 7
2 0110011100 5
3 0101010100 4
4 1111011000 6
5 1010001101 5
6 0001110010 4
7 0110110111 7

Matching output
0 absent
1 absent
2 absent
3 absent
4 absent
5 absent
6 absent
7 absent

Left
none
Best: none

Right
none
Best: none

Constant
0 0000000000 a
1 1111111111 a

Matching output
0 absent
1 absent
2 absent
3 absent
4 absent
5 absent
6 absent
7 absent

Left
none
Best: none

Right
none
Best: none

AND
01 10 0100000000 1
12 21 1000100000 2
23 32 1000100011 4
34 43 0000100011 3
45 54 0000100010 2
56 65 0100000000 1
67 76 1000001000 2
70 07 0001001000 2

02 20 0001000010 2
13 31 1000100000 2
24 42 0000100011 3
35 53 0000100010 2
46 64 0000000101 2
57 75 0001000000 1
60 06 0100001100 3
71 17 1000000000 1

03 30 0000001010 2
14 41 0000100000 1
25 52 0001100010 3
36 63 1010001001 4
47 74 0000000000 a
50 05 0101010010 4
61 16 1100000000 2
72 27 1001000000 2

04 40 0000000110 2
15 51 0100100000 2
26 62 1000000001 2
37 73 1000001000 2

Matching output
0 absent
1 absent
2 absent
3 absent
4 absent
5 absent
6 absent
7 absent

Left
none
Best: none

Right
none
Best: none

OR
01 10 1101111110 8
12 21 1101100011 6
23 32 1011101011 7
34 43 1010101111 7
45 54 0101110111 7
56 65 1111111111 a
67 76 1111001101 7
70 07 1101011110 7

02 20 1101111111 9
13 31 1110101011 7
24 42 1001100111 6
35 53 1111111011 9
46 64 1110101111 8
57 75 1101111010 7
60 06 1111011111 9
71 17 1101101000 5

03 30 1111111111 a
14 41 1100100111 6
25 52 1101110011 7
36 63 1110101111 8
47 74 1001101111 7 match 6
50 05 0101111110 7
61 16 1110101101 7
72 27 1001101011 6

04 40 0101111111 8
15 51 1101110010 6
26 62 1111101111 9
37 73 1011101011 7

Matching output
0 absent
1 absent
2 absent
3 absent
4 absent
5 absent
6 47 74
7 absent

Left
none
Best: none

Right
none
Best: none

XOR
01 10 1001111110 7
12 21 0101000011 4
23 32 0011001000 3
34 43 1010001100 4
45 54 0101010101 5
56 65 1011111111 9
67 76 0111000101 5
70 07 1100010110 5

02 20 1100111101 7
13 31 0110001011 5
24 42 1001000100 3
35 53 1111011001 7
46 64 1110101010 6
57 75 1100111010 6
60 06 1011010011 6
71 17 0101101000 4

03 30 1111110101 8 match 2
14 41 1100000111 5 match 3
25 52 1100010001 4 match 4
36 63 0100100110 4 match 5
47 74 1001101111 7 match 6
50 05 0000101100 3
61 16 0010101101 5
72 27 0000101011 4

04 40 0101111001 6
15 51 1001010010 4
26 62 0111101110 7
37 73 0011100011 5

Matching output
0 absent
1 absent
2 03 30
3 14 41
4 25 52
5 36 63
6 47 74
7 absent

Left
none
Best: none

Right
none
Best: none

AND-NOT
01 0001011110 5
12 0100000000 1
23 0001000000 1
34 1010001000 3
45 0000000101 2
56 0001110010 4
67 0110000101 4
70 1000000000 1

02 0100011100 4
13 0100000000 1
24 1001000000 2
35 1010001001 4
46 0000100010 2
57 0100110010 4
60 1010000001 3
71 0001001000 2

03 0101010100 4
14 1100000000 2
25 1000000001 2
36 0000100010 2
47 0000100111 4
50 0000100000 1
61 0010001101 4
72 0000001000 1

04 0101011000 4
15 1000000000 1
26 0001100010 3
37 0010100011 4
40 0000100001 2
51 0001010010 3
62 0110001100 4
73 0001000000 1

05 0000001100 2
16 0000100000 1
27 0000100011 3
30 1010100001 4
41 0000000111 3
52 0100010000 2
63 0100000100 2
74 1001001000 3

06 0001010010 3
17 0100100000 2
20 1000100001 3
31 0010001011 4
42 0000000100 1
53 0101010000 3
64 1110001000 4
75 1000001000 2

07 0100010110 4
10 1000100000 2
21 0001000011 3
32 0010001000 2
43 0000000100 1
54 0101010000 3
65 1010001101 5
76 0001000000 1

Matching output
0 absent
1 absent
2 absent
3 absent
4 absent
5 absent
6 absent
7 absent

Left
none
Best: none

Right
none
Best: none

OR-NOT
01 0111011111 8
12 1110111100 7
23 1101110111 8
34 1111111011 9
45 1010101111 7
56 0101110010 5 match 7
67 1110111111 9
70 1011101001 6

02 0111011110 7
13 1101110100 6
24 1111111011 9
35 1010101111 7
46 0001110111 6
57 0111110111 8
60 1110101101 7
71 1011011111 8

03 0101011110 6
14 1111111000 7
25 1011101111 8
36 1011111011 8
47 0110110111 7
50 1111110011 8
61 1111011111 9
72 1111011100 7

04 1111011110 8
15 1110101101 7
26 1001110011 6
37 1110111111 9
40 1010100111 6
51 0111111111 9
62 1110011101 7
73 1101011100 6

05 1111011111 9
16 1101110010 6
27 1111110111 9
30 1010101011 6
41 0011111111 8
52 0111111110 8
63 1111011101 8
74 1111011000 6

06 0101111110 7
17 1110110111 8
20 1011100011 6
31 1011111111 9
42 0110111111 8
53 0101110110 6
64 1111011101 8
75 1011001101 6

07 0111111111 9
10 1110100001 5
21 1011111111 9
32 1110111111 9
43 0101110111 7
54 1111111010 8
65 1110001101 6
76 1001111010 6

Matching output
0 absent
1 absent
2 absent
3 absent
4 absent
5 absent
6 absent
7 56

Left
none
Best: none

Right
56 45x
Best: OR-NOT56: 1

XOR-NOT
01 0110000001 3
12 1010111100 6
23 1100110111 7
34 0101110011 6
45 1010101010 5
56 0100000000 1
67 1000111010 5
70 0011101001 5

02 0011000010 3
13 1001110100 5
24 0110111011 7
35 0000100110 3
46 0001010101 4
57 0011000101 4
60 0100101100 4
71 1010010111 6

03 0000001010 2
14 0011111000 5
25 0011101110 6
36 1011011001 6
47 0110010000 3
50 1111010011 7
61 1101010010 5
72 1111010100 6

04 1010000110 4
15 0110101101 6
26 1000010001 3
37 1100011100 5
40 1010000110 4
51 0110101101 6
62 1000010001 3
73 1100011100 5

05 1111010011 7
16 1101010010 5
27 1111010100 6
30 0000001010 2
41 0011111000 5
52 0011101110 6
63 1011011001 6
74 0110010000 3

06 0100101100 4
17 1010010111 6
20 0011000010 3
31 1001110100 5
42 0110111011 7
53 0000100110 3
64 0001010101 4
75 0011000101 4

07 0011101001 5
10 0110000001 3
21 1010111100 6
32 1100110111 7
43 0101110011 6
54 1010101010 5
65 0100000000 1
76 1000111010 5

Matching output
0 absent
1 absent
2 absent
3 absent
4 absent
5 absent
6 absent
7 absent

Left
none
Best: none

Right
none
Best: none

Selecting

Lefts
Identity I1 2: 2
NOT none
Constant none
AND none
OR none
XOR none
AND-NOT none
OR-NOT none
XOR-NOT none

Rights
Identity I5: 1
NOT none
Constant none
AND none
OR none
XOR none
AND-NOT none
OR-NOT OR-NOT56: 1
XOR-NOT none

Left longest: 2
Right longest: 1

Left winner: Identity yes, NOT no, Constant no, AND no, OR no, XOR no, AND-NOT no, OR-NOT no, XOR-NOT no
Right winner: Identity yes, NOT no, Constant no, AND no, OR no, XOR no, AND-NOT no, OR-NOT no, XOR-NOT no

Best left: I1 2: 2
Best right: I5: 1

Truncated left: I1 2: 2
Truncated right: I5: 1

Tentative from right
7 I5
6 pending
5 pending
4 pending
3 pending
2 pending
1 pending
0 pending

Tentative
0 I1
1 I2
2 pending
3 pending
4 pending
5 pending
6 pending
7 I5

Preferred from left
0 I1
1 I2
2 ?3?
3 ?4?
4 ?5?
5 ?6?
6 ?7?
7 I5

Preferred from right
7 I5
6 ?74
5 ?63
4 ?52
3 ?41
2 ?30
1 I2
0 I1

Preferred
0 I1
1 I2
2 ?30 ?03
3 ?41 ?14
4 ?52 ?25
5 ?63 ?36
6 ?74 ?47
7 I5

Matching
0 I1
1 I2
2 ?30 ?03 - Identity absent, NOT absent, Constant absent, AND absent, OR absent, XOR30, AND-NOT absent, OR-NOT absent, XOR-NOT absent
3 ?41 ?14 - Identity absent, NOT absent, Constant absent, AND absent, OR absent, XOR41, AND-NOT absent, OR-NOT absent, XOR-NOT absent
4 ?52 ?25 - Identity absent, NOT absent, Constant absent, AND absent, OR absent, XOR52, AND-NOT absent, OR-NOT absent, XOR-NOT absent
5 ?63 ?36 - Identity absent, NOT absent, Constant absent, AND absent, OR absent, XOR63, AND-NOT absent, OR-NOT absent, XOR-NOT absent
6 ?74 ?47 - Identity absent, NOT absent, Constant absent, AND absent, OR74, XOR74, AND-NOT absent, OR-NOT absent, XOR-NOT absent
7 I5

Perfect match
Identity no
NOT no
Constant no
AND no
OR no
XOR yes
AND-NOT no
OR-NOT no
XOR-NOT no

Matched
0 I1
1 I2
2 XOR30
3 XOR41
4 XOR52
5 XOR63
6 XOR74
7 I5

Selected
0 I1
1 I2
2 XOR30
3 XOR41
4 XOR52
5 XOR63
6 XOR74
7 I5

Applying to 01110010
Input
0 0
1 1
2 1
3 1
4 0
5 0
6 1
7 0
Output
0 I1 = 1
1 I2 = 1
2 XOR30 = XOR(1,0) = 1
3 XOR41 = XOR(0,1) = 1
4 XOR52 = XOR(0,1) = 1
5 XOR63 = XOR(1,1) = 0
6 XOR74 = XOR(0,0) = 0
7 I5 = 0

I will now return the answer in \boxed{}
The answer in \boxed{–} is \boxed{11111000}