We need to deduce the transformation by matching the example outputs.
I will put my final answer inside \boxed{}.

Output 0: 10001100
0 1
1 0
2 0
3 0
4 1
5 1
6 0
7 0

Output 1: 11000001
0 1
1 1
2 0
3 0
4 0
5 0
6 0
7 1

Output 2: 11000110
0 1
1 1
2 0
3 0
4 0
5 1
6 1
7 0

Output 3: 10011110
0 1
1 0
2 0
3 1
4 1
5 1
6 1
7 0

Output 4: 00001110
0 0
1 0
2 0
3 0
4 1
5 1
6 1
7 0

Output 5: 01011110
0 0
1 1
2 0
3 1
4 1
5 1
6 1
7 0

Output 6: 11010000
0 1
1 1
2 0
3 1
4 0
5 0
6 0
7 0

Output 7: 11001010
0 1
1 1
2 0
3 0
4 1
5 0
6 1
7 0

Output 8: 10001100
0 1
1 0
2 0
3 0
4 1
5 1
6 0
7 0

Output 9: 11000111
0 1
1 1
2 0
3 0
4 0
5 1
6 1
7 1

Output bit columns (with bitsum as hash)
0 1111001111 8
1 0110011101 6
2 0000000000 a
3 0001011000 3
4 1001110110 6
5 1011110011 7
6 0011110101 6
7 0100000001 2

Input 0: 01100010
0 0
1 1
2 1
3 0
4 0
5 0
6 1
7 0

Input 1: 00001111
0 0
1 0
2 0
3 0
4 1
5 1
6 1
7 1

Input 2: 00110111
0 0
1 0
2 1
3 1
4 0
5 1
6 1
7 1

Input 3: 11110110
0 1
1 1
2 1
3 1
4 0
5 1
6 1
7 0

Input 4: 01110000
0 0
1 1
2 1
3 1
4 0
5 0
6 0
7 0

Input 5: 11110101
0 1
1 1
2 1
3 1
4 0
5 1
6 0
7 1

Input 6: 10000111
0 1
1 0
2 0
3 0
4 0
5 1
6 1
7 1

Input 7: 01010011
0 0
1 1
2 0
3 1
4 0
5 0
6 1
7 1

Input 8: 01100110
0 0
1 1
2 1
3 0
4 0
5 1
6 1
7 0

Input 9: 00111111
0 0
1 0
2 1
3 1
4 1
5 1
6 1
7 1

When matching output
x: not in operator
y: wrong position

Identity
0 0001011000 3 match 3
1 1001110110 6 match 4
2 1011110011 7 match 5
3 0011110101 6 match 6
4 0100000001 2 match 7
5 0111011011 7
6 1111001111 8 match 0
7 0110011101 6 match 1

Matching output
0 6
1 7
2 absent
3 0
4 1
5 2
6 3
7 4

Left
6 7 0y
Best: I6 7: 2

Right
4 3 2 1 0 7y
Best: I4 3 2 1 0: 5

NOT
0 1110100111 7
1 0110001001 4
2 0100001100 3
3 1100001010 4
4 1011111110 8
5 1000100100 3
6 0000110000 2
7 1001100010 4

Matching output
0 absent
1 absent
2 absent
3 absent
4 absent
5 absent
6 absent
7 absent

Left
none
Best: none

Right
none
Best: none

Constant
0 0000000000 a match 2
1 1111111111 a

Matching output
0 absent
1 absent
2 C0
3 absent
4 absent
5 absent
6 absent
7 absent

Left
none
Best: none

Right
none
Best: none

AND
01 10 0001010000 2
12 21 1001110010 5
23 32 0011110001 5
34 43 0000000001 1
45 54 0100000001 2 match 7
56 65 0111001011 6
67 76 0110001101 5
70 07 0000011000 2

02 20 0001010000 2
13 31 0001110100 4
24 42 0000000001 1
35 53 0011010001 4
46 64 0100000001 2 match 7
57 75 0110011001 5
60 06 0001001000 2
71 17 0000010100 2

03 30 0001010000 2
14 41 0000000000 a match 2
25 52 0011010011 5
36 63 0011000101 4
47 74 0100000001 2 match 7
50 05 0001011000 3 match 3
61 16 1001000110 4
72 27 0010010001 3

04 40 0000000000 a match 2
15 51 0001010010 3
26 62 1011000011 5
37 73 0010010101 4

Matching output
0 absent
1 absent
2 14 41 04 40
3 50 05
4 absent
5 absent
6 absent
7 45 54 46 64 47 74

Left
none
Best: none

Right
45 34x
54 43x
46 35x
64 53x
47 36x
74 63x
Best: AND45: 1

OR
01 10 1001111110 7
12 21 1011110111 8
23 32 1011110111 8
34 43 0111110101 7
45 54 0111011011 7
56 65 1111011111 9
67 76 1111011111 9
70 07 0111011101 7

02 20 1011111011 8
13 31 1011110111 8
24 42 1111110011 8
35 53 0111111111 9
46 64 1111001111 8 match 0
57 75 0111011111 8
60 06 1111011111 9
71 17 1111111111 a

03 30 0011111101 7
14 41 1101110111 8
25 52 1111111011 9
36 63 1111111111 a
47 74 0110011101 6 match 1
50 05 0111011011 7
61 16 1111111111 a
72 27 1111111111 a

04 40 0101011001 5
15 51 1111111111 a
26 62 1111111111 a
37 73 0111111101 8

Matching output
0 46 64
1 47 74
2 absent
3 absent
4 absent
5 absent
6 absent
7 absent

Left
46 57x
64 75x
Best: OR46: 1

Right
none
Best: none

XOR
01 10 1000101110 5
12 21 0010000101 3
23 32 1000000110 3
34 43 0111110100 6
45 54 0011011010 5
56 65 1000010100 3
67 76 1001010010 4
70 07 0111000101 5

02 20 1010101011 6
13 31 1010000011 4
24 42 1111110010 7
35 53 0100101110 5
46 64 1011001110 6
57 75 0001000110 3
60 06 1110010111 7
71 17 1111101011 8

03 30 0010101101 5
14 41 1101110111 8
25 52 1100101000 4
36 63 1100111010 6
47 74 0010011100 4
50 05 0110000011 4
61 16 0110111001 6
72 27 1101101110 7

04 40 0101011001 5
15 51 1110101101 7
26 62 0100111100 5
37 73 0101101000 4

Matching output
0 absent
1 absent
2 absent
3 absent
4 absent
5 absent
6 absent
7 absent

Left
none
Best: none

Right
none
Best: none

AND-NOT
01 0000001000 1
12 0000000100 1
23 1000000010 2
34 0011110100 5
45 0000000000 a match 2
56 0000010000 1
67 1001000010 3
70 0110000101 4

02 0000001000 1
13 1000000010 2
24 1011110010 6
35 0000100100 2
46 0000000000 a match 2
57 0001000010 2
60 1110000111 6
71 0110001001 4

03 0000001000 1
14 1001110110 6 match 4
25 1000100000 2
36 0000110000 2
47 0000000000 a match 2
50 0110000011 4
61 0110001001 4
72 0100001100 3

04 0001011000 3 match 3
15 1000100100 3
26 0000110000 2
37 0001100000 2
40 0100000001 2 match 7
51 0110001001 4
62 0100001100 3
73 0100001000 2

05 0000000000 a match 2
16 0000110000 2
27 1001100010 4
30 0010100101 4
41 0100000001 2 match 7
52 0100001000 2
63 1100001010 4
74 0010011100 4

06 0000010000 1
17 1001100010 4
20 1010100011 5
31 0010000001 2
42 0100000000 1
53 0100001010 3
64 1011001110 6
75 0000000100 1

07 0001000000 1
10 1000100110 4
21 0010000001 2
32 0000000100 1
43 0100000000 1
54 0011011010 5
65 1000000100 2
76 0000010000 1

Matching output
0 absent
1 absent
2 45 46 47 05
3 04
4 14
5 absent
6 absent
7 40 41

Left
none
Best: none

Right
40 37x
41 30x
Best: AND-NOT40: 1

OR-NOT
01 0111011001 6
12 1101111110 8
23 1111111011 9
34 1011111111 9
45 1100100101 5
56 0111111011 8
67 1111101111 9
70 1110111111 9

02 0101011100 5
13 1101111110 8
24 1011111111 9
35 1011110101 7
46 0100110001 4
57 1111111011 9
60 1111101111 9
71 0110011101 6 match 1

03 1101011010 6
14 1011111110 8
25 1011110111 8
36 0011110101 6 match 6
47 1101100011 6
50 1111111111 a
61 1111001111 8 match 0
72 0110011101 6 match 1

04 1011111110 8
15 1001110110 6 match 4
26 1011110011 7 match 5
37 1011110111 8
40 1110100111 7
51 0111011011 7
62 1111001111 8 match 0
73 1110011111 8

05 1001111100 6
16 1001110110 6 match 4
27 1011110011 7 match 5
30 1111110111 9
41 0110001001 4
52 0111011111 8
63 1111001111 8 match 0
74 1111111111 a

06 0001111000 4
17 1001110110 6 match 4
20 1111110111 9
31 0111111101 8
42 0100001101 4
53 1111011011 8
64 1111111111 a
75 1110111101 8

07 1001111010 6
10 1111110111 9
21 1111111011 9
32 0111111101 8
43 1100001011 5
54 1111111111 a
65 1111101111 9
76 0110111101 7

Matching output
0 61 62 63
1 71 72
2 absent
3 absent
4 15 16 17
5 26 27
6 36
7 absent

Left
61 72 03x
62 73x
63 74x
Best: OR-NOT61 72: 2

Right
none
Best: none

XOR-NOT
01 0111010001 5
12 1101111010 7
23 0111111001 7
34 1000001011 4
45 1100100101 5
56 0111101011 7
67 0110101101 6
70 1000111010 5

02 0101010100 4
13 0101111100 6
24 0000001101 3
35 1011010001 5
46 0100110001 4
57 1110111001 7
60 0001101000 3
71 0000010100 2

03 1101010010 5
14 0010001000 2
25 0011010111 6
36 0011000101 4
47 1101100011 6
50 1001111100 6
61 1001000110 4
72 0010010001 3

04 1010100110 5
15 0001010010 3
26 1011000011 5
37 1010010111 6
40 1010100110 5
51 0001010010 3
62 1011000011 5
73 1010010111 6

05 1001111100 6
16 1001000110 4
27 0010010001 3
30 1101010010 5
41 0010001000 2
52 0011010111 6
63 0011000101 4
74 1101100011 6

06 0001101000 3
17 0000010100 2
20 0101010100 4
31 0101111100 6
42 0000001101 3
53 1011010001 5
64 0100110001 4
75 1110111001 7

07 1000111010 5
10 0111010001 5
21 1101111010 7
32 0111111001 7
43 1000001011 4
54 1100100101 5
65 0111101011 7
76 0110101101 6

Matching output
0 absent
1 absent
2 absent
3 absent
4 absent
5 absent
6 absent
7 absent

Left
none
Best: none

Right
none
Best: none

Selecting

Lefts
Identity I6 7: 2
NOT none
Constant none
AND none
OR OR46: 1
XOR none
AND-NOT none
OR-NOT OR-NOT61 72: 2
XOR-NOT none

Rights
Identity I4 3 2 1 0: 5
NOT none
Constant none
AND AND45: 1
OR none
XOR none
AND-NOT AND-NOT40: 1
OR-NOT none
XOR-NOT none

Left longest: 2
Right longest: 5

Right winner: Identity yes, NOT no, Constant no, AND no, OR no, XOR no, AND-NOT no, OR-NOT no, XOR-NOT no
Left winner: Identity yes, NOT no, Constant no, AND no, OR no, XOR no, AND-NOT no, OR-NOT no, XOR-NOT no

Best right: I4 3 2 1 0: 5
Best left: I6 7: 2

Truncated right: I4 3 2 1 0: 5
Truncated left: I6 7: 2

Tentative from right
7 I4
6 I3
5 I2
4 I1
3 I0
2 pending
1 pending
0 pending

Tentative
0 I6
1 I7
2 pending
3 I0
4 I1
5 I2
6 I3
7 I4

Preferred from right
7 I4
6 I3
5 I2
4 I1
3 I0
2 ??7
1 I7
0 I6

Preferred from left
0 I6
1 I7
2 ?07
3 I0
4 I1
5 I2
6 I3
7 I4

Preferred
0 I6
1 I7
2 ?07 ?70
3 I0
4 I1
5 I2
6 I3
7 I4

Matching
0 I6
1 I7
2 ?07 ?70 - Identity absent, NOT absent, Constant C0, AND absent, OR absent, XOR absent, AND-NOT absent, OR-NOT absent, XOR-NOT absent
3 I0
4 I1
5 I2
6 I3
7 I4

Perfect match
Identity no
NOT no
Constant yes
AND no
OR no
XOR no
AND-NOT no
OR-NOT no
XOR-NOT no

Matched
0 I6
1 I7
2 C0
3 I0
4 I1
5 I2
6 I3
7 I4

Selected
0 I6
1 I7
2 C0
3 I0
4 I1
5 I2
6 I3
7 I4

Applying to 10010111
Input
0 1
1 0
2 0
3 1
4 0
5 1
6 1
7 1
Output
0 I6 = 1
1 I7 = 1
2 C0 = 0
3 I0 = 1
4 I1 = 0
5 I2 = 0
6 I3 = 1
7 I4 = 0

I will now return the answer in \boxed{}
The answer in \boxed{–} is \boxed{11010010}