We need to deduce the transformation by matching the example outputs.
I will put my final answer inside \boxed{}.

Output 0: 01110000
0 0
1 1
2 1
3 1
4 0
5 0
6 0
7 0

Output 1: 00000101
0 0
1 0
2 0
3 0
4 0
5 1
6 0
7 1

Output 2: 11110001
0 1
1 1
2 1
3 1
4 0
5 0
6 0
7 1

Output 3: 10001001
0 1
1 0
2 0
3 0
4 1
5 0
6 0
7 1

Output 4: 00001001
0 0
1 0
2 0
3 0
4 1
5 0
6 0
7 1

Output 5: 00001000
0 0
1 0
2 0
3 0
4 1
5 0
6 0
7 0

Output 6: 10000001
0 1
1 0
2 0
3 0
4 0
5 0
6 0
7 1

Output bit columns (with bitsum as hash)
0 0011001 3
1 1010000 2
2 1010000 2
3 1010000 2
4 0001110 3
5 0100000 1
6 0000000 a
7 0111101 5

Input 0: 01011100
0 0
1 1
2 0
3 1
4 1
5 1
6 0
7 0

Input 1: 10000001
0 1
1 0
2 0
3 0
4 0
5 0
6 0
7 1

Input 2: 10111100
0 1
1 0
2 1
3 1
4 1
5 1
6 0
7 0

Input 3: 10100010
0 1
1 0
2 1
3 0
4 0
5 0
6 1
7 0

Input 4: 11000010
0 1
1 1
2 0
3 0
4 0
5 0
6 1
7 0

Input 5: 00000010
0 0
1 0
2 0
3 0
4 0
5 0
6 1
7 0

Input 6: 11100000
0 1
1 1
2 1
3 0
4 0
5 0
6 0
7 0

When matching output
x: not in operator
y: wrong position

Identity
0 0111101 5 match 7
1 1000101 3
2 0011001 3 match 0
3 1010000 2 match 1 2 3
4 1010000 2 match 1 2 3
5 1010000 2 match 1 2 3
6 0001110 3 match 4
7 0100000 1 match 5

Matching output
0 2
1 3 4 5
2 3 4 5
3 3 4 5
4 6
5 7
6 absent
7 0

Left
2 3 4 5 6 7 0y
Best: I2 3 4 5 6 7: 6

Right
0 7y
Best: I0: 1

NOT
0 1000010 2
1 0111010 4
2 1100110 4
3 0101111 5
4 0101111 5
5 0101111 5
6 1110001 4
7 1011111 6

Matching output
0 absent
1 absent
2 absent
3 absent
4 absent
5 absent
6 absent
7 absent

Left
none
Best: none

Right
none
Best: none

Constant
0 0000000 a match 6
1 1111111 a

Matching output
0 absent
1 absent
2 absent
3 absent
4 absent
5 absent
6 C0
7 absent

Left
none
Best: none

Right
none
Best: none

AND
01 10 0000101 2
12 21 0000001 1
23 32 0010000 1
34 43 1010000 2 match 1 2 3
45 54 1010000 2 match 1 2 3
56 65 0000000 a match 6
67 76 0000000 a match 6
70 07 0100000 1 match 5

02 20 0011001 3 match 0
13 31 1000000 1
24 42 0010000 1
35 53 1010000 2 match 1 2 3
46 64 0000000 a match 6
57 75 0000000 a match 6
60 06 0001100 2
71 17 0000000 a match 6

03 30 0010000 1
14 41 1000000 1
25 52 0010000 1
36 63 0000000 a match 6
47 74 0000000 a match 6
50 05 0010000 1
61 16 0000100 1
72 27 0000000 a match 6

04 40 0010000 1
15 51 1000000 1
26 62 0001000 1
37 73 0000000 a match 6

Matching output
0 02 20
1 34 43 45 54 35 53
2 34 43 45 54 35 53
3 34 43 45 54 35 53
4 absent
5 70 07
6 56 65 67 76 46 64 57 75 71 17 36 63 47 74 72 27 37 73
7 absent

Left
02 13x
20 31x
Best: AND02: 1

Right
none
Best: none

OR
01 10 1111101 6
12 21 1011101 5
23 32 1011001 4
34 43 1010000 2 match 1 2 3
45 54 1010000 2 match 1 2 3
56 65 1011110 5
67 76 0101110 4
70 07 0111101 5 match 7

02 20 0111101 5 match 7
13 31 1010101 4
24 42 1011001 4
35 53 1010000 2 match 1 2 3
46 64 1011110 5
57 75 1110000 3
60 06 0111111 6
71 17 1100101 4

03 30 1111101 6
14 41 1010101 4
25 52 1011001 4
36 63 1011110 5
47 74 1110000 3
50 05 1111101 6
61 16 1001111 5
72 27 0111001 4

04 40 1111101 6
15 51 1010101 4
26 62 0011111 5
37 73 1110000 3

Matching output
0 absent
1 34 43 45 54 35 53
2 34 43 45 54 35 53
3 34 43 45 54 35 53
4 absent
5 absent
6 absent
7 70 07 02 20

Left
none
Best: none

Right
70 67x
07 76x
02 71x
20 17x
Best: OR70: 1

XOR
01 10 1111000 4
12 21 1011100 4
23 32 1001001 3
34 43 0000000 a match 6
45 54 0000000 a match 6
56 65 1011110 5
67 76 0101110 4
70 07 0011101 4

02 20 0100100 2
13 31 0010101 3
24 42 1001001 3
35 53 0000000 a match 6
46 64 1011110 5
57 75 1110000 3
60 06 0110011 4
71 17 1100101 4

03 30 1101101 5
14 41 0010101 3
25 52 1001001 3
36 63 1011110 5
47 74 1110000 3
50 05 1101101 5
61 16 1001011 4
72 27 0111001 4

04 40 1101101 5
15 51 0010101 3
26 62 0010111 4
37 73 1110000 3

Matching output
0 absent
1 absent
2 absent
3 absent
4 absent
5 absent
6 34 43 45 54 35 53
7 absent

Left
none
Best: none

Right
none
Best: none

AND-NOT
01 0111000 3
12 1000100 2
23 0001001 2
34 0000000 a match 6
45 0000000 a match 6
56 1010000 2 match 1 2 3
67 0001110 3 match 4
70 0000000 a match 6

02 0100100 2
13 0000101 2
24 0001001 2
35 0000000 a match 6
46 1010000 2 match 1 2 3
57 1010000 2 match 1 2 3
60 0000010 1
71 0100000 1 match 5

03 0101101 4
14 0000101 2
25 0001001 2
36 1010000 2 match 1 2 3
47 1010000 2 match 1 2 3
50 1000000 1
61 0001010 2
72 0100000 1 match 5

04 0101101 4
15 0000101 2
26 0010001 2
37 1010000 2 match 1 2 3
40 1000000 1
51 0010000 1
62 0000110 2
73 0100000 1 match 5

05 0101101 4
16 1000001 2
27 0011001 3 match 0
30 1000000 1
41 0010000 1
52 1000000 1
63 0001110 3 match 4
74 0100000 1 match 5

06 0110001 3
17 1000101 3
20 0000000 a match 6
31 0010000 1
42 1000000 1
53 0000000 a match 6
64 0001110 3 match 4
75 0100000 1 match 5

07 0011101 4
10 1000000 1
21 0011000 2
32 1000000 1
43 0000000 a match 6
54 0000000 a match 6
65 0001110 3 match 4
76 0100000 1 match 5

Matching output
0 27
1 56 46 57 36 47 37
2 56 46 57 36 47 37
3 56 46 57 36 47 37
4 67 63 64 65
5 71 72 73 74 75 76
6 34 45 70 35 20 53 43 54
7 absent

Left
27 30x
Best: AND-NOT27: 1

Right
none
Best: none

OR-NOT
01 0111111 6
12 1100111 5
23 0111111 6
34 1111111 a
45 1111111 a
56 1110001 4
67 1011111 6
70 1100010 3

02 1111111 a
13 1101111 6
24 0111111 6
35 1111111 a
46 1110001 4
57 1011111 6
60 1001110 4
71 0111010 4

03 0111111 6
14 1101111 6
25 0111111 6
36 1110001 4
47 1011111 6
50 1010010 3
61 0111110 5
72 1100110 4

04 0111111 6
15 1101111 6
26 1111001 5
37 1011111 6
40 1010010 3
51 1111010 5
62 1101110 5
73 0101111 5

05 0111111 6
16 1110101 5
27 1011111 6
30 1010010 3
41 1111010 5
52 1110110 5
63 0101111 5
74 0101111 5

06 1111101 6
17 1011111 6
20 1011011 5
31 1111010 5
42 1110110 5
53 1111111 a
64 0101111 5
75 0101111 5

07 1111111 a
10 1000111 4
21 0111011 5
32 1110110 5
43 1111111 a
54 1111111 a
65 0101111 5
76 1110001 4

Matching output
0 absent
1 absent
2 absent
3 absent
4 absent
5 absent
6 absent
7 absent

Left
none
Best: none

Right
none
Best: none

XOR-NOT
01 0000111 3
12 0100011 3
23 0110110 4
34 1111111 a
45 1111111 a
56 0100001 2
67 1010001 3
70 1100010 3

02 1011011 5
13 1101010 4
24 0110110 4
35 1111111 a
46 0100001 2
57 0001111 4
60 1001100 3
71 0011010 3

03 0010010 2
14 1101010 4
25 0110110 4
36 0100001 2
47 0001111 4
50 0010010 2
61 0110100 3
72 1000110 3

04 0010010 2
15 1101010 4
26 1101000 3
37 0001111 4
40 0010010 2
51 1101010 4
62 1101000 3
73 0001111 4

05 0010010 2
16 0110100 3
27 1000110 3
30 0010010 2
41 1101010 4
52 0110110 4
63 0100001 2
74 0001111 4

06 1001100 3
17 0011010 3
20 1011011 5
31 1101010 4
42 0110110 4
53 1111111 a
64 0100001 2
75 0001111 4

07 1100010 3
10 0000111 3
21 0100011 3
32 0110110 4
43 1111111 a
54 1111111 a
65 0100001 2
76 1010001 3

Matching output
0 absent
1 absent
2 absent
3 absent
4 absent
5 absent
6 absent
7 absent

Left
none
Best: none

Right
none
Best: none

Selecting

Lefts
Identity I2 3 4 5 6 7: 6
NOT none
Constant none
AND AND02: 1
OR none
XOR none
AND-NOT AND-NOT27: 1
OR-NOT none
XOR-NOT none

Rights
Identity I0: 1
NOT none
Constant none
AND none
OR OR70: 1
XOR none
AND-NOT none
OR-NOT none
XOR-NOT none

Left longest: 6
Right longest: 1

Left winner: Identity yes, NOT no, Constant no, AND no, OR no, XOR no, AND-NOT no, OR-NOT no, XOR-NOT no
Right winner: Identity yes, NOT no, Constant no, AND no, OR no, XOR no, AND-NOT no, OR-NOT no, XOR-NOT no

Best left: I2 3 4 5 6 7: 6
Best right: I0: 1

Truncated left: I2 3 4 5 6 7: 6
Truncated right: I0: 1

Tentative from right
7 I0
6 pending
5 pending
4 pending
3 pending
2 pending
1 pending
0 pending

Tentative
0 I2
1 I3
2 I4
3 I5
4 I6
5 I7
6 pending
7 I0

Preferred from left
0 I2
1 I3
2 I4
3 I5
4 I6
5 I7
6 ?0?
7 I0

Preferred from right
7 I0
6 ?07
5 I7
4 I6
3 I5
2 I4
1 I3
0 I2

Preferred
0 I2
1 I3
2 I4
3 I5
4 I6
5 I7
6 ?07 ?70
7 I0

Matching
0 I2
1 I3
2 I4
3 I5
4 I6
5 I7
6 ?07 ?70 - Identity absent, NOT absent, Constant C0, AND absent, OR absent, XOR absent, AND-NOT70, OR-NOT absent, XOR-NOT absent
7 I0

Perfect match
Identity no
NOT no
Constant yes
AND no
OR no
XOR no
AND-NOT no
OR-NOT no
XOR-NOT no

Matched
0 I2
1 I3
2 I4
3 I5
4 I6
5 I7
6 C0
7 I0

Selected
0 I2
1 I3
2 I4
3 I5
4 I6
5 I7
6 C0
7 I0

Applying to 11111110
Input
0 1
1 1
2 1
3 1
4 1
5 1
6 1
7 0
Output
0 I2 = 1
1 I3 = 1
2 I4 = 1
3 I5 = 1
4 I6 = 1
5 I7 = 0
6 C0 = 0
7 I0 = 1

I will now return the answer in \boxed{}
The answer in \boxed{–} is \boxed{11111001}