We need to deduce the transformation by matching the example outputs.
I will put my final answer inside \boxed{}.

Output 0: 10111001
0 1
1 0
2 1
3 1
4 1
5 0
6 0
7 1

Output 1: 10010011
0 1
1 0
2 0
3 1
4 0
5 0
6 1
7 1

Output 2: 11101011
0 1
1 1
2 1
3 0
4 1
5 0
6 1
7 1

Output 3: 01011000
0 0
1 1
2 0
3 1
4 1
5 0
6 0
7 0

Output 4: 00100101
0 0
1 0
2 1
3 0
4 0
5 1
6 0
7 1

Output 5: 11000101
0 1
1 1
2 0
3 0
4 0
5 1
6 0
7 1

Output 6: 01010111
0 0
1 1
2 0
3 1
4 0
5 1
6 1
7 1

Output bit columns (with bitsum as hash)
0 1110010 4
1 0011011 4
2 1010100 3
3 1101001 4
4 1011000 3
5 0000111 3
6 0110001 3
7 1110111 6

Input 0: 11110101
0 1
1 1
2 1
3 1
4 0
5 1
6 0
7 1

Input 1: 10110100
0 1
1 0
2 1
3 1
4 0
5 1
6 0
7 0

Input 2: 01001111
0 0
1 1
2 0
3 0
4 1
5 1
6 1
7 1

Input 3: 11111010
0 1
1 1
2 1
3 1
4 1
5 0
6 1
7 0

Input 4: 00100001
0 0
1 0
2 1
3 0
4 0
5 0
6 0
7 1

Input 5: 00100110
0 0
1 0
2 1
3 0
4 0
5 1
6 1
7 0

Input 6: 10011010
0 1
1 0
2 0
3 1
4 1
5 0
6 1
7 0

When matching output
x: not in operator
y: wrong position

Identity
0 1101001 4 match 3
1 1011000 3 match 4
2 1101110 5
3 1101001 4 match 3
4 0011001 3
5 1110010 4 match 0
6 0011011 4 match 1
7 1010100 3 match 2

Matching output
0 5
1 6
2 7
3 0 3
4 1
5 absent
6 absent
7 absent

Left
5 6 7 0 1 2x
Best: I5 6 7 0 1: 5

Right
none
Best: none

NOT
0 0010110 3
1 0100111 4
2 0010001 2
3 0010110 3
4 1100110 4
5 0001101 3
6 1100100 3
7 0101011 4

Matching output
0 absent
1 absent
2 absent
3 absent
4 absent
5 absent
6 absent
7 absent

Left
none
Best: none

Right
none
Best: none

Constant
0 0000000 a
1 1111111 a

Matching output
0 absent
1 absent
2 absent
3 absent
4 absent
5 absent
6 absent
7 absent

Left
none
Best: none

Right
none
Best: none

AND
01 10 1001000 2
12 21 1001000 2
23 32 1101000 3
34 43 0001001 2
45 54 0010000 1
56 65 0010010 2
67 76 0010000 1
70 07 1000000 1

02 20 1101000 3
13 31 1001000 2
24 42 0001000 1
35 53 1100000 2
46 64 0011001 3
57 75 1010000 2
60 06 0001001 2
71 17 1010000 2

03 30 1101001 4 match 3
14 41 0011000 2
25 52 1100010 3
36 63 0001001 2
47 74 0010000 1
50 05 1100000 2
61 16 0011000 2
72 27 1000100 2

04 40 0001001 2
15 51 1010000 2
26 62 0001010 2
37 73 1000000 1

Matching output
0 absent
1 absent
2 absent
3 03 30
4 absent
5 absent
6 absent
7 absent

Left
none
Best: none

Right
none
Best: none

OR
01 10 1111001 5
12 21 1111110 6
23 32 1101111 6
34 43 1111001 5
45 54 1111011 6
56 65 1111011 6
67 76 1011111 6
70 07 1111101 6

02 20 1101111 6
13 31 1111001 5
24 42 1111111 a
35 53 1111011 6
46 64 0011011 4 match 1
57 75 1110110 5
60 06 1111011 6
71 17 1011100 4

03 30 1101001 4 match 3
14 41 1011001 4
25 52 1111110 6
36 63 1111011 6
47 74 1011101 5
50 05 1111011 6
61 16 1011011 5
72 27 1111110 6

04 40 1111001 5
15 51 1111010 5
26 62 1111111 a
37 73 1111101 6

Matching output
0 absent
1 46 64
2 absent
3 03 30
4 absent
5 absent
6 absent
7 absent

Left
none
Best: none

Right
none
Best: none

XOR
01 10 0110001 3 match 6
12 21 0110110 4
23 32 0000111 3 match 5
34 43 1110000 3
45 54 1101011 5
56 65 1101001 4 match 3
67 76 1001111 5
70 07 0111101 5

02 20 0000111 3 match 5
13 31 0110001 3 match 6
24 42 1110111 6 match 7
35 53 0011011 4 match 1
46 64 0000010 1
57 75 0100110 3
60 06 1110010 4 match 0
71 17 0001100 2

03 30 0000000 a
14 41 1000001 2
25 52 0011100 3
36 63 1110010 4 match 0
47 74 1001101 4
50 05 0011011 4 match 1
61 16 1000011 3
72 27 0111010 4

04 40 1110000 3
15 51 0101010 3
26 62 1110101 5
37 73 0111101 5

Matching output
0 60 06 36 63
1 35 53 50 05
2 absent
3 56 65
4 absent
5 23 32 02 20
6 01 10 13 31
7 24 42

Left
60 71x
06 17x
36 47x
63 74x
Best: XOR60: 1

Right
24 13 02 71x
42 31 20 17x
Best: XOR24 13 02: 3

AND-NOT
01 0100001 2
12 0010000 1
23 0000110 2
34 1100000 2
45 0001001 2
56 1100000 2
67 0001011 3
70 0010100 2

02 0000001 1
13 0010000 1
24 1100110 4
35 0001001 2
46 0000000 a
57 0100010 2
60 0010010 2
71 0000100 1

03 0000000 a
14 1000000 1
25 0001100 2
36 1100000 2
47 0001001 2
50 0010010 2
61 0000011 2
72 0010000 1

04 1100000 2
15 0001000 1
26 1100100 3
37 0101001 3
40 0010000 1
51 0100010 2
62 0010001 2
73 0010100 2

05 0001001 2
16 1000000 1
27 0101010 3
30 0000000 a
41 0000001 1
52 0010000 1
63 0010010 2
74 1000100 2

06 1100000 2
17 0001000 1
20 0000110 2
31 0100001 2
42 0010001 2
53 0010010 2
64 0000010 1
75 0000100 1

07 0101001 3
10 0010000 1
21 0100110 3
32 0000001 1
43 0010000 1
54 1100010 3
65 0001001 2
76 1000100 2

Matching output
0 absent
1 absent
2 absent
3 absent
4 absent
5 absent
6 absent
7 absent

Left
none
Best: none

Right
none
Best: none

OR-NOT
01 1101111 6
12 1011001 4
23 1111110 6
34 1101111 6
45 0011101 4
56 1110110 5
67 0111011 5
70 1010110 4

02 1111001 5
13 1011110 5
24 1101110 5
35 1101101 5
46 1111101 6
57 1111011 6
60 0011111 5
71 1110111 6 match 7

03 1111111 a
14 1111110 6
25 1101111 6
36 1101101 5
47 0111011 5
50 1110110 5
61 0111111 6
72 1010101 4

04 1101111 6
15 1011101 5
26 1101110 5
37 1101011 5
40 0011111 5
51 1110111 6 match 7
62 0011011 4 match 1
73 1010110 4

05 1101101 5
16 1111100 5
27 1101111 6
30 1111111 a
41 0111111 6
52 1110011 5
63 0011111 5
74 1110110 5

06 1101101 5
17 1111011 6
20 1111110 6
31 1101111 6
42 0011001 3
53 1110110 5
64 1111111 a
75 1011101 5

07 1101011 5
10 1011110 5
21 1101111 6
32 1111001 5
43 0011111 5
54 1110110 5
65 0011111 5
76 1110100 4

Matching output
0 absent
1 62
2 absent
3 absent
4 absent
5 absent
6 absent
7 71 51

Left
none
Best: none

Right
71 60x
51 40x
Best: OR-NOT71: 1

XOR-NOT
01 1001110 4
12 1001001 3
23 1111000 4
34 0001111 4
45 0010100 2
56 0010110 3
67 0110000 2
70 1000010 2

02 1111000 4
13 1001110 4
24 0001000 1
35 1100100 3
46 1111101 6
57 1011001 4
60 0001101 3
71 1110011 5

03 1111111 a
14 0111110 5
25 1100011 4
36 0001101 3
47 0110010 3
50 1100100 3
61 0111100 4
72 1000101 3

04 0001111 4
15 1010101 4
26 0001010 2
37 1000010 2
40 0001111 4
51 1010101 4
62 0001010 2
73 1000010 2

05 1100100 3
16 0111100 4
27 1000101 3
30 1111111 a
41 0111110 5
52 1100011 4
63 0001101 3
74 0110010 3

06 0001101 3
17 1110011 5
20 1111000 4
31 1001110 4
42 0001000 1
53 1100100 3
64 1111101 6
75 1011001 4

07 1000010 2
10 1001110 4
21 1001001 3
32 1111000 4
43 0001111 4
54 0010100 2
65 0010110 3
76 0110000 2

Matching output
0 absent
1 absent
2 absent
3 absent
4 absent
5 absent
6 absent
7 absent

Left
none
Best: none

Right
none
Best: none

Selecting

Lefts
Identity I5 6 7 0 1: 5
NOT none
Constant none
AND none
OR none
XOR XOR60: 1
AND-NOT none
OR-NOT none
XOR-NOT none

Rights
Identity none
NOT none
Constant none
AND none
OR none
XOR XOR24 13 02: 3
AND-NOT none
OR-NOT OR-NOT71: 1
XOR-NOT none

Left longest: 5
Right longest: 3

Left winner: Identity yes, NOT no, Constant no, AND no, OR no, XOR no, AND-NOT no, OR-NOT no, XOR-NOT no
Right winner: Identity no, NOT no, Constant no, AND no, OR no, XOR yes, AND-NOT no, OR-NOT no, XOR-NOT no

Best left: I5 6 7 0 1: 5
Best right: XOR24 13 02: 3

Truncated left: I5 6 7 0 1: 5
Truncated right: XOR24 13 02: 3

Tentative from right
7 XOR24
6 XOR13
5 XOR02
4 pending
3 pending
2 pending
1 pending
0 pending

Tentative
0 I5
1 I6
2 I7
3 I0
4 I1
5 XOR02
6 XOR13
7 XOR24

Preferred from left
0 I5
1 I6
2 I7
3 I0
4 I1
5 XOR02
6 XOR13
7 XOR24

Preferred from right
7 XOR24
6 XOR13
5 XOR02
4 I1
3 I0
2 I7
1 I6
0 I5

Preferred
0 I5
1 I6
2 I7
3 I0
4 I1
5 XOR02
6 XOR13
7 XOR24

Matching
0 I5
1 I6
2 I7
3 I0
4 I1
5 XOR02
6 XOR13
7 XOR24

Perfect match
Identity no
NOT no
Constant no
AND no
OR no
XOR no
AND-NOT no
OR-NOT no
XOR-NOT no

Matched
0 I5
1 I6
2 I7
3 I0
4 I1
5 XOR02
6 XOR13
7 XOR24

Selected
0 I5
1 I6
2 I7
3 I0
4 I1
5 XOR02
6 XOR13
7 XOR24

Applying to 11100110
Input
0 1
1 1
2 1
3 0
4 0
5 1
6 1
7 0
Output
0 I5 = 1
1 I6 = 1
2 I7 = 0
3 I0 = 1
4 I1 = 1
5 XOR02 = XOR(1,1) = 0
6 XOR13 = XOR(1,0) = 1
7 XOR24 = XOR(1,0) = 1

I will now return the answer in \boxed{}
The answer in \boxed{–} is \boxed{11011011}