We need to deduce the transformation by matching the example outputs.
I will put my final answer inside \boxed{}.

Output 0: 00000000
0 0
1 0
2 0
3 0
4 0
5 0
6 0
7 0

Output 1: 00010010
0 0
1 0
2 0
3 1
4 0
5 0
6 1
7 0

Output 2: 01010000
0 0
1 1
2 0
3 1
4 0
5 0
6 0
7 0

Output 3: 01001010
0 0
1 1
2 0
3 0
4 1
5 0
6 1
7 0

Output 4: 00010010
0 0
1 0
2 0
3 1
4 0
5 0
6 1
7 0

Output 5: 00000000
0 0
1 0
2 0
3 0
4 0
5 0
6 0
7 0

Output 6: 00001000
0 0
1 0
2 0
3 0
4 1
5 0
6 0
7 0

Output bit columns (with bitsum as hash)
0 0000000 a
1 0011000 2
2 0000000 a
3 0110100 3
4 0001001 2
5 0000000 a
6 0101100 3
7 0000000 a

Input 0: 01000001
0 0
1 1
2 0
3 0
4 0
5 0
6 0
7 1

Input 1: 10110110
0 1
1 0
2 1
3 1
4 0
5 1
6 1
7 0

Input 2: 10100101
0 1
1 0
2 1
3 0
4 0
5 1
6 0
7 1

Input 3: 11010101
0 1
1 1
2 0
3 1
4 0
5 1
6 0
7 1

Input 4: 10110100
0 1
1 0
2 1
3 1
4 0
5 1
6 0
7 0

Input 5: 01000100
0 0
1 1
2 0
3 0
4 0
5 1
6 0
7 0

Input 6: 01010000
0 0
1 1
2 0
3 1
4 0
5 0
6 0
7 0

When matching output
x: not in operator
y: wrong position

Identity
0 0111100 4
1 1001011 4
2 0110100 3 match 3
3 0101101 4
4 0000000 a match 0 2 5 7
5 0111110 5
6 0100000 1
7 1011000 3

Matching output
0 4
1 absent
2 4
3 2
4 absent
5 4
6 absent
7 4

Left
4 5x
Best: I4: 1

Right
4 3x
Best: I4: 1

NOT
0 1000011 3
1 0110100 3 match 3
2 1001011 4
3 1010010 3
4 1111111 a
5 1000001 2
6 1011111 6
7 0100111 4

Matching output
0 absent
1 absent
2 absent
3 1
4 absent
5 absent
6 absent
7 absent

Left
none
Best: none

Right
none
Best: none

Constant
0 0000000 a match 0 2 5 7
1 1111111 a

Matching output
0 C0
1 absent
2 C0
3 absent
4 absent
5 C0
6 absent
7 C0

Left
0
Best: C0: 1

Right
0
Best: C0: 1

AND
01 10 0001000 1
12 21 0000000 a match 0 2 5 7
23 32 0100100 2
34 43 0000000 a match 0 2 5 7
45 54 0000000 a match 0 2 5 7
56 65 0100000 1
67 76 0000000 a match 0 2 5 7
70 07 0011000 2 match 1

02 20 0110100 3 match 3
13 31 0001001 2 match 4
24 42 0000000 a match 0 2 5 7
35 53 0101100 3 match 6
46 64 0000000 a match 0 2 5 7
57 75 0011000 2 match 1
60 06 0100000 1
71 17 1001000 2

03 30 0101100 3 match 6
14 41 0000000 a match 0 2 5 7
25 52 0110100 3 match 3
36 63 0100000 1
47 74 0000000 a match 0 2 5 7
50 05 0111100 4
61 16 0000000 a match 0 2 5 7
72 27 0010000 1

04 40 0000000 a match 0 2 5 7
15 51 0001010 2
26 62 0100000 1
37 73 0001000 1

Matching output
0 12 21 34 43 45 54 67 76 24 42 46 64 14 41 47 74 61 16 04 40
1 70 07 57 75
2 12 21 34 43 45 54 67 76 24 42 46 64 14 41 47 74 61 16 04 40
3 02 20 25 52
4 13 31
5 12 21 34 43 45 54 67 76 24 42 46 64 14 41 47 74 61 16 04 40
6 35 53 03 30
7 12 21 34 43 45 54 67 76 24 42 46 64 14 41 47 74 61 16 04 40

Left
12 23x
21 32x
34 45y
43 54y
45 56x
54 65x
67 70 01x
76 07 10x
24 35y
42 53y
46 57 60x
64 75 06x
14 25y
41 52y
47 50x
74 05x
61 72x
16 27x
04 15x
40 51x
Best: AND67 70: 2

Right
12 01x
21 10x
34 23x
43 32x
45 34y
54 43y
67 56x
76 65x
24 13y
42 31y
46 35 24 13 02 71x
64 53 42 31 20 17x
14 03 72x
41 30 27x
47 36x
74 63x
61 50x
16 05x
04 73x
40 37x
Best: AND46 35 24 13 02: 5

OR
01 10 1111111 a
12 21 1111111 a
23 32 0111101 5
34 43 0101101 4
45 54 0111110 5
56 65 0111110 5
67 76 1111000 4
70 07 1111100 5

02 20 0111100 4
13 31 1101111 6
24 42 0110100 3 match 3
35 53 0111111 6
46 64 0100000 1
57 75 1111110 6
60 06 0111100 4
71 17 1011011 5

03 30 0111101 5
14 41 1001011 4
25 52 0111110 5
36 63 0101101 4
47 74 1011000 3
50 05 0111110 5
61 16 1101011 5
72 27 1111100 5

04 40 0111100 4
15 51 1111111 a
26 62 0110100 3 match 3
37 73 1111101 6

Matching output
0 absent
1 absent
2 absent
3 24 42 26 62
4 absent
5 absent
6 absent
7 absent

Left
none
Best: none

Right
none
Best: none

XOR
01 10 1110111 6
12 21 1111111 a
23 32 0011001 3
34 43 0101101 4
45 54 0111110 5
56 65 0011110 4
67 76 1111000 4
70 07 1100100 3

02 20 0001000 1
13 31 1100110 4
24 42 0110100 3 match 3
35 53 0010011 3
46 64 0100000 1
57 75 1100110 4
60 06 0011100 3
71 17 0010011 3

03 30 0010001 2
14 41 1001011 4
25 52 0001010 2
36 63 0001101 3
47 74 1011000 3
50 05 0000010 1
61 16 1101011 5
72 27 1101100 4

04 40 0111100 4
15 51 1110101 5
26 62 0010100 2
37 73 1110101 5

Matching output
0 absent
1 absent
2 absent
3 24 42
4 absent
5 absent
6 absent
7 absent

Left
none
Best: none

Right
none
Best: none

AND-NOT
01 0110100 3 match 3
12 1001011 4
23 0010000 1
34 0101101 4
45 0000000 a match 0 2 5 7
56 0011110 4
67 0100000 1
70 1000000 1

02 0001000 1
13 1000010 2
24 0110100 3 match 3
35 0000001 1
46 0000000 a match 0 2 5 7
57 0100110 3
60 0000000 a match 0 2 5 7
71 0010000 1

03 0010000 1
14 1001011 4
25 0000000 a match 0 2 5 7
36 0001101 3
47 0000000 a match 0 2 5 7
50 0000010 1
61 0100000 1
72 1001000 2

04 0111100 4
15 1000001 2
26 0010100 2
37 0100101 3
40 0000000 a match 0 2 5 7
51 0110100 3 match 3
62 0000000 a match 0 2 5 7
73 1010000 2

05 0000000 a match 0 2 5 7
16 1001011 4
27 0100100 2
30 0000001 1
41 0000000 a match 0 2 5 7
52 0001010 2
63 0000000 a match 0 2 5 7
74 1011000 3

06 0011100 3
17 0000011 2
20 0000000 a match 0 2 5 7
31 0100100 2
42 0000000 a match 0 2 5 7
53 0010010 2
64 0100000 1
75 1000000 1

07 0100100 2
10 1000011 3
21 0110100 3 match 3
32 0001001 2 match 4
43 0000000 a match 0 2 5 7
54 0111110 5
65 0000000 a match 0 2 5 7
76 1011000 3

Matching output
0 45 46 60 25 47 40 62 05 41 63 20 42 43 65
1 absent
2 45 46 60 25 47 40 62 05 41 63 20 42 43 65
3 01 24 51 21
4 32
5 45 46 60 25 47 40 62 05 41 63 20 42 43 65
6 absent
7 45 46 60 25 47 40 62 05 41 63 20 42 43 65

Left
45 56x
46 57x
60 71x
25 36x
47 50x
40 51y
62 73x
05 16x
41 52x
63 74x
20 31x
42 53x
43 54x
65 76x
Best: AND-NOT45: 1

Right
45 34x
46 35x
60 57x
25 14x
47 36x
40 37x
62 51y
05 74x
41 30x
63 52x
20 17x
42 31x
43 32y
65 54x
Best: AND-NOT45: 1

OR-NOT
01 0111100 4
12 1001011 4
23 1110110 5
34 1111111 a
45 1000001 2
56 1111111 a
67 0100111 4
70 1011011 5

02 1111111 a
13 1011011 5
24 1111111 a
35 1101101 5
46 1011111 6
57 0111111 6
60 1100011 4
71 1111100 5

03 1111110 6
14 1111111 a
25 1110101 5
36 1111111 a
47 0100111 4
50 1111111 a
61 0110100 3 match 3
72 1011011 5

04 1111111 a
15 1001011 4
26 1111111 a
37 0101111 5
40 1000011 3
51 0111110 5
62 1101011 5
73 1011010 4

05 1111101 6
16 1011111 6
27 0110111 5
30 1101111 6
41 0110100 3 match 3
52 1111111 a
63 1110010 4
74 1111111 a

06 1111111 a
17 1101111 6
20 1110111 6
31 0111101 5
42 1001011 4
53 1111110 6
64 1111111 a
75 1011001 4

07 0111111 6
10 1001011 4
21 0110100 3 match 3
32 1101111 6
43 1010010 3
54 1111111 a
65 1100001 3
76 1011111 6

Matching output
0 absent
1 absent
2 absent
3 61 41 21
4 absent
5 absent
6 absent
7 absent

Left
none
Best: none

Right
none
Best: none

XOR-NOT
01 0001000 1
12 0000000 a match 0 2 5 7
23 1100110 4
34 1010010 3
45 1000001 2
56 1100001 3
67 0000111 3
70 0011011 4

02 1110111 6
13 0011001 3
24 1001011 4
35 1101100 4
46 1011111 6
57 0011001 3
60 1100011 4
71 1101100 4

03 1101110 5
14 0110100 3 match 3
25 1110101 5
36 1110010 4
47 0100111 4
50 1111101 6
61 0010100 2
72 0010011 3

04 1000011 3
15 0001010 2
26 1101011 5
37 0001010 2
40 1000011 3
51 0001010 2
62 1101011 5
73 0001010 2

05 1111101 6
16 0010100 2
27 0010011 3
30 1101110 5
41 0110100 3 match 3
52 1110101 5
63 1110010 4
74 0100111 4

06 1100011 4
17 1101100 4
20 1110111 6
31 0011001 3
42 1001011 4
53 1101100 4
64 1011111 6
75 0011001 3

07 0011011 4
10 0001000 1
21 0000000 a match 0 2 5 7
32 1100110 4
43 1010010 3
54 1000001 2
65 1100001 3
76 0000111 3

Matching output
0 12 21
1 absent
2 12 21
3 14 41
4 absent
5 12 21
6 absent
7 12 21

Left
12 23x
21 32x
Best: XOR-NOT12: 1

Right
12 01x
21 10x
Best: XOR-NOT12: 1

Selecting

Lefts
Identity I4: 1
NOT none
Constant C0: 1
AND AND67 70: 2
OR none
XOR none
AND-NOT AND-NOT45: 1
OR-NOT none
XOR-NOT XOR-NOT12: 1

Rights
Identity I4: 1
NOT none
Constant C0: 1
AND AND46 35 24 13 02: 5
OR none
XOR none
AND-NOT AND-NOT45: 1
OR-NOT none
XOR-NOT XOR-NOT12: 1

Left longest: 2
Right longest: 5

Right winner: Identity no, NOT no, Constant no, AND yes, OR no, XOR no, AND-NOT no, OR-NOT no, XOR-NOT no
Left winner: Identity no, NOT no, Constant no, AND yes, OR no, XOR no, AND-NOT no, OR-NOT no, XOR-NOT no

Best right: AND46 35 24 13 02: 5
Best left: AND67 70: 2

Truncated right: AND46 35 24 13 02: 5
Truncated left: AND67 70: 2

Tentative from right
7 AND46
6 AND35
5 AND24
4 AND13
3 AND02
2 pending
1 pending
0 pending

Tentative
0 AND67
1 AND70
2 pending
3 AND02
4 AND13
5 AND24
6 AND35
7 AND46

Preferred from right
7 AND46
6 AND35
5 AND24
4 AND13
3 AND02
2 ?71
1 AND70
0 AND67

Preferred from left
0 AND67
1 AND70
2 ?71
3 AND02
4 AND13
5 AND24
6 AND35
7 AND46

Preferred
0 AND67
1 AND70
2 ?71 ?17
3 AND02
4 AND13
5 AND24
6 AND35
7 AND46

Matching
0 AND67
1 AND70
2 ?71 ?17 - Identity absent, NOT absent, Constant C0, AND absent, OR absent, XOR absent, AND-NOT absent, OR-NOT absent, XOR-NOT absent
3 AND02
4 AND13
5 AND24
6 AND35
7 AND46

Perfect match
Identity no
NOT no
Constant yes
AND no
OR no
XOR no
AND-NOT no
OR-NOT no
XOR-NOT no

Matched
0 AND67
1 AND70
2 C0
3 AND02
4 AND13
5 AND24
6 AND35
7 AND46

Selected
0 AND67
1 AND70
2 C0
3 AND02
4 AND13
5 AND24
6 AND35
7 AND46

Applying to 11010010
Input
0 1
1 1
2 0
3 1
4 0
5 0
6 1
7 0
Output
0 AND67 = AND(1,0) = 0
1 AND70 = AND(0,1) = 0
2 C0 = 0
3 AND02 = AND(1,0) = 0
4 AND13 = AND(1,1) = 1
5 AND24 = AND(0,0) = 0
6 AND35 = AND(1,0) = 0
7 AND46 = AND(0,1) = 0

I will now return the answer in \boxed{}
The answer in \boxed{–} is \boxed{00001000}