We need to deduce the transformation by matching the example outputs.
I will put my final answer inside \boxed{}.

Output 0: 00110110
0 0
1 0
2 1
3 1
4 0
5 1
6 1
7 0

Output 1: 10101000
0 1
1 0
2 1
3 0
4 1
5 0
6 0
7 0

Output 2: 00101110
0 0
1 0
2 1
3 0
4 1
5 1
6 1
7 0

Output 3: 11100011
0 1
1 1
2 1
3 0
4 0
5 0
6 1
7 1

Output 4: 01010100
0 0
1 1
2 0
3 1
4 0
5 1
6 0
7 0

Output 5: 00000010
0 0
1 0
2 0
3 0
4 0
5 0
6 1
7 0

Output 6: 01100001
0 0
1 1
2 1
3 0
4 0
5 0
6 0
7 1

Output bit columns (with bitsum as hash)
0 0101000 2
1 0001101 3
2 1111001 5
3 1000100 2
4 0110000 2
5 1010100 3
6 1011010 4
7 0001001 2

Input 0: 11000110
0 1
1 1
2 0
3 0
4 0
5 1
6 1
7 0

Input 1: 00010101
0 0
1 0
2 0
3 1
4 0
5 1
6 0
7 1

Input 2: 11001101
0 1
1 1
2 0
3 0
4 1
5 1
6 0
7 1

Input 3: 01111100
0 0
1 1
2 1
3 1
4 1
5 1
6 0
7 0

Input 4: 10011010
0 1
1 0
2 0
3 1
4 1
5 0
6 1
7 0

Input 5: 01000000
0 0
1 1
2 0
3 0
4 0
5 0
6 0
7 0

Input 6: 00101100
0 0
1 0
2 1
3 0
4 1
5 1
6 0
7 0

When matching output
x: not in operator
y: wrong position

Identity
0 1010100 3 match 5
1 1011010 4 match 6
2 0001001 2 match 7
3 0101100 3
4 0011101 4
5 1111001 5 match 2
6 1000100 2 match 3
7 0110000 2 match 4

Matching output
0 absent
1 absent
2 5
3 6
4 7
5 0
6 1
7 2

Left
none
Best: none

Right
2 1 0 7 6 5 4x
Best: I2 1 0 7 6 5: 6

NOT
0 0101011 4
1 0100101 3
2 1110110 5
3 1010011 4
4 1100010 3
5 0000110 2
6 0111011 5
7 1001111 5

Matching output
0 absent
1 absent
2 absent
3 absent
4 absent
5 absent
6 absent
7 absent

Left
none
Best: none

Right
none
Best: none

Constant
0 0000000 a
1 1111111 a

Matching output
0 absent
1 absent
2 absent
3 absent
4 absent
5 absent
6 absent
7 absent

Left
none
Best: none

Right
none
Best: none

AND
01 10 1010000 2
12 21 0001000 1
23 32 0001000 1
34 43 0001100 2
45 54 0011001 3
56 65 1000000 1
67 76 0000000 a
70 07 0010000 1

02 20 0000000 a
13 31 0001000 1
24 42 0001001 2 match 7
35 53 0101000 2 match 0
46 64 0000100 1
57 75 0110000 2 match 4
60 06 1000100 2 match 3
71 17 0010000 1

03 30 0000100 1
14 41 0011000 2
25 52 0001001 2 match 7
36 63 0000100 1
47 74 0010000 1
50 05 1010000 2
61 16 1000000 1
72 27 0000000 a

04 40 0010100 2
15 51 1011000 3
26 62 0000000 a
37 73 0100000 1

Matching output
0 35 53
1 absent
2 absent
3 60 06
4 57 75
5 absent
6 absent
7 24 42 25 52

Left
35 46x
53 64x
Best: AND35: 1

Right
24 13x
42 31x
25 14x
52 41x
Best: AND24: 1

OR
01 10 1011110 5
12 21 1011011 5
23 32 0101101 4
34 43 0111101 5
45 54 1111101 6
56 65 1111101 6
67 76 1110100 4
70 07 1110100 4

02 20 1011101 5
13 31 1111110 6
24 42 0011101 4
35 53 1111101 6
46 64 1011101 5
57 75 1111001 5 match 2
60 06 1010100 3 match 5
71 17 1111010 5

03 30 1111100 5
14 41 1011111 6
25 52 1111001 5 match 2
36 63 1101100 4
47 74 0111101 5
50 05 1111101 6
61 16 1011110 5
72 27 0111001 4

04 40 1011101 5
15 51 1111011 6
26 62 1001101 4
37 73 0111100 4

Matching output
0 absent
1 absent
2 57 75 25 52
3 absent
4 absent
5 60 06
6 absent
7 absent

Left
none
Best: none

Right
none
Best: none

XOR
01 10 0001110 3
12 21 1010011 4
23 32 0100101 3
34 43 0110001 3
45 54 1100100 3
56 65 0111101 5
67 76 1110100 4
70 07 1100100 3

02 20 1011101 5
13 31 1110110 5
24 42 0010100 2
35 53 1010101 4
46 64 1011001 4
57 75 1001001 3
60 06 0010000 1
71 17 1101010 4

03 30 1111000 4
14 41 1000111 4
25 52 1110000 3
36 63 1101000 3
47 74 0101101 4
50 05 0101101 4
61 16 0011110 4
72 27 0111001 4

04 40 1001001 3
15 51 0100011 3
26 62 1001101 4
37 73 0011100 3

Matching output
0 absent
1 absent
2 absent
3 absent
4 absent
5 absent
6 absent
7 absent

Left
none
Best: none

Right
none
Best: none

AND-NOT
01 0000100 1
12 1010010 3
23 0000001 1
34 0100000 1
45 0000100 1
56 0111001 4
67 1000100 2 match 3
70 0100000 1

02 1010100 3 match 5
13 1010010 3
24 0000000 a
35 0000100 1
46 0011001 3
57 1001001 3
60 0000000 a
71 0100000 1

03 1010000 2
14 1000010 2
25 0000000 a
36 0101000 2 match 0
47 0001101 3 match 1
50 0101001 3
61 0000100 1
72 0110000 2 match 4

04 1000000 1
15 0000010 1
26 0001001 2 match 7
37 0001100 2
40 0001001 2 match 7
51 0100001 2
62 1000100 2 match 3
73 0010000 1

05 0000100 1
16 0011010 3
27 0001001 2 match 7
30 0101000 2 match 0
41 0000101 2
52 1110000 3
63 1000000 1
74 0100000 1

06 0010000 1
17 1001010 3
20 0001001 2 match 7
31 0100100 2
42 0010100 2
53 1010001 3
64 1000000 1
75 0000000 a

07 1000100 2 match 3
10 0001010 2
21 0000001 1
32 0100100 2
43 0010001 2
54 1100000 2
65 0000100 1
76 0110000 2 match 4

Matching output
0 36 30
1 47
2 absent
3 67 62 07
4 72 76
5 02
6 absent
7 26 40 27 20

Left
36 47 50x
30 41x
Best: AND-NOT36 47: 2

Right
26 15x
40 37x
27 16x
20 17x
Best: AND-NOT26: 1

OR-NOT
01 1110101 5
12 1111110 6
23 1011011 5
34 1101110 5
45 0011111 5
56 1111011 6
67 1001111 5
70 0111011 5

02 1110110 5
13 1011011 5
24 1101011 5
35 0101110 4
46 0111111 6
57 1111111 a
60 1101111 6
71 0110101 4

03 1010111 5
14 1111010 5
25 0001111 4
36 0111111 6
47 1011111 6
50 1111011 6
61 1100101 4
72 1110110 5

04 1110110 5
15 1011110 5
26 0111011 5
37 1101111 6
40 0111111 6
51 1111101 6
62 1110110 5
73 1110011 5

05 1010110 4
16 1111011 6
27 1001111 5
30 0101111 5
41 0111101 5
52 1111111 a
63 1010111 5
74 1110010 4

06 1111111 a
17 1011111 6
20 0101011 4
31 0101101 4
42 1111111 a
53 1111011 6
64 1100110 4
75 0110110 4

07 1011111 6
10 1111011 6
21 0101101 4
32 1111110 6
43 1011111 6
54 1111011 6
65 1000110 3
76 0111011 5

Matching output
0 absent
1 absent
2 absent
3 absent
4 absent
5 absent
6 absent
7 absent

Left
none
Best: none

Right
none
Best: none

XOR-NOT
01 1110001 4
12 0101100 3
23 1011010 4 match 6
34 1001110 4
45 0011011 4
56 1000010 2
67 0001011 3
70 0011011 4

02 0100010 2
13 0001001 2 match 7
24 1101011 5
35 0101010 3
46 0100110 3
57 0110110 4
60 1101111 6
71 0010101 3

03 0000111 3
14 0111000 3
25 0001111 4
36 0010111 4
47 1010010 3
50 1010010 3
61 1100001 3
72 1000110 3

04 0110110 4
15 1011100 4
26 0110010 3
37 1100011 4
40 0110110 4
51 1011100 4
62 0110010 3
73 1100011 4

05 1010010 3
16 1100001 3
27 1000110 3
30 0000111 3
41 0111000 3
52 0001111 4
63 0010111 4
74 1010010 3

06 1101111 6
17 0010101 3
20 0100010 2
31 0001001 2 match 7
42 1101011 5
53 0101010 3
64 0100110 3
75 0110110 4

07 0011011 4
10 1110001 4
21 0101100 3
32 1011010 4 match 6
43 1001110 4
54 0011011 4
65 1000010 2
76 0001011 3

Matching output
0 absent
1 absent
2 absent
3 absent
4 absent
5 absent
6 23 32
7 13 31

Left
none
Best: none

Right
13 02x
31 20x
Best: XOR-NOT13: 1

Selecting

Lefts
Identity none
NOT none
Constant none
AND AND35: 1
OR none
XOR none
AND-NOT AND-NOT36 47: 2
OR-NOT none
XOR-NOT none

Rights
Identity I2 1 0 7 6 5: 6
NOT none
Constant none
AND AND24: 1
OR none
XOR none
AND-NOT AND-NOT26: 1
OR-NOT none
XOR-NOT XOR-NOT13: 1

Left longest: 2
Right longest: 6

Right winner: Identity yes, NOT no, Constant no, AND no, OR no, XOR no, AND-NOT no, OR-NOT no, XOR-NOT no
Left winner: Identity no, NOT no, Constant no, AND no, OR no, XOR no, AND-NOT yes, OR-NOT no, XOR-NOT no

Best right: I2 1 0 7 6 5: 6
Best left: AND-NOT36 47: 2

Truncated right: I2 1 0 7 6 5: 6
Truncated left: AND-NOT36 47: 2

Tentative from right
7 I2
6 I1
5 I0
4 I7
3 I6
2 I5
1 pending
0 pending

Tentative
0 AND-NOT36
1 AND-NOT47
2 I5
3 I6
4 I7
5 I0
6 I1
7 I2

Preferred from right
7 I2
6 I1
5 I0
4 I7
3 I6
2 I5
1 AND-NOT47
0 AND-NOT36

Preferred from left
0 AND-NOT36
1 AND-NOT47
2 I5
3 I6
4 I7
5 I0
6 I1
7 I2

Preferred
0 AND-NOT36
1 AND-NOT47
2 I5
3 I6
4 I7
5 I0
6 I1
7 I2

Matching
0 AND-NOT36
1 AND-NOT47
2 I5
3 I6
4 I7
5 I0
6 I1
7 I2

Perfect match
Identity no
NOT no
Constant no
AND no
OR no
XOR no
AND-NOT no
OR-NOT no
XOR-NOT no

Matched
0 AND-NOT36
1 AND-NOT47
2 I5
3 I6
4 I7
5 I0
6 I1
7 I2

Selected
0 AND-NOT36
1 AND-NOT47
2 I5
3 I6
4 I7
5 I0
6 I1
7 I2

Applying to 00000100
Input
0 0
1 0
2 0
3 0
4 0
5 1
6 0
7 0
Output
0 AND-NOT36 = AND(0,NOT(0)) = 0
1 AND-NOT47 = AND(0,NOT(0)) = 0
2 I5 = 1
3 I6 = 0
4 I7 = 0
5 I0 = 0
6 I1 = 0
7 I2 = 0

I will now return the answer in \boxed{}
The answer in \boxed{–} is \boxed{00100000}