We need to deduce the transformation by matching the example outputs.
I will put my final answer inside \boxed{}.

Output 0: 00000000
0 0
1 0
2 0
3 0
4 0
5 0
6 0
7 0

Output 1: 11101010
0 1
1 1
2 1
3 0
4 1
5 0
6 1
7 0

Output 2: 01100000
0 0
1 1
2 1
3 0
4 0
5 0
6 0
7 0

Output 3: 00000000
0 0
1 0
2 0
3 0
4 0
5 0
6 0
7 0

Output 4: 00000000
0 0
1 0
2 0
3 0
4 0
5 0
6 0
7 0

Output 5: 10001010
0 1
1 0
2 0
3 0
4 1
5 0
6 1
7 0

Output 6: 10000111
0 1
1 0
2 0
3 0
4 0
5 1
6 1
7 1

Output 7: 00000000
0 0
1 0
2 0
3 0
4 0
5 0
6 0
7 0

Output bit columns (with bitsum as hash)
0 01000110 3
1 01100000 2
2 01100000 2
3 00000000 a
4 01000100 2
5 00000010 1
6 01000110 3
7 00000010 1

Input 0: 00110000
0 0
1 0
2 1
3 1
4 0
5 0
6 0
7 0

Input 1: 11010111
0 1
1 1
2 0
3 1
4 0
5 1
6 1
7 1

Input 2: 01100011
0 0
1 1
2 1
3 0
4 0
5 0
6 1
7 1

Input 3: 00110010
0 0
1 0
2 1
3 1
4 0
5 0
6 1
7 0

Input 4: 00000101
0 0
1 0
2 0
3 0
4 0
5 1
6 0
7 1

Input 5: 01010110
0 0
1 1
2 0
3 1
4 0
5 1
6 1
7 0

Input 6: 00111110
0 0
1 0
2 1
3 1
4 1
5 1
6 1
7 0

Input 7: 00001100
0 0
1 0
2 0
3 0
4 1
5 1
6 0
7 0

When matching output
x: not in operator
y: wrong position

Identity
0 01000000 1
1 01100100 3
2 10110010 4
3 11010110 5
4 00000011 2
5 01001111 5
6 01110110 5
7 01101000 3

Matching output
0 absent
1 absent
2 absent
3 absent
4 absent
5 absent
6 absent
7 absent

Left
none
Best: none

Right
none
Best: none

NOT
0 10111111 7
1 10011011 5
2 01001101 4
3 00101001 3
4 11111100 6
5 10110000 3
6 10001001 3
7 10010111 5

Matching output
0 absent
1 absent
2 absent
3 absent
4 absent
5 absent
6 absent
7 absent

Left
none
Best: none

Right
none
Best: none

Constant
0 00000000 a match 3
1 11111111 a

Matching output
0 absent
1 absent
2 absent
3 C0
4 absent
5 absent
6 absent
7 absent

Left
none
Best: none

Right
none
Best: none

AND
01 10 01000000 1
12 21 00100000 1
23 32 10010010 3
34 43 00000010 1 match 5 7
45 54 00000011 2
56 65 01000110 3 match 0 6
67 76 01100000 2 match 1 2
70 07 01000000 1

02 20 00000000 a match 3
13 31 01000100 2 match 4
24 42 00000010 1 match 5 7
35 53 01000110 3 match 0 6
46 64 00000010 1 match 5 7
57 75 01001000 2
60 06 01000000 1
71 17 01100000 2 match 1 2

03 30 01000000 1
14 41 00000000 a match 3
25 52 00000010 1 match 5 7
36 63 01010110 4
47 74 00000000 a match 3
50 05 01000000 1
61 16 01100100 3
72 27 00100000 1

04 40 00000000 a match 3
15 51 01000100 2 match 4
26 62 00110010 3
37 73 01000000 1

Matching output
0 56 65 35 53
1 67 76 71 17
2 67 76 71 17
3 02 20 14 41 47 74 04 40
4 13 31 15 51
5 34 43 24 42 46 64 25 52
6 56 65 35 53
7 34 43 24 42 46 64 25 52

Left
56 67 70x
65 76 07x
35 46y
53 64y
Best: AND56 67: 2

Right
34 23x
43 32x
24 13y
42 31y
46 35 24 13 02 71 60x
64 53 42 31 20 17 06x
25 14y
52 41y
Best: AND46 35 24 13 02 71: 6

OR
01 10 01100100 3
12 21 11110110 6
23 32 11110110 6
34 43 11010111 6
45 54 01001111 5
56 65 01111111 7
67 76 01111110 6
70 07 01101000 3

02 20 11110010 5
13 31 11110110 6
24 42 10110011 5
35 53 11011111 7
46 64 01110111 6
57 75 01101111 6
60 06 01110110 5
71 17 01101100 4

03 30 11010110 5
14 41 01100111 5
25 52 11111111 a
36 63 11110110 6
47 74 01101011 5
50 05 01001111 5
61 16 01110110 5
72 27 11111010 6

04 40 01000011 3
15 51 01101111 6
26 62 11110110 6
37 73 11111110 7

Matching output
0 absent
1 absent
2 absent
3 absent
4 absent
5 absent
6 absent
7 absent

Left
none
Best: none

Right
none
Best: none

XOR
01 10 00100100 2
12 21 11010110 5
23 32 01100100 3
34 43 11010101 5
45 54 01001100 3
56 65 00111001 4
67 76 00011110 4
70 07 00101000 2

02 20 11110010 5
13 31 10110010 4
24 42 10110001 4
35 53 10011001 4
46 64 01110101 5
57 75 00100111 4
60 06 00110110 4
71 17 00001100 2

03 30 10010110 4
14 41 01100111 5
25 52 11111101 7
36 63 10100000 2
47 74 01101011 5
50 05 00001111 4
61 16 00010010 2
72 27 11011010 5

04 40 01000011 3
15 51 00101011 4
26 62 11000100 3
37 73 10111110 6

Matching output
0 absent
1 absent
2 absent
3 absent
4 absent
5 absent
6 absent
7 absent

Left
none
Best: none

Right
none
Best: none

AND-NOT
01 00000000 a match 3
12 01000100 2 match 4
23 00100000 1
34 11010100 4
45 00000000 a match 3
56 00001001 2
67 00010110 3
70 00101000 2

02 01000000 1
13 00100000 1
24 10110000 3
35 10010000 2
46 00000001 1
57 00000111 3
60 00110110 4
71 00001000 1

03 00000000 a match 3
14 01100100 3
25 10110000 3
36 10000000 1
47 00000011 2
50 00001111 4
61 00010010 2
72 01001000 2

04 01000000 1
15 00100000 1
26 10000000 1
37 10010110 4
40 00000011 2
51 00001011 3
62 01000100 2 match 4
73 00101000 2

05 00000000 a match 3
16 00000000 a match 3
27 10010010 3
30 10010110 4
41 00000011 2
52 01001101 4
63 00100000 1
74 01101000 3

06 00000000 a match 3
17 00000100 1
20 10110010 4
31 10010010 3
42 00000001 1
53 00001001 2
64 01110100 4
75 00100000 1

07 00000000 a match 3
10 00100100 2
21 10010010 3
32 01000100 2 match 4
43 00000001 1
54 01001100 3
65 00110000 2
76 00001000 1

Matching output
0 absent
1 absent
2 absent
3 01 45 03 05 16 06 07
4 12 62 32
5 absent
6 absent
7 absent

Left
none
Best: none

Right
none
Best: none

OR-NOT
01 11011011 6
12 01101101 5
23 10111011 6
34 11111110 7
45 10110011 5
56 11001111 6
67 11110111 7
70 11111111 a

02 01001101 4
13 01101101 5
24 11111110 7
35 11110110 6
46 10001011 4
57 11011111 7
60 11111111 a
71 11111011 7

03 01101001 4
14 11111100 6
25 10110010 4
36 11011111 7
47 10010111 5
50 11111111 a
61 11111111 a
72 01101101 5

04 11111100 6
15 11110100 5
26 10111011 6
37 11010111 6
40 10111111 7
51 11011111 7
62 01111111 7
73 01101001 4

05 11110000 4
16 11101101 6
27 10110111 6
30 11111111 a
41 10011011 5
52 01001111 5
63 01111111 7
74 11111100 6

06 11001001 4
17 11110111 7
20 10111111 7
31 11011111 7
42 01001111 5
53 01101111 6
64 11111110 7
75 11111000 5

07 11010111 6
10 11111111 a
21 10111011 6
32 11011111 7
43 00101011 4
54 11111111 a
65 11110110 6
76 11101001 5

Matching output
0 absent
1 absent
2 absent
3 absent
4 absent
5 absent
6 absent
7 absent

Left
none
Best: none

Right
none
Best: none

XOR-NOT
01 11011011 6
12 00101001 3
23 10011011 5
34 00101010 3
45 10110011 5
56 11000110 4
67 11100001 4
70 11010111 6

02 00001101 3
13 01001101 4
24 01001110 4
35 01100110 4
46 10001010 3
57 11011000 4
60 11001001 4
71 11110011 6

03 01101001 4
14 10011000 3
25 00000010 1 match 5 7
36 01011111 6
47 10010100 3
50 11110000 4
61 11101101 6
72 00100101 3

04 10111100 5
15 11010100 4
26 00111011 5
37 01000001 2
40 10111100 5
51 11010100 4
62 00111011 5
73 01000001 2

05 11110000 4
16 11101101 6
27 00100101 3
30 01101001 4
41 10011000 3
52 00000010 1 match 5 7
63 01011111 6
74 10010100 3

06 11001001 4
17 11110011 6
20 00001101 3
31 01001101 4
42 01001110 4
53 01100110 4
64 10001010 3
75 11011000 4

07 11010111 6
10 11011011 6
21 00101001 3
32 10011011 5
43 00101010 3
54 10110011 5
65 11000110 4
76 11100001 4

Matching output
0 absent
1 absent
2 absent
3 absent
4 absent
5 25 52
6 absent
7 25 52

Left
none
Best: none

Right
25 14x
52 41x
Best: XOR-NOT25: 1

Selecting

Lefts
Identity none
NOT none
Constant none
AND AND56 67: 2
OR none
XOR none
AND-NOT none
OR-NOT none
XOR-NOT none

Rights
Identity none
NOT none
Constant none
AND AND46 35 24 13 02 71: 6
OR none
XOR none
AND-NOT none
OR-NOT none
XOR-NOT XOR-NOT25: 1

Left longest: 2
Right longest: 6

Right winner: Identity no, NOT no, Constant no, AND yes, OR no, XOR no, AND-NOT no, OR-NOT no, XOR-NOT no
Left winner: Identity no, NOT no, Constant no, AND yes, OR no, XOR no, AND-NOT no, OR-NOT no, XOR-NOT no

Best right: AND46 35 24 13 02 71: 6
Best left: AND56 67: 2

Truncated right: AND46 35 24 13 02 71: 6
Truncated left: AND56 67: 2

Tentative from right
7 AND46
6 AND35
5 AND24
4 AND13
3 AND02
2 AND71
1 pending
0 pending

Tentative
0 AND56
1 AND67
2 AND71
3 AND02
4 AND13
5 AND24
6 AND35
7 AND46

Preferred from right
7 AND46
6 AND35
5 AND24
4 AND13
3 AND02
2 AND71
1 AND67
0 AND56

Preferred from left
0 AND56
1 AND67
2 AND71
3 AND02
4 AND13
5 AND24
6 AND35
7 AND46

Preferred
0 AND56
1 AND67
2 AND71
3 AND02
4 AND13
5 AND24
6 AND35
7 AND46

Matching
0 AND56
1 AND67
2 AND71
3 AND02
4 AND13
5 AND24
6 AND35
7 AND46

Perfect match
Identity no
NOT no
Constant no
AND no
OR no
XOR no
AND-NOT no
OR-NOT no
XOR-NOT no

Matched
0 AND56
1 AND67
2 AND71
3 AND02
4 AND13
5 AND24
6 AND35
7 AND46

Selected
0 AND56
1 AND67
2 AND71
3 AND02
4 AND13
5 AND24
6 AND35
7 AND46

Applying to 01010011
Input
0 0
1 1
2 0
3 1
4 0
5 0
6 1
7 1
Output
0 AND56 = AND(0,1) = 0
1 AND67 = AND(1,1) = 1
2 AND71 = AND(1,1) = 1
3 AND02 = AND(0,0) = 0
4 AND13 = AND(1,1) = 1
5 AND24 = AND(0,0) = 0
6 AND35 = AND(1,0) = 0
7 AND46 = AND(0,1) = 0

I will now return the answer in \boxed{}
The answer in \boxed{–} is \boxed{01101000}