We need to deduce the transformation by matching the example outputs.
I will put my final answer inside \boxed{}.

Output 0: 11011011
0 1
1 1
2 0
3 1
4 1
5 0
6 1
7 1

Output 1: 01011111
0 0
1 1
2 0
3 1
4 1
5 1
6 1
7 1

Output 2: 00011101
0 0
1 0
2 0
3 1
4 1
5 1
6 0
7 1

Output 3: 10111110
0 1
1 0
2 1
3 1
4 1
5 1
6 1
7 0

Output 4: 11011111
0 1
1 1
2 0
3 1
4 1
5 1
6 1
7 1

Output 5: 11101111
0 1
1 1
2 1
3 0
4 1
5 1
6 1
7 1

Output 6: 00110101
0 0
1 0
2 1
3 1
4 0
5 1
6 0
7 1

Output 7: 00011110
0 0
1 0
2 0
3 1
4 1
5 1
6 1
7 0

Output 8: 01111101
0 0
1 1
2 1
3 1
4 1
5 1
6 0
7 1

Output bit columns (with bitsum as hash)
0 100111000 4
1 110011001 5
2 000101101 4
3 111110111 8
4 111111011 8
5 011111111 8
6 110111010 6
7 111011101 7

Input 0: 01011010
0 0
1 1
2 0
3 1
4 1
5 0
6 1
7 0

Input 1: 11001011
0 1
1 1
2 0
3 0
4 1
5 0
6 1
7 1

Input 2: 10100011
0 1
1 0
2 1
3 0
4 0
5 0
6 1
7 1

Input 3: 10010101
0 1
1 0
2 0
3 1
4 0
5 1
6 0
7 1

Input 4: 11111011
0 1
1 1
2 1
3 1
4 1
5 0
6 1
7 1

Input 5: 01111100
0 0
1 1
2 1
3 1
4 1
5 1
6 0
7 0

Input 6: 10100110
0 1
1 0
2 1
3 0
4 0
5 1
6 1
7 0

Input 7: 11000000
0 1
1 1
2 0
3 0
4 0
5 0
6 0
7 0

Input 8: 10001111
0 1
1 0
2 0
3 0
4 1
5 1
6 1
7 1

When matching output
x: not in operator
y: wrong position

Identity
0 011110111 7
1 110011010 5
2 001011100 4
3 100111000 4 match 0
4 110011001 5 match 1
5 000101101 4 match 2
6 111010101 6
7 011110001 5

Matching output
0 3
1 4
2 5
3 absent
4 absent
5 absent
6 absent
7 absent

Left
3 4 5 6x
Best: I3 4 5: 3

Right
none
Best: none

NOT
0 100001000 2
1 001100101 4
2 110100011 5
3 011000111 5
4 001100110 4
5 111010010 5
6 000101010 3
7 100001110 4

Matching output
0 absent
1 absent
2 absent
3 absent
4 absent
5 absent
6 absent
7 absent

Left
none
Best: none

Right
none
Best: none

Constant
0 000000000 a
1 111111111 a

Matching output
0 absent
1 absent
2 absent
3 absent
4 absent
5 absent
6 absent
7 absent

Left
none
Best: none

Right
none
Best: none

AND
01 10 010010010 3
12 21 000011000 2
23 32 000011000 2
34 43 100011000 3
45 54 000001001 2
56 65 000000101 2
67 76 011010001 4
70 07 011110001 5

02 20 001010100 3
13 31 100011000 3
24 42 000011000 2
35 53 000101000 2
46 64 110010001 4
57 75 000100001 2
60 06 011010101 5
71 17 010010000 2

03 30 000110000 2
14 41 110011000 4
25 52 000001100 2
36 63 100010000 2
47 74 010010001 3
50 05 000100101 3
61 16 110010000 3
72 27 001010000 2

04 40 010010001 3
15 51 000001000 1
26 62 001010100 3
37 73 000110000 2

Matching output
0 absent
1 absent
2 absent
3 absent
4 absent
5 absent
6 absent
7 absent

Left
none
Best: none

Right
none
Best: none

OR
01 10 111111111 a
12 21 111011110 7
23 32 101111100 6
34 43 110111001 6
45 54 110111101 7
56 65 111111101 8
67 76 111110101 7
70 07 011110111 7

02 20 011111111 8 match 5
13 31 110111010 6 match 6
24 42 111011101 7 match 7
35 53 100111101 6
46 64 111011101 7 match 7
57 75 011111101 7
60 06 111110111 8 match 3
71 17 111111011 8 match 4

03 30 111111111 a
14 41 110011011 6
25 52 001111101 6
36 63 111111101 8
47 74 111111001 7
50 05 011111111 8 match 5
61 16 111011111 8
72 27 011111101 7

04 40 111111111 a
15 51 110111111 8
26 62 111011101 7 match 7
37 73 111111001 7

Matching output
0 absent
1 absent
2 absent
3 60 06
4 71 17
5 02 20 50 05
6 13 31
7 24 42 46 64 26 62

Left
none
Best: none

Right
24 13 02 71 60 57x
42 31 20 17 06 75x
46 35x
64 53x
26 15x
62 51x
Best: OR24 13 02 71 60: 5

XOR
01 10 101101101 6
12 21 111000110 5
23 32 101100100 4
34 43 010100001 3
45 54 110110100 5
56 65 111111000 6
67 76 100100100 3
70 07 000000110 2

02 20 010101011 5
13 31 010100010 3
24 42 111000101 5
35 53 100010101 4
46 64 001001100 3
57 75 011011100 5
60 06 100100010 3
71 17 101101011 6

03 30 111001111 7
14 41 000000011 2
25 52 001110001 4
36 63 011101101 6
47 74 101101000 4
50 05 011011010 5
61 16 001001111 5
72 27 010101101 5

04 40 101101110 6
15 51 110110111 7
26 62 110001001 4
37 73 111001001 5

Matching output
0 absent
1 absent
2 absent
3 absent
4 absent
5 absent
6 absent
7 absent

Left
none
Best: none

Right
none
Best: none

AND-NOT
01 001100101 4
12 110000010 3
23 001000100 2
34 000100000 1
45 110010000 3
56 000101000 2
67 100000100 2
70 000000000 a

02 010100011 4
13 010000010 2
24 001000100 2
35 100010000 2
46 000001000 1
57 000001100 2
60 100000000 1
71 001100001 3

03 011000111 5
14 000000010 1
25 001010000 2
36 000101000 2
47 100001000 2
50 000001000 1
61 001000101 3
72 010100001 3

04 001100110 4
15 110010010 4
26 000001000 1
37 100001000 2
40 100001000 2
51 000100101 3
62 110000001 3
73 011000001 3

05 011010010 4
16 000001010 2
27 000001100 2
30 100001000 2
41 000000001 1
52 000100001 2
63 011000101 4
74 001100000 2

06 000100010 2
17 100001010 3
20 000001000 1
31 000100000 1
42 110000001 3
53 000000101 2
64 001000100 2
75 011010000 3

07 000000110 2
10 100001000 2
21 001000100 2
32 100100000 2
43 010000001 2
54 000100100 2
65 111010000 4
76 000100000 1

Matching output
0 absent
1 absent
2 absent
3 absent
4 absent
5 absent
6 absent
7 absent

Left
none
Best: none

Right
none
Best: none

OR-NOT
01 011110111 7
12 110111011 7
23 011011111 7
34 101111110 7
45 111011011 7
56 000101111 5
67 111011111 8
70 111111001 7

02 111110111 8 match 3
13 111011111 8
24 001111110 6
35 111111010 7
46 110111011 7
57 100101111 6
60 111011101 7 match 7
71 011110101 6

03 011110111 7
14 111111110 8
25 111011110 7
36 100111010 5
47 110011111 7
50 100101101 5
61 111110101 7
72 111110011 7

04 011110111 7
15 111011010 6
26 001111110 6
37 100111110 6
40 110011001 5 match 1
51 001101101 5
62 111110111 8 match 3
73 011110111 7

05 111110111 8 match 3
16 110111010 6 match 6
27 101011110 6
30 100111000 4 match 0
41 111111101 8
52 110101111 7
63 111010111 7
74 011110111 7

06 011111111 8 match 5
17 110011110 6
20 101011100 5
31 101111101 7
42 110111011 7
53 011101111 7
64 111110111 8 match 3
75 111110011 7

07 111111111 a
10 110011010 5
21 001111101 6
32 110111011 7
43 111011111 8
54 001101111 6
65 111010111 7
76 011111011 7

Matching output
0 30
1 40
2 absent
3 02 62 05 64
4 absent
5 06
6 16
7 60

Left
30 41x
Best: OR-NOT30: 1

Right
60 57x
Best: OR-NOT60: 1

XOR-NOT
01 010010010 3
12 000111001 4
23 010011011 5
34 101011110 6
45 001001011 4
56 000000111 3
67 011011011 6
70 111111001 7

02 101010100 4
13 101011101 6
24 000111010 4
35 011101010 5
46 110110011 6
57 100100011 4
60 011011101 6
71 010010100 3

03 000110000 2
14 111111100 7
25 110001110 5
36 100010010 3
47 010010111 5
50 100100101 4
61 110110000 4
72 101010010 4

04 010010001 3
15 001001000 2
26 001110110 5
37 000110110 4
40 010010001 3
51 001001000 2
62 001110110 5
73 000110110 4

05 100100101 4
16 110110000 4
27 101010010 4
30 000110000 2
41 111111100 7
52 110001110 5
63 100010010 3
74 010010111 5

06 011011101 6
17 010010100 3
20 101010100 4
31 101011101 6
42 000111010 4
53 011101010 5
64 110110011 6
75 100100011 4

07 111111001 7
10 010010010 3
21 000111001 4
32 010011011 5
43 101011110 6
54 001001011 4
65 000000111 3
76 011011011 6

Matching output
0 absent
1 absent
2 absent
3 absent
4 absent
5 absent
6 absent
7 absent

Left
none
Best: none

Right
none
Best: none

Selecting

Lefts
Identity I3 4 5: 3
NOT none
Constant none
AND none
OR none
XOR none
AND-NOT none
OR-NOT OR-NOT30: 1
XOR-NOT none

Rights
Identity none
NOT none
Constant none
AND none
OR OR24 13 02 71 60: 5
XOR none
AND-NOT none
OR-NOT OR-NOT60: 1
XOR-NOT none

Left longest: 3
Right longest: 5

Right winner: Identity no, NOT no, Constant no, AND no, OR yes, XOR no, AND-NOT no, OR-NOT no, XOR-NOT no
Left winner: Identity yes, NOT no, Constant no, AND no, OR no, XOR no, AND-NOT no, OR-NOT no, XOR-NOT no

Best right: OR24 13 02 71 60: 5
Best left: I3 4 5: 3

Truncated right: OR24 13 02 71 60: 5
Truncated left: I3 4 5: 3

Tentative from right
7 OR24
6 OR13
5 OR02
4 OR71
3 OR60
2 pending
1 pending
0 pending

Tentative
0 I3
1 I4
2 I5
3 OR60
4 OR71
5 OR02
6 OR13
7 OR24

Preferred from right
7 OR24
6 OR13
5 OR02
4 OR71
3 OR60
2 I5
1 I4
0 I3

Preferred from left
0 I3
1 I4
2 I5
3 OR60
4 OR71
5 OR02
6 OR13
7 OR24

Preferred
0 I3
1 I4
2 I5
3 OR60
4 OR71
5 OR02
6 OR13
7 OR24

Matching
0 I3
1 I4
2 I5
3 OR60
4 OR71
5 OR02
6 OR13
7 OR24

Perfect match
Identity no
NOT no
Constant no
AND no
OR no
XOR no
AND-NOT no
OR-NOT no
XOR-NOT no

Matched
0 I3
1 I4
2 I5
3 OR60
4 OR71
5 OR02
6 OR13
7 OR24

Selected
0 I3
1 I4
2 I5
3 OR60
4 OR71
5 OR02
6 OR13
7 OR24

Applying to 11001001
Input
0 1
1 1
2 0
3 0
4 1
5 0
6 0
7 1
Output
0 I3 = 0
1 I4 = 1
2 I5 = 0
3 OR60 = OR(0,1) = 1
4 OR71 = OR(1,1) = 1
5 OR02 = OR(1,0) = 1
6 OR13 = OR(1,0) = 1
7 OR24 = OR(0,1) = 1

I will now return the answer in \boxed{}
The answer in \boxed{–} is \boxed{01011111}