We need to deduce the transformation by matching the example outputs.
I will put my final answer inside \boxed{}.

Output 0: 10110101
0 1
1 0
2 1
3 1
4 0
5 1
6 0
7 1

Output 1: 01110100
0 0
1 1
2 1
3 1
4 0
5 1
6 0
7 0

Output 2: 10111010
0 1
1 0
2 1
3 1
4 1
5 0
6 1
7 0

Output 3: 01011101
0 0
1 1
2 0
3 1
4 1
5 1
6 0
7 1

Output 4: 10101010
0 1
1 0
2 1
3 0
4 1
5 0
6 1
7 0

Output 5: 00010111
0 0
1 0
2 0
3 1
4 0
5 1
6 1
7 1

Output 6: 11111110
0 1
1 1
2 1
3 1
4 1
5 1
6 1
7 0

Output 7: 11010111
0 1
1 1
2 0
3 1
4 0
5 1
6 1
7 1

Output 8: 11001000
0 1
1 1
2 0
3 0
4 1
5 0
6 0
7 0

Output 9: 10111001
0 1
1 0
2 1
3 1
4 1
5 0
6 0
7 1

Output bit columns (with bitsum as hash)
0 1010101111 7
1 0101001110 5
2 1110101001 6
3 1111011101 8
4 0011101011 6
5 1101011100 6
6 0010111100 5
7 1001010101 5

Input 0: 01011111
0 0
1 1
2 0
3 1
4 1
5 1
6 1
7 1

Input 1: 10110001
0 1
1 0
2 1
3 1
4 0
5 0
6 0
7 1

Input 2: 11010000
0 1
1 1
2 0
3 1
4 0
5 0
6 0
7 0

Input 3: 00101100
0 0
1 0
2 1
3 0
4 1
5 1
6 0
7 0

Input 4: 01010000
0 0
1 1
2 0
3 1
4 0
5 0
6 0
7 0

Input 5: 00001011
0 0
1 0
2 0
3 0
4 1
5 0
6 1
7 1

Input 6: 11110000
0 1
1 1
2 1
3 1
4 0
5 0
6 0
7 0

Input 7: 01101101
0 0
1 1
2 1
3 0
4 1
5 1
6 0
7 1

Input 8: 01100010
0 0
1 1
2 1
3 0
4 0
5 0
6 1
7 0

Input 9: 01011001
0 0
1 1
2 0
3 1
4 1
5 0
6 0
7 1

When matching output
x: not in operator
y: wrong position

Identity
0 0110001000 3
1 1010101111 7 match 0
2 0101001110 5 match 1
3 1110101001 6 match 2
4 1001010101 5 match 7
5 1001000100 3
6 1000010010 3
7 1100010101 5

Matching output
0 1
1 2
2 3
3 absent
4 absent
5 absent
6 absent
7 4

Left
1 2 3 4y
Best: I1 2 3: 3

Right
4 3y
Best: I4: 1

NOT
0 1001110111 7
1 0101010000 3
2 1010110001 5
3 0001010110 4
4 0110101010 5
5 0110111011 7
6 0111101101 7
7 0011101010 5

Matching output
0 absent
1 absent
2 absent
3 absent
4 absent
5 absent
6 absent
7 absent

Left
none
Best: none

Right
none
Best: none

Constant
0 0000000000 a
1 1111111111 a

Matching output
0 absent
1 absent
2 absent
3 absent
4 absent
5 absent
6 absent
7 absent

Left
none
Best: none

Right
none
Best: none

AND
01 10 0010001000 2
12 21 0000001110 3
23 32 0100001000 2
34 43 1000000001 2
45 54 1001000100 3
56 65 1000000000 1
67 76 1000010000 2
70 07 0100000000 1

02 20 0100001000 2
13 31 1010101001 5
24 42 0001000100 2
35 53 1000000000 1
46 64 1000010000 2
57 75 1000000100 2
60 06 0000000000 a
71 17 1000000101 3

03 30 0110001000 3
14 41 1000000101 3
25 52 0001000100 2
36 63 1000000000 1
47 74 1000010101 4
50 05 0000000000 a
61 16 1000000010 2
72 27 0100000100 2

04 40 0000000000 a
15 51 1000000100 2
26 62 0000000010 1
37 73 1100000001 3

Matching output
0 absent
1 absent
2 absent
3 absent
4 absent
5 absent
6 absent
7 absent

Left
none
Best: none

Right
none
Best: none

OR
01 10 1110101111 8
12 21 1111101111 9
23 32 1111101111 9
34 43 1111111101 9
45 54 1001010101 5 match 7
56 65 1001010110 5
67 76 1100010111 6
70 07 1110011101 7

02 20 0111001110 6
13 31 1110101111 8
24 42 1101011111 8
35 53 1111101101 8
46 64 1001010111 6
57 75 1101010101 6
60 06 1110011010 6
71 17 1110111111 9

03 30 1110101001 6 match 2
14 41 1011111111 9
25 52 1101001110 6
36 63 1110111011 8
47 74 1101010101 6
50 05 1111001100 6
61 16 1010111111 8
72 27 1101011111 8

04 40 1111011101 8 match 3
15 51 1011101111 8
26 62 1101011110 7
37 73 1110111101 8

Matching output
0 absent
1 absent
2 03 30
3 04 40
4 absent
5 absent
6 absent
7 45 54

Left
none
Best: none

Right
45 34x
54 43x
Best: OR45: 1

XOR
01 10 1100100111 6
12 21 1111100001 6
23 32 1011100111 7
34 43 0111111100 7
45 54 0000010001 2
56 65 0001010110 4
67 76 0100000111 4
70 07 1010011101 6

02 20 0011000110 4
13 31 0100000110 3
24 42 1100011011 6
35 53 0111101101 7
46 64 0001000111 4
57 75 0101010001 4
60 06 1110011010 6
71 17 0110111010 6

03 30 1000100001 3
14 41 0011111010 6
25 52 1100001010 4
36 63 0110111011 7
47 74 0101000000 2
50 05 1111001100 6
61 16 0010111101 6
72 27 1001011011 6

04 40 1111011101 8 match 3
15 51 0011101011 6 match 4
26 62 1101011100 6 match 5
37 73 0010111100 5 match 6

Matching output
0 absent
1 absent
2 absent
3 04 40
4 15 51
5 26 62
6 37 73
7 absent

Left
none
Best: none

Right
none
Best: none

AND-NOT
01 0100000000 1
12 1010100001 4
23 0001000110 3
34 0110101000 4
45 0000010001 2
56 0001000100 2
67 0000000010 1
70 1000010101 4

02 0010000000 1
13 0000000110 2
24 0100001010 3
35 0110101001 5
46 0001000101 3
57 0001000000 1
60 1000010010 3
71 0100010000 2

03 0000000000 a
14 0010101010 4
25 0100001010 3
36 0110101001 5
47 0001000000 1
50 1001000100 3
61 0000010000 1
72 1000010001 3

04 0110001000 3
15 0010101011 5
26 0101001100 4
37 0010101000 3
40 1001010101 5 match 7
51 0001000000 1
62 1000010000 2
73 0000010100 2

05 0110001000 3
16 0010101101 5
27 0001001010 3
30 1000100001 3
41 0001010000 2
52 1000000000 1
63 0000010010 2
74 0100000000 1

06 0110001000 3
17 0010101010 4
20 0001000110 3
31 0100000000 1
42 1000010001 3
53 0001000100 2
64 0000000010 1
75 0100010001 3

07 0010001000 2
10 1000100111 5
21 0101000000 2
32 1010100001 4
43 0001010100 3
54 0000000000 a
65 0000010010 2
76 0100000101 3

Matching output
0 absent
1 absent
2 absent
3 absent
4 absent
5 absent
6 absent
7 40

Left
none
Best: none

Right
40 37x
Best: AND-NOT40: 1

OR-NOT
01 0111011000 5
12 1010111111 8
23 0101011110 6
34 1110101011 7
45 1111111111 a
56 1111101101 8
67 1011111010 7
70 1101110111 8

02 1110111001 7
13 1011111111 9
24 0111101110 7
35 1110111011 8
46 1111111101 9
57 1011101110 7
60 1001110111 7
71 1101010101 6

03 0111011110 7
14 1110101111 8
25 0111111111 9
36 1111101101 8
47 1011111111 9
50 1001110111 7
61 1101010010 5
72 1110110101 7

04 0110101010 5
15 1110111111 9
26 0111101111 8
37 1111101011 8
40 1001110111 7
51 1101010100 5
62 1010110011 6
73 1101010111 7

05 0110111011 7
16 1111101111 9
27 0111101110 7
30 1111111111 a
41 1101010101 6
52 1011110101 7
63 1001010110 5
74 1110111111 9

06 0111101101 7
17 1011101111 8
20 1101111111 9
31 1111111001 8
42 1011110101 7
53 1001010110 5
64 1110111010 7
75 1110111111 9

07 0111101010 6
10 1011111111 9
21 0101011110 6
32 1110111001 7
43 1001010111 6
54 1111101110 8
65 1110111011 8
76 1111111101 9

Matching output
0 absent
1 absent
2 absent
3 absent
4 absent
5 absent
6 absent
7 absent

Left
none
Best: none

Right
none
Best: none

XOR-NOT
01 0011011000 4
12 0000011110 4
23 0100011000 3
34 1000000011 3
45 1111101110 8
56 1110101001 6 match 2
67 1011111000 6
70 0101100010 4

02 1100111001 6
13 1011111001 7
24 0011100100 4
35 1000010010 3
46 1110111000 6
57 1010101110 6
60 0001100101 4
71 1001000101 4

03 0111011110 7
14 1100000101 4
25 0011110101 6
36 1001000100 3
47 1010111111 8
50 0000110011 4
61 1101000010 4
72 0110100100 4

04 0000100010 2
15 1100010100 4
26 0010100011 4
37 1101000011 5
40 0000100010 2
51 1100010100 4
62 0010100011 4
73 1101000011 5

05 0000110011 4
16 1101000010 4
27 0110100100 4
30 0111011110 7
41 1100000101 4
52 0011110101 6
63 1001000100 3
74 1010111111 8

06 0001100101 4
17 1001000101 4
20 1100111001 6
31 1011111001 7
42 0011100100 4
53 1000010010 3
64 1110111000 6
75 1010101110 6

07 0101100010 4
10 0011011000 4
21 0000011110 4
32 0100011000 3
43 1000000011 3
54 1111101110 8
65 1110101001 6 match 2
76 1011111000 6

Matching output
0 absent
1 absent
2 56 65
3 absent
4 absent
5 absent
6 absent
7 absent

Left
none
Best: none

Right
none
Best: none

Selecting

Lefts
Identity I1 2 3: 3
NOT none
Constant none
AND none
OR none
XOR none
AND-NOT none
OR-NOT none
XOR-NOT none

Rights
Identity I4: 1
NOT none
Constant none
AND none
OR OR45: 1
XOR none
AND-NOT AND-NOT40: 1
OR-NOT none
XOR-NOT none

Left longest: 3
Right longest: 1

Left winner: Identity yes, NOT no, Constant no, AND no, OR no, XOR no, AND-NOT no, OR-NOT no, XOR-NOT no
Right winner: Identity yes, NOT no, Constant no, AND no, OR no, XOR no, AND-NOT no, OR-NOT no, XOR-NOT no

Best left: I1 2 3: 3
Best right: I4: 1

Truncated left: I1 2 3: 3
Truncated right: I4: 1

Tentative from right
7 I4
6 pending
5 pending
4 pending
3 pending
2 pending
1 pending
0 pending

Tentative
0 I1
1 I2
2 I3
3 pending
4 pending
5 pending
6 pending
7 I4

Preferred from left
0 I1
1 I2
2 I3
3 ?4?
4 ?5?
5 ?6?
6 ?7?
7 I4

Preferred from right
7 I4
6 ?73
5 ?62
4 ?51
3 ?40
2 I3
1 I2
0 I1

Preferred
0 I1
1 I2
2 I3
3 ?40 ?04
4 ?51 ?15
5 ?62 ?26
6 ?73 ?37
7 I4

Matching
0 I1
1 I2
2 I3
3 ?40 ?04 - Identity absent, NOT absent, Constant absent, AND absent, OR40, XOR40, AND-NOT absent, OR-NOT absent, XOR-NOT absent
4 ?51 ?15 - Identity absent, NOT absent, Constant absent, AND absent, OR absent, XOR51, AND-NOT absent, OR-NOT absent, XOR-NOT absent
5 ?62 ?26 - Identity absent, NOT absent, Constant absent, AND absent, OR absent, XOR62, AND-NOT absent, OR-NOT absent, XOR-NOT absent
6 ?73 ?37 - Identity absent, NOT absent, Constant absent, AND absent, OR absent, XOR73, AND-NOT absent, OR-NOT absent, XOR-NOT absent
7 I4

Perfect match
Identity no
NOT no
Constant no
AND no
OR no
XOR yes
AND-NOT no
OR-NOT no
XOR-NOT no

Matched
0 I1
1 I2
2 I3
3 XOR40
4 XOR51
5 XOR62
6 XOR73
7 I4

Selected
0 I1
1 I2
2 I3
3 XOR40
4 XOR51
5 XOR62
6 XOR73
7 I4

Applying to 00100001
Input
0 0
1 0
2 1
3 0
4 0
5 0
6 0
7 1
Output
0 I1 = 0
1 I2 = 1
2 I3 = 0
3 XOR40 = XOR(0,0) = 0
4 XOR51 = XOR(0,0) = 0
5 XOR62 = XOR(0,1) = 1
6 XOR73 = XOR(1,0) = 1
7 I4 = 0

I will now return the answer in \boxed{}
The answer in \boxed{–} is \boxed{01000110}