We need to deduce the transformation by matching the example outputs.
I will put my final answer inside \boxed{}.

Output 0: 10000000
0 1
1 0
2 0
3 0
4 0
5 0
6 0
7 0

Output 1: 01000000
0 0
1 1
2 0
3 0
4 0
5 0
6 0
7 0

Output 2: 10000000
0 1
1 0
2 0
3 0
4 0
5 0
6 0
7 0

Output 3: 00000000
0 0
1 0
2 0
3 0
4 0
5 0
6 0
7 0

Output 4: 10100000
0 1
1 0
2 1
3 0
4 0
5 0
6 0
7 0

Output 5: 00010000
0 0
1 0
2 0
3 1
4 0
5 0
6 0
7 0

Output 6: 00110000
0 0
1 0
2 1
3 1
4 0
5 0
6 0
7 0

Output bit columns (with bitsum as hash)
0 1010100 3
1 0100000 1
2 0000101 2
3 0000011 2
4 0000000 a
5 0000000 a
6 0000000 a
7 0000000 a

Input 0: 01101100
0 0
1 1
2 1
3 0
4 1
5 1
6 0
7 0

Input 1: 11010100
0 1
1 1
2 0
3 1
4 0
5 1
6 0
7 0

Input 2: 00101100
0 0
1 0
2 1
3 0
4 1
5 1
6 0
7 0

Input 3: 10011001
0 1
1 0
2 0
3 1
4 1
5 0
6 0
7 1

Input 4: 00101010
0 0
1 0
2 1
3 0
4 1
5 0
6 1
7 0

Input 5: 01100101
0 0
1 1
2 1
3 0
4 0
5 1
6 0
7 1

Input 6: 11001111
0 1
1 1
2 0
3 0
4 1
5 1
6 1
7 1

When matching output
x: not in operator
y: wrong position

Identity
0 0101001 3
1 1100011 4
2 1010110 4
3 0101000 2
4 1011101 5
5 1110011 5
6 0000101 2 match 2
7 0001011 3

Matching output
0 absent
1 absent
2 6
3 absent
4 absent
5 absent
6 absent
7 absent

Left
none
Best: none

Right
none
Best: none

NOT
0 1010110 4
1 0011100 3
2 0101001 3
3 1010111 5
4 0100010 2
5 0001100 2
6 1111010 5
7 1110100 4

Matching output
0 absent
1 absent
2 absent
3 absent
4 absent
5 absent
6 absent
7 absent

Left
none
Best: none

Right
none
Best: none

Constant
0 0000000 a match 4 5 6 7
1 1111111 a

Matching output
0 absent
1 absent
2 absent
3 absent
4 C0
5 C0
6 C0
7 C0

Left
none
Best: none

Right
0 0 0 0
Best: C0 0 0 0: 4

AND
01 10 0100001 2
12 21 1000010 2
23 32 0000000 a match 4 5 6 7
34 43 0001000 1
45 54 1010001 3
56 65 0000001 1
67 76 0000001 1
70 07 0001001 2

02 20 0000000 a match 4 5 6 7
13 31 0100000 1 match 1
24 42 1010100 3 match 0
35 53 0100000 1 match 1
46 64 0000101 2 match 2
57 75 0000011 2 match 3
60 06 0000001 1
71 17 0000011 2 match 3

03 30 0101000 2
14 41 1000001 2
25 52 1010010 3
36 63 0000000 a match 4 5 6 7
47 74 0001001 2
50 05 0100001 2
61 16 0000001 1
72 27 0000010 1

04 40 0001001 2
15 51 1100011 4
26 62 0000100 1
37 73 0001000 1

Matching output
0 24 42
1 13 31 35 53
2 46 64
3 57 75 71 17
4 23 32 02 20 36 63
5 23 32 02 20 36 63
6 23 32 02 20 36 63
7 23 32 02 20 36 63

Left
24 35 46 57 60x
42 53 64 75 06x
Best: AND24 35 46 57: 4

Right
23 12x
32 21x
02 71y
20 17y
36 25x
63 52x
Best: AND23: 1

OR
01 10 1101011 5
12 21 1110111 6
23 32 1111110 6
34 43 1111101 6
45 54 1111111 a
56 65 1110111 6
67 76 0001111 4
70 07 0101011 4

02 20 1111111 a
13 31 1101011 5
24 42 1011111 6
35 53 1111011 6
46 64 1011101 5
57 75 1111011 6
60 06 0101101 4
71 17 1101011 5

03 30 0101001 3
14 41 1111111 a
25 52 1110111 6
36 63 0101101 4
47 74 1011111 6
50 05 1111011 6
61 16 1100111 5
72 27 1011111 6

04 40 1111101 6
15 51 1110011 5
26 62 1010111 5
37 73 0101011 4

Matching output
0 absent
1 absent
2 absent
3 absent
4 absent
5 absent
6 absent
7 absent

Left
none
Best: none

Right
none
Best: none

XOR
01 10 1001010 3
12 21 0110101 4
23 32 1111110 6
34 43 1110101 5
45 54 0101110 4
56 65 1110110 5
67 76 0001110 3
70 07 0100010 2

02 20 1111111 a
13 31 1001011 4
24 42 0001011 3
35 53 1011011 5
46 64 1011000 3
57 75 1111000 4
60 06 0101100 3
71 17 1101000 3

03 30 0000001 1
14 41 0111110 5
25 52 0100101 3
36 63 0101101 4
47 74 1010110 4
50 05 1011010 4
61 16 1100110 4
72 27 1011101 5

04 40 1110100 4
15 51 0010000 1
26 62 1010011 4
37 73 0100011 3

Matching output
0 absent
1 absent
2 absent
3 absent
4 absent
5 absent
6 absent
7 absent

Left
none
Best: none

Right
none
Best: none

AND-NOT
01 0001000 1
12 0100001 2
23 1010110 4
34 0100000 1 match 1
45 0001100 2
56 1110010 4
67 0000100 1
70 0000010 1

02 0101001 3
13 1000011 3
24 0000010 1
35 0001000 1
46 1011000 3
57 1110000 3
60 0000100 1
71 0001000 1

03 0000001 1
14 0100010 2
25 0000100 1
36 0101000 2
47 1010100 3 match 0
50 1010010 3
61 0000100 1
72 0001001 2

04 0100000 1 match 1
15 0000000 a match 4 5 6 7
26 1010010 3
37 0100000 1 match 1
40 1010100 3 match 0
51 0010000 1
62 0000001 1
73 0000011 2 match 3

05 0001000 1
16 1100010 3
27 1010100 3 match 0
30 0000000 a match 4 5 6 7
41 0011100 3
52 0100001 2
63 0000101 2 match 2
74 0000010 1

06 0101000 2
17 1100000 2
20 1010110 4
31 0001000 1
42 0001001 2
53 1010011 4
64 0000000 a match 4 5 6 7
75 0001000 1

07 0100000 1 match 1
10 1000010 2
21 0010100 2
32 0101000 2
43 1010101 4
54 0100010 2
65 0000100 1
76 0001010 2

Matching output
0 47 40 27
1 34 04 37 07
2 63
3 73
4 15 30 64
5 15 30 64
6 15 30 64
7 15 30 64

Left
47 50x
40 51x
27 30y
Best: AND-NOT47: 1

Right
15 04y
30 27y
64 53x
Best: AND-NOT15: 1

OR-NOT
01 0111101 5
12 1101011 5
23 1010111 5
34 0101010 3
45 1011101 5
56 1111011 6
67 1110101 5
70 1011111 6

02 0101001 3
13 1110111 6
24 1110110 5
35 0101100 3
46 1111111 a
57 1110111 6
60 1010111 5
71 0011111 5

03 1111111 a
14 1100011 4
25 1011110 5
36 1111010 5
47 1111101 6
50 1110111 6
61 0011101 4
72 0101011 4

04 0101011 4
15 1101111 6
26 1111110 6
37 1111100 5
40 1011111 6
51 1111111 a
62 0101101 4
73 1011111 6

05 0101101 4
16 1111011 6
27 1110110 5
30 1111110 6
41 1011101 5
52 1111011 6
63 1010111 5
74 0101011 4

06 1111011 6
17 1110111 6
20 1010110 4
31 0111100 4
42 1111101 6
53 1110111 6
64 0100111 4
75 0001111 4

07 1111101 6
10 1110111 6
21 1011110 5
32 0101001 3
43 1011111 6
54 1110011 5
65 0001101 3
76 1111011 6

Matching output
0 absent
1 absent
2 absent
3 absent
4 absent
5 absent
6 absent
7 absent

Left
none
Best: none

Right
none
Best: none

XOR-NOT
01 0110101 4
12 1001010 3
23 0000001 1
34 0001010 2
45 1010001 3
56 0001001 2
67 1110001 4
70 1011101 5

02 0000000 a match 4 5 6 7
13 0110100 3
24 1110100 4
35 0100100 2
46 0100111 4
57 0000111 3
60 1010011 4
71 0010111 4

03 1111110 6
14 1000001 2
25 1011010 4
36 1010010 3
47 0101001 3
50 0100101 3
61 0011001 3
72 0100010 2

04 0001011 3
15 1101111 6
26 0101100 3
37 1011100 4
40 0001011 3
51 1101111 6
62 0101100 3
73 1011100 4

05 0100101 3
16 0011001 3
27 0100010 2
30 1111110 6
41 1000001 2
52 1011010 4
63 1010010 3
74 0101001 3

06 1010011 4
17 0010111 4
20 0000000 a match 4 5 6 7
31 0110100 3
42 1110100 4
53 0100100 2
64 0100111 4
75 0000111 3

07 1011101 5
10 0110101 4
21 1001010 3
32 0000001 1
43 0001010 2
54 1010001 3
65 0001001 2
76 1110001 4

Matching output
0 absent
1 absent
2 absent
3 absent
4 02 20
5 02 20
6 02 20
7 02 20

Left
none
Best: none

Right
02 71x
20 17x
Best: XOR-NOT02: 1

Selecting

Lefts
Identity none
NOT none
Constant none
AND AND24 35 46 57: 4
OR none
XOR none
AND-NOT AND-NOT47: 1
OR-NOT none
XOR-NOT none

Rights
Identity none
NOT none
Constant C0 0 0 0: 4
AND AND23: 1
OR none
XOR none
AND-NOT AND-NOT15: 1
OR-NOT none
XOR-NOT XOR-NOT02: 1

Left longest: 4
Right longest: 4

Left winner: Identity no, NOT no, Constant no, AND yes, OR no, XOR no, AND-NOT no, OR-NOT no, XOR-NOT no
Right winner: Identity no, NOT no, Constant yes, AND no, OR no, XOR no, AND-NOT no, OR-NOT no, XOR-NOT no

Best left: AND24 35 46 57: 4
Best right: C0 0 0 0: 4

Truncated left: AND24 35 46 57: 4
Truncated right: C0 0 0 0: 4

Tentative from right
7 C0
6 C0
5 C0
4 C0
3 pending
2 pending
1 pending
0 pending

Tentative
0 AND24
1 AND35
2 AND46
3 AND57
4 C0
5 C0
6 C0
7 C0

Preferred from left
0 AND24
1 AND35
2 AND46
3 AND57
4 C0
5 C0
6 C0
7 C0

Preferred from right
7 C0
6 C0
5 C0
4 C0
3 AND57
2 AND46
1 AND35
0 AND24

Preferred
0 AND24
1 AND35
2 AND46
3 AND57
4 C0
5 C0
6 C0
7 C0

Matching
0 AND24
1 AND35
2 AND46
3 AND57
4 C0
5 C0
6 C0
7 C0

Perfect match
Identity no
NOT no
Constant no
AND no
OR no
XOR no
AND-NOT no
OR-NOT no
XOR-NOT no

Matched
0 AND24
1 AND35
2 AND46
3 AND57
4 C0
5 C0
6 C0
7 C0

Selected
0 AND24
1 AND35
2 AND46
3 AND57
4 C0
5 C0
6 C0
7 C0

Applying to 10010111
Input
0 1
1 0
2 0
3 1
4 0
5 1
6 1
7 1
Output
0 AND24 = AND(0,0) = 0
1 AND35 = AND(1,1) = 1
2 AND46 = AND(0,1) = 0
3 AND57 = AND(1,1) = 1
4 C0 = 0
5 C0 = 0
6 C0 = 0
7 C0 = 0

I will now return the answer in \boxed{}
The answer in \boxed{–} is \boxed{01010000}