We need to deduce the transformation by matching the example outputs.
I will put my final answer inside \boxed{}.

Output 0: 11011110
0 1
1 1
2 0
3 1
4 1
5 1
6 1
7 0

Output 1: 11100000
0 1
1 1
2 1
3 0
4 0
5 0
6 0
7 0

Output 2: 10000011
0 1
1 0
2 0
3 0
4 0
5 0
6 1
7 1

Output 3: 10101101
0 1
1 0
2 1
3 0
4 1
5 1
6 0
7 1

Output 4: 00000100
0 0
1 0
2 0
3 0
4 0
5 1
6 0
7 0

Output 5: 10100000
0 1
1 0
2 1
3 0
4 0
5 0
6 0
7 0

Output 6: 10100111
0 1
1 0
2 1
3 0
4 0
5 1
6 1
7 1

Output 7: 11010011
0 1
1 1
2 0
3 1
4 0
5 0
6 1
7 1

Output 8: 01010001
0 0
1 1
2 0
3 1
4 0
5 0
6 0
7 1

Output bit columns (with bitsum as hash)
0 111101110 7
1 110000011 4
2 010101100 4
3 100000011 3
4 100100000 2
5 100110100 4
6 101000110 4
7 001100111 5

Input 0: 11101011
0 1
1 1
2 1
3 0
4 1
5 0
6 1
7 1

Input 1: 00001010
0 0
1 0
2 0
3 0
4 1
5 0
6 1
7 0

Input 2: 00111000
0 0
1 0
2 1
3 1
4 1
5 0
6 0
7 0

Input 3: 11010110
0 1
1 1
2 0
3 1
4 0
5 1
6 1
7 0

Input 4: 01000000
0 0
1 1
2 0
3 0
4 0
5 0
6 0
7 0

Input 5: 00000110
0 0
1 0
2 0
3 0
4 0
5 1
6 1
7 0

Input 6: 01110110
0 0
1 1
2 1
3 1
4 0
5 1
6 1
7 0

Input 7: 00111011
0 0
1 0
2 1
3 1
4 1
5 0
6 1
7 1

Input 8: 00010011
0 0
1 0
2 0
3 1
4 0
5 0
6 1
7 1

When matching output
x: not in operator
y: wrong position

Identity
0 100100000 2 match 4
1 100110100 4 match 5
2 101000110 4 match 6
3 001100111 5 match 7
4 111000010 4
5 000101100 3
6 110101111 7
7 100000011 3 match 3

Matching output
0 absent
1 absent
2 absent
3 7
4 0
5 1
6 2
7 3

Left
none
Best: none

Right
3 2 1 0 7 6x
Best: I3 2 1 0 7: 5

NOT
0 011011111 7
1 011001011 5
2 010111001 5
3 110011000 4
4 000111101 5
5 111010011 6
6 001010000 2
7 011111100 6

Matching output
0 absent
1 absent
2 absent
3 absent
4 absent
5 absent
6 absent
7 absent

Left
none
Best: none

Right
none
Best: none

Constant
0 000000000 a
1 111111111 a

Matching output
0 absent
1 absent
2 absent
3 absent
4 absent
5 absent
6 absent
7 absent

Left
none
Best: none

Right
none
Best: none

AND
01 10 100100000 2 match 4
12 21 100000100 2
23 32 001000110 3
34 43 001000010 2
45 54 000000000 a
56 65 000101100 3
67 76 100000011 3 match 3
70 07 100000000 1

02 20 100000000 1
13 31 000100100 2
24 42 101000010 3
35 53 000100100 2
46 64 110000010 3
57 75 000000000 a
60 06 100100000 2 match 4
71 17 100000000 1

03 30 000100000 1
14 41 100000000 1
25 52 000000100 1
36 63 000100111 4
47 74 100000010 2
50 05 000100000 1
61 16 100100100 3
72 27 100000010 2

04 40 100000000 1
15 51 000100100 2
26 62 100000110 3
37 73 000000011 2

Matching output
0 absent
1 absent
2 absent
3 67 76
4 01 10 60 06
5 absent
6 absent
7 absent

Left
none
Best: none

Right
none
Best: none

OR
01 10 100110100 4 match 5
12 21 101110110 6
23 32 101100111 6
34 43 111100111 7
45 54 111101110 7 match 0
56 65 110101111 7
67 76 110101111 7
70 07 100100011 4

02 20 101100110 5
13 31 101110111 7
24 42 111000110 5
35 53 001101111 6
46 64 111101111 8
57 75 100101111 6
60 06 110101111 7
71 17 100110111 6

03 30 101100111 6
14 41 111110110 7
25 52 101101110 6
36 63 111101111 8
47 74 111000011 5
50 05 100101100 4
61 16 110111111 8
72 27 101000111 5

04 40 111100010 5
15 51 100111100 5
26 62 111101111 8
37 73 101100111 6

Matching output
0 45 54
1 absent
2 absent
3 absent
4 absent
5 01 10
6 absent
7 absent

Left
45 56x
54 65x
Best: OR45: 1

Right
none
Best: none

XOR
01 10 000010100 2
12 21 001110010 4
23 32 100100001 3
34 43 110100101 5
45 54 111101110 7 match 0
56 65 110000011 4 match 1
67 76 010101100 4 match 2
70 07 000100011 3

02 20 001100110 4
13 31 101010011 5
24 42 010000100 2
35 53 001001011 4
46 64 001101101 5
57 75 100101111 6
60 06 010001111 5
71 17 000110111 5

03 30 101000111 5
14 41 011110110 6
25 52 101101010 5
36 63 111001000 4
47 74 011000001 3
50 05 100001100 3
61 16 010011011 5
72 27 001000101 3

04 40 011100010 4
15 51 100011000 3
26 62 011101001 5
37 73 101100100 4

Matching output
0 45 54
1 56 65
2 67 76
3 absent
4 absent
5 absent
6 absent
7 absent

Left
45 56 67 70x
54 65 76 07x
Best: XOR45 56 67: 3

Right
none
Best: none

AND-NOT
01 000000000 a
12 000110000 2
23 100000000 1
34 000100101 3
45 111000010 4
56 000000000 a
67 010101100 4 match 2
70 000000011 2

02 000100000 1
13 100010000 2
24 000000100 1
35 001000011 3
46 001000000 1
57 000101100 3
60 010001111 5
71 000000011 2

03 100000000 1
14 000110100 3
25 101000010 3
36 001000000 1
47 011000000 2
50 000001100 2
61 010001011 4
72 000000001 1

04 000100000 1
15 100010000 2
26 001000000 1
37 001100100 3
40 011000010 3
51 000001000 1
62 010101001 4
73 100000000 1

05 100000000 1
16 000010000 1
27 001000100 2
30 001000111 4
41 011000010 3
52 000101000 2
63 110001000 3
74 000000001 1

06 000000000 a
17 000110100 3
20 001000110 3
31 001000011 3
42 010000000 1
53 000001000 1
64 000101101 4
75 100000011 3 match 3

07 000100000 1
10 000010100 2
21 001000010 2
32 000100001 2
43 110000000 2
54 000101100 3
65 110000011 4 match 1
76 000000000 a

Matching output
0 absent
1 65
2 67
3 75
4 absent
5 absent
6 absent
7 absent

Left
none
Best: none

Right
none
Best: none

OR-NOT
01 111101011 7
12 110111101 7
23 111011110 7
34 001111111 7
45 111010011 6
56 001111100 5
67 111111111 a
70 111011111 8

02 110111001 6
13 110111100 6
24 101111111 8
35 111110111 8
46 111010010 5
57 011111100 6
60 111111111 a
71 111001011 6

03 110111000 5
14 100111101 6
25 111010111 7
36 001110111 6
47 111111110 8
50 011111111 8
61 111101111 8
72 110111011 7

04 100111101 6
15 111110111 8
26 101010110 5
37 011111111 8
40 111011111 8
51 011101111 7
62 110111111 8
73 110011011 6

05 111110011 7
16 101110100 5
27 111111110 8
30 011111111 8
41 111001011 6
52 010111101 6
63 110111111 8
74 100111111 7

06 101110000 4
17 111111100 7
20 111011111 8
31 011101111 7
42 111111011 8
53 110111100 6
64 110111111 8
75 111010011 6

07 111111100 7
10 111111111 a
21 111001111 7
32 011111111 8
43 111011010 6
54 000111101 5
65 111111111 a
76 101010011 5

Matching output
0 absent
1 absent
2 absent
3 absent
4 absent
5 absent
6 absent
7 absent

Left
none
Best: none

Right
none
Best: none

XOR-NOT
01 111101011 7
12 110001101 5
23 011011110 6
34 001011010 4
45 000010001 2
56 001111100 5
67 101010011 5
70 111011100 6

02 110011001 5
13 010101100 4 match 2
24 101111011 7
35 110110100 5
46 110010010 4
57 011010000 3
60 101110000 4
71 111001000 4

03 010111000 4
14 100001001 3
25 010010101 4
36 000110111 5
47 100111110 6
50 011110011 6
61 101100100 4
72 110111010 6

04 100011101 5
15 011100111 6
26 100010110 4
37 010011011 5
40 100011101 5
51 011100111 6
62 100010110 4
73 010011011 5

05 011110011 6
16 101100100 4
27 110111010 6
30 010111000 4
41 100001001 3
52 010010101 4
63 000110111 5
74 100111110 6

06 101110000 4
17 111001000 4
20 110011001 5
31 010101100 4 match 2
42 101111011 7
53 110110100 5
64 110010010 4
75 011010000 3

07 111011100 6
10 111101011 7
21 110001101 5
32 011011110 6
43 001011010 4
54 000010001 2
65 001111100 5
76 101010011 5

Matching output
0 absent
1 absent
2 13 31
3 absent
4 absent
5 absent
6 absent
7 absent

Left
none
Best: none

Right
none
Best: none

Selecting

Lefts
Identity none
NOT none
Constant none
AND none
OR OR45: 1
XOR XOR45 56 67: 3
AND-NOT none
OR-NOT none
XOR-NOT none

Rights
Identity I3 2 1 0 7: 5
NOT none
Constant none
AND none
OR none
XOR none
AND-NOT none
OR-NOT none
XOR-NOT none

Left longest: 3
Right longest: 5

Right winner: Identity yes, NOT no, Constant no, AND no, OR no, XOR no, AND-NOT no, OR-NOT no, XOR-NOT no
Left winner: Identity no, NOT no, Constant no, AND no, OR no, XOR yes, AND-NOT no, OR-NOT no, XOR-NOT no

Best right: I3 2 1 0 7: 5
Best left: XOR45 56 67: 3

Truncated right: I3 2 1 0 7: 5
Truncated left: XOR45 56 67: 3

Tentative from right
7 I3
6 I2
5 I1
4 I0
3 I7
2 pending
1 pending
0 pending

Tentative
0 XOR45
1 XOR56
2 XOR67
3 I7
4 I0
5 I1
6 I2
7 I3

Preferred from right
7 I3
6 I2
5 I1
4 I0
3 I7
2 XOR67
1 XOR56
0 XOR45

Preferred from left
0 XOR45
1 XOR56
2 XOR67
3 I7
4 I0
5 I1
6 I2
7 I3

Preferred
0 XOR45
1 XOR56
2 XOR67
3 I7
4 I0
5 I1
6 I2
7 I3

Matching
0 XOR45
1 XOR56
2 XOR67
3 I7
4 I0
5 I1
6 I2
7 I3

Perfect match
Identity no
NOT no
Constant no
AND no
OR no
XOR no
AND-NOT no
OR-NOT no
XOR-NOT no

Matched
0 XOR45
1 XOR56
2 XOR67
3 I7
4 I0
5 I1
6 I2
7 I3

Selected
0 XOR45
1 XOR56
2 XOR67
3 I7
4 I0
5 I1
6 I2
7 I3

Applying to 01010100
Input
0 0
1 1
2 0
3 1
4 0
5 1
6 0
7 0
Output
0 XOR45 = XOR(0,1) = 1
1 XOR56 = XOR(1,0) = 1
2 XOR67 = XOR(0,0) = 0
3 I7 = 0
4 I0 = 0
5 I1 = 1
6 I2 = 0
7 I3 = 1

I will now return the answer in \boxed{}
The answer in \boxed{–} is \boxed{11000101}