We need to deduce the transformation by matching the example outputs.
I will put my final answer inside \boxed{}.

Output 0: 11111110
0 1
1 1
2 1
3 1
4 1
5 1
6 1
7 0

Output 1: 11111110
0 1
1 1
2 1
3 1
4 1
5 1
6 1
7 0

Output 2: 01110111
0 0
1 1
2 1
3 1
4 0
5 1
6 1
7 1

Output 3: 11111111
0 1
1 1
2 1
3 1
4 1
5 1
6 1
7 1

Output 4: 01100110
0 0
1 1
2 1
3 0
4 0
5 1
6 1
7 0

Output 5: 11111111
0 1
1 1
2 1
3 1
4 1
5 1
6 1
7 1

Output 6: 11111111
0 1
1 1
2 1
3 1
4 1
5 1
6 1
7 1

Output 7: 10101010
0 1
1 0
2 1
3 0
4 1
5 0
6 1
7 0

Output 8: 11111111
0 1
1 1
2 1
3 1
4 1
5 1
6 1
7 1

Output bit columns (with bitsum as hash)
0 110101111 7
1 111111101 8
2 111111111 a
3 111101101 7
4 110101111 7
5 111111101 8
6 111111111 a
7 001101101 5

Input 0: 11000111
0 1
1 1
2 0
3 0
4 0
5 1
6 1
7 1

Input 1: 11000011
0 1
1 1
2 0
3 0
4 0
5 0
6 1
7 1

Input 2: 10101001
0 1
1 0
2 1
3 0
4 1
5 0
6 0
7 1

Input 3: 11101001
0 1
1 1
2 1
3 0
4 1
5 0
6 0
7 1

Input 4: 00010011
0 0
1 0
2 0
3 1
4 0
5 0
6 1
7 1

Input 5: 00001111
0 0
1 0
2 0
3 0
4 1
5 1
6 1
7 1

Input 6: 00111111
0 0
1 0
2 1
3 1
4 1
5 1
6 1
7 1

Input 7: 01010101
0 0
1 1
2 0
3 1
4 0
5 1
6 0
7 1

Input 8: 10001111
0 1
1 0
2 0
3 0
4 1
5 1
6 1
7 1

When matching output
x: not in operator
y: wrong position

Identity
0 111100001 5
1 110100010 4
2 001100100 3
3 000010110 3
4 001101101 5 match 7
5 100001111 5
6 110011101 6
7 111111111 a match 2 6

Matching output
0 absent
1 absent
2 7
3 absent
4 absent
5 absent
6 7
7 4

Left
none
Best: none

Right
4 3x
Best: I4: 1

NOT
0 000011110 4
1 001011101 5
2 110011011 6
3 111101001 6
4 110010010 4
5 011110000 4
6 001100010 3
7 000000000 a

Matching output
0 absent
1 absent
2 absent
3 absent
4 absent
5 absent
6 absent
7 absent

Left
none
Best: none

Right
none
Best: none

Constant
0 000000000 a
1 111111111 a match 2 6

Matching output
0 absent
1 absent
2 C1
3 absent
4 absent
5 absent
6 C1
7 absent

Left
none
Best: none

Right
none
Best: none

AND
01 10 110100000 3
12 21 000100000 1
23 32 000000100 1
34 43 000000100 1
45 54 000001101 3
56 65 100001101 4
67 76 110011101 6
70 07 111100001 5

02 20 001100000 2
13 31 000000010 1
24 42 001100100 3
35 53 000000110 2
46 64 000001101 3
57 75 100001111 5
60 06 110000001 3
71 17 110100010 4

03 30 000000000 a
14 41 000100000 1
25 52 000000100 1
36 63 000010100 2
47 74 001101101 5 match 7
50 05 100000001 2
61 16 110000000 2
72 27 001100100 3

04 40 001100001 3
15 51 100000010 2
26 62 000000100 1
37 73 000010110 3

Matching output
0 absent
1 absent
2 absent
3 absent
4 absent
5 absent
6 absent
7 47 74

Left
none
Best: none

Right
47 36x
74 63x
Best: AND47: 1

OR
01 10 111100011 6
12 21 111100110 6
23 32 001110110 5
34 43 001111111 7
45 54 101101111 7
56 65 110011111 7
67 76 111111111 a match 2 6
70 07 111111111 a match 2 6

02 20 111100101 6
13 31 110110110 6
24 42 001101101 5 match 7
35 53 100011111 6
46 64 111111101 8 match 1 5
57 75 111111111 a match 2 6
60 06 111111101 8 match 1 5
71 17 111111111 a match 2 6

03 30 111110111 8
14 41 111101111 8
25 52 101101111 7
36 63 110011111 7
47 74 111111111 a match 2 6
50 05 111101111 8
61 16 110111111 8
72 27 111111111 a match 2 6

04 40 111101101 7 match 3
15 51 110101111 7 match 0 4
26 62 111111101 8 match 1 5
37 73 111111111 a match 2 6

Matching output
0 15 51
1 46 64 60 06 26 62
2 67 76 70 07 57 75 71 17 47 74 72 27 37 73
3 04 40
4 15 51
5 46 64 60 06 26 62
6 67 76 70 07 57 75 71 17 47 74 72 27 37 73
7 24 42

Left
15 26 37 40 51 62 73 04y
51 62 73 04 15 26 37 40y
Best: OR15 26 37 40 51 62 73: 7

Right
24 13x
42 31x
Best: OR24: 1

XOR
01 10 001000011 3
12 21 111000110 5
23 32 001110010 4
34 43 001111011 6
45 54 101100010 4
56 65 010010010 3
67 76 001100010 3
70 07 000011110 4

02 20 110000101 4
13 31 110110100 5
24 42 000001001 2
35 53 100011001 4
46 64 111110000 5
57 75 011110000 4
60 06 001111100 5
71 17 001011101 5

03 30 111110111 8
14 41 111001111 7
25 52 101101011 6
36 63 110001011 5
47 74 110010010 4
50 05 011101110 6
61 16 000111111 6
72 27 110011011 6

04 40 110001100 4
15 51 010101101 5
26 62 111111001 7
37 73 111101001 6

Matching output
0 absent
1 absent
2 absent
3 absent
4 absent
5 absent
6 absent
7 absent

Left
none
Best: none

Right
none
Best: none

AND-NOT
01 001000001 2
12 110000010 3
23 001100000 2
34 000010010 2
45 001100000 2
56 000000010 1
67 000000000 a
70 000011110 4

02 110000001 3
13 110100000 3
24 000000000 a
35 000010000 1
46 001100000 2
57 000000000 a
60 000011100 3
71 001011101 5

03 111100001 5
14 110000010 3
25 001100000 2
36 000000010 1
47 000000000 a
50 000001110 3
61 000011101 4
72 110011011 6

04 110000000 2
15 010100000 2
26 001100000 2
37 000000000 a
40 000001100 2
51 000001101 3
62 110011001 5
73 111101001 6

05 011100000 3
16 000100010 2
27 000000000 a
30 000010110 3
41 001001101 4
52 100001011 4
63 110001001 4
74 110010010 4

06 001100000 2
17 000000000 a
20 000000100 1
31 000010100 2
42 000001001 2
53 100001001 3
64 110010000 3
75 011110000 4

07 000000000 a
10 000000010 1
21 001000100 2
32 000010010 2
43 001101001 4
54 100000010 2
65 010010000 2
76 001100010 3

Matching output
0 absent
1 absent
2 absent
3 absent
4 absent
5 absent
6 absent
7 absent

Left
none
Best: none

Right
none
Best: none

OR-NOT
01 111111101 8 match 1 5
12 110111011 7
23 111101101 7 match 3
34 110010110 5
45 011111101 7
56 101101111 7
67 110011101 6
70 111111111 a match 2 6

02 111111011 8
13 111101011 7
24 111110110 7
35 011110110 6
46 001101111 6
57 100001111 5
60 110011111 7
71 111111111 a match 2 6

03 111101001 6
14 110110010 5
25 011110100 5
36 001110110 5
47 001101101 5 match 7
50 100011111 6
61 111011101 7
72 111111111 a match 2 6

04 111110011 7
15 111110010 6
26 001100110 4
37 000010110 3
40 001111111 7
51 101011111 7
62 110011111 7
73 111111111 a match 2 6

05 111110001 6
16 111100010 5
27 001100100 3
30 000011110 4
41 001111101 6
52 110011111 7
63 111111101 8 match 1 5
74 111111111 a match 2 6

06 111100011 6
17 110100010 4
20 001111110 6
31 001011111 6
42 111111111 a match 2 6
53 111101111 8
64 110011111 7
75 111111111 a match 2 6

07 111100001 5
10 110111110 7
21 001111101 6
32 110011111 7
43 111101101 7 match 3
54 110011111 7
65 111111101 8 match 1 5
76 111111111 a match 2 6

Matching output
0 absent
1 01 63 65
2 70 71 72 73 74 42 75 76
3 23 43
4 absent
5 01 63 65
6 70 71 72 73 74 42 75 76
7 47

Left
none
Best: none

Right
47 36x
Best: OR-NOT47: 1

XOR-NOT
01 110111100 6
12 000111001 4
23 110001101 5
34 110000100 3
45 010011101 5
56 101101101 6
67 110011101 6
70 111100001 5

02 001111010 5
13 001001011 4
24 111110110 7
35 011100110 5
46 000001111 4
57 100001111 5
60 110000011 4
71 110100010 4

03 000001000 1
14 000110000 2
25 010010100 3
36 001110100 4
47 001101101 5 match 7
50 100010001 3
61 111000000 3
72 001100100 3

04 001110011 5
15 101010010 4
26 000000110 2
37 000010110 3
40 001110011 5
51 101010010 4
62 000000110 2
73 000010110 3

05 100010001 3
16 111000000 3
27 001100100 3
30 000001000 1
41 000110000 2
52 010010100 3
63 001110100 4
74 001101101 5 match 7

06 110000011 4
17 110100010 4
20 001111010 5
31 001001011 4
42 111110110 7
53 011100110 5
64 000001111 4
75 100001111 5

07 111100001 5
10 110111100 6
21 000111001 4
32 110001101 5
43 110000100 3
54 010011101 5
65 101101101 6
76 110011101 6

Matching output
0 absent
1 absent
2 absent
3 absent
4 absent
5 absent
6 absent
7 47 74

Left
none
Best: none

Right
47 36x
74 63x
Best: XOR-NOT47: 1

Selecting

Lefts
Identity none
NOT none
Constant none
AND none
OR OR15 26 37 40 51 62 73: 7
XOR none
AND-NOT none
OR-NOT none
XOR-NOT none

Rights
Identity I4: 1
NOT none
Constant none
AND AND47: 1
OR OR24: 1
XOR none
AND-NOT none
OR-NOT OR-NOT47: 1
XOR-NOT XOR-NOT47: 1

Left longest: 7
Right longest: 1

Left winner: Identity no, NOT no, Constant no, AND no, OR yes, XOR no, AND-NOT no, OR-NOT no, XOR-NOT no
Right winner: Identity yes, NOT no, Constant no, AND no, OR no, XOR no, AND-NOT no, OR-NOT no, XOR-NOT no

Best left: OR15 26 37 40 51 62 73: 7
Best right: I4: 1

Truncated left: OR15 26 37 40 51 62 73: 7
Truncated right: I4: 1

Tentative from right
7 I4
6 pending
5 pending
4 pending
3 pending
2 pending
1 pending
0 pending

Tentative
0 OR15
1 OR26
2 OR37
3 OR40
4 OR51
5 OR62
6 OR73
7 I4

Preferred from left
0 OR15
1 OR26
2 OR37
3 OR40
4 OR51
5 OR62
6 OR73
7 I4

Preferred from right
7 I4
6 OR73
5 OR62
4 OR51
3 OR40
2 OR37
1 OR26
0 OR15

Preferred
0 OR15
1 OR26
2 OR37
3 OR40
4 OR51
5 OR62
6 OR73
7 I4

Matching
0 OR15
1 OR26
2 OR37
3 OR40
4 OR51
5 OR62
6 OR73
7 I4

Perfect match
Identity no
NOT no
Constant no
AND no
OR no
XOR no
AND-NOT no
OR-NOT no
XOR-NOT no

Matched
0 OR15
1 OR26
2 OR37
3 OR40
4 OR51
5 OR62
6 OR73
7 I4

Selected
0 OR15
1 OR26
2 OR37
3 OR40
4 OR51
5 OR62
6 OR73
7 I4

Applying to 01011010
Input
0 0
1 1
2 0
3 1
4 1
5 0
6 1
7 0
Output
0 OR15 = OR(1,0) = 1
1 OR26 = OR(0,1) = 1
2 OR37 = OR(1,0) = 1
3 OR40 = OR(1,0) = 1
4 OR51 = OR(0,1) = 1
5 OR62 = OR(1,0) = 1
6 OR73 = OR(0,1) = 1
7 I4 = 1

I will now return the answer in \boxed{}
The answer in \boxed{–} is \boxed{11111111}