We need to deduce the transformation by matching the example outputs.
I will put my final answer inside \boxed{}.

Output 0: 11110001
0 1
1 1
2 1
3 1
4 0
5 0
6 0
7 1

Output 1: 00000000
0 0
1 0
2 0
3 0
4 0
5 0
6 0
7 0

Output 2: 01000001
0 0
1 1
2 0
3 0
4 0
5 0
6 0
7 1

Output 3: 10011010
0 1
1 0
2 0
3 1
4 1
5 0
6 1
7 0

Output 4: 10001010
0 1
1 0
2 0
3 0
4 1
5 0
6 1
7 0

Output 5: 00100110
0 0
1 0
2 1
3 0
4 0
5 1
6 1
7 0

Output 6: 01000101
0 0
1 1
2 0
3 0
4 0
5 1
6 0
7 1

Output 7: 01111000
0 0
1 1
2 1
3 1
4 1
5 0
6 0
7 0

Output bit columns (with bitsum as hash)
0 10011000 3
1 10100011 4
2 10000101 3
3 10010001 3
4 00011001 3
5 00000110 2
6 00011100 3
7 10100010 3

Input 0: 00100111
0 0
1 0
2 1
3 0
4 0
5 1
6 1
7 1

Input 1: 00000000
0 0
1 0
2 0
3 0
4 0
5 0
6 0
7 0

Input 2: 10100101
0 1
1 0
2 1
3 0
4 0
5 1
6 0
7 1

Input 3: 00001011
0 0
1 0
2 0
3 0
4 1
5 0
6 1
7 1

Input 4: 01001011
0 0
1 1
2 0
3 0
4 1
5 0
6 1
7 1

Input 5: 11111011
0 1
1 1
2 1
3 1
4 1
5 0
6 1
7 1

Input 6: 11110111
0 1
1 1
2 1
3 1
4 0
5 1
6 1
7 1

Input 7: 11000001
0 1
1 1
2 0
3 0
4 0
5 0
6 0
7 1

When matching output
x: not in operator
y: wrong position

Identity
0 00100111 4
1 00001111 4
2 10100110 4
3 00000110 2 match 5
4 00011100 3 match 6
5 10100010 3 match 7
6 10011110 5
7 10111111 7

Matching output
0 absent
1 absent
2 absent
3 absent
4 absent
5 3
6 4
7 5

Left
none
Best: none

Right
5 4 3 2x
Best: I5 4 3: 3

NOT
0 11011000 4
1 11110000 4
2 01011001 4
3 11111001 6
4 11100011 5
5 01011101 5
6 01100001 3
7 01000000 1

Matching output
0 absent
1 absent
2 absent
3 absent
4 absent
5 absent
6 absent
7 absent

Left
none
Best: none

Right
none
Best: none

Constant
0 00000000 a
1 11111111 a

Matching output
0 absent
1 absent
2 absent
3 absent
4 absent
5 absent
6 absent
7 absent

Left
none
Best: none

Right
none
Best: none

AND
01 10 00000111 3
12 21 00000110 2 match 5
23 32 00000110 2 match 5
34 43 00000100 1
45 54 00000000 a
56 65 10000010 2
67 76 10011110 5
70 07 00100111 4

02 20 00100110 3
13 31 00000110 2 match 5
24 42 00000100 1
35 53 00000010 1
46 64 00011100 3 match 6
57 75 10100010 3 match 7
60 06 00000110 2 match 5
71 17 00001111 4

03 30 00000110 2 match 5
14 41 00001100 2
25 52 10100010 3 match 7
36 63 00000110 2 match 5
47 74 00011100 3 match 6
50 05 00100010 2
61 16 00001110 3
72 27 10100110 4

04 40 00000100 1
15 51 00000010 1
26 62 10000110 3
37 73 00000110 2 match 5

Matching output
0 absent
1 absent
2 absent
3 absent
4 absent
5 12 21 23 32 13 31 60 06 03 30 36 63 37 73
6 46 64 47 74
7 57 75 25 52

Left
none
Best: none

Right
57 46 35x
75 64 53x
25 14x
52 41x
Best: AND57 46: 2

OR
01 10 00101111 5
12 21 10101111 6
23 32 10100110 4
34 43 00011110 4
45 54 10111110 6
56 65 10111110 6
67 76 10111111 7
70 07 10111111 7

02 20 10100111 5
13 31 00001111 4
24 42 10111110 6
35 53 10100110 4
46 64 10011110 5
57 75 10111111 7
60 06 10111111 7
71 17 10111111 7

03 30 00100111 4
14 41 00011111 5
25 52 10100110 4
36 63 10011110 5
47 74 10111111 7
50 05 10100111 5
61 16 10011111 6
72 27 10111111 7

04 40 00111111 6
15 51 10101111 6
26 62 10111110 6
37 73 10111111 7

Matching output
0 absent
1 absent
2 absent
3 absent
4 absent
5 absent
6 absent
7 absent

Left
none
Best: none

Right
none
Best: none

XOR
01 10 00101000 2
12 21 10101001 4
23 32 10100000 2
34 43 00011010 3
45 54 10111110 6
56 65 00111100 4
67 76 00100001 2
70 07 10011000 3 match 0

02 20 10000001 2
13 31 00001001 2
24 42 10111010 5
35 53 10100100 3
46 64 10000010 2
57 75 00011101 4
60 06 10111001 5
71 17 10110000 3

03 30 00100001 2
14 41 00010011 3
25 52 00000100 1
36 63 10011000 3 match 0
47 74 10100011 4 match 1
50 05 10000101 3 match 2
61 16 10010001 3 match 3
72 27 00011001 3 match 4

04 40 00111011 5
15 51 10101101 5
26 62 00111000 3
37 73 10111001 5

Matching output
0 70 07 36 63
1 47 74
2 50 05
3 61 16
4 72 27
5 absent
6 absent
7 absent

Left
70 01x
07 10x
36 47 50 61 72 03x
63 74 05 16 27 30x
Best: XOR36 47 50 61 72: 5

Right
none
Best: none

AND-NOT
01 00100000 1
12 00001001 2
23 10100000 2
34 00000010 1
45 00011100 3 match 6
56 00100000 1
67 00000000 a
70 10011000 3 match 0

02 00000001 1
13 00001001 2
24 10100010 3 match 7
35 00000100 1
46 00000000 a
57 00000000 a
60 10011000 3 match 0
71 10110000 3

03 00100001 2
14 00000011 2
25 00000100 1
36 00000000 a
47 00000000 a
50 10000000 1
61 10010000 2
72 00011001 3 match 4

04 00100011 3
15 00001101 3
26 00100000 1
37 00000000 a
40 00011000 2
51 10100000 2
62 00011000 2
73 10111001 5

05 00000101 2
16 00000001 1
27 00000000 a
30 00000000 a
41 00010000 1
52 00000000 a
63 10011000 3 match 0
74 10100011 4 match 1

06 00100001 2
17 00000000 a
20 10000000 1
31 00000000 a
42 00011000 2
53 10100000 2
64 10000010 2
75 00011101 4

07 00000000 a
10 00001000 1
21 10100000 2
32 00000000 a
43 00011000 2
54 10100010 3 match 7
65 00011100 3 match 6
76 00100001 2

Matching output
0 70 60 63
1 74
2 absent
3 absent
4 72
5 absent
6 45 65
7 24 54

Left
70 01x
60 71x
63 74 05x
Best: AND-NOT63 74: 2

Right
24 13x
54 43x
Best: AND-NOT24: 1

OR-NOT
01 11110111 7
12 01011111 6
23 11111111 a
34 11100111 6
45 01011101 5
56 11100011 5
67 11011110 6
70 11111111 a

02 01111111 7
13 11111111 a
24 11100111 6
35 01011111 6
46 01111101 6
57 11100010 4
60 11011110 6
71 11111111 a

03 11111111 a
14 11101111 7
25 11111111 a
36 01100111 5
47 01011100 4
50 11111010 6
61 11111110 7
72 11111111 a

04 11100111 6
15 01011111 6
26 11100111 6
37 01000110 3
40 11011100 5
51 11110010 5
62 11011111 7
73 11111111 a

05 01111111 7
16 01101111 6
27 11100110 5
30 11011110 6
41 11111100 6
52 11111011 7
63 11111111 a
74 11111111 a

06 01100111 5
17 01001111 5
20 11111110 7
31 11110110 6
42 01011101 5
53 11111011 7
64 11111111 a
75 11111111 a

07 01100111 5
10 11011111 7
21 11110110 6
32 01011111 6
43 11111101 7
54 11100011 5
65 11011111 7
76 11111111 a

Matching output
0 absent
1 absent
2 absent
3 absent
4 absent
5 absent
6 absent
7 absent

Left
none
Best: none

Right
none
Best: none

XOR-NOT
01 11010111 6
12 01010110 4
23 01011111 6
34 11100101 5
45 01000001 2
56 11000011 4
67 11011110 6
70 01100111 5

02 01111110 6
13 11110110 6
24 01000101 3
35 01011011 5
46 01111101 6
57 11100010 4
60 01000110 3
71 01001111 5

03 11011110 6
14 11101100 5
25 11111011 7
36 01100111 5
47 01011100 4
50 01111010 5
61 01101110 5
72 11100110 5

04 11000100 3
15 01010010 3
26 11000111 5
37 01000110 3
40 11000100 3
51 01010010 3
62 11000111 5
73 01000110 3

05 01111010 5
16 01101110 5
27 11100110 5
30 11011110 6
41 11101100 5
52 11111011 7
63 01100111 5
74 01011100 4

06 01000110 3
17 01001111 5
20 01111110 6
31 11110110 6
42 01000101 3
53 01011011 5
64 01111101 6
75 11100010 4

07 01100111 5
10 11010111 6
21 01010110 4
32 01011111 6
43 11100101 5
54 01000001 2
65 11000011 4
76 11011110 6

Matching output
0 absent
1 absent
2 absent
3 absent
4 absent
5 absent
6 absent
7 absent

Left
none
Best: none

Right
none
Best: none

Selecting

Lefts
Identity none
NOT none
Constant none
AND none
OR none
XOR XOR36 47 50 61 72: 5
AND-NOT AND-NOT63 74: 2
OR-NOT none
XOR-NOT none

Rights
Identity I5 4 3: 3
NOT none
Constant none
AND AND57 46: 2
OR none
XOR none
AND-NOT AND-NOT24: 1
OR-NOT none
XOR-NOT none

Left longest: 5
Right longest: 3

Left winner: Identity no, NOT no, Constant no, AND no, OR no, XOR yes, AND-NOT no, OR-NOT no, XOR-NOT no
Right winner: Identity yes, NOT no, Constant no, AND no, OR no, XOR no, AND-NOT no, OR-NOT no, XOR-NOT no

Best left: XOR36 47 50 61 72: 5
Best right: I5 4 3: 3

Truncated left: XOR36 47 50 61 72: 5
Truncated right: I5 4 3: 3

Tentative from right
7 I5
6 I4
5 I3
4 pending
3 pending
2 pending
1 pending
0 pending

Tentative
0 XOR36
1 XOR47
2 XOR50
3 XOR61
4 XOR72
5 I3
6 I4
7 I5

Preferred from left
0 XOR36
1 XOR47
2 XOR50
3 XOR61
4 XOR72
5 I3
6 I4
7 I5

Preferred from right
7 I5
6 I4
5 I3
4 XOR72
3 XOR61
2 XOR50
1 XOR47
0 XOR36

Preferred
0 XOR36
1 XOR47
2 XOR50
3 XOR61
4 XOR72
5 I3
6 I4
7 I5

Matching
0 XOR36
1 XOR47
2 XOR50
3 XOR61
4 XOR72
5 I3
6 I4
7 I5

Perfect match
Identity no
NOT no
Constant no
AND no
OR no
XOR no
AND-NOT no
OR-NOT no
XOR-NOT no

Matched
0 XOR36
1 XOR47
2 XOR50
3 XOR61
4 XOR72
5 I3
6 I4
7 I5

Selected
0 XOR36
1 XOR47
2 XOR50
3 XOR61
4 XOR72
5 I3
6 I4
7 I5

Applying to 10000110
Input
0 1
1 0
2 0
3 0
4 0
5 1
6 1
7 0
Output
0 XOR36 = XOR(0,1) = 1
1 XOR47 = XOR(0,0) = 0
2 XOR50 = XOR(1,1) = 0
3 XOR61 = XOR(1,0) = 1
4 XOR72 = XOR(0,0) = 0
5 I3 = 0
6 I4 = 0
7 I5 = 1

I will now return the answer in \boxed{}
The answer in \boxed{–} is \boxed{10010001}