We need to deduce the transformation by matching the example outputs.
I will put my final answer inside \boxed{}.

Output 0: 10100011
0 1
1 0
2 1
3 0
4 0
5 0
6 1
7 1

Output 1: 10100110
0 1
1 0
2 1
3 0
4 0
5 1
6 1
7 0

Output 2: 00001001
0 0
1 0
2 0
3 0
4 1
5 0
6 0
7 1

Output 3: 11011001
0 1
1 1
2 0
3 1
4 1
5 0
6 0
7 1

Output 4: 01110100
0 0
1 1
2 1
3 1
4 0
5 1
6 0
7 0

Output 5: 00011111
0 0
1 0
2 0
3 1
4 1
5 1
6 1
7 1

Output 6: 00001101
0 0
1 0
2 0
3 0
4 1
5 1
6 0
7 1

Output 7: 11011010
0 1
1 1
2 0
3 1
4 1
5 0
6 1
7 0

Output bit columns (with bitsum as hash)
0 11010001 4
1 00011001 3
2 11001000 3
3 00011101 4
4 00110111 5
5 01001110 4
6 11000101 4
7 10110110 5

Input 0: 11011100
0 1
1 1
2 0
3 1
4 1
5 1
6 0
7 0

Input 1: 01010110
0 0
1 1
2 0
3 1
4 0
5 1
6 1
7 0

Input 2: 10001100
0 1
1 0
2 0
3 0
4 1
5 1
6 0
7 0

Input 3: 01101010
0 0
1 1
2 1
3 0
4 1
5 0
6 1
7 0

Input 4: 10110001
0 1
1 0
2 1
3 1
4 0
5 0
6 0
7 1

Input 5: 00001111
0 0
1 0
2 0
3 0
4 1
5 1
6 1
7 1

Input 6: 10001110
0 1
1 0
2 0
3 0
4 1
5 1
6 1
7 0

Input 7: 11100011
0 1
1 1
2 1
3 0
4 0
5 0
6 1
7 1

When matching output
x: not in operator
y: wrong position

Identity
0 10101011 5
1 11010001 4 match 0
2 00011001 3 match 1
3 11001000 3 match 2
4 10110110 5 match 7
5 11100110 5
6 01010111 5
7 00001101 3

Matching output
0 1
1 2
2 3
3 absent
4 absent
5 absent
6 absent
7 4

Left
1 2 3 4y
Best: I1 2 3: 3

Right
4 3y
Best: I4: 1

NOT
0 01010100 3
1 00101110 4
2 11100110 5
3 00110111 5 match 4
4 01001001 3
5 00011001 3 match 1
6 10101000 3
7 11110010 5

Matching output
0 absent
1 5
2 absent
3 absent
4 3
5 absent
6 absent
7 absent

Left
none
Best: none

Right
none
Best: none

Constant
0 00000000 a
1 11111111 a

Matching output
0 absent
1 absent
2 absent
3 absent
4 absent
5 absent
6 absent
7 absent

Left
none
Best: none

Right
none
Best: none

AND
01 10 10000001 2
12 21 00010001 2
23 32 00001000 1
34 43 10000000 1
45 54 10100110 4
56 65 01000110 3
67 76 00000101 2
70 07 00001001 2

02 20 00001001 2
13 31 11000000 2
24 42 00010000 1
35 53 11000000 2
46 64 00010110 3
57 75 00000100 1
60 06 00000011 2
71 17 00000001 1

03 30 10001000 2
14 41 10010000 2
25 52 00000000 a
36 63 01000000 1
47 74 00000100 1
50 05 10100010 3
61 16 01010001 3
72 27 00001001 2

04 40 10100010 3
15 51 11000000 2
26 62 00010001 2
37 73 00001000 1

Matching output
0 absent
1 absent
2 absent
3 absent
4 absent
5 absent
6 absent
7 absent

Left
none
Best: none

Right
none
Best: none

OR
01 10 11111011 7
12 21 11011001 5
23 32 11011001 5
34 43 11111110 7
45 54 11110110 6
56 65 11110111 7
67 76 01011111 6
70 07 10101111 6

02 20 10111011 6
13 31 11011001 5
24 42 10111111 7
35 53 11101110 6
46 64 11110111 7
57 75 11101111 7
60 06 11111111 a
71 17 11011101 6

03 30 11101011 6
14 41 11110111 7
25 52 11111111 a
36 63 11011111 7
47 74 10111111 7
50 05 11101111 7
61 16 11010111 6
72 27 00011101 4 match 3

04 40 10111111 7
15 51 11110111 7
26 62 01011111 6
37 73 11001101 5

Matching output
0 absent
1 absent
2 absent
3 72 27
4 absent
5 absent
6 absent
7 absent

Left
none
Best: none

Right
none
Best: none

XOR
01 10 01111010 5
12 21 11001000 3 match 2
23 32 11010001 4 match 0
34 43 01111110 6
45 54 01010000 2
56 65 10110001 4
67 76 01011010 4
70 07 10100110 4

02 20 10110010 4
13 31 00011001 3 match 1
24 42 10101111 6
35 53 00101110 4
46 64 11100001 4
57 75 11101011 6
60 06 11111100 6
71 17 11011100 5

03 30 01100011 4
14 41 01100111 5
25 52 11111111 a
36 63 10011111 6
47 74 10111011 6
50 05 01001101 4
61 16 10000110 3
72 27 00010100 2

04 40 00011101 4 match 3
15 51 00110111 5 match 4
26 62 01001110 4 match 5
37 73 11000101 4 match 6

Matching output
0 23 32
1 13 31
2 12 21
3 04 40
4 15 51
5 26 62
6 37 73
7 absent

Left
23 34x
32 43x
Best: XOR23: 1

Right
none
Best: none

AND-NOT
01 00101010 3
12 11000000 2
23 00010001 2
34 01001000 2
45 00010000 1
56 10100000 2
67 01010010 3
70 00000100 1

02 10100010 3
13 00010001 2
24 00001001 2
35 00001000 1
46 10100000 2
57 11100010 4
60 01010100 3
71 00001100 2

03 00100011 3
14 01000001 2
25 00011001 3 match 1
36 10001000 2
47 10110010 4
50 01000100 2
61 00000110 2
72 00000100 1

04 00001001 2
15 00010001 2
26 00001000 1
37 11000000 2
40 00010100 2
51 00100110 3
62 01000110 3
73 00000101 2

05 00001001 2
16 10000000 1
27 00010000 1
30 01000000 1
41 00100110 3
52 11100110 5
63 00010111 4
74 00001001 2

06 10101000 3
17 11010000 3
20 00010000 1
31 00001000 1
42 10100110 4
53 00100110 3
64 01000001 2
75 00001001 2

07 10100010 3
10 01010000 2
21 00001000 1
32 11000000 2
43 00110110 4
54 01000000 1
65 00010001 2
76 00001000 1

Matching output
0 absent
1 25
2 absent
3 absent
4 absent
5 absent
6 absent
7 absent

Left
none
Best: none

Right
none
Best: none

OR-NOT
01 10101111 6
12 11110111 7
23 00111111 6
34 11001001 4
45 10111111 7
56 11101110 6
67 11110111 7
70 01011101 5

02 11101111 7
13 11110111 7
24 01011001 4
35 11011001 5
46 10111110 6
57 11110110 6
60 01010111 5
71 00101111 5

03 10111111 7
14 11011001 5
25 00011001 3 match 1
36 11101000 4
47 11110110 6
50 11110110 6
61 01111111 7
72 11101111 7

04 11101011 6
15 11011001 5
26 10111001 5
37 11111010 6
40 11110110 6
51 11101110 6
62 11110111 7
73 00111111 6

05 10111011 6
16 11111001 6
27 11111011 7
30 11011100 5
41 10111110 6
52 11100110 5
63 01110111 6
74 01001101 4

06 10101011 5
17 11110011 6
20 01011101 5
31 11101110 6
42 11110110 6
53 11110111 7
64 01011111 6
75 00011101 4 match 3

07 11111011 7
10 11010101 5
21 00111111 6
32 11101110 6
43 10110111 6
54 11101111 7
65 01011111 6
76 10101101 5

Matching output
0 absent
1 25
2 absent
3 75
4 absent
5 absent
6 absent
7 absent

Left
none
Best: none

Right
none
Best: none

XOR-NOT
01 10000101 3
12 00110111 5 match 4
23 00101110 4
34 10000001 2
45 10101111 6
56 01001110 4 match 5
67 10100101 4
70 01011001 4

02 01001101 4
13 11100110 5
24 01010000 2
35 11010001 4 match 0
46 00011110 4
57 00010100 2
60 00000011 2
71 00100011 3

03 10011100 4
14 10011000 3
25 00000000 a
36 01100000 2
47 01000100 2
50 10110010 4
61 01111001 5
72 11101011 6

04 11100010 4
15 11001000 3 match 2
26 10110001 4
37 00111010 4
40 11100010 4
51 11001000 3 match 2
62 10110001 4
73 00111010 4

05 10110010 4
16 01111001 5
27 11101011 6
30 10011100 4
41 10011000 3
52 00000000 a
63 01100000 2
74 01000100 2

06 00000011 2
17 00100011 3
20 01001101 4
31 11100110 5
42 01010000 2
53 11010001 4 match 0
64 00011110 4
75 00010100 2

07 01011001 4
10 10000101 3
21 00110111 5 match 4
32 00101110 4
43 10000001 2
54 10101111 6
65 01001110 4 match 5
76 10100101 4

Matching output
0 35 53
1 absent
2 15 51
3 absent
4 12 21
5 56 65
6 absent
7 absent

Left
35 46x
53 64x
Best: XOR-NOT35: 1

Right
none
Best: none

Selecting

Lefts
Identity I1 2 3: 3
NOT none
Constant none
AND none
OR none
XOR XOR23: 1
AND-NOT none
OR-NOT none
XOR-NOT XOR-NOT35: 1

Rights
Identity I4: 1
NOT none
Constant none
AND none
OR none
XOR none
AND-NOT none
OR-NOT none
XOR-NOT none

Left longest: 3
Right longest: 1

Left winner: Identity yes, NOT no, Constant no, AND no, OR no, XOR no, AND-NOT no, OR-NOT no, XOR-NOT no
Right winner: Identity yes, NOT no, Constant no, AND no, OR no, XOR no, AND-NOT no, OR-NOT no, XOR-NOT no

Best left: I1 2 3: 3
Best right: I4: 1

Truncated left: I1 2 3: 3
Truncated right: I4: 1

Tentative from right
7 I4
6 pending
5 pending
4 pending
3 pending
2 pending
1 pending
0 pending

Tentative
0 I1
1 I2
2 I3
3 pending
4 pending
5 pending
6 pending
7 I4

Preferred from left
0 I1
1 I2
2 I3
3 ?4?
4 ?5?
5 ?6?
6 ?7?
7 I4

Preferred from right
7 I4
6 ?73
5 ?62
4 ?51
3 ?40
2 I3
1 I2
0 I1

Preferred
0 I1
1 I2
2 I3
3 ?40 ?04
4 ?51 ?15
5 ?62 ?26
6 ?73 ?37
7 I4

Matching
0 I1
1 I2
2 I3
3 ?40 ?04 - Identity absent, NOT absent, Constant absent, AND absent, OR absent, XOR40, AND-NOT absent, OR-NOT absent, XOR-NOT absent
4 ?51 ?15 - Identity absent, NOT absent, Constant absent, AND absent, OR absent, XOR51, AND-NOT absent, OR-NOT absent, XOR-NOT absent
5 ?62 ?26 - Identity absent, NOT absent, Constant absent, AND absent, OR absent, XOR62, AND-NOT absent, OR-NOT absent, XOR-NOT absent
6 ?73 ?37 - Identity absent, NOT absent, Constant absent, AND absent, OR absent, XOR73, AND-NOT absent, OR-NOT absent, XOR-NOT absent
7 I4

Perfect match
Identity no
NOT no
Constant no
AND no
OR no
XOR yes
AND-NOT no
OR-NOT no
XOR-NOT no

Matched
0 I1
1 I2
2 I3
3 XOR40
4 XOR51
5 XOR62
6 XOR73
7 I4

Selected
0 I1
1 I2
2 I3
3 XOR40
4 XOR51
5 XOR62
6 XOR73
7 I4

Applying to 10000001
Input
0 1
1 0
2 0
3 0
4 0
5 0
6 0
7 1
Output
0 I1 = 0
1 I2 = 0
2 I3 = 0
3 XOR40 = XOR(0,1) = 1
4 XOR51 = XOR(0,0) = 0
5 XOR62 = XOR(0,0) = 0
6 XOR73 = XOR(1,0) = 1
7 I4 = 0

I will now return the answer in \boxed{}
The answer in \boxed{–} is \boxed{00010010}