We need to deduce the transformation by matching the example outputs.
I will put my final answer inside \boxed{}.

Output 0: 00101010
0 0
1 0
2 1
3 0
4 1
5 0
6 1
7 0

Output 1: 00100010
0 0
1 0
2 1
3 0
4 0
5 0
6 1
7 0

Output 2: 00001110
0 0
1 0
2 0
3 0
4 1
5 1
6 1
7 0

Output 3: 00110111
0 0
1 0
2 1
3 1
4 0
5 1
6 1
7 1

Output 4: 00011111
0 0
1 0
2 0
3 1
4 1
5 1
6 1
7 1

Output 5: 00001101
0 0
1 0
2 0
3 0
4 1
5 1
6 0
7 1

Output 6: 00010100
0 0
1 0
2 0
3 1
4 0
5 1
6 0
7 0

Output bit columns (with bitsum as hash)
0 0000000 a
1 0000000 a
2 1101000 3
3 0001101 3
4 1010110 4
5 0011111 5
6 1111100 5
7 0001110 3

Input 0: 10101010
0 1
1 0
2 1
3 0
4 1
5 0
6 1
7 0

Input 1: 10001001
0 1
1 0
2 0
3 0
4 1
5 0
6 0
7 1

Input 2: 00111000
0 0
1 0
2 1
3 1
4 1
5 0
6 0
7 0

Input 3: 11011100
0 1
1 1
2 0
3 1
4 1
5 1
6 0
7 0

Input 4: 01111100
0 0
1 1
2 1
3 1
4 1
5 1
6 0
7 0

Input 5: 00110101
0 0
1 0
2 1
3 1
4 0
5 1
6 0
7 1

Input 6: 01010001
0 0
1 1
2 0
3 1
4 0
5 0
6 0
7 1

When matching output
x: not in operator
y: wrong position

Identity
0 1101000 3 match 2
1 0001101 3 match 3
2 1010110 4 match 4
3 0011111 5 match 5
4 1111100 5 match 6
5 0001110 3 match 7
6 1000000 1
7 0100011 3

Matching output
0 absent
1 absent
2 0
3 1
4 2
5 3
6 4
7 5

Left
none
Best: none

Right
5 4 3 2 1 0 7x
Best: I5 4 3 2 1 0: 6

NOT
0 0010111 4
1 1110010 4
2 0101001 3
3 1100000 2
4 0000011 2
5 1110001 4
6 0111111 6
7 1011100 4

Matching output
0 absent
1 absent
2 absent
3 absent
4 absent
5 absent
6 absent
7 absent

Left
none
Best: none

Right
none
Best: none

Constant
0 0000000 a match 0 1
1 1111111 a

Matching output
0 C0
1 C0
2 absent
3 absent
4 absent
5 absent
6 absent
7 absent

Left
0 0
Best: C0 0: 2

Right
none
Best: none

AND
01 10 0001000 1
12 21 0000100 1
23 32 0010110 3
34 43 0011100 3
45 54 0001100 2
56 65 0000000 a match 0 1
67 76 0000000 a match 0 1
70 07 0100000 1

02 20 1000000 1
13 31 0001101 3 match 3
24 42 1010100 3
35 53 0001110 3 match 7
46 64 1000000 1
57 75 0000010 1
60 06 1000000 1
71 17 0000001 1

03 30 0001000 1
14 41 0001100 2
25 52 0000110 2
36 63 0000000 a match 0 1
47 74 0100000 1
50 05 0001000 1
61 16 0000000 a match 0 1
72 27 0000010 1

04 40 1101000 3 match 2
15 51 0001100 2
26 62 1000000 1
37 73 0000011 2

Matching output
0 56 65 67 76 36 63 61 16
1 56 65 67 76 36 63 61 16
2 04 40
3 13 31
4 absent
5 absent
6 absent
7 35 53

Left
56 67 70x
65 76 07x
67 70x
76 07x
36 47x
63 74x
61 72x
16 27x
Best: AND56 67: 2

Right
35 24x
53 42x
Best: AND35: 1

OR
01 10 1101101 5
12 21 1011111 6
23 32 1011111 6
34 43 1111111 a
45 54 1111110 6
56 65 1001110 4
67 76 1100011 4
70 07 1101011 5

02 20 1111110 6
13 31 0011111 5 match 5
24 42 1111110 6
35 53 0011111 5 match 5
46 64 1111100 5 match 6
57 75 0101111 5
60 06 1101000 3 match 2
71 17 0101111 5

03 30 1111111 a
14 41 1111101 6
25 52 1011110 5
36 63 1011111 6
47 74 1111111 a
50 05 1101110 5
61 16 1001101 4
72 27 1110111 6

04 40 1111100 5 match 6
15 51 0001111 4
26 62 1010110 4 match 4
37 73 0111111 6

Matching output
0 absent
1 absent
2 60 06
3 absent
4 26 62
5 13 31 35 53
6 46 64 04 40
7 absent

Left
none
Best: none

Right
none
Best: none

XOR
01 10 1100101 4
12 21 1011011 5
23 32 1001001 3
34 43 1100011 4
45 54 1110010 4
56 65 1001110 4
67 76 1100011 4
70 07 1001011 4

02 20 0111110 5
13 31 0010010 2
24 42 0101010 3
35 53 0010001 2
46 64 0111100 4
57 75 0101101 4
60 06 0101000 2
71 17 0101110 4

03 30 1110111 6
14 41 1110001 4
25 52 1011000 3
36 63 1011111 6
47 74 1011111 6
50 05 1100110 4
61 16 1001101 4
72 27 1110101 5

04 40 0010100 2
15 51 0000011 2
26 62 0010110 3
37 73 0111100 4

Matching output
0 absent
1 absent
2 absent
3 absent
4 absent
5 absent
6 absent
7 absent

Left
none
Best: none

Right
none
Best: none

AND-NOT
01 1100000 2
12 0001001 2
23 1000000 1
34 0000011 2
45 1110000 3
56 0001110 3 match 7
67 1000000 1
70 0000011 2

02 0101000 2
13 0000000 a match 0 1
24 0000010 1
35 0010001 2
46 0111100 4
57 0001100 2
60 0000000 a match 0 1
71 0100010 2

03 1100000 2
14 0000001 1
25 1010000 2
36 0011111 5 match 5
47 1011100 4
50 0000110 2
61 1000000 1
72 0100001 2

04 0000000 a match 0 1
15 0000001 1
26 0010110 3
37 0011100 3
40 0010100 2
51 0000010 1
62 0000000 a match 0 1
73 0100000 1

05 1100000 2
16 0001101 3 match 3
27 1010100 3
30 0010111 4
41 1110000 3
52 0001000 1
63 1000000 1
74 0000011 2

06 0101000 2
17 0001100 2
20 0010110 3
31 0010010 2
42 0101000 2
53 0000000 a match 0 1
64 0000000 a match 0 1
75 0100001 2

07 1001000 2
10 0000101 2
21 1010010 3
32 0001001 2
43 1100000 2
54 0000010 1
65 1000000 1
76 0100011 3

Matching output
0 13 60 04 62 53 64
1 13 60 04 62 53 64
2 absent
3 16
4 absent
5 36
6 absent
7 56

Left
13 24x
60 71x
04 15x
62 73x
53 64 75x
64 75x
Best: AND-NOT53 64: 2

Right
56 45x
Best: AND-NOT56: 1

OR-NOT
01 1111010 5
12 0101101 4
23 1110110 5
34 0011111 5 match 5
45 1111101 6
56 0111111 6
67 1011100 4
70 0110111 5

02 1101001 4
13 1101101 5
24 1010111 5
35 1111111 a
46 1111111 a
57 1011110 5
60 1010111 5
71 1110011 5

03 1101000 3 match 2
14 0001111 4
25 1110111 6
36 0111111 6
47 1111100 5 match 6
50 0011111 5 match 5
61 1110010 4
72 0101011 4

04 1101011 5
15 1111101 6
26 1111111 a
37 1011111 6
40 1111111 a
51 1111110 6
62 1101001 4
73 1100011 4

05 1111001 5
16 0111111 6
27 1011110 5
30 0011111 5 match 5
41 1111110 6
52 0101111 5
63 1100000 2
74 0100011 3

06 1111111 a
17 1011101 5
20 1010111 5
31 1111111 a
42 1111101 6
53 1101110 5
64 1000011 3
75 1110011 5

07 1111100 5 match 6
10 0011111 5 match 5
21 1110110 5
32 0111111 6
43 1111100 5 match 6
54 0001111 4
65 1110001 4
76 0111111 6

Matching output
0 absent
1 absent
2 03
3 absent
4 absent
5 34 50 30 10
6 47 07 43
7 absent

Left
none
Best: none

Right
none
Best: none

XOR-NOT
01 0011010 3
12 0100100 2
23 0110110 4
34 0011100 3
45 0001101 3 match 3
56 0110001 3
67 0011100 3
70 0110100 3

02 1000001 2
13 1101101 5
24 1010101 4
35 1101110 5
46 1000011 3
57 1010010 3
60 1010111 5
71 1010001 3

03 0001000 1
14 0001110 3 match 7
25 0100111 4
36 0100000 1
47 0100000 1
50 0011001 3
61 0110010 3
72 0001010 2

04 1101011 5
15 1111100 5 match 6
26 1101001 4
37 1000011 3
40 1101011 5
51 1111100 5 match 6
62 1101001 4
73 1000011 3

05 0011001 3
16 0110010 3
27 0001010 2
30 0001000 1
41 0001110 3 match 7
52 0100111 4
63 0100000 1
74 0100000 1

06 1010111 5
17 1010001 3
20 1000001 2
31 1101101 5
42 1010101 4
53 1101110 5
64 1000011 3
75 1010010 3

07 0110100 3
10 0011010 3
21 0100100 2
32 0110110 4
43 0011100 3
54 0001101 3 match 3
65 0110001 3
76 0011100 3

Matching output
0 absent
1 absent
2 absent
3 45 54
4 absent
5 absent
6 15 51
7 14 41

Left
none
Best: none

Right
14 03x
41 30x
Best: XOR-NOT14: 1

Selecting

Lefts
Identity none
NOT none
Constant C0 0: 2
AND AND56 67: 2
OR none
XOR none
AND-NOT AND-NOT53 64: 2
OR-NOT none
XOR-NOT none

Rights
Identity I5 4 3 2 1 0: 6
NOT none
Constant none
AND AND35: 1
OR none
XOR none
AND-NOT AND-NOT56: 1
OR-NOT none
XOR-NOT XOR-NOT14: 1

Left longest: 2
Right longest: 6

Right winner: Identity yes, NOT no, Constant no, AND no, OR no, XOR no, AND-NOT no, OR-NOT no, XOR-NOT no
Left winner: Identity no, NOT no, Constant yes, AND no, OR no, XOR no, AND-NOT no, OR-NOT no, XOR-NOT no

Best right: I5 4 3 2 1 0: 6
Best left: C0 0: 2

Truncated right: I5 4 3 2 1 0: 6
Truncated left: C0 0: 2

Tentative from right
7 I5
6 I4
5 I3
4 I2
3 I1
2 I0
1 pending
0 pending

Tentative
0 C0
1 C0
2 I0
3 I1
4 I2
5 I3
6 I4
7 I5

Preferred from right
7 I5
6 I4
5 I3
4 I2
3 I1
2 I0
1 C0
0 C0

Preferred from left
0 C0
1 C0
2 I0
3 I1
4 I2
5 I3
6 I4
7 I5

Preferred
0 C0
1 C0
2 I0
3 I1
4 I2
5 I3
6 I4
7 I5

Matching
0 C0
1 C0
2 I0
3 I1
4 I2
5 I3
6 I4
7 I5

Perfect match
Identity no
NOT no
Constant no
AND no
OR no
XOR no
AND-NOT no
OR-NOT no
XOR-NOT no

Matched
0 C0
1 C0
2 I0
3 I1
4 I2
5 I3
6 I4
7 I5

Selected
0 C0
1 C0
2 I0
3 I1
4 I2
5 I3
6 I4
7 I5

Applying to 11100011
Input
0 1
1 1
2 1
3 0
4 0
5 0
6 1
7 1
Output
0 C0 = 0
1 C0 = 0
2 I0 = 1
3 I1 = 1
4 I2 = 1
5 I3 = 0
6 I4 = 0
7 I5 = 0

I will now return the answer in \boxed{}
The answer in \boxed{–} is \boxed{00111000}