We need to deduce the transformation by matching the example outputs.
I will put my final answer inside \boxed{}.

Output 0: 01011101
0 0
1 1
2 0
3 1
4 1
5 1
6 0
7 1

Output 1: 01110101
0 0
1 1
2 1
3 1
4 0
5 1
6 0
7 1

Output 2: 10011001
0 1
1 0
2 0
3 1
4 1
5 0
6 0
7 1

Output 3: 01000000
0 0
1 1
2 0
3 0
4 0
5 0
6 0
7 0

Output 4: 01011101
0 0
1 1
2 0
3 1
4 1
5 1
6 0
7 1

Output 5: 00010100
0 0
1 0
2 0
3 1
4 0
5 1
6 0
7 0

Output 6: 10010001
0 1
1 0
2 0
3 1
4 0
5 0
6 0
7 1

Output 7: 01110000
0 0
1 1
2 1
3 1
4 0
5 0
6 0
7 0

Output 8: 01010100
0 0
1 1
2 0
3 1
4 0
5 1
6 0
7 0

Output bit columns (with bitsum as hash)
0 001000100 2
1 110110011 6
2 010000010 2
3 111011111 8
4 101010000 3
5 110011001 5
6 000000000 a
7 111010100 5

Input 0: 11010111
0 1
1 1
2 0
3 1
4 0
5 1
6 1
7 1

Input 1: 11011101
0 1
1 1
2 0
3 1
4 1
5 1
6 0
7 1

Input 2: 11100110
0 1
1 1
2 1
3 0
4 0
5 1
6 1
7 0

Input 3: 01010000
0 0
1 1
2 0
3 1
4 0
5 0
6 0
7 0

Input 4: 10010111
0 1
1 0
2 0
3 1
4 0
5 1
6 1
7 1

Input 5: 00000101
0 0
1 0
2 0
3 0
4 0
5 1
6 0
7 1

Input 6: 10100100
0 1
1 0
2 1
3 0
4 0
5 1
6 0
7 0

Input 7: 01011100
0 0
1 1
2 0
3 1
4 1
5 1
6 0
7 0

Input 8: 01010101
0 0
1 1
2 0
3 1
4 0
5 1
6 0
7 1

When matching output
x: not in operator
y: wrong position

Identity
0 111010100 5 match 7
1 111100011 6
2 001000100 2 match 0
3 110110011 6 match 1
4 010000010 2 match 2
5 111011111 8 match 3
6 101010000 3 match 4
7 110011001 5 match 5

Matching output
0 2
1 3
2 4
3 5
4 6
5 7
6 absent
7 0

Left
2 3 4 5 6 7 0y
Best: I2 3 4 5 6 7: 6

Right
0 7y
Best: I0: 1

NOT
0 000101011 4
1 000011100 3
2 110111011 7
3 001001100 3
4 101111101 7
5 000100000 1
6 010101111 6
7 001100110 4

Matching output
0 absent
1 absent
2 absent
3 absent
4 absent
5 absent
6 absent
7 absent

Left
none
Best: none

Right
none
Best: none

Constant
0 000000000 a match 6
1 111111111 a

Matching output
0 absent
1 absent
2 absent
3 absent
4 absent
5 absent
6 C0
7 absent

Left
none
Best: none

Right
none
Best: none

AND
01 10 111000000 3
12 21 001000000 1
23 32 000000000 a match 6
34 43 010000010 2 match 2
45 54 010000010 2 match 2
56 65 101010000 3 match 4
67 76 100010000 2
70 07 110010000 3

02 20 001000100 2 match 0
13 31 110100011 5
24 42 000000000 a match 6
35 53 110010011 5
46 64 000000000 a match 6
57 75 110011001 5 match 5
60 06 101010000 3 match 4
71 17 110000001 3

03 30 110010000 3
14 41 010000010 2 match 2
25 52 001000100 2 match 0
36 63 100010000 2
47 74 010000000 1
50 05 111010100 5 match 7
61 16 101000000 2
72 27 000000000 a match 6

04 40 010000000 1
15 51 111000011 5
26 62 001000000 1
37 73 110010001 4

Matching output
0 02 20 25 52
1 absent
2 34 43 45 54 14 41
3 absent
4 56 65 60 06
5 57 75
6 23 32 24 42 46 64 72 27
7 50 05

Left
02 13x
20 31x
25 36x
52 63x
Best: AND02: 1

Right
50 47x
05 74x
Best: AND50: 1

OR
01 10 111110111 8
12 21 111100111 7
23 32 111110111 8
34 43 110110011 6 match 1
45 54 111011111 8 match 3
56 65 111011111 8 match 3
67 76 111011001 6
70 07 111011101 7

02 20 111010100 5 match 7
13 31 111110011 7
24 42 011000110 4
35 53 111111111 a
46 64 111010010 5
57 75 111011111 8 match 3
60 06 111010100 5 match 7
71 17 111111011 8

03 30 111110111 8
14 41 111100011 6
25 52 111011111 8 match 3
36 63 111110011 7
47 74 110011011 6
50 05 111011111 8 match 3
61 16 111110011 7
72 27 111011101 7

04 40 111010110 6
15 51 111111111 a
26 62 101010100 4
37 73 110111011 7

Matching output
0 absent
1 34 43
2 absent
3 45 54 56 65 57 75 25 52 50 05
4 absent
5 absent
6 absent
7 02 20 60 06

Left
none
Best: none

Right
02 71x
20 17x
60 57y
06 75y
Best: OR02: 1

XOR
01 10 000110111 5
12 21 110100111 6
23 32 111110111 8
34 43 100110001 4
45 54 101011101 6
56 65 010001111 5
67 76 011001001 4
70 07 001001101 4

02 20 110010000 3
13 31 001010000 2
24 42 011000110 4
35 53 001101100 4
46 64 111010010 5
57 75 001000110 3
60 06 010000100 2
71 17 001111010 5

03 30 001100111 5
14 41 101100001 4
25 52 110011011 6
36 63 011100011 5
47 74 100011011 5
50 05 000001011 3
61 16 010110011 5
72 27 111011101 7

04 40 101010110 5
15 51 000111100 4
26 62 100010100 3
37 73 000101010 3

Matching output
0 absent
1 absent
2 absent
3 absent
4 absent
5 absent
6 absent
7 absent

Left
none
Best: none

Right
none
Best: none

AND-NOT
01 000010100 2
12 110100011 5
23 001000100 2 match 0
34 100110001 4
45 000000000 a match 6
56 010001111 5
67 001000000 1
70 000001001 2

02 110010000 3
13 001000000 1
24 001000100 2 match 0
35 000100000 1
46 010000010 2 match 2
57 001000110 3
60 000000000 a match 6
71 000011000 2

03 001000100 2 match 0
14 101100001 4
25 000000000 a match 6
36 010100011 4
47 000000010 1
50 000001011 3
61 000010000 1
72 110011001 5 match 5

04 101010100 4
15 000100000 1
26 000000100 1
37 000100010 2
40 000000010 1
51 000011100 3
62 100010000 2
73 000001000 1

05 000000000 a match 6
16 010100011 4
27 001000100 2 match 0
30 000100011 3
41 000000000 a match 6
52 110011011 6
63 001000000 1
74 100011001 4

06 010000100 2
17 001100010 3
20 000000000 a match 6
31 000010000 1
42 010000010 2 match 2
53 001001100 3
64 101010000 3 match 4
75 000000000 a match 6

07 001000100 2 match 0
10 000100011 3
21 000000100 1
32 110110011 6 match 1
43 000000000 a match 6
54 101011101 6
65 000000000 a match 6
76 010001001 3

Matching output
0 23 24 03 27 07
1 32
2 46 42
3 absent
4 64
5 72
6 45 60 25 05 41 20 75 43 65
7 absent

Left
23 34x
24 35x
03 14x
27 30x
07 10x
Best: AND-NOT23: 1

Right
none
Best: none

OR-NOT
01 111011100 6
12 111111011 8
23 001001100 3
34 111111111 a
45 010100010 3
56 111111111 a
67 101110110 6
70 110111011 7

02 111111111 a
13 111101111 8
24 101111101 7
35 110110011 6 match 1
46 010101111 6
57 111111111 a
60 101111011 7
71 110011101 6

03 111011100 6
14 111111111 a
25 001100100 3
36 110111111 8
47 011100110 5
50 111111111 a
61 101011100 5
72 110111011 7

04 111111101 8
15 111100011 6
26 011101111 7
37 111110111 8
40 010101011 5
51 111011111 8 match 3
62 111111011 8
73 111011101 7

05 111110100 6
16 111101111 8
27 001100110 4
30 110111011 7
41 010011110 5
52 111111111 a
63 101011100 5
74 111111101 8

06 111111111 a
17 111100111 7
20 001101111 6
31 110111111 8
42 110111011 7
53 111011111 8 match 3
64 101111101 7
75 110111001 6

07 111110110 7
10 111101011 7
21 001011100 4
32 110111011 7
43 011001110 5
54 111111111 a
65 101110000 4
76 110111111 8

Matching output
0 absent
1 35
2 absent
3 51 53
4 absent
5 absent
6 absent
7 absent

Left
none
Best: none

Right
none
Best: none

XOR-NOT
01 111001000 4
12 001011000 3
23 000001000 1
34 011001110 5
45 010100010 3
56 101110000 4
67 100110110 5
70 110110010 5

02 001101111 6
13 110101111 7
24 100111001 5
35 110010011 5
46 000101101 4
57 110111001 6
60 101111011 7
71 110000101 4

03 110011000 4
14 010011110 5
25 001100100 3
36 100011100 4
47 011100100 4
50 111110100 6
61 101001100 4
72 000100010 2

04 010101001 4
15 111000011 5
26 011101011 6
37 111010101 6
40 010101001 4
51 111000011 5
62 011101011 6
73 111010101 6

05 111110100 6
16 101001100 4
27 000100010 2
30 110011000 4
41 010011110 5
52 001100100 3
63 100011100 4
74 011100100 4

06 101111011 7
17 110000101 4
20 001101111 6
31 110101111 7
42 100111001 5
53 110010011 5
64 000101101 4
75 110111001 6

07 110110010 5
10 111001000 4
21 001011000 3
32 000001000 1
43 011001110 5
54 010100010 3
65 101110000 4
76 100110110 5

Matching output
0 absent
1 absent
2 absent
3 absent
4 absent
5 absent
6 absent
7 absent

Left
none
Best: none

Right
none
Best: none

Selecting

Lefts
Identity I2 3 4 5 6 7: 6
NOT none
Constant none
AND AND02: 1
OR none
XOR none
AND-NOT AND-NOT23: 1
OR-NOT none
XOR-NOT none

Rights
Identity I0: 1
NOT none
Constant none
AND AND50: 1
OR OR02: 1
XOR none
AND-NOT none
OR-NOT none
XOR-NOT none

Left longest: 6
Right longest: 1

Left winner: Identity yes, NOT no, Constant no, AND no, OR no, XOR no, AND-NOT no, OR-NOT no, XOR-NOT no
Right winner: Identity yes, NOT no, Constant no, AND no, OR no, XOR no, AND-NOT no, OR-NOT no, XOR-NOT no

Best left: I2 3 4 5 6 7: 6
Best right: I0: 1

Truncated left: I2 3 4 5 6 7: 6
Truncated right: I0: 1

Tentative from right
7 I0
6 pending
5 pending
4 pending
3 pending
2 pending
1 pending
0 pending

Tentative
0 I2
1 I3
2 I4
3 I5
4 I6
5 I7
6 pending
7 I0

Preferred from left
0 I2
1 I3
2 I4
3 I5
4 I6
5 I7
6 ?0?
7 I0

Preferred from right
7 I0
6 ?07
5 I7
4 I6
3 I5
2 I4
1 I3
0 I2

Preferred
0 I2
1 I3
2 I4
3 I5
4 I6
5 I7
6 ?07 ?70
7 I0

Matching
0 I2
1 I3
2 I4
3 I5
4 I6
5 I7
6 ?07 ?70 - Identity absent, NOT absent, Constant C0, AND absent, OR absent, XOR absent, AND-NOT absent, OR-NOT absent, XOR-NOT absent
7 I0

Perfect match
Identity no
NOT no
Constant yes
AND no
OR no
XOR no
AND-NOT no
OR-NOT no
XOR-NOT no

Matched
0 I2
1 I3
2 I4
3 I5
4 I6
5 I7
6 C0
7 I0

Selected
0 I2
1 I3
2 I4
3 I5
4 I6
5 I7
6 C0
7 I0

Applying to 10000110
Input
0 1
1 0
2 0
3 0
4 0
5 1
6 1
7 0
Output
0 I2 = 0
1 I3 = 0
2 I4 = 0
3 I5 = 1
4 I6 = 1
5 I7 = 0
6 C0 = 0
7 I0 = 1

I will now return the answer in \boxed{}
The answer in \boxed{–} is \boxed{00011001}