We need to deduce the transformation by matching the example outputs.
I will put my final answer inside \boxed{}.

Output 0: 00010011
0 0
1 0
2 0
3 1
4 0
5 0
6 1
7 1

Output 1: 10010010
0 1
1 0
2 0
3 1
4 0
5 0
6 1
7 0

Output 2: 01001001
0 0
1 1
2 0
3 0
4 1
5 0
6 0
7 1

Output 3: 10010110
0 1
1 0
2 0
3 1
4 0
5 1
6 1
7 0

Output 4: 00001011
0 0
1 0
2 0
3 0
4 1
5 0
6 1
7 1

Output 5: 01000110
0 0
1 1
2 0
3 0
4 0
5 1
6 1
7 0

Output 6: 01000010
0 0
1 1
2 0
3 0
4 0
5 0
6 1
7 0

Output 7: 00101001
0 0
1 0
2 1
3 0
4 1
5 0
6 0
7 1

Output bit columns (with bitsum as hash)
0 01010000 2
1 00100110 3
2 00000001 1
3 11010000 3
4 00101001 3
5 00010100 2
6 11011110 6
7 10101001 4

Input 0: 11100111
0 1
1 1
2 1
3 0
4 0
5 1
6 1
7 1

Input 1: 10110110
0 1
1 0
2 1
3 1
4 0
5 1
6 1
7 0

Input 2: 01011010
0 0
1 1
2 0
3 1
4 1
5 0
6 1
7 0

Input 3: 10110101
0 1
1 0
2 1
3 1
4 0
5 1
6 0
7 1

Input 4: 11100011
0 1
1 1
2 1
3 0
4 0
5 0
6 1
7 1

Input 5: 10011001
0 1
1 0
2 0
3 1
4 1
5 0
6 0
7 1

Input 6: 10011000
0 1
1 0
2 0
3 1
4 1
5 0
6 0
7 0

Input 7: 01001010
0 0
1 1
2 0
3 0
4 1
5 0
6 1
7 0

When matching output
x: not in operator
y: wrong position

Identity
0 11011110 6 match 6
1 10101001 4 match 7
2 11011000 4
3 01110110 5
4 00100111 4
5 11010000 3 match 3
6 11101001 5
7 10011100 4

Matching output
0 absent
1 absent
2 absent
3 5
4 absent
5 absent
6 0
7 1

Left
none
Best: none

Right
1 0 7x
Best: I1 0: 2

NOT
0 00100001 2
1 01010110 4
2 00100111 4
3 10001001 3
4 11011000 4
5 00101111 5
6 00010110 3
7 01100011 4

Matching output
0 absent
1 absent
2 absent
3 absent
4 absent
5 absent
6 absent
7 absent

Left
none
Best: none

Right
none
Best: none

Constant
0 00000000 a
1 11111111 a

Matching output
0 absent
1 absent
2 absent
3 absent
4 absent
5 absent
6 absent
7 absent

Left
none
Best: none

Right
none
Best: none

AND
01 10 10001000 2
12 21 10001000 2
23 32 01010000 2 match 0
34 43 00100110 3 match 1
45 54 00000000 a
56 65 11000000 2
67 76 10001000 2
70 07 10011100 4

02 20 11011000 4
13 31 00100000 1
24 42 00000000 a
35 53 01010000 2 match 0
46 64 00100001 2
57 75 10010000 2
60 06 11001000 3
71 17 10001000 2

03 30 01010110 4
14 41 00100001 2
25 52 11010000 3 match 3
36 63 01100000 2
47 74 00000100 1
50 05 11010000 3 match 3
61 16 10101001 4 match 7
72 27 10011000 3

04 40 00000110 2
15 51 10000000 1
26 62 11001000 3
37 73 00010100 2 match 5

Matching output
0 23 32 35 53
1 34 43
2 absent
3 25 52 50 05
4 absent
5 37 73
6 absent
7 61 16

Left
23 34 45x
32 43 54x
35 46x
53 64x
Best: AND23 34: 2

Right
61 50y
16 05y
Best: AND61: 1

OR
01 10 11111111 a
12 21 11111001 6
23 32 11111110 7
34 43 01110111 6
45 54 11110111 7
56 65 11111001 6
67 76 11111101 7
70 07 11011110 6 match 6

02 20 11011110 6 match 6
13 31 11111111 a
24 42 11111111 a
35 53 11110110 6
46 64 11101111 7
57 75 11011100 5
60 06 11111111 a
71 17 10111101 6

03 30 11111110 7
14 41 10101111 6
25 52 11011000 4
36 63 11111111 a
47 74 10111111 7
50 05 11011110 6 match 6
61 16 11101001 5
72 27 11011100 5

04 40 11111111 a
15 51 11111001 6
26 62 11111001 6
37 73 11111110 7

Matching output
0 absent
1 absent
2 absent
3 absent
4 absent
5 absent
6 70 07 02 20 50 05
7 absent

Left
none
Best: none

Right
none
Best: none

XOR
01 10 01110111 6
12 21 01110001 4
23 32 10101110 5
34 43 01010001 3
45 54 11110111 7
56 65 00111001 4
67 76 01110101 5
70 07 01000010 2

02 20 00000110 2
13 31 11011111 7
24 42 11111111 a
35 53 10100110 4
46 64 11001110 5
57 75 01001100 3
60 06 00110111 5
71 17 00110101 4

03 30 10101000 3
14 41 10001110 4
25 52 00001000 1
36 63 10011111 6
47 74 10111011 6
50 05 00001110 3
61 16 01000000 1
72 27 01000100 2

04 40 11111001 6
15 51 01111001 5
26 62 00110001 3
37 73 11101010 5

Matching output
0 absent
1 absent
2 absent
3 absent
4 absent
5 absent
6 absent
7 absent

Left
none
Best: none

Right
none
Best: none

AND-NOT
01 01010110 4
12 00100001 2
23 10001000 2
34 01010000 2 match 0
45 00100111 4
56 00010000 1
67 01100001 3
70 00000000 a

02 00000110 2
13 10001001 3
24 11011000 4
35 00100110 3 match 1
46 00000110 2
57 01000000 1
60 00100001 2
71 00010100 2 match 5

03 10001000 2
14 10001000 2
25 00001000 1
36 00010110 3
47 00100011 3
50 00000000 a
61 01000000 1
72 00000100 1

04 11011000 4
15 00101001 3 match 4
26 00010000 1
37 01100010 3
40 00100001 2
51 01010000 2 match 0
62 00100001 2
73 10001000 2

05 00001110 3
16 00000000 a
27 01000000 1
30 00100000 1
41 00000110 2
52 00000000 a
63 10001001 3
74 10011000 3

06 00010110 3
17 00100001 2
20 00000000 a
31 01010110 4
42 00100111 4
53 10000000 1
64 11001000 3
75 00001100 2

07 01000010 2
10 00100001 2
21 01010000 2 match 0
32 00100110 3 match 1
43 00000001 1 match 2
54 11010000 3 match 3
65 00101001 3 match 4
76 00010100 2 match 5

Matching output
0 34 51 21
1 35 32
2 43
3 54
4 15 65
5 71 76
6 absent
7 absent

Left
34 45x
51 62x
21 32 43 54 65 76 07x
Best: AND-NOT21 32 43 54 65 76: 6

Right
none
Best: none

OR-NOT
01 11011110 6 match 6
12 10101111 6
23 11011001 5
34 11111110 7
45 00101111 5
56 11010110 5
67 11101011 6
70 10111101 6

02 11111111 a
13 10101001 4 match 7
24 11011000 4
35 01111111 7
46 00110111 5
57 11110011 6
60 11101001 5
71 11011110 6 match 6

03 11011111 7
14 11111001 6
25 11111111 a
36 01110110 5
47 01100111 5
50 11110001 5
61 11111111 a
72 10111111 7

04 11011110 6 match 6
15 10101111 6
26 11011110 6 match 6
37 01110111 6
40 00100111 4
51 11010110 5
62 11101111 7
73 10011101 5

05 11111111 a
16 10111111 7
27 11111011 7
30 01110111 6
41 01110111 6
52 11110111 7
63 11101001 5
74 11011100 5

06 11011110 6 match 6
17 11101011 6
20 11111001 6
31 01110110 5
42 00100111 4
53 11011001 5
64 11111001 6
75 10111111 7

07 11111111 a
10 10101001 4 match 7
21 11011110 6 match 6
32 01110111 6
43 10101111 6
54 11011000 4
65 11101111 7
76 10011110 5

Matching output
0 absent
1 absent
2 absent
3 absent
4 absent
5 absent
6 01 71 04 26 06 21
7 13 10

Left
none
Best: none

Right
13 02x
10 07x
Best: OR-NOT13: 1

XOR-NOT
01 10001000 2
12 10001110 4
23 01010001 3
34 10101110 5
45 00001000 1
56 11000110 4
67 10001010 3
70 10111101 6

02 11111001 6
13 00100000 1
24 00000000 a
35 01011001 4
46 00110001 3
57 10110011 5
60 11001000 3
71 11001010 4

03 01010111 5
14 01110001 4
25 11110111 7
36 01100000 2
47 01000100 2
50 11110001 5
61 10111111 7
72 10111011 6

04 00000110 2
15 10000110 3
26 11001110 5
37 00010101 3
40 00000110 2
51 10000110 3
62 11001110 5
73 00010101 3

05 11110001 5
16 10111111 7
27 10111011 6
30 01010111 5
41 01110001 4
52 11110111 7
63 01100000 2
74 01000100 2

06 11001000 3
17 11001010 4
20 11111001 6
31 00100000 1
42 00000000 a
53 01011001 4
64 00110001 3
75 10110011 5

07 10111101 6
10 10001000 2
21 10001110 4
32 01010001 3
43 10101110 5
54 00001000 1
65 11000110 4
76 10001010 3

Matching output
0 absent
1 absent
2 absent
3 absent
4 absent
5 absent
6 absent
7 absent

Left
none
Best: none

Right
none
Best: none

Selecting

Lefts
Identity none
NOT none
Constant none
AND AND23 34: 2
OR none
XOR none
AND-NOT AND-NOT21 32 43 54 65 76: 6
OR-NOT none
XOR-NOT none

Rights
Identity I1 0: 2
NOT none
Constant none
AND AND61: 1
OR none
XOR none
AND-NOT none
OR-NOT OR-NOT13: 1
XOR-NOT none

Left longest: 6
Right longest: 2

Left winner: Identity no, NOT no, Constant no, AND no, OR no, XOR no, AND-NOT yes, OR-NOT no, XOR-NOT no
Right winner: Identity yes, NOT no, Constant no, AND no, OR no, XOR no, AND-NOT no, OR-NOT no, XOR-NOT no

Best left: AND-NOT21 32 43 54 65 76: 6
Best right: I1 0: 2

Truncated left: AND-NOT21 32 43 54 65 76: 6
Truncated right: I1 0: 2

Tentative from right
7 I1
6 I0
5 pending
4 pending
3 pending
2 pending
1 pending
0 pending

Tentative
0 AND-NOT21
1 AND-NOT32
2 AND-NOT43
3 AND-NOT54
4 AND-NOT65
5 AND-NOT76
6 I0
7 I1

Preferred from left
0 AND-NOT21
1 AND-NOT32
2 AND-NOT43
3 AND-NOT54
4 AND-NOT65
5 AND-NOT76
6 I0
7 I1

Preferred from right
7 I1
6 I0
5 AND-NOT76
4 AND-NOT65
3 AND-NOT54
2 AND-NOT43
1 AND-NOT32
0 AND-NOT21

Preferred
0 AND-NOT21
1 AND-NOT32
2 AND-NOT43
3 AND-NOT54
4 AND-NOT65
5 AND-NOT76
6 I0
7 I1

Matching
0 AND-NOT21
1 AND-NOT32
2 AND-NOT43
3 AND-NOT54
4 AND-NOT65
5 AND-NOT76
6 I0
7 I1

Perfect match
Identity no
NOT no
Constant no
AND no
OR no
XOR no
AND-NOT no
OR-NOT no
XOR-NOT no

Matched
0 AND-NOT21
1 AND-NOT32
2 AND-NOT43
3 AND-NOT54
4 AND-NOT65
5 AND-NOT76
6 I0
7 I1

Selected
0 AND-NOT21
1 AND-NOT32
2 AND-NOT43
3 AND-NOT54
4 AND-NOT65
5 AND-NOT76
6 I0
7 I1

Applying to 10100101
Input
0 1
1 0
2 1
3 0
4 0
5 1
6 0
7 1
Output
0 AND-NOT21 = AND(1,NOT(0)) = 1
1 AND-NOT32 = AND(0,NOT(1)) = 0
2 AND-NOT43 = AND(0,NOT(0)) = 0
3 AND-NOT54 = AND(1,NOT(0)) = 1
4 AND-NOT65 = AND(0,NOT(1)) = 0
5 AND-NOT76 = AND(1,NOT(0)) = 1
6 I0 = 1
7 I1 = 0

I will now return the answer in \boxed{}
The answer in \boxed{–} is \boxed{10010110}