We need to deduce the transformation by matching the example outputs.
I will put my final answer inside \boxed{}.

Output 0: 00110100
0 0
1 0
2 1
3 1
4 0
5 1
6 0
7 0

Output 1: 10010101
0 1
1 0
2 0
3 1
4 0
5 1
6 0
7 1

Output 2: 00010100
0 0
1 0
2 0
3 1
4 0
5 1
6 0
7 0

Output 3: 01111000
0 0
1 1
2 1
3 1
4 1
5 0
6 0
7 0

Output 4: 10001010
0 1
1 0
2 0
3 0
4 1
5 0
6 1
7 0

Output 5: 11101101
0 1
1 1
2 1
3 0
4 1
5 1
6 0
7 1

Output 6: 10000100
0 1
1 0
2 0
3 0
4 0
5 1
6 0
7 0

Output 7: 10100000
0 1
1 0
2 1
3 0
4 0
5 0
6 0
7 0

Output bit columns (with bitsum as hash)
0 01001111 5
1 00010100 2
2 10010101 4
3 11110000 4
4 00011100 3
5 11100110 5
6 00001000 1
7 01000100 2

Input 0: 11101000
0 1
1 1
2 1
3 0
4 1
5 0
6 0
7 0

Input 1: 10011011
0 1
1 0
2 0
3 1
4 1
5 0
6 1
7 1

Input 2: 10101000
0 1
1 0
2 1
3 0
4 1
5 0
6 0
7 0

Input 3: 11100001
0 1
1 1
2 1
3 0
4 0
5 0
6 0
7 1

Input 4: 01010100
0 0
1 1
2 0
3 1
4 0
5 1
6 0
7 0

Input 5: 01111010
0 0
1 1
2 1
3 1
4 1
5 0
6 1
7 0

Input 6: 10011001
0 1
1 0
2 0
3 1
4 1
5 0
6 0
7 1

Input 7: 01010001
0 0
1 1
2 0
3 1
4 0
5 0
6 0
7 1

When matching output
x: not in operator
y: wrong position

Identity
0 11110010 5
1 10011101 5
2 10110100 4
3 01001111 5 match 0
4 11100110 5 match 5
5 00001000 1 match 6
6 01000100 2 match 7
7 01010011 4

Matching output
0 3
1 absent
2 absent
3 absent
4 absent
5 4
6 5
7 6

Left
3 4y
Best: I3: 1

Right
6 5 4 3y
Best: I6 5 4: 3

NOT
0 00001101 3
1 01100010 3
2 01001011 4
3 10110000 3
4 00011001 3
5 11110111 7
6 10111011 6
7 10101100 4

Matching output
0 absent
1 absent
2 absent
3 absent
4 absent
5 absent
6 absent
7 absent

Left
none
Best: none

Right
none
Best: none

Constant
0 00000000 a
1 11111111 a

Matching output
0 absent
1 absent
2 absent
3 absent
4 absent
5 absent
6 absent
7 absent

Left
none
Best: none

Right
none
Best: none

AND
01 10 10010000 2
12 21 10010100 3
23 32 00000100 1
34 43 01000110 3
45 54 00000000 a
56 65 00000000 a
67 76 01000000 1
70 07 01010010 3

02 20 10110000 3
13 31 00001101 3
24 42 10100100 3
35 53 00001000 1 match 6
46 64 01000100 2 match 7
57 75 00000000 a
60 06 01000000 1
71 17 00010001 2

03 30 01000010 2
14 41 10000100 2
25 52 00000000 a
36 63 01000100 2 match 7
47 74 01000010 2
50 05 00000000 a
61 16 00000100 1
72 27 00010000 1

04 40 11100010 4
15 51 00001000 1 match 6
26 62 00000100 1
37 73 01000011 3

Matching output
0 absent
1 absent
2 absent
3 absent
4 absent
5 absent
6 35 53 15 51
7 46 64 36 63

Left
none
Best: none

Right
46 35 24x
64 53 42x
36 25x
63 52x
Best: AND46 35: 2

OR
01 10 11111111 a
12 21 10111101 6
23 32 11111111 a
34 43 11101111 7
45 54 11101110 6
56 65 01001100 3
67 76 01010111 5
70 07 11110011 6

02 20 11110110 6
13 31 11011111 7
24 42 11110110 6
35 53 01001111 5 match 0
46 64 11100110 5 match 5
57 75 01011011 5
60 06 11110110 6
71 17 11011111 7

03 30 11111111 a
14 41 11111111 a
25 52 10111100 5
36 63 01001111 5 match 0
47 74 11110111 7
50 05 11111010 6
61 16 11011101 6
72 27 11110111 7

04 40 11110110 6
15 51 10011101 5
26 62 11110100 5
37 73 01011111 6

Matching output
0 35 53 36 63
1 absent
2 absent
3 absent
4 absent
5 46 64
6 absent
7 absent

Left
35 46y
53 64y
36 47x
63 74x
Best: OR35: 1

Right
none
Best: none

XOR
01 10 01101111 6
12 21 00101001 3
23 32 11111011 7
34 43 10101001 4
45 54 11101110 6
56 65 01001100 3
67 76 00010111 4
70 07 10100001 3

02 20 01000110 3
13 31 11010010 4
24 42 01010010 3
35 53 01000111 4
46 64 10100010 3
57 75 01011011 5
60 06 10110110 5
71 17 11001110 5

03 30 10111101 6
14 41 01111011 6
25 52 10111100 5
36 63 00001011 3
47 74 10110101 5
50 05 11111010 6
61 16 11011001 5
72 27 11100111 6

04 40 00010100 2 match 1
15 51 10010101 4 match 2
26 62 11110000 4 match 3
37 73 00011100 3 match 4

Matching output
0 absent
1 04 40
2 15 51
3 26 62
4 37 73
5 absent
6 absent
7 absent

Left
none
Best: none

Right
none
Best: none

AND-NOT
01 01100010 3
12 00001001 2
23 10110000 3
34 00001001 2
45 11100110 5 match 5
56 00001000 1 match 6
67 00000100 1
70 00000001 1

02 01000010 2
13 10010000 2
24 00010000 1
35 01000111 4
46 10100010 3
57 00001000 1 match 6
60 00000100 1
71 01000010 2

03 10110000 3
14 00011001 3
25 10110100 4
36 00001011 3
47 10100100 3
50 00001000 1 match 6
61 01000000 1
72 01000011 3

04 00010000 1
15 10010101 4 match 2
26 10110000 3
37 00001100 2
40 00000100 1
51 00000000 a
62 01000000 1
73 00010000 1

05 11110010 5
16 10011001 4
27 10100100 3
30 00001101 3
41 01100010 3
52 00001000 1 match 6
63 00000000 a
74 00010001 2

06 10110010 4
17 10001100 3
20 00000100 1
31 01000010 2
42 01000010 2
53 00000000 a
64 00000000 a
75 01010011 4

07 10100000 2
10 00001101 3
21 00100000 1
32 01001011 4
43 10100000 2
54 00001000 1 match 6
65 01000100 2 match 7
76 00010011 3

Matching output
0 absent
1 absent
2 15
3 absent
4 absent
5 45
6 56 57 50 52 54
7 65

Left
none
Best: none

Right
65 54 43x
Best: AND-NOT65 54: 2

OR-NOT
01 11110010 5
12 11011111 7
23 10110100 4
34 01011111 6
45 11110111 7
56 10111011 6
67 11101100 5
70 01011111 6

02 11111011 7
13 10111101 6
24 10111101 6
35 11111111 a
46 11111111 a
57 10101100 4
60 01001101 4
71 01110011 5

03 11110010 5
14 10011101 5
25 11110111 7
36 11111111 a
47 11101110 6
50 00001101 3
61 01100110 4
72 01011011 5

04 11111011 7
15 11111111 a
26 10111111 7
37 11101111 7
40 11101111 7
51 01101010 4
62 01001111 5 match 0
73 11110011 6

05 11110111 7
16 10111111 7
27 10111100 5
30 01001111 5 match 0
41 11100110 5 match 5
52 01001011 4
63 11110100 5
74 01011011 5

06 11111011 7
17 10111101 6
20 10111101 6
31 01101111 6
42 11101111 7
53 10111000 4
64 01011101 5
75 11110111 7

07 11111110 7
10 10011101 5
21 11110110 6
32 01001111 5 match 0
43 11110110 6
54 00011001 3
65 11110111 7
76 11111011 7

Matching output
0 62 30 32
1 absent
2 absent
3 absent
4 absent
5 41
6 absent
7 absent

Left
62 73x
30 41y
32 43x
Best: OR-NOT62: 1

Right
none
Best: none

XOR-NOT
01 10010000 2
12 11010110 5
23 00000100 1
34 01010110 4
45 00010001 2
56 10110011 5
67 11101000 4
70 01011110 5

02 10111001 5
13 00101101 4
24 10101101 5
35 10111000 4
46 01011101 5
57 10100100 3
60 01001001 3
71 00110001 3

03 01000010 2
14 10000100 2
25 01000011 3
36 11110100 5
47 01001010 3
50 00000101 2
61 00100110 3
72 00011000 2

04 11101011 6
15 01101010 4
26 00001111 4
37 11100011 5
40 11101011 6
51 01101010 4
62 00001111 4
73 11100011 5

05 00000101 2
16 00100110 3
27 00011000 2
30 01000010 2
41 10000100 2
52 01000011 3
63 11110100 5
74 01001010 3

06 01001001 3
17 00110001 3
20 10111001 5
31 00101101 4
42 10101101 5
53 10111000 4
64 01011101 5
75 10100100 3

07 01011110 5
10 10010000 2
21 11010110 5
32 00000100 1
43 01010110 4
54 00010001 2
65 10110011 5
76 11101000 4

Matching output
0 absent
1 absent
2 absent
3 absent
4 absent
5 absent
6 absent
7 absent

Left
none
Best: none

Right
none
Best: none

Selecting

Lefts
Identity I3: 1
NOT none
Constant none
AND none
OR OR35: 1
XOR none
AND-NOT none
OR-NOT OR-NOT62: 1
XOR-NOT none

Rights
Identity I6 5 4: 3
NOT none
Constant none
AND AND46 35: 2
OR none
XOR none
AND-NOT AND-NOT65 54: 2
OR-NOT none
XOR-NOT none

Left longest: 1
Right longest: 3

Right winner: Identity yes, NOT no, Constant no, AND no, OR no, XOR no, AND-NOT no, OR-NOT no, XOR-NOT no
Left winner: Identity yes, NOT no, Constant no, AND no, OR no, XOR no, AND-NOT no, OR-NOT no, XOR-NOT no

Best right: I6 5 4: 3
Best left: I3: 1

Truncated right: I6 5 4: 3
Truncated left: I3: 1

Tentative from right
7 I6
6 I5
5 I4
4 pending
3 pending
2 pending
1 pending
0 pending

Tentative
0 I3
1 pending
2 pending
3 pending
4 pending
5 I4
6 I5
7 I6

Preferred from right
7 I6
6 I5
5 I4
4 ??3
3 ??2
2 ??1
1 ??0
0 I3

Preferred from left
0 I3
1 ?40
2 ?51
3 ?62
4 ?73
5 I4
6 I5
7 I6

Preferred
0 I3
1 ?40 ?04
2 ?51 ?15
3 ?62 ?26
4 ?73 ?37
5 I4
6 I5
7 I6

Matching
0 I3
1 ?40 ?04 - Identity absent, NOT absent, Constant absent, AND absent, OR absent, XOR40, AND-NOT absent, OR-NOT absent, XOR-NOT absent
2 ?51 ?15 - Identity absent, NOT absent, Constant absent, AND absent, OR absent, XOR51, AND-NOT15, OR-NOT absent, XOR-NOT absent
3 ?62 ?26 - Identity absent, NOT absent, Constant absent, AND absent, OR absent, XOR62, AND-NOT absent, OR-NOT absent, XOR-NOT absent
4 ?73 ?37 - Identity absent, NOT absent, Constant absent, AND absent, OR absent, XOR73, AND-NOT absent, OR-NOT absent, XOR-NOT absent
5 I4
6 I5
7 I6

Perfect match
Identity no
NOT no
Constant no
AND no
OR no
XOR yes
AND-NOT no
OR-NOT no
XOR-NOT no

Matched
0 I3
1 XOR40
2 XOR51
3 XOR62
4 XOR73
5 I4
6 I5
7 I6

Selected
0 I3
1 XOR40
2 XOR51
3 XOR62
4 XOR73
5 I4
6 I5
7 I6

Applying to 00111111
Input
0 0
1 0
2 1
3 1
4 1
5 1
6 1
7 1
Output
0 I3 = 1
1 XOR40 = XOR(1,0) = 1
2 XOR51 = XOR(1,0) = 1
3 XOR62 = XOR(1,1) = 0
4 XOR73 = XOR(1,1) = 0
5 I4 = 1
6 I5 = 1
7 I6 = 1

I will now return the answer in \boxed{}
The answer in \boxed{–} is \boxed{11100111}