We need to deduce the transformation by matching the example outputs.
I will put my final answer inside \boxed{}.

Output 0: 01111111
0 0
1 1
2 1
3 1
4 1
5 1
6 1
7 1

Output 1: 00001010
0 0
1 0
2 0
3 0
4 1
5 0
6 1
7 0

Output 2: 00101101
0 0
1 0
2 1
3 0
4 1
5 1
6 0
7 1

Output 3: 11111101
0 1
1 1
2 1
3 1
4 1
5 1
6 0
7 1

Output 4: 00010101
0 0
1 0
2 0
3 1
4 0
5 1
6 0
7 1

Output 5: 10011111
0 1
1 0
2 0
3 1
4 1
5 1
6 1
7 1

Output 6: 01111111
0 0
1 1
2 1
3 1
4 1
5 1
6 1
7 1

Output 7: 00111111
0 0
1 0
2 1
3 1
4 1
5 1
6 1
7 1

Output 8: 11011111
0 1
1 1
2 0
3 1
4 1
5 1
6 1
7 1

Output bit columns (with bitsum as hash)
0 000101001 3
1 100100101 4
2 101100110 5
3 100111111 7
4 111101111 8
5 101111111 8
6 110001111 6
7 101111111 8

Input 0: 11111000
0 1
1 1
2 1
3 1
4 1
5 0
6 0
7 0

Input 1: 00010100
0 0
1 0
2 0
3 1
4 0
5 1
6 0
7 0

Input 2: 01001000
0 0
1 1
2 0
3 0
4 1
5 0
6 0
7 0

Input 3: 11101001
0 1
1 1
2 1
3 0
4 1
5 0
6 0
7 1

Input 4: 00100010
0 0
1 0
2 1
3 0
4 0
5 0
6 1
7 0

Input 5: 00111011
0 0
1 0
2 1
3 1
4 1
5 0
6 1
7 1

Input 6: 11011010
0 1
1 1
2 0
3 1
4 1
5 0
6 1
7 0

Input 7: 01110110
0 0
1 1
2 1
3 1
4 0
5 1
6 1
7 0

Input 8: 10011101
0 1
1 0
2 0
3 1
4 1
5 1
6 0
7 1

When matching output
x: not in operator
y: wrong position

Identity
0 100100101 4 match 1
1 101100110 5 match 2
2 100111010 5
3 110001111 6 match 6
4 101101101 6
5 010000011 3
6 000011110 4
7 000101001 3 match 0

Matching output
0 7
1 0
2 1
3 absent
4 absent
5 absent
6 3
7 absent

Left
7 0 1 2x
Best: I7 0 1: 3

Right
none
Best: none

NOT
0 011011010 5
1 010011001 4
2 011000101 4
3 001110000 3
4 010010010 3
5 101111100 6
6 111100001 5
7 111010110 6

Matching output
0 absent
1 absent
2 absent
3 absent
4 absent
5 absent
6 absent
7 absent

Left
none
Best: none

Right
none
Best: none

Constant
0 000000000 a
1 111111111 a

Matching output
0 absent
1 absent
2 absent
3 absent
4 absent
5 absent
6 absent
7 absent

Left
none
Best: none

Right
none
Best: none

AND
01 10 100100100 3
12 21 100100010 3
23 32 100001010 3
34 43 100001101 4
45 54 000000001 1
56 65 000000010 1
67 76 000001000 1
70 07 000100001 2

02 20 100100000 2
13 31 100000110 3
24 42 100101000 3
35 53 010000011 3
46 64 000001100 2
57 75 000000001 1
60 06 000000100 1
71 17 000100000 1

03 30 100000101 3
14 41 101100100 4
25 52 000000010 1
36 63 000001110 3
47 74 000101001 3 match 0
50 05 000000001 1
61 16 000000110 2
72 27 000101000 2

04 40 100100101 4 match 1
15 51 000000010 1
26 62 000011010 3
37 73 000001001 2

Matching output
0 47 74
1 04 40
2 absent
3 absent
4 absent
5 absent
6 absent
7 absent

Left
47 50x
74 05x
Best: AND47: 1

Right
none
Best: none

OR
01 10 101100111 6
12 21 101111110 7
23 32 110111111 8
34 43 111101111 8 match 4
45 54 111101111 8 match 4
56 65 010011111 6
67 76 000111111 6
70 07 100101101 5

02 20 100111111 7 match 3
13 31 111101111 8 match 4
24 42 101111111 8 match 5 7
35 53 110001111 6 match 6
46 64 101111111 8 match 5 7
57 75 010101011 5
60 06 100111111 7 match 3
71 17 101101111 7

03 30 110101111 7
14 41 101101111 7
25 52 110111011 7
36 63 110011111 7
47 74 101101101 6
50 05 110100111 6
61 16 101111110 7
72 27 100111011 6

04 40 101101101 6
15 51 111100111 7
26 62 100111110 6
37 73 110101111 7

Matching output
0 absent
1 absent
2 absent
3 02 20 60 06
4 34 43 45 54 13 31
5 24 42 46 64
6 35 53
7 24 42 46 64

Left
none
Best: none

Right
24 13y
42 31y
46 35 24 13 02 71x
64 53 42 31 20 17x
Best: OR46 35 24 13 02: 5

XOR
01 10 001000011 3
12 21 001011100 4
23 32 010110101 5
34 43 011100010 4
45 54 111101110 7
56 65 010011101 5
67 76 000110111 5
70 07 100001100 3

02 20 000011111 5
13 31 011101001 5
24 42 001010111 5
35 53 100001100 3
46 64 101110011 6
57 75 010101010 4
60 06 100111011 6
71 17 101001111 6

03 30 010101010 4
14 41 000001011 3
25 52 110111001 6
36 63 110010001 4
47 74 101000100 3
50 05 110100110 5
61 16 101111000 5
72 27 100010011 4

04 40 001001000 2
15 51 111100101 6
26 62 100100100 3
37 73 110100110 5

Matching output
0 absent
1 absent
2 absent
3 absent
4 absent
5 absent
6 absent
7 absent

Left
none
Best: none

Right
none
Best: none

AND-NOT
01 000000001 1
12 001000100 2
23 000110000 2
34 010000010 2
45 101101100 5
56 010000001 2
67 000010110 3
70 000001000 1

02 000000101 2
13 001100000 2
24 000010010 2
35 100001100 3
46 101100001 4
57 010000010 2
60 000011010 3
71 000001001 2

03 000100000 1
14 000000010 1
25 100111000 4
36 110000001 3
47 101000100 3
50 010000010 2
61 000011000 2
72 000000001 1

04 000000000 a
15 101100100 4
26 100100000 2
37 110000110 4
40 001001000 2
51 010000001 2
62 000000100 1
73 000100000 1

05 100100100 3
16 101100000 3
27 100010010 3
30 010001010 3
41 000001001 2
52 010000001 2
63 000010000 1
74 000000000 a

06 100100001 3
17 101000110 4
20 000011010 3
31 010001001 3
42 001000101 3
53 000000000 a
64 000010010 2
75 000101000 2

07 100000100 2
10 001000010 2
21 000011000 2
32 010000101 3
43 001100000 2
54 010000010 2
65 000011100 3
76 000100001 2

Matching output
0 absent
1 absent
2 absent
3 absent
4 absent
5 absent
6 absent
7 absent

Left
none
Best: none

Right
none
Best: none

OR-NOT
01 110111101 7
12 111100111 7
23 101111010 6
34 110011111 7
45 101111101 7
56 111100011 6
67 111011110 7
70 011111011 7

02 111100101 6
13 101110110 6
24 110111010 6
35 111111111 a
46 111101101 7
57 111010111 7
60 011011110 6
71 010111001 5

03 101110101 6
14 111110110 7
25 101111110 7
36 111101111 8 match 4
47 111111111 a
50 011011011 6
61 010011111 6
72 011101101 6

04 110110111 7
15 101111110 7
26 111111011 8
37 111011111 8
40 111111111 a
51 010011011 5
62 011011111 7
73 001111001 5

05 101111101 7
16 111100111 7
27 111111110 8
30 111011111 8
41 111111101 8
52 011000111 5
63 001111110 6
74 010111011 6

06 111100101 6
17 111110110 7
20 111111010 7
31 110011111 7
42 111101101 7
53 011110011 6
64 010011110 5
75 101111101 7

07 111110111 8
10 111111110 8
21 110111011 7
32 111001111 7
43 101111101 7
54 010010011 4
65 101111110 7
76 111101001 6

Matching output
0 absent
1 absent
2 absent
3 absent
4 36
5 absent
6 absent
7 absent

Left
none
Best: none

Right
none
Best: none

XOR-NOT
01 110111100 6
12 110100011 5
23 101001010 4
34 100011101 5
45 000010001 2
56 101100010 4
67 111001000 4
70 011110011 6

02 111100000 4
13 100010110 4
24 110101000 4
35 011110011 6
46 010001100 3
57 101010101 5
60 011000100 3
71 010110000 3

03 101010101 5
14 111110100 6
25 001000110 3
36 001101110 5
47 010111011 6
50 001011001 4
61 010000111 4
72 011101100 5

04 110110111 7
15 000011010 3
26 011011011 6
37 001011001 4
40 110110111 7
51 000011010 3
62 011011011 6
73 001011001 4

05 001011001 4
16 010000111 4
27 011101100 5
30 101010101 5
41 111110100 6
52 001000110 3
63 001101110 5
74 010111011 6

06 011000100 3
17 010110000 3
20 111100000 4
31 100010110 4
42 110101000 4
53 011110011 6
64 010001100 3
75 101010101 5

07 011110011 6
10 110111100 6
21 110100011 5
32 101001010 4
43 100011101 5
54 000010001 2
65 101100010 4
76 111001000 4

Matching output
0 absent
1 absent
2 absent
3 absent
4 absent
5 absent
6 absent
7 absent

Left
none
Best: none

Right
none
Best: none

Selecting

Lefts
Identity I7 0 1: 3
NOT none
Constant none
AND AND47: 1
OR none
XOR none
AND-NOT none
OR-NOT none
XOR-NOT none

Rights
Identity none
NOT none
Constant none
AND none
OR OR46 35 24 13 02: 5
XOR none
AND-NOT none
OR-NOT none
XOR-NOT none

Left longest: 3
Right longest: 5

Right winner: Identity no, NOT no, Constant no, AND no, OR yes, XOR no, AND-NOT no, OR-NOT no, XOR-NOT no
Left winner: Identity yes, NOT no, Constant no, AND no, OR no, XOR no, AND-NOT no, OR-NOT no, XOR-NOT no

Best right: OR46 35 24 13 02: 5
Best left: I7 0 1: 3

Truncated right: OR46 35 24 13 02: 5
Truncated left: I7 0 1: 3

Tentative from right
7 OR46
6 OR35
5 OR24
4 OR13
3 OR02
2 pending
1 pending
0 pending

Tentative
0 I7
1 I0
2 I1
3 OR02
4 OR13
5 OR24
6 OR35
7 OR46

Preferred from right
7 OR46
6 OR35
5 OR24
4 OR13
3 OR02
2 I1
1 I0
0 I7

Preferred from left
0 I7
1 I0
2 I1
3 OR02
4 OR13
5 OR24
6 OR35
7 OR46

Preferred
0 I7
1 I0
2 I1
3 OR02
4 OR13
5 OR24
6 OR35
7 OR46

Matching
0 I7
1 I0
2 I1
3 OR02
4 OR13
5 OR24
6 OR35
7 OR46

Perfect match
Identity no
NOT no
Constant no
AND no
OR no
XOR no
AND-NOT no
OR-NOT no
XOR-NOT no

Matched
0 I7
1 I0
2 I1
3 OR02
4 OR13
5 OR24
6 OR35
7 OR46

Selected
0 I7
1 I0
2 I1
3 OR02
4 OR13
5 OR24
6 OR35
7 OR46

Applying to 00111010
Input
0 0
1 0
2 1
3 1
4 1
5 0
6 1
7 0
Output
0 I7 = 0
1 I0 = 0
2 I1 = 0
3 OR02 = OR(0,1) = 1
4 OR13 = OR(0,1) = 1
5 OR24 = OR(1,1) = 1
6 OR35 = OR(1,0) = 1
7 OR46 = OR(1,1) = 1

I will now return the answer in \boxed{}
The answer in \boxed{–} is \boxed{00011111}