We need to deduce the transformation by matching the example outputs.
I will put my final answer inside \boxed{}.

Output 0: 00000110
0 0
1 0
2 0
3 0
4 0
5 1
6 1
7 0

Output 1: 00000101
0 0
1 0
2 0
3 0
4 0
5 1
6 0
7 1

Output 2: 00001101
0 0
1 0
2 0
3 0
4 1
5 1
6 0
7 1

Output 3: 00011000
0 0
1 0
2 0
3 1
4 1
5 0
6 0
7 0

Output 4: 00101010
0 0
1 0
2 1
3 0
4 1
5 0
6 1
7 0

Output 5: 00111110
0 0
1 0
2 1
3 1
4 1
5 1
6 1
7 0

Output 6: 00000110
0 0
1 0
2 0
3 0
4 0
5 1
6 1
7 0

Output 7: 10000011
0 1
1 0
2 0
3 0
4 0
5 0
6 1
7 1

Output bit columns (with bitsum as hash)
0 00000001 1
1 00000000 a
2 00001100 2
3 00010100 2
4 00111100 4
5 11100110 5
6 10001111 5
7 01100001 3

Input 0: 10001101
0 1
1 0
2 0
3 0
4 1
5 1
6 0
7 1

Input 1: 00001010
0 0
1 0
2 0
3 0
4 1
5 0
6 1
7 0

Input 2: 00011011
0 0
1 0
2 0
3 1
4 1
5 0
6 1
7 1

Input 3: 00110000
0 0
1 0
2 1
3 1
4 0
5 0
6 0
7 0

Input 4: 11010100
0 1
1 1
2 0
3 1
4 0
5 1
6 0
7 0

Input 5: 01111100
0 0
1 1
2 1
3 1
4 1
5 1
6 0
7 0

Input 6: 10001100
0 1
1 0
2 0
3 0
4 1
5 1
6 0
7 0

Input 7: 00100111
0 0
1 0
2 1
3 0
4 0
5 1
6 1
7 1

When matching output
x: not in operator
y: wrong position

Identity
0 10001010 3
1 00001100 2 match 2
2 00010101 3
3 00111100 4 match 4
4 11100110 5 match 5
5 10001111 5 match 6
6 01100001 3 match 7
7 10100001 3

Matching output
0 absent
1 absent
2 1
3 absent
4 3
5 4
6 5
7 6

Left
none
Best: none

Right
6 5 4 3 2x
Best: I6 5 4 3: 4

NOT
0 01110101 5
1 11110011 6
2 11101010 5
3 11000011 4
4 00011001 3
5 01110000 3
6 10011110 5
7 01011110 5

Matching output
0 absent
1 absent
2 absent
3 absent
4 absent
5 absent
6 absent
7 absent

Left
none
Best: none

Right
none
Best: none

Constant
0 00000000 a match 1
1 11111111 a

Matching output
0 absent
1 C0
2 absent
3 absent
4 absent
5 absent
6 absent
7 absent

Left
none
Best: none

Right
none
Best: none

AND
01 10 00001000 1
12 21 00000100 1
23 32 00010100 2 match 3
34 43 00100100 2
45 54 10000110 3
56 65 00000001 1 match 0
67 76 00100001 2
70 07 10000000 1

02 20 00000000 a match 1
13 31 00001100 2 match 2
24 42 00000100 1
35 53 00001100 2 match 2
46 64 01100000 2
57 75 10000001 2
60 06 00000000 a match 1
71 17 00000000 a match 1

03 30 00001000 1
14 41 00000100 1
25 52 00000101 2
36 63 00100000 1
47 74 10100000 2
50 05 10001010 3
61 16 00000000 a match 1
72 27 00000001 1 match 0

04 40 10000010 2
15 51 00001100 2 match 2
26 62 00000001 1 match 0
37 73 00100000 1

Matching output
0 56 65 72 27 26 62
1 02 20 60 06 71 17 61 16
2 13 31 35 53 15 51
3 23 32
4 absent
5 absent
6 absent
7 absent

Left
56 67x
65 76x
72 03x
27 30x
26 37x
62 73x
Best: AND56: 1

Right
none
Best: none

OR
01 10 10001110 4
12 21 00011101 4
23 32 00111101 5
34 43 11111110 7
45 54 11101111 7
56 65 11101111 7
67 76 11100001 4
70 07 10101011 5

02 20 10011111 6
13 31 00111100 4 match 4
24 42 11110111 7
35 53 10111111 7
46 64 11100111 6
57 75 10101111 6
60 06 11101011 6
71 17 10101101 5

03 30 10111110 6
14 41 11101110 6
25 52 10011111 6
36 63 01111101 6
47 74 11100111 6
50 05 10001111 5 match 6
61 16 01101101 5
72 27 10110101 5

04 40 11101110 6
15 51 10001111 5 match 6
26 62 01110101 5
37 73 10111101 6

Matching output
0 absent
1 absent
2 absent
3 absent
4 13 31
5 absent
6 50 05 15 51
7 absent

Left
none
Best: none

Right
none
Best: none

XOR
01 10 10000110 3
12 21 00011001 3
23 32 00101001 3
34 43 11011010 5
45 54 01101001 4
56 65 11101110 6
67 76 11000000 2
70 07 00101011 4

02 20 10011111 6
13 31 00110000 2
24 42 11110011 6
35 53 10110011 5
46 64 10000111 4
57 75 00101110 4
60 06 11101011 6
71 17 10101101 5

03 30 10110110 5
14 41 11101010 5
25 52 10011010 4
36 63 01011101 5
47 74 01000111 4
50 05 00000101 2
61 16 01101101 5
72 27 10110100 4

04 40 01101100 4
15 51 10000011 3
26 62 01110100 4
37 73 10011101 5

Matching output
0 absent
1 absent
2 absent
3 absent
4 absent
5 absent
6 absent
7 absent

Left
none
Best: none

Right
none
Best: none

AND-NOT
01 10000010 2
12 00001000 1
23 00000001 1 match 0
34 00011000 2
45 01100000 2
56 10001110 4
67 01000000 1
70 00100001 2

02 10001010 3
13 00000000 a match 1
24 00010001 2
35 00110000 2
46 10000110 3
57 00001110 3
60 01100001 3 match 7
71 10100001 3

03 10000010 2
14 00001000 1
25 00010000 1
36 00011100 3
47 01000110 3
50 00000101 2
61 01100001 3 match 7
72 10100000 2

04 00001000 1
15 00000000 a match 1
26 00010100 2 match 3
37 00011100 3
40 01100100 3
51 10000011 3
62 01100000 2
73 10000001 2

05 00000000 a match 1
16 00001100 2 match 2
27 00010100 2 match 3
30 00110100 3
41 11100010 4
52 10001010 3
63 01000001 2
74 00000001 1 match 0

06 10001010 3
17 00001100 2 match 2
20 00010101 3
31 00110000 2
42 11100010 4
53 10000011 3
64 00000001 1 match 0
75 00100000 1

07 00001010 2
10 00000100 1
21 00010001 2
32 00101000 2
43 11000010 3
54 00001001 2
65 01100000 2
76 10000000 1

Matching output
0 23 74 64
1 13 15 05
2 16 17
3 26 27
4 absent
5 absent
6 absent
7 60 61

Left
23 34x
74 05 16 27 30x
64 75x
Best: AND-NOT74 05 16 27: 4

Right
60 57x
61 50x
Best: AND-NOT60: 1

OR-NOT
01 11111011 7
12 11101110 6
23 11010111 6
34 00111101 5
45 11110110 6
56 10011111 6
67 01111111 7
70 11110101 6

02 11101010 5
13 11001111 6
24 00011101 4
35 01111100 5
46 11111110 7
57 11011111 7
60 01110101 5
71 11110011 6

03 11001011 5
14 00011101 4
25 01110101 5
36 10111110 6
47 11111110 7
50 11111111 a
61 11110011 6
72 11101011 6

04 10011011 5
15 01111100 5
26 10011111 6
37 01111110 6
40 11110111 7
51 11111111 a
62 11101011 6
73 11100011 5

05 11111010 6
16 10011110 5
27 01011111 6
30 01111101 6
41 11110111 7
52 11101111 7
63 11100011 5
74 10111001 5

06 10011110 5
17 01011110 5
20 01110101 5
31 11111111 a
42 11101110 6
53 11001111 6
64 01111001 5
75 11110001 5

07 11011110 6
10 01111101 6
21 11110111 7
32 11111110 7
43 11100111 6
54 10011111 6
65 01110001 4
76 10111111 7

Matching output
0 absent
1 absent
2 absent
3 absent
4 absent
5 absent
6 absent
7 absent

Left
none
Best: none

Right
none
Best: none

XOR-NOT
01 01111001 5
12 11100110 5 match 5
23 11010110 5
34 00100101 3
45 10010110 4
56 00010001 2
67 00111111 6
70 11010100 4

02 01100000 2
13 11001111 6
24 00001100 2 match 2
35 01001100 3
46 01111000 4
57 11010001 4
60 00010100 2 match 3
71 01010010 3

03 01001001 3
14 00010101 3
25 01100101 4
36 10100010 3
47 10111000 4
50 11111010 6
61 10010010 3
72 01001011 4

04 10010011 4
15 01111100 5
26 10001011 4
37 01100010 3
40 10010011 4
51 01111100 5
62 10001011 4
73 01100010 3

05 11111010 6
16 10010010 3
27 01001011 4
30 01001001 3
41 00010101 3
52 01100101 4
63 10100010 3
74 10111000 4

06 00010100 2 match 3
17 01010010 3
20 01100000 2
31 11001111 6
42 00001100 2 match 2
53 01001100 3
64 01111000 4
75 11010001 4

07 11010100 4
10 01111001 5
21 11100110 5 match 5
32 11010110 5
43 00100101 3
54 10010110 4
65 00010001 2
76 00111111 6

Matching output
0 absent
1 absent
2 24 42
3 60 06
4 absent
5 12 21
6 absent
7 absent

Left
none
Best: none

Right
none
Best: none

Selecting

Lefts
Identity none
NOT none
Constant none
AND AND56: 1
OR none
XOR none
AND-NOT AND-NOT74 05 16 27: 4
OR-NOT none
XOR-NOT none

Rights
Identity I6 5 4 3: 4
NOT none
Constant none
AND none
OR none
XOR none
AND-NOT AND-NOT60: 1
OR-NOT none
XOR-NOT none

Left longest: 4
Right longest: 4

Left winner: Identity no, NOT no, Constant no, AND no, OR no, XOR no, AND-NOT yes, OR-NOT no, XOR-NOT no
Right winner: Identity yes, NOT no, Constant no, AND no, OR no, XOR no, AND-NOT no, OR-NOT no, XOR-NOT no

Best left: AND-NOT74 05 16 27: 4
Best right: I6 5 4 3: 4

Truncated left: AND-NOT74 05 16 27: 4
Truncated right: I6 5 4 3: 4

Tentative from right
7 I6
6 I5
5 I4
4 I3
3 pending
2 pending
1 pending
0 pending

Tentative
0 AND-NOT74
1 AND-NOT05
2 AND-NOT16
3 AND-NOT27
4 I3
5 I4
6 I5
7 I6

Preferred from left
0 AND-NOT74
1 AND-NOT05
2 AND-NOT16
3 AND-NOT27
4 I3
5 I4
6 I5
7 I6

Preferred from right
7 I6
6 I5
5 I4
4 I3
3 AND-NOT27
2 AND-NOT16
1 AND-NOT05
0 AND-NOT74

Preferred
0 AND-NOT74
1 AND-NOT05
2 AND-NOT16
3 AND-NOT27
4 I3
5 I4
6 I5
7 I6

Matching
0 AND-NOT74
1 AND-NOT05
2 AND-NOT16
3 AND-NOT27
4 I3
5 I4
6 I5
7 I6

Perfect match
Identity no
NOT no
Constant no
AND no
OR no
XOR no
AND-NOT no
OR-NOT no
XOR-NOT no

Matched
0 AND-NOT74
1 AND-NOT05
2 AND-NOT16
3 AND-NOT27
4 I3
5 I4
6 I5
7 I6

Selected
0 AND-NOT74
1 AND-NOT05
2 AND-NOT16
3 AND-NOT27
4 I3
5 I4
6 I5
7 I6

Applying to 00010101
Input
0 0
1 0
2 0
3 1
4 0
5 1
6 0
7 1
Output
0 AND-NOT74 = AND(1,NOT(0)) = 1
1 AND-NOT05 = AND(0,NOT(1)) = 0
2 AND-NOT16 = AND(0,NOT(0)) = 0
3 AND-NOT27 = AND(0,NOT(1)) = 0
4 I3 = 1
5 I4 = 0
6 I5 = 1
7 I6 = 0

I will now return the answer in \boxed{}
The answer in \boxed{–} is \boxed{10001010}