We need to deduce the transformation by matching the example outputs.
I will put my final answer inside \boxed{}.

Output 0: 11111111
0 1
1 1
2 1
3 1
4 1
5 1
6 1
7 1

Output 1: 10100110
0 1
1 0
2 1
3 0
4 0
5 1
6 1
7 0

Output 2: 01001011
0 0
1 1
2 0
3 0
4 1
5 0
6 1
7 1

Output 3: 01111011
0 0
1 1
2 1
3 1
4 1
5 0
6 1
7 1

Output 4: 11001101
0 1
1 1
2 0
3 0
4 1
5 1
6 0
7 1

Output 5: 00100010
0 0
1 0
2 1
3 0
4 0
5 0
6 1
7 0

Output 6: 01101010
0 0
1 1
2 1
3 0
4 1
5 0
6 1
7 0

Output 7: 11011101
0 1
1 1
2 0
3 1
4 1
5 1
6 0
7 1

Output 8: 00000000
0 0
1 0
2 0
3 0
4 0
5 0
6 0
7 0

Output bit columns (with bitsum as hash)
0 110010010 4
1 101110110 6
2 110101100 5
3 100100010 3
4 101110110 6
5 110010010 4
6 111101100 6
7 101110010 5

Input 0: 00111110
0 0
1 0
2 1
3 1
4 1
5 1
6 1
7 0

Input 1: 11001100
0 1
1 1
2 0
3 0
4 1
5 1
6 0
7 0

Input 2: 01110111
0 0
1 1
2 1
3 1
4 0
5 1
6 1
7 1

Input 3: 00010111
0 0
1 0
2 0
3 1
4 0
5 1
6 1
7 1

Input 4: 11111011
0 1
1 1
2 1
3 1
4 1
5 0
6 1
7 1

Input 5: 11000100
0 1
1 1
2 0
3 0
4 0
5 1
6 0
7 0

Input 6: 01110101
0 0
1 1
2 1
3 1
4 0
5 1
6 0
7 1

Input 7: 11011011
0 1
1 1
2 0
3 1
4 1
5 0
6 1
7 1

Input 8: 00000000
0 0
1 0
2 0
3 0
4 0
5 0
6 0
7 0

When matching output
x: not in operator
y: wrong position

Identity
0 010011010 4
1 011011110 6
2 101010100 4
3 101110110 6 match 1 4
4 110010010 4 match 0 5
5 111101100 6 match 6
6 101110010 5 match 7
7 001110110 5

Matching output
0 4
1 3
2 absent
3 absent
4 3
5 4
6 5
7 6

Left
4 5y
Best: I4: 1

Right
6 5 4 3 2x
Best: I6 5 4 3: 4

NOT
0 101100101 5
1 100100001 3
2 010101011 5
3 010001001 3
4 001101101 5
5 000010011 3
6 010001101 4
7 110001001 4

Matching output
0 absent
1 absent
2 absent
3 absent
4 absent
5 absent
6 absent
7 absent

Left
none
Best: none

Right
none
Best: none

Constant
0 000000000 a
1 111111111 a

Matching output
0 absent
1 absent
2 absent
3 absent
4 absent
5 absent
6 absent
7 absent

Left
none
Best: none

Right
none
Best: none

AND
01 10 010011010 4
12 21 001010100 3
23 32 101010100 4
34 43 100010010 3
45 54 110000000 2
56 65 101100000 3
67 76 001110010 4
70 07 000010010 2

02 20 000010000 1
13 31 001010110 4
24 42 100010000 2
35 53 101100100 4
46 64 100010010 3
57 75 001100100 3
60 06 000010010 2
71 17 001010110 4

03 30 000010010 2
14 41 010010010 3
25 52 101000100 3
36 63 101110010 5 match 7
47 74 000010010 2
50 05 010001000 2
61 16 001010010 3
72 27 001010100 3

04 40 010010010 3
15 51 011001100 4
26 62 101010000 3
37 73 001110110 5

Matching output
0 absent
1 absent
2 absent
3 absent
4 absent
5 absent
6 absent
7 36 63

Left
none
Best: none

Right
36 25x
63 52x
Best: AND36: 1

OR
01 10 011011110 6
12 21 111011110 7
23 32 101110110 6 match 1 4
34 43 111110110 7
45 54 111111110 8
56 65 111111110 8
67 76 101110110 6 match 1 4
70 07 011111110 7

02 20 111011110 7
13 31 111111110 8
24 42 111010110 6
35 53 111111110 8
46 64 111110010 6
57 75 111111110 8
60 06 111111010 7
71 17 011111110 7

03 30 111111110 8
14 41 111011110 7
25 52 111111100 7
36 63 101110110 6 match 1 4
47 74 111110110 7
50 05 111111110 8
61 16 111111110 8
72 27 101110110 6 match 1 4

04 40 110011010 5
15 51 111111110 8
26 62 101110110 6 match 1 4
37 73 101110110 6 match 1 4

Matching output
0 absent
1 23 32 67 76 36 63 72 27 26 62 37 73
2 absent
3 absent
4 23 32 67 76 36 63 72 27 26 62 37 73
5 absent
6 absent
7 absent

Left
none
Best: none

Right
none
Best: none

XOR
01 10 001000100 2
12 21 110001010 4
23 32 000100010 2
34 43 011100100 4
45 54 001111110 6
56 65 010011110 5
67 76 100000100 2
70 07 011101100 5

02 20 111001110 6
13 31 110101000 4
24 42 011000110 4
35 53 010011010 4
46 64 011100000 3
57 75 110011010 5
60 06 111101000 5
71 17 010101000 3

03 30 111101100 6 match 6
14 41 101001100 4
25 52 010111000 4
36 63 000000100 1
47 74 111100100 5
50 05 101110110 6 match 1 4
61 16 110101100 5 match 2
72 27 100100010 3 match 3

04 40 100001000 2
15 51 100110010 4
26 62 000100110 3
37 73 100000000 1

Matching output
0 absent
1 50 05
2 61 16
3 72 27
4 50 05
5 absent
6 03 30
7 absent

Left
none
Best: none

Right
none
Best: none

AND-NOT
01 000000000 a
12 010001010 3
23 000000000 a
34 001100100 3
45 000010010 2
56 010001100 3
67 100000000 1
70 001100100 3

02 010001010 3
13 010001000 2
24 001000100 2
35 000010010 2
46 010000000 1
57 110001000 3
60 101100000 3
71 000100000 1

03 010001000 2
14 001001100 3
25 000010000 1
36 000000100 1
47 110000000 2
50 101100100 4
61 100100000 2
72 000100010 2

04 000001000 1
15 000010010 2
26 000000100 1
37 100000000 1
40 100000000 1
51 100100000 2
62 000100010 2
73 000000000 a

05 000010010 2
16 010001100 3
27 100000000 1
30 101100100 4
41 100000000 1
52 010101000 3
63 000000000 a
74 001100100 3

06 010001000 2
17 010001000 2
20 101000100 3
31 100100000 2
42 010000010 2
53 010001000 2
64 001100000 2
75 000010010 2

07 010001000 2
10 001000100 2
21 100000000 1
32 000100010 2
43 010000000 1
54 001101100 4
65 000010010 2
76 000000100 1

Matching output
0 absent
1 absent
2 absent
3 absent
4 absent
5 absent
6 absent
7 absent

Left
none
Best: none

Right
none
Best: none

OR-NOT
01 110111011 7
12 011111111 8
23 111011101 7
34 101111111 8
45 110010011 5
56 111101101 7
67 111111011 8
70 101110111 7

02 010111011 6
13 011011111 7
24 101111101 7
35 101110111 7
46 110011111 7
57 111101101 7
60 101110111 7
71 101110111 7

03 010011011 5
14 011111111 8
25 101010111 6
36 111111111 a
47 110011011 6
50 111101101 7
61 101110011 6
72 011111111 8

04 011111111 8
15 011011111 7
26 111011101 7
37 111111111 a
40 111110111 8
51 111101101 7
62 111111011 8
73 011111111 8

05 010011011 5
16 011011111 7
27 111011101 7
30 101110111 7
41 110110011 6
52 111101111 8
63 111111011 8
74 001111111 7

06 010011111 6
17 111011111 8
20 101110101 6
31 101110111 7
42 110111011 7
53 111101101 7
64 101111111 8
75 001110111 6

07 110011011 6
10 111111111 a
21 101110101 6
32 111111111 a
43 110011011 6
54 111101101 7
65 101110011 6
76 011111111 8

Matching output
0 absent
1 absent
2 absent
3 absent
4 absent
5 absent
6 absent
7 absent

Left
none
Best: none

Right
none
Best: none

XOR-NOT
01 110111011 7
12 001110101 5
23 111011101 7
34 100011011 5
45 110000001 3
56 101100001 4
67 011111011 7
70 100010011 4

02 000110001 3
13 001010111 5
24 100111001 5
35 101100101 5
46 100011111 6
57 001100101 4
60 000010111 4
71 101010111 6

03 000010011 3
14 010110011 5
25 101000111 5
36 111111011 8
47 000011011 4
50 010001001 3
61 001010011 4
72 011011101 6

04 011110111 7
15 011001101 5
26 111011001 6
37 011111111 8
40 011110111 7
51 011001101 5
62 111011001 6
73 011111111 8

05 010001001 3
16 001010011 4
27 011011101 6
30 000010011 3
41 010110011 5
52 101000111 5
63 111111011 8
74 000011011 4

06 000010111 4
17 101010111 6
20 000110001 3
31 001010111 5
42 100111001 5
53 101100101 5
64 100011111 6
75 001100101 4

07 100010011 4
10 110111011 7
21 001110101 5
32 111011101 7
43 100011011 5
54 110000001 3
65 101100001 4
76 011111011 7

Matching output
0 absent
1 absent
2 absent
3 absent
4 absent
5 absent
6 absent
7 absent

Left
none
Best: none

Right
none
Best: none

Selecting

Lefts
Identity I4: 1
NOT none
Constant none
AND none
OR none
XOR none
AND-NOT none
OR-NOT none
XOR-NOT none

Rights
Identity I6 5 4 3: 4
NOT none
Constant none
AND AND36: 1
OR none
XOR none
AND-NOT none
OR-NOT none
XOR-NOT none

Left longest: 1
Right longest: 4

Right winner: Identity yes, NOT no, Constant no, AND no, OR no, XOR no, AND-NOT no, OR-NOT no, XOR-NOT no
Left winner: Identity yes, NOT no, Constant no, AND no, OR no, XOR no, AND-NOT no, OR-NOT no, XOR-NOT no

Best right: I6 5 4 3: 4
Best left: I4: 1

Truncated right: I6 5 4 3: 4
Truncated left: I4: 1

Tentative from right
7 I6
6 I5
5 I4
4 I3
3 pending
2 pending
1 pending
0 pending

Tentative
0 I4
1 pending
2 pending
3 pending
4 I3
5 I4
6 I5
7 I6

Preferred from right
7 I6
6 I5
5 I4
4 I3
3 ??2
2 ??1
1 ??0
0 I4

Preferred from left
0 I4
1 ?50
2 ?61
3 ?72
4 I3
5 I4
6 I5
7 I6

Preferred
0 I4
1 ?50 ?05
2 ?61 ?16
3 ?72 ?27
4 I3
5 I4
6 I5
7 I6

Matching
0 I4
1 ?50 ?05 - Identity absent, NOT absent, Constant absent, AND absent, OR absent, XOR50, AND-NOT absent, OR-NOT absent, XOR-NOT absent
2 ?61 ?16 - Identity absent, NOT absent, Constant absent, AND absent, OR absent, XOR61, AND-NOT absent, OR-NOT absent, XOR-NOT absent
3 ?72 ?27 - Identity absent, NOT absent, Constant absent, AND absent, OR absent, XOR72, AND-NOT absent, OR-NOT absent, XOR-NOT absent
4 I3
5 I4
6 I5
7 I6

Perfect match
Identity no
NOT no
Constant no
AND no
OR no
XOR yes
AND-NOT no
OR-NOT no
XOR-NOT no

Matched
0 I4
1 XOR50
2 XOR61
3 XOR72
4 I3
5 I4
6 I5
7 I6

Selected
0 I4
1 XOR50
2 XOR61
3 XOR72
4 I3
5 I4
6 I5
7 I6

Applying to 11111100
Input
0 1
1 1
2 1
3 1
4 1
5 1
6 0
7 0
Output
0 I4 = 1
1 XOR50 = XOR(1,1) = 0
2 XOR61 = XOR(0,1) = 1
3 XOR72 = XOR(0,1) = 1
4 I3 = 1
5 I4 = 1
6 I5 = 1
7 I6 = 0

I will now return the answer in \boxed{}
The answer in \boxed{–} is \boxed{10111110}