We need to deduce the transformation by matching the example outputs.
I will put my final answer inside \boxed{}.

Output 0: 01111110
0 0
1 1
2 1
3 1
4 1
5 1
6 1
7 0

Output 1: 10000101
0 1
1 0
2 0
3 0
4 0
5 1
6 0
7 1

Output 2: 00101100
0 0
1 0
2 1
3 0
4 1
5 1
6 0
7 0

Output 3: 10001101
0 1
1 0
2 0
3 0
4 1
5 1
6 0
7 1

Output 4: 01011000
0 0
1 1
2 0
3 1
4 1
5 0
6 0
7 0

Output 5: 01001000
0 0
1 1
2 0
3 0
4 1
5 0
6 0
7 0

Output 6: 11010111
0 1
1 1
2 0
3 1
4 0
5 1
6 1
7 1

Output 7: 10100011
0 1
1 0
2 1
3 0
4 0
5 0
6 1
7 1

Output bit columns (with bitsum as hash)
0 01010011 4
1 10001110 4
2 10100001 3
3 10001010 3
4 10111100 5
5 11110010 5
6 10000011 3
7 01010011 4

Input 0: 11111010
0 1
1 1
2 1
3 1
4 1
5 0
6 1
7 0

Input 1: 10010101
0 1
1 0
2 0
3 1
4 0
5 1
6 0
7 1

Input 2: 10110000
0 1
1 0
2 1
3 1
4 0
5 0
6 0
7 0

Input 3: 10110101
0 1
1 0
2 1
3 1
4 0
5 1
6 0
7 1

Input 4: 01100010
0 0
1 1
2 1
3 0
4 0
5 0
6 1
7 0

Input 5: 00100010
0 0
1 0
2 1
3 0
4 0
5 0
6 1
7 0

Input 6: 11011111
0 1
1 1
2 0
3 1
4 1
5 1
6 1
7 1

Input 7: 10001100
0 1
1 0
2 0
3 0
4 1
5 1
6 0
7 0

When matching output
x: not in operator
y: wrong position

Identity
0 11110011 6
1 10001010 3 match 3
2 10111100 5 match 4
3 11110010 5 match 5
4 10000011 3 match 6
5 01010011 4 match 0 7
6 10001110 4 match 1
7 01010010 3

Matching output
0 5
1 6
2 absent
3 1
4 2
5 3
6 4
7 5

Left
5 6 7x
Best: I5 6: 2

Right
5 4 3 2 1 0x
Best: I5 4 3 2 1: 5

NOT
0 00001100 2
1 01110101 5
2 01000011 3
3 00001101 3
4 01111100 5
5 10101100 4
6 01110001 4
7 10101101 5

Matching output
0 absent
1 absent
2 absent
3 absent
4 absent
5 absent
6 absent
7 absent

Left
none
Best: none

Right
none
Best: none

Constant
0 00000000 a
1 11111111 a

Matching output
0 absent
1 absent
2 absent
3 absent
4 absent
5 absent
6 absent
7 absent

Left
none
Best: none

Right
none
Best: none

AND
01 10 10000010 2
12 21 10001000 2
23 32 10110000 3
34 43 10000010 2
45 54 00000011 2
56 65 00000010 1
67 76 00000010 1
70 07 01010010 3

02 20 10110000 3
13 31 10000010 2
24 42 10000000 1
35 53 01010010 3
46 64 10000010 2
57 75 01010010 3
60 06 10000010 2
71 17 00000010 1

03 30 11110010 5 match 5
14 41 10000010 2
25 52 00010000 1
36 63 10000010 2
47 74 00000010 1
50 05 01010011 4 match 0 7
61 16 10001010 3 match 3
72 27 00010000 1

04 40 10000011 3 match 6
15 51 00000010 1
26 62 10001100 3
37 73 01010010 3

Matching output
0 50 05
1 absent
2 absent
3 61 16
4 absent
5 03 30
6 04 40
7 50 05

Left
50 61y
05 16y
Best: AND50: 1

Right
50 47x
05 74x
Best: AND50: 1

OR
01 10 11111011 7
12 21 10111110 6
23 32 11111110 7
34 43 11110011 6
45 54 11010011 5
56 65 11011111 7
67 76 11011110 6
70 07 11110011 6

02 20 11111111 a
13 31 11111010 6
24 42 10111111 7
35 53 11110011 6
46 64 10001111 5
57 75 01010011 4 match 0 7
60 06 11111111 a
71 17 11011010 5

03 30 11110011 6
14 41 10001011 4
25 52 11111111 a
36 63 11111110 7
47 74 11010011 5
50 05 11110011 6
61 16 10001110 4 match 1
72 27 11111110 7

04 40 11110011 6
15 51 11011011 6
26 62 10111110 6
37 73 11110010 5 match 5

Matching output
0 57 75
1 61 16
2 absent
3 absent
4 absent
5 37 73
6 absent
7 57 75

Left
57 60x
75 06x
Best: OR57: 1

Right
57 46x
75 64x
Best: OR57: 1

XOR
01 10 01111001 5
12 21 00110110 4
23 32 01001110 4
34 43 01110001 4
45 54 11010000 3
56 65 11011101 6
67 76 11011100 5
70 07 10100001 3 match 2

02 20 01001111 5
13 31 01111000 4
24 42 00111111 6
35 53 10100001 3 match 2
46 64 00001101 3
57 75 00000001 1
60 06 01111101 6
71 17 11011000 4

03 30 00000001 1
14 41 00001001 2
25 52 11101111 7
36 63 01111100 5
47 74 11010001 4
50 05 10100000 2
61 16 00000100 1
72 27 11101110 6

04 40 01110000 3
15 51 11011001 5
26 62 00110010 3
37 73 10100000 2

Matching output
0 absent
1 absent
2 70 07 35 53
3 absent
4 absent
5 absent
6 absent
7 absent

Left
none
Best: none

Right
none
Best: none

AND-NOT
01 01110001 4
12 00000010 1
23 00001100 2
34 01110000 3
45 10000000 1
56 01010001 3
67 10001100 3
70 00000000 a

02 01000011 3
13 00001000 1
24 00111100 4
35 10100000 2
46 00000001 1
57 00000001 1
60 00001100 2
71 01010000 2

03 00000001 1
14 00001000 1
25 10101100 4
36 01110000 3
47 10000001 2
50 00000000 a
61 00000100 1
72 01000010 2

04 01110000 3
15 10001000 2
26 00110000 2
37 10100000 2
40 00000000 a
51 01010001 3
62 00000010 1
73 00000000 a

05 10100000 2
16 00000000 a
27 10101100 4
30 00000000 a
41 00000001 1
52 01000011 3
63 00001100 2
74 01010000 2

06 01110001 4
17 10001000 2
20 00001100 2
31 01110000 3
42 00000011 2
53 00000001 1
64 00001100 2
75 00000000 a

07 10100001 3 match 2
10 00001000 1
21 00110100 3
32 01000010 2
43 00000001 1
54 01010000 2
65 10001100 3
76 01010000 2

Matching output
0 absent
1 absent
2 07
3 absent
4 absent
5 absent
6 absent
7 absent

Left
none
Best: none

Right
none
Best: none

OR-NOT
01 11110111 7
12 11001011 5
23 10111101 6
34 11111110 7
45 10101111 6
56 01110011 5
67 10101111 6
70 01011110 5

02 11110011 6
13 10001111 5
24 11111100 6
35 11111110 7
46 11110011 6
57 11111111 a
60 10001110 4 match 1
71 01110111 6

03 11111111 a
14 11111110 7
25 10111100 5 match 4
36 11110011 6
47 10101111 6
50 01011111 6
61 11111111 a
72 01010011 4 match 0 7

04 11111111 a
15 10101110 5
26 11111101 7
37 11111111 a
40 10001111 5
51 01110111 6
62 11001111 6
73 01011111 6

05 11111111 a
16 11111011 7
27 10111101 6
30 11111110 7
41 11110111 7
52 01010011 4 match 0 7
63 10001111 5
74 01111110 6

06 11110011 6
17 10101111 6
20 10111100 5 match 4
31 11110111 7
42 11000011 4
53 01011111 6
64 11111110 7
75 11111110 7

07 11111111 a
10 10001110 4 match 1
21 11111101 7
32 11110011 6
43 10001111 5
54 01111111 7
65 10101110 5
76 01110011 5

Matching output
0 72 52
1 60 10
2 absent
3 absent
4 25 20
5 absent
6 absent
7 72 52

Left
72 03x
52 63x
Best: OR-NOT72: 1

Right
72 61x
52 41x
Best: OR-NOT72: 1

XOR-NOT
01 10000110 3
12 11001001 4
23 10110001 4
34 10001110 4 match 1
45 00101111 5
56 00100010 2
67 00100011 3
70 01011110 5

02 10110000 3
13 10000111 4
24 11000000 2
35 01011110 5
46 11110010 5 match 5
57 11111110 7
60 10000010 2
71 00100111 4

03 11111110 7
14 11110110 6
25 00010000 1
36 10000011 3 match 6
47 00101110 4
50 01011111 6
61 11111011 7
72 00010001 2

04 10001111 5
15 00100110 3
26 11001101 5
37 01011111 6
40 10001111 5
51 00100110 3
62 11001101 5
73 01011111 6

05 01011111 6
16 11111011 7
27 00010001 2
30 11111110 7
41 11110110 6
52 00010000 1
63 10000011 3 match 6
74 00101110 4

06 10000010 2
17 00100111 4
20 10110000 3
31 10000111 4
42 11000000 2
53 01011110 5
64 11110010 5 match 5
75 11111110 7

07 01011110 5
10 10000110 3
21 11001001 4
32 10110001 4
43 10001110 4 match 1
54 00101111 5
65 00100010 2
76 00100011 3

Matching output
0 absent
1 34 43
2 absent
3 absent
4 absent
5 46 64
6 36 63
7 absent

Left
none
Best: none

Right
none
Best: none

Selecting

Lefts
Identity I5 6: 2
NOT none
Constant none
AND AND50: 1
OR OR57: 1
XOR none
AND-NOT none
OR-NOT OR-NOT72: 1
XOR-NOT none

Rights
Identity I5 4 3 2 1: 5
NOT none
Constant none
AND AND50: 1
OR OR57: 1
XOR none
AND-NOT none
OR-NOT OR-NOT72: 1
XOR-NOT none

Left longest: 2
Right longest: 5

Right winner: Identity yes, NOT no, Constant no, AND no, OR no, XOR no, AND-NOT no, OR-NOT no, XOR-NOT no
Left winner: Identity yes, NOT no, Constant no, AND no, OR no, XOR no, AND-NOT no, OR-NOT no, XOR-NOT no

Best right: I5 4 3 2 1: 5
Best left: I5 6: 2

Truncated right: I5 4 3 2 1: 5
Truncated left: I5 6: 2

Tentative from right
7 I5
6 I4
5 I3
4 I2
3 I1
2 pending
1 pending
0 pending

Tentative
0 I5
1 I6
2 pending
3 I1
4 I2
5 I3
6 I4
7 I5

Preferred from right
7 I5
6 I4
5 I3
4 I2
3 I1
2 ??0
1 I6
0 I5

Preferred from left
0 I5
1 I6
2 ?70
3 I1
4 I2
5 I3
6 I4
7 I5

Preferred
0 I5
1 I6
2 ?70 ?07
3 I1
4 I2
5 I3
6 I4
7 I5

Matching
0 I5
1 I6
2 ?70 ?07 - Identity absent, NOT absent, Constant absent, AND absent, OR absent, XOR70, AND-NOT07, OR-NOT absent, XOR-NOT absent
3 I1
4 I2
5 I3
6 I4
7 I5

Perfect match
Identity no
NOT no
Constant no
AND no
OR no
XOR yes
AND-NOT no
OR-NOT no
XOR-NOT no

Matched
0 I5
1 I6
2 XOR70
3 I1
4 I2
5 I3
6 I4
7 I5

Selected
0 I5
1 I6
2 XOR70
3 I1
4 I2
5 I3
6 I4
7 I5

Applying to 00111100
Input
0 0
1 0
2 1
3 1
4 1
5 1
6 0
7 0
Output
0 I5 = 1
1 I6 = 0
2 XOR70 = XOR(0,0) = 0
3 I1 = 0
4 I2 = 1
5 I3 = 1
6 I4 = 1
7 I5 = 1

I will now return the answer in \boxed{}
The answer in \boxed{–} is \boxed{10001111}