We need to deduce the transformation by matching the example outputs.
I will put my final answer inside \boxed{}.

Output 0: 11111111
0 1
1 1
2 1
3 1
4 1
5 1
6 1
7 1

Output 1: 01111111
0 0
1 1
2 1
3 1
4 1
5 1
6 1
7 1

Output 2: 01111111
0 0
1 1
2 1
3 1
4 1
5 1
6 1
7 1

Output 3: 01111111
0 0
1 1
2 1
3 1
4 1
5 1
6 1
7 1

Output 4: 10111111
0 1
1 0
2 1
3 1
4 1
5 1
6 1
7 1

Output 5: 11111111
0 1
1 1
2 1
3 1
4 1
5 1
6 1
7 1

Output 6: 00111111
0 0
1 0
2 1
3 1
4 1
5 1
6 1
7 1

Output 7: 10111111
0 1
1 0
2 1
3 1
4 1
5 1
6 1
7 1

Output bit columns (with bitsum as hash)
0 10001101 4
1 11110100 5
2 11111111 a
3 11111111 a
4 11111111 a
5 11111111 a
6 11111111 a
7 11111111 a

Input 0: 01000000
0 0
1 1
2 0
3 0
4 0
5 0
6 0
7 0

Input 1: 11001010
0 1
1 1
2 0
3 0
4 1
5 0
6 1
7 0

Input 2: 00001010
0 0
1 0
2 0
3 0
4 1
5 0
6 1
7 0

Input 3: 00111110
0 0
1 0
2 1
3 1
4 1
5 1
6 1
7 0

Input 4: 01111011
0 0
1 1
2 1
3 1
4 1
5 0
6 1
7 1

Input 5: 00101000
0 0
1 0
2 1
3 0
4 1
5 0
6 0
7 0

Input 6: 00000101
0 0
1 0
2 0
3 0
4 0
5 1
6 0
7 1

Input 7: 01111111
0 0
1 1
2 1
3 1
4 1
5 1
6 1
7 1

When matching output
x: not in operator
y: wrong position

Identity
0 01000000 1
1 11001001 4
2 00011101 4
3 00011001 3
4 01111101 6
5 00010011 3
6 01111001 5
7 00001011 3

Matching output
0 absent
1 absent
2 absent
3 absent
4 absent
5 absent
6 absent
7 absent

Left
none
Best: none

Right
none
Best: none

NOT
0 10111111 7
1 00110110 4
2 11100010 4
3 11100110 5
4 10000010 2
5 11101100 5
6 10000110 3
7 11110100 5 match 1

Matching output
0 absent
1 7
2 absent
3 absent
4 absent
5 absent
6 absent
7 absent

Left
none
Best: none

Right
none
Best: none

Constant
0 00000000 a
1 11111111 a match 2 3 4 5 6 7

Matching output
0 absent
1 absent
2 C1
3 C1
4 C1
5 C1
6 C1
7 C1

Left
none
Best: none

Right
1 1 1 1 1 1
Best: C1 1 1 1 1 1: 6

AND
01 10 01000000 1
12 21 00001001 2
23 32 00011001 3
34 43 00011001 3
45 54 00010001 2
56 65 00010001 2
67 76 00001001 2
70 07 00000000 a

02 20 00000000 a
13 31 00001001 2
24 42 00011101 4
35 53 00010001 2
46 64 01111001 5
57 75 00000011 2
60 06 01000000 1
71 17 00001001 2

03 30 00000000 a
14 41 01001001 3
25 52 00010001 2
36 63 00011001 3
47 74 00001001 2
50 05 00000000 a
61 16 01001001 3
72 27 00001001 2

04 40 01000000 1
15 51 00000001 1
26 62 00011001 3
37 73 00001001 2

Matching output
0 absent
1 absent
2 absent
3 absent
4 absent
5 absent
6 absent
7 absent

Left
none
Best: none

Right
none
Best: none

OR
01 10 11001001 4
12 21 11011101 6
23 32 00011101 4
34 43 01111101 6
45 54 01111111 7
56 65 01111011 6
67 76 01111011 6
70 07 01001011 4

02 20 01011101 5
13 31 11011001 5
24 42 01111101 6
35 53 00011011 4
46 64 01111101 6
57 75 00011011 4
60 06 01111001 5
71 17 11001011 5

03 30 01011001 4
14 41 11111101 7
25 52 00011111 5
36 63 01111001 5
47 74 01111111 7
50 05 01010011 4
61 16 11111001 6
72 27 00011111 5

04 40 01111101 6
15 51 11011011 6
26 62 01111101 6
37 73 00011011 4

Matching output
0 absent
1 absent
2 absent
3 absent
4 absent
5 absent
6 absent
7 absent

Left
none
Best: none

Right
none
Best: none

XOR
01 10 10001001 3
12 21 11010100 4
23 32 00000100 1
34 43 01100100 3
45 54 01101110 5
56 65 01101010 4
67 76 01110010 4
70 07 01001011 4

02 20 01011101 5
13 31 11010000 3
24 42 01100000 2
35 53 00001010 2
46 64 00000100 1
57 75 00011000 2
60 06 00111001 4
71 17 11000010 3

03 30 01011001 4
14 41 10110100 4
25 52 00001110 3
36 63 01100000 2
47 74 01110110 5
50 05 01010011 4
61 16 10110000 3
72 27 00010110 3

04 40 00111101 5
15 51 11011010 5
26 62 01100100 3
37 73 00010010 2

Matching output
0 absent
1 absent
2 absent
3 absent
4 absent
5 absent
6 absent
7 absent

Left
none
Best: none

Right
none
Best: none

AND-NOT
01 00000000 a
12 11000000 2
23 00000100 1
34 00000000 a
45 01101100 4
56 00000010 1
67 01110000 3
70 00001011 3

02 01000000 1
13 11000000 2
24 00000000 a
35 00001000 1
46 00000100 1
57 00010000 1
60 00111001 4
71 00000010 1

03 01000000 1
14 10000000 1
25 00001100 2
36 00000000 a
47 01110100 4
50 00010011 3
61 00110000 2
72 00000010 1

04 00000000 a
15 11001000 3
26 00000100 1
37 00010000 1
40 00111101 5
51 00010010 2
62 01100000 2
73 00000010 1

05 01000000 1
16 10000000 1
27 00010100 2
30 00011001 3
41 00110100 3
52 00000010 1
63 01100000 2
74 00000010 1

06 00000000 a
17 11000000 2
20 00011101 4
31 00010000 1
42 01100000 2
53 00000010 1
64 00000000 a
75 00001000 1

07 01000000 1
10 10001001 3
21 00010100 2
32 00000000 a
43 01100100 3
54 00000010 1
65 01101000 3
76 00000010 1

Matching output
0 absent
1 absent
2 absent
3 absent
4 absent
5 absent
6 absent
7 absent

Left
none
Best: none

Right
none
Best: none

OR-NOT
01 01110110 5
12 11101011 6
23 11111111 a match 2 3 4 5 6 7
34 10011011 5
45 11111101 7
56 10010111 5
67 11111101 7
70 10111111 7

02 11100010 4
13 11101111 7
24 10011111 6
35 11111101 7
46 11111111 a match 2 3 4 5 6 7
57 11110111 7
60 11111111 a match 2 3 4 5 6 7
71 00111111 6

03 11100110 5
14 11001011 5
25 11111101 7
36 10011111 6
47 11111101 7
50 10111111 7
61 01111111 7
72 11101011 6

04 11000010 3
15 11101101 6
26 10011111 6
37 11111101 7
40 11111111 a match 2 3 4 5 6 7
51 00110111 5
62 11111011 7
73 11101111 7

05 11101100 5
16 11001111 6
27 11111101 7
30 10111111 7
41 01111111 7
52 11110011 6
63 11111111 a match 2 3 4 5 6 7
74 10001011 4

06 11000110 4
17 11111101 7
20 10111111 7
31 00111111 6
42 11111111 a match 2 3 4 5 6 7
53 11110111 7
64 11111011 7
75 11101111 7

07 11110100 5 match 1
10 11111111 a match 2 3 4 5 6 7
21 00111111 6
32 11111011 7
43 11111111 a match 2 3 4 5 6 7
54 10010011 4
65 11111101 7
76 10001111 5

Matching output
0 absent
1 07
2 23 46 60 40 63 42 10 43
3 23 46 60 40 63 42 10 43
4 23 46 60 40 63 42 10 43
5 23 46 60 40 63 42 10 43
6 23 46 60 40 63 42 10 43
7 23 46 60 40 63 42 10 43

Left
none
Best: none

Right
23 12x
46 35x
60 57x
40 37x
63 52x
42 31x
10 07y
43 32x
Best: OR-NOT23: 1

XOR-NOT
01 01110110 5
12 00101011 4
23 11111011 7
34 10011011 5
45 10010001 3
56 10010101 4
67 10001101 4 match 0
70 10110100 4

02 10100010 3
13 00101111 5
24 10011111 6
35 11110101 6
46 11111011 7
57 11100111 6
60 11000110 4
71 00111101 5

03 10100110 4
14 01001011 4
25 11110001 5
36 10011111 6
47 10001001 3
50 10101100 4
61 01001111 5
72 11101001 5

04 11000010 3
15 00100101 3
26 10011011 5
37 11101101 6
40 11000010 3
51 00100101 3
62 10011011 5
73 11101101 6

05 10101100 4
16 01001111 5
27 11101001 5
30 10100110 4
41 01001011 4
52 11110001 5
63 10011111 6
74 10001001 3

06 11000110 4
17 00111101 5
20 10100010 3
31 00101111 5
42 10011111 6
53 11110101 6
64 11111011 7
75 11100111 6

07 10110100 4
10 01110110 5
21 00101011 4
32 11111011 7
43 10011011 5
54 10010001 3
65 10010101 4
76 10001101 4 match 0

Matching output
0 67 76
1 absent
2 absent
3 absent
4 absent
5 absent
6 absent
7 absent

Left
67 70x
76 07x
Best: XOR-NOT67: 1

Right
none
Best: none

Selecting

Lefts
Identity none
NOT none
Constant none
AND none
OR none
XOR none
AND-NOT none
OR-NOT none
XOR-NOT XOR-NOT67: 1

Rights
Identity none
NOT none
Constant C1 1 1 1 1 1: 6
AND none
OR none
XOR none
AND-NOT none
OR-NOT OR-NOT23: 1
XOR-NOT none

Left longest: 1
Right longest: 6

Right winner: Identity no, NOT no, Constant yes, AND no, OR no, XOR no, AND-NOT no, OR-NOT no, XOR-NOT no
Left winner: Identity no, NOT no, Constant no, AND no, OR no, XOR no, AND-NOT no, OR-NOT no, XOR-NOT yes

Best right: C1 1 1 1 1 1: 6
Best left: XOR-NOT67: 1

Truncated right: C1 1 1 1 1 1: 6
Truncated left: XOR-NOT67: 1

Tentative from right
7 C1
6 C1
5 C1
4 C1
3 C1
2 C1
1 pending
0 pending

Tentative
0 XOR-NOT67
1 pending
2 C1
3 C1
4 C1
5 C1
6 C1
7 C1

Preferred from right
7 C1
6 C1
5 C1
4 C1
3 C1
2 C1
1 pending
0 XOR-NOT67

Preferred from left
0 XOR-NOT67
1 ?70
2 C1
3 C1
4 C1
5 C1
6 C1
7 C1

Preferred
0 XOR-NOT67
1 ?70 ?07
2 C1
3 C1
4 C1
5 C1
6 C1
7 C1

Matching
0 XOR-NOT67
1 ?70 ?07 - Identity absent, NOT NOT7, Constant absent, AND absent, OR absent, XOR absent, AND-NOT absent, OR-NOT07, XOR-NOT absent
2 C1
3 C1
4 C1
5 C1
6 C1
7 C1

Perfect match
Identity no
NOT yes
Constant no
AND no
OR no
XOR no
AND-NOT no
OR-NOT no
XOR-NOT no

Matched
0 XOR-NOT67
1 NOT7
2 C1
3 C1
4 C1
5 C1
6 C1
7 C1

Selected
0 XOR-NOT67
1 NOT7
2 C1
3 C1
4 C1
5 C1
6 C1
7 C1

Applying to 11110010
Input
0 1
1 1
2 1
3 1
4 0
5 0
6 1
7 0
Output
0 XOR-NOT67 = XOR(1,NOT(0)) = 0
1 NOT7 = NOT(0) = 1
2 C1 = 1
3 C1 = 1
4 C1 = 1
5 C1 = 1
6 C1 = 1
7 C1 = 1

I will now return the answer in \boxed{}
The answer in \boxed{–} is \boxed{01111111}