We need to deduce the transformation by matching the example outputs.
I will put my final answer inside \boxed{}.

Output 0: 11001111
0 1
1 1
2 0
3 0
4 1
5 1
6 1
7 1

Output 1: 11100011
0 1
1 1
2 1
3 0
4 0
5 0
6 1
7 1

Output 2: 00100101
0 0
1 0
2 1
3 0
4 0
5 1
6 0
7 1

Output 3: 10000110
0 1
1 0
2 0
3 0
4 0
5 1
6 1
7 0

Output 4: 10111110
0 1
1 0
2 1
3 1
4 1
5 1
6 1
7 0

Output 5: 00110001
0 0
1 0
2 1
3 1
4 0
5 0
6 0
7 1

Output 6: 10000110
0 1
1 0
2 0
3 0
4 0
5 1
6 1
7 0

Output bit columns (with bitsum as hash)
0 1101101 5
1 1100000 2
2 0110110 4
3 0000110 2
4 1000100 2
5 1011101 5
6 1101101 5
7 1110010 4

Input 0: 01011111
0 0
1 1
2 0
3 1
4 1
5 1
6 1
7 1

Input 1: 01000110
0 0
1 1
2 0
3 0
4 0
5 1
6 1
7 0

Input 2: 10001011
0 1
1 0
2 0
3 0
4 1
5 0
6 1
7 1

Input 3: 01001101
0 0
1 1
2 0
3 0
4 1
5 1
6 0
7 1

Input 4: 01111100
0 0
1 1
2 1
3 1
4 1
5 1
6 0
7 0

Input 5: 10100011
0 1
1 0
2 1
3 0
4 0
5 0
6 1
7 1

Input 6: 00001100
0 0
1 0
2 0
3 0
4 1
5 1
6 0
7 0

When matching output
x: not in operator
y: wrong position

Identity
0 0010010 2
1 1101100 4
2 0000110 2 match 3
3 1000100 2 match 4
4 1011101 5 match 5
5 1101101 5 match 0 6
6 1110010 4 match 7
7 1011010 4

Matching output
0 5
1 absent
2 absent
3 2
4 3
5 4
6 5
7 6

Left
5 6y
Best: I5: 1

Right
6 5 4 3 2 1x
Best: I6 5 4 3 2: 5

NOT
0 1101101 5 match 0 6
1 0010011 3
2 1111001 5
3 0111011 5
4 0100010 2
5 0010010 2
6 0001101 3
7 0100101 3

Matching output
0 0
1 absent
2 absent
3 absent
4 absent
5 absent
6 0
7 absent

Left
0 1x
Best: NOT0: 1

Right
none
Best: none

Constant
0 0000000 a
1 1111111 a

Matching output
0 absent
1 absent
2 absent
3 absent
4 absent
5 absent
6 absent
7 absent

Left
none
Best: none

Right
none
Best: none

AND
01 10 0000000 a
12 21 0000100 1
23 32 0000100 1
34 43 1000100 2 match 4
45 54 1001101 4
56 65 1100000 2 match 1
67 76 1010010 3
70 07 0010010 2

02 20 0000010 1
13 31 1000100 2 match 4
24 42 0000100 1
35 53 1000100 2 match 4
46 64 1010000 2
57 75 1001000 2
60 06 0010010 2
71 17 1001000 2

03 30 0000000 a
14 41 1001100 3
25 52 0000100 1
36 63 1000000 1
47 74 1011000 3
50 05 0000000 a
61 16 1100000 2 match 1
72 27 0000010 1

04 40 0010000 1
15 51 1101100 4
26 62 0000010 1
37 73 1000000 1

Matching output
0 absent
1 56 65 61 16
2 absent
3 absent
4 34 43 13 31 35 53
5 absent
6 absent
7 absent

Left
none
Best: none

Right
none
Best: none

OR
01 10 1111110 6
12 21 1101110 5
23 32 1000110 3
34 43 1011101 5 match 5
45 54 1111101 6
56 65 1111111 a
67 76 1111010 5
70 07 1011010 4

02 20 0010110 3
13 31 1101100 4
24 42 1011111 6
35 53 1101101 5 match 0 6
46 64 1111111 a
57 75 1111111 a
60 06 1110010 4 match 7
71 17 1111110 6

03 30 1010110 4
14 41 1111101 6
25 52 1101111 6
36 63 1110110 5
47 74 1011111 6
50 05 1111111 a
61 16 1111110 6
72 27 1011110 5

04 40 1011111 6
15 51 1101101 5 match 0 6
26 62 1110110 5
37 73 1011110 5

Matching output
0 35 53 15 51
1 absent
2 absent
3 absent
4 absent
5 34 43
6 35 53 15 51
7 60 06

Left
35 46x
53 64x
15 26x
51 62x
Best: OR35: 1

Right
60 57x
06 75x
Best: OR60: 1

XOR
01 10 1111110 6
12 21 1101010 4
23 32 1000010 2
34 43 0011001 3
45 54 0110000 2
56 65 0011111 5
67 76 0101000 2
70 07 1001000 2

02 20 0010100 2
13 31 0101000 2
24 42 1011011 5
35 53 0101001 3
46 64 0101111 5
57 75 0110111 5
60 06 1100000 2 match 1
71 17 0110110 4 match 2

03 30 1010110 4
14 41 0110001 3
25 52 1101011 5
36 63 0110110 4 match 2
47 74 0000111 3
50 05 1111111 a
61 16 0011110 4
72 27 1011100 4

04 40 1001111 5
15 51 0000001 1
26 62 1110100 4
37 73 0011110 4

Matching output
0 absent
1 60 06
2 71 17 36 63
3 absent
4 absent
5 absent
6 absent
7 absent

Left
none
Best: none

Right
none
Best: none

AND-NOT
01 0010010 2
12 1101000 3
23 0000010 1
34 0000000 a
45 0010000 1
56 0001101 3
67 0100000 1
70 1001000 2

02 0010000 1
13 0101000 2
24 0000010 1
35 0000000 a
46 0001101 3
57 0100101 3
60 1100000 2 match 1
71 0010010 2

03 0010010 2
14 0100000 1
25 0000010 1
36 0000100 1
47 0000101 2
50 1101101 5 match 0 6
61 0010010 2
72 1011000 3

04 0000010 1
15 0000000 a
26 0000100 1
37 0000100 1
40 1001101 4
51 0000001 1
62 1110000 3
73 0011010 3

05 0010010 2
16 0001100 2
27 0000100 1
30 1000100 2 match 4
41 0010001 2
52 1101001 4
63 0110010 3
74 0000010 1

06 0000000 a
17 0100100 2
20 0000100 1
31 0000000 a
42 1011001 4
53 0101001 3
64 0100010 2
75 0010010 2

07 0000000 a
10 1101100 4
21 0000010 1
32 1000000 1
43 0011001 3
54 0100000 1
65 0010010 2
76 0001000 1

Matching output
0 50
1 60
2 absent
3 absent
4 30
5 absent
6 50
7 absent

Left
50 61x
Best: AND-NOT50: 1

Right
none
Best: none

OR-NOT
01 0010011 3
12 1111101 6
23 0111111 6
34 1100110 4
45 1011111 6
56 1101101 5 match 0 6
67 1110111 6
70 1111111 a

02 1111011 6
13 1111111 a
24 0100110 3
35 1010110 4
46 1011101 5 match 5
57 1101101 5 match 0 6
60 1111111 a
71 1011011 5

03 0111011 5
14 1101110 5
25 0010110 3
36 1001101 4
47 1111101 6
50 1101101 5 match 0 6
61 1110011 5
72 1111011 6

04 0110010 3
15 1111110 6
26 0001111 4
37 1100101 4
40 1111101 6
51 1111111 a
62 1111011 6
73 1111011 6

05 0010010 2
16 1101101 5 match 0 6
27 0100111 4
30 1101101 5 match 0 6
41 1011111 6
52 1111101 6
63 1111011 6
74 1111010 5

06 0011111 5
17 1101101 5 match 0 6
20 1101111 6
31 1010111 5
42 1111101 6
53 1111111 a
64 1110010 4 match 7
75 1011010 4

07 0110111 5
10 1101101 5 match 0 6
21 0010111 4
32 1111101 6
43 1111111 a
54 1101111 6
65 1110010 4 match 7
76 1011111 6

Matching output
0 56 57 50 16 30 17 10
1 absent
2 absent
3 absent
4 absent
5 46
6 56 57 50 16 30 17 10
7 64 65

Left
56 67x
57 60x
50 61x
16 27x
30 41x
17 20x
10 21x
Best: OR-NOT56: 1

Right
64 53x
65 54x
Best: OR-NOT64: 1

XOR-NOT
01 0000001 1
12 0010101 3
23 0111101 5
34 1100110 4
45 1001111 5
56 1100000 2 match 1
67 1010111 5
70 0110111 5

02 1101011 5
13 1010111 5
24 0100100 2
35 1010110 4
46 1010000 2
57 1001000 2
60 0011111 5
71 1001001 3

03 0101001 3
14 1001110 4
25 0010100 2
36 1001001 3
47 1111000 4
50 0000000 a
61 1100001 3
72 0100011 3

04 0110000 2
15 1111110 6
26 0001011 3
37 1100001 3
40 0110000 2
51 1111110 6
62 0001011 3
73 1100001 3

05 0000000 a
16 1100001 3
27 0100011 3
30 0101001 3
41 1001110 4
52 0010100 2
63 1001001 3
74 1111000 4

06 0011111 5
17 1001001 3
20 1101011 5
31 1010111 5
42 0100100 2
53 1010110 4
64 1010000 2
75 1001000 2

07 0110111 5
10 0000001 1
21 0010101 3
32 0111101 5
43 1100110 4
54 1001111 5
65 1100000 2 match 1
76 1010111 5

Matching output
0 absent
1 56 65
2 absent
3 absent
4 absent
5 absent
6 absent
7 absent

Left
none
Best: none

Right
none
Best: none

Selecting

Lefts
Identity I5: 1
NOT NOT0: 1
Constant none
AND none
OR OR35: 1
XOR none
AND-NOT AND-NOT50: 1
OR-NOT OR-NOT56: 1
XOR-NOT none

Rights
Identity I6 5 4 3 2: 5
NOT none
Constant none
AND none
OR OR60: 1
XOR none
AND-NOT none
OR-NOT OR-NOT64: 1
XOR-NOT none

Left longest: 1
Right longest: 5

Right winner: Identity yes, NOT no, Constant no, AND no, OR no, XOR no, AND-NOT no, OR-NOT no, XOR-NOT no
Left winner: Identity yes, NOT no, Constant no, AND no, OR no, XOR no, AND-NOT no, OR-NOT no, XOR-NOT no

Best right: I6 5 4 3 2: 5
Best left: I5: 1

Truncated right: I6 5 4 3 2: 5
Truncated left: I5: 1

Tentative from right
7 I6
6 I5
5 I4
4 I3
3 I2
2 pending
1 pending
0 pending

Tentative
0 I5
1 pending
2 pending
3 I2
4 I3
5 I4
6 I5
7 I6

Preferred from right
7 I6
6 I5
5 I4
4 I3
3 I2
2 ??1
1 ??0
0 I5

Preferred from left
0 I5
1 ?60
2 ?71
3 I2
4 I3
5 I4
6 I5
7 I6

Preferred
0 I5
1 ?60 ?06
2 ?71 ?17
3 I2
4 I3
5 I4
6 I5
7 I6

Matching
0 I5
1 ?60 ?06 - Identity absent, NOT absent, Constant absent, AND absent, OR absent, XOR60, AND-NOT60, OR-NOT absent, XOR-NOT absent
2 ?71 ?17 - Identity absent, NOT absent, Constant absent, AND absent, OR absent, XOR71, AND-NOT absent, OR-NOT absent, XOR-NOT absent
3 I2
4 I3
5 I4
6 I5
7 I6

Perfect match
Identity no
NOT no
Constant no
AND no
OR no
XOR yes
AND-NOT no
OR-NOT no
XOR-NOT no

Matched
0 I5
1 XOR60
2 XOR71
3 I2
4 I3
5 I4
6 I5
7 I6

Selected
0 I5
1 XOR60
2 XOR71
3 I2
4 I3
5 I4
6 I5
7 I6

Applying to 01011000
Input
0 0
1 1
2 0
3 1
4 1
5 0
6 0
7 0
Output
0 I5 = 0
1 XOR60 = XOR(0,0) = 0
2 XOR71 = XOR(0,1) = 1
3 I2 = 0
4 I3 = 1
5 I4 = 1
6 I5 = 0
7 I6 = 0

I will now return the answer in \boxed{}
The answer in \boxed{–} is \boxed{00101100}