We need to deduce the transformation by matching the example outputs.
I will put my final answer inside \boxed{}.

Output 0: 01001111
0 0
1 1
2 0
3 0
4 1
5 1
6 1
7 1

Output 1: 01111011
0 0
1 1
2 1
3 1
4 1
5 0
6 1
7 1

Output 2: 00110001
0 0
1 0
2 1
3 1
4 0
5 0
6 0
7 1

Output 3: 01000110
0 0
1 1
2 0
3 0
4 0
5 1
6 1
7 0

Output 4: 11010100
0 1
1 1
2 0
3 1
4 0
5 1
6 0
7 0

Output 5: 11011101
0 1
1 1
2 0
3 1
4 1
5 1
6 0
7 1

Output 6: 01100011
0 0
1 1
2 1
3 0
4 0
5 0
6 1
7 1

Output bit columns (with bitsum as hash)
0 0000110 2
1 1101111 6
2 0110001 3
3 0110110 4
4 1100010 3
5 1001110 4
6 1101001 4
7 1110011 5

Input 0: 01111010
0 0
1 1
2 1
3 1
4 1
5 0
6 1
7 0

Input 1: 11011011
0 1
1 1
2 0
3 1
4 1
5 0
6 1
7 1

Input 2: 10001101
0 1
1 0
2 0
3 0
4 1
5 1
6 0
7 1

Input 3: 00110010
0 0
1 0
2 1
3 1
4 0
5 0
6 1
7 0

Input 4: 10100110
0 1
1 0
2 1
3 0
4 0
5 1
6 1
7 0

Input 5: 11101110
0 1
1 1
2 1
3 0
4 1
5 1
6 1
7 0

Input 6: 00011111
0 0
1 0
2 0
3 1
4 1
5 1
6 1
7 1

When matching output
x: not in operator
y: wrong position

Identity
0 0110110 4 match 3
1 1100010 3 match 4
2 1001110 4 match 5
3 1101001 4 match 6
4 1110011 5 match 7
5 0010111 4
6 1101111 6 match 1
7 0110001 3 match 2

Matching output
0 absent
1 6
2 7
3 0
4 1
5 2
6 3
7 4

Left
none
Best: none

Right
4 3 2 1 0 7 6 5x
Best: I4 3 2 1 0 7 6: 7

NOT
0 1001001 3
1 0011101 4
2 0110001 3 match 2
3 0010110 3
4 0001100 2
5 1101000 3
6 0010000 1
7 1001110 4 match 5

Matching output
0 absent
1 absent
2 2
3 absent
4 absent
5 7
6 absent
7 absent

Left
none
Best: none

Right
none
Best: none

Constant
0 0000000 a
1 1111111 a

Matching output
0 absent
1 absent
2 absent
3 absent
4 absent
5 absent
6 absent
7 absent

Left
none
Best: none

Right
none
Best: none

AND
01 10 0100010 2
12 21 1000010 2
23 32 1001000 2
34 43 1100001 3
45 54 0010011 3
56 65 0000111 3
67 76 0100001 2
70 07 0110000 2

02 20 0000110 2 match 0
13 31 1100000 2
24 42 1000010 2
35 53 0000001 1
46 64 1100011 4
57 75 0010001 2
60 06 0100110 3
71 17 0100000 1

03 30 0100000 1
14 41 1100010 3 match 4
25 52 0000110 2 match 0
36 63 1101001 4 match 6
47 74 0110001 3 match 2
50 05 0010110 3
61 16 1100010 3 match 4
72 27 0000000 a

04 40 0110010 3
15 51 0000010 1
26 62 1001110 4 match 5
37 73 0100001 2

Matching output
0 02 20 25 52
1 absent
2 47 74
3 absent
4 14 41 61 16
5 26 62
6 36 63
7 absent

Left
02 13x
20 31x
25 36y
52 63y
Best: AND02: 1

Right
none
Best: none

OR
01 10 1110110 5
12 21 1101110 5
23 32 1101111 6 match 1
34 43 1111011 6
45 54 1110111 6
56 65 1111111 a
67 76 1111111 a
70 07 0110111 5

02 20 1111110 6
13 31 1101011 5
24 42 1111111 a
35 53 1111111 a
46 64 1111111 a
57 75 0110111 5
60 06 1111111 a
71 17 1110011 5 match 7

03 30 1111111 a
14 41 1110011 5 match 7
25 52 1011111 6
36 63 1101111 6 match 1
47 74 1110011 5 match 7
50 05 0110111 5
61 16 1101111 6 match 1
72 27 1111111 a

04 40 1110111 6
15 51 1110111 6
26 62 1101111 6 match 1
37 73 1111001 5

Matching output
0 absent
1 23 32 36 63 61 16 26 62
2 absent
3 absent
4 absent
5 absent
6 absent
7 71 17 14 41 47 74

Left
none
Best: none

Right
71 60x
17 06x
14 03x
41 30x
47 36y
74 63y
Best: OR71: 1

XOR
01 10 1010100 3
12 21 0101100 3
23 32 0100111 4
34 43 0011010 3
45 54 1100100 3
56 65 1111000 4
67 76 1011110 5
70 07 0000111 3

02 20 1111000 4
13 31 0001011 3
24 42 0111101 5
35 53 1111110 6
46 64 0011100 3
57 75 0100110 3
60 06 1011001 4
71 17 1010011 4

03 30 1011111 6
14 41 0010001 2
25 52 1011001 4
36 63 0000110 2 match 0
47 74 1000010 2
50 05 0100001 2
61 16 0001101 3
72 27 1111111 a

04 40 1000101 3
15 51 1110101 5
26 62 0100001 2
37 73 1011000 3

Matching output
0 36 63
1 absent
2 absent
3 absent
4 absent
5 absent
6 absent
7 absent

Left
36 47x
63 74x
Best: XOR36: 1

Right
none
Best: none

AND-NOT
01 0010100 2
12 0100000 1
23 0000110 2 match 0
34 0001000 1
45 1100000 2
56 0010000 1
67 1001110 4 match 5
70 0000001 1

02 0110000 2
13 0000010 1
24 0001100 2
35 1101000 3
46 0010000 1
57 0000110 2 match 0
60 1001001 3
71 0010001 2

03 0010110 3
14 0000000 a
25 1001000 2
36 0000000 a
47 1000010 2
50 0000001 1
61 0001101 3
72 0110001 3 match 2

04 0000100 1
15 1100000 2
26 0000000 a
37 1001000 2
40 1000001 2
51 0010101 3
62 0100001 2
73 0010000 1

05 0100000 1
16 0000000 a
27 1001110 4 match 5
30 1001001 3
41 0010001 2
52 0010001 2
63 0000110 2 match 0
74 0000000 a

06 0010000 1
17 1000010 2
20 1001000 2
31 0001001 2
42 0110001 3 match 2
53 0010110 3
64 0001100 2
75 0100000 1

07 0000110 2 match 0
10 1000000 1
21 0001100 2
32 0100001 2
43 0010010 2
54 0000100 1
65 1101000 3
76 0010000 1

Matching output
0 23 57 63 07
1 absent
2 72 42
3 absent
4 absent
5 67 27
6 absent
7 absent

Left
23 34x
57 60x
63 74x
07 10x
Best: AND-NOT23: 1

Right
none
Best: none

OR-NOT
01 0111111 6
12 1110011 5 match 7
23 1011110 5
34 1101101 5
45 1111011 6
56 0010111 4
67 1101111 6 match 1
70 1111001 5

02 0110111 5
13 1110110 5
24 1001110 4 match 5
35 1101001 4 match 6
46 1110011 5 match 7
57 1011111 6
60 1101111 6 match 1
71 0111101 5

03 0110110 4 match 3
14 1101110 5
25 1101110 5
36 1111001 5
47 1111111 a
50 1011111 6
61 1111111 a
72 0110001 3 match 2

04 0111110 5
15 1101010 4
26 1011110 5
37 1101111 6 match 1
40 1111011 6
51 0011111 5
62 1111111 a
73 0110111 5

05 1111110 6
16 1110010 4
27 1001110 4 match 5
30 1101001 4 match 6
41 1111111 a
52 0110111 5
63 1111111 a
74 0111101 5

06 0110110 4 match 3
17 1101110 5
20 1001111 5
31 1111101 6
42 1110011 5 match 7
53 0010111 4
64 1101111 6 match 1
75 1111001 5

07 1111110 6
10 1101011 5
21 1011111 6
32 1111001 5
43 1110111 6
54 0011111 5
65 1101111 6 match 1
76 0110001 3 match 2

Matching output
0 absent
1 67 60 37 64 65
2 72 76
3 03 06
4 absent
5 24 27
6 35 30
7 12 46 42

Left
none
Best: none

Right
12 01x
46 35 24 13x
42 31x
Best: OR-NOT46 35 24: 3

XOR-NOT
01 0101011 4
12 1010011 4
23 1011000 3
34 1100101 4
45 0011011 4
56 0000111 3
67 0100001 2
70 1111000 4

02 0000111 3
13 1110100 4
24 1000010 2
35 0000001 1
46 1100011 4
57 1011001 4
60 0100110 3
71 0101100 3

03 0100000 1
14 1101110 5
25 0100110 3
36 1111001 5
47 0111101 5
50 1011110 5
61 1110010 4
72 0000000 a

04 0111010 4
15 0001010 2
26 1011110 5
37 0100111 4
40 0111010 4
51 0001010 2
62 1011110 5
73 0100111 4

05 1011110 5
16 1110010 4
27 0000000 a
30 0100000 1
41 1101110 5
52 0100110 3
63 1111001 5
74 0111101 5

06 0100110 3
17 0101100 3
20 0000111 3
31 1110100 4
42 1000010 2
53 0000001 1
64 1100011 4
75 1011001 4

07 1111000 4
10 0101011 4
21 1010011 4
32 1011000 3
43 1100101 4
54 0011011 4
65 0000111 3
76 0100001 2

Matching output
0 absent
1 absent
2 absent
3 absent
4 absent
5 absent
6 absent
7 absent

Left
none
Best: none

Right
none
Best: none

Selecting

Lefts
Identity none
NOT none
Constant none
AND AND02: 1
OR none
XOR XOR36: 1
AND-NOT AND-NOT23: 1
OR-NOT none
XOR-NOT none

Rights
Identity I4 3 2 1 0 7 6: 7
NOT none
Constant none
AND none
OR OR71: 1
XOR none
AND-NOT none
OR-NOT OR-NOT46 35 24: 3
XOR-NOT none

Left longest: 1
Right longest: 7

Right winner: Identity yes, NOT no, Constant no, AND no, OR no, XOR no, AND-NOT no, OR-NOT no, XOR-NOT no
Left winner: Identity no, NOT no, Constant no, AND yes, OR no, XOR no, AND-NOT no, OR-NOT no, XOR-NOT no

Best right: I4 3 2 1 0 7 6: 7
Best left: AND02: 1

Truncated right: I4 3 2 1 0 7 6: 7
Truncated left: AND02: 1

Tentative from right
7 I4
6 I3
5 I2
4 I1
3 I0
2 I7
1 I6
0 pending

Tentative
0 AND02
1 I6
2 I7
3 I0
4 I1
5 I2
6 I3
7 I4

Preferred from right
7 I4
6 I3
5 I2
4 I1
3 I0
2 I7
1 I6
0 AND02

Preferred from left
0 AND02
1 I6
2 I7
3 I0
4 I1
5 I2
6 I3
7 I4

Preferred
0 AND02
1 I6
2 I7
3 I0
4 I1
5 I2
6 I3
7 I4

Matching
0 AND02
1 I6
2 I7
3 I0
4 I1
5 I2
6 I3
7 I4

Perfect match
Identity no
NOT no
Constant no
AND no
OR no
XOR no
AND-NOT no
OR-NOT no
XOR-NOT no

Matched
0 AND02
1 I6
2 I7
3 I0
4 I1
5 I2
6 I3
7 I4

Selected
0 AND02
1 I6
2 I7
3 I0
4 I1
5 I2
6 I3
7 I4

Applying to 10110101
Input
0 1
1 0
2 1
3 1
4 0
5 1
6 0
7 1
Output
0 AND02 = AND(1,1) = 1
1 I6 = 0
2 I7 = 1
3 I0 = 1
4 I1 = 0
5 I2 = 1
6 I3 = 1
7 I4 = 0

I will now return the answer in \boxed{}
The answer in \boxed{–} is \boxed{10110110}