We need to deduce the transformation by matching the example outputs.
I will put my final answer inside \boxed{}.

Output 0: 10111100
0 1
1 0
2 1
3 1
4 1
5 1
6 0
7 0

Output 1: 10110001
0 1
1 0
2 1
3 1
4 0
5 0
6 0
7 1

Output 2: 00011011
0 0
1 0
2 0
3 1
4 1
5 0
6 1
7 1

Output 3: 10100110
0 1
1 0
2 1
3 0
4 0
5 1
6 1
7 0

Output 4: 11010101
0 1
1 1
2 0
3 1
4 0
5 1
6 0
7 1

Output 5: 11001011
0 1
1 1
2 0
3 0
4 1
5 0
6 1
7 1

Output 6: 10100100
0 1
1 0
2 1
3 0
4 0
5 1
6 0
7 0

Output bit columns (with bitsum as hash)
0 1101111 6
1 0000110 2
2 1101001 4
3 1110100 4
4 1010010 3
5 1001101 4
6 0011010 3
7 0110110 4

Input 0: 11100101
0 1
1 1
2 1
3 0
4 0
5 1
6 0
7 1

Input 1: 10001101
0 1
1 0
2 0
3 0
4 1
5 1
6 0
7 1

Input 2: 11011000
0 1
1 1
2 0
3 1
4 1
5 0
6 0
7 0

Input 3: 00110001
0 0
1 0
2 1
3 1
4 0
5 0
6 0
7 1

Input 4: 10101110
0 1
1 0
2 1
3 0
4 1
5 1
6 1
7 0

Input 5: 01011110
0 0
1 1
2 0
3 1
4 1
5 1
6 1
7 0

Input 6: 00100001
0 0
1 0
2 1
3 0
4 0
5 0
6 0
7 1

When matching output
x: not in operator
y: wrong position

Identity
0 1110100 4 match 3
1 1010010 3 match 4
2 1001101 4 match 5
3 0011010 3 match 6
4 0110110 4 match 7
5 1100110 4
6 0000110 2 match 1
7 1101001 4 match 2

Matching output
0 absent
1 6
2 7
3 0
4 1
5 2
6 3
7 4

Left
none
Best: none

Right
4 3 2 1 0 7 6 5x
Best: I4 3 2 1 0 7 6: 7

NOT
0 0001011 3
1 0101101 4
2 0110010 3
3 1100101 4
4 1001001 3
5 0011001 3
6 1111001 5
7 0010110 3

Matching output
0 absent
1 absent
2 absent
3 absent
4 absent
5 absent
6 absent
7 absent

Left
none
Best: none

Right
none
Best: none

Constant
0 0000000 a
1 1111111 a

Matching output
0 absent
1 absent
2 absent
3 absent
4 absent
5 absent
6 absent
7 absent

Left
none
Best: none

Right
none
Best: none

AND
01 10 1010000 2
12 21 1000000 1
23 32 0001000 1
34 43 0010010 2
45 54 0100110 3
56 65 0000110 2 match 1
67 76 0000000 a
70 07 1100000 2

02 20 1000100 2
13 31 0010010 2
24 42 0000100 1
35 53 0000010 1
46 64 0000110 2 match 1
57 75 1100000 2
60 06 0000100 1
71 17 1000000 1

03 30 0010000 1
14 41 0010010 2
25 52 1000100 2
36 63 0000010 1
47 74 0100000 1
50 05 1100100 3
61 16 0000010 1
72 27 1001001 3

04 40 0110100 3
15 51 1000010 2
26 62 0000100 1
37 73 0001000 1

Matching output
0 absent
1 56 65 46 64
2 absent
3 absent
4 absent
5 absent
6 absent
7 absent

Left
none
Best: none

Right
none
Best: none

OR
01 10 1110110 5
12 21 1011111 6
23 32 1011111 6
34 43 0111110 5
45 54 1110110 5
56 65 1100110 4
67 76 1101111 6 match 0
70 07 1111101 6

02 20 1111101 6
13 31 1011010 4
24 42 1111111 a
35 53 1111110 6
46 64 0110110 4 match 7
57 75 1101111 6 match 0
60 06 1110110 5
71 17 1111011 6

03 30 1111110 6
14 41 1110110 5
25 52 1101111 6 match 0
36 63 0011110 4
47 74 1111111 a
50 05 1110110 5
61 16 1010110 4
72 27 1101101 5

04 40 1110110 5
15 51 1110110 5
26 62 1001111 5
37 73 1111011 6

Matching output
0 67 76 57 75 25 52
1 absent
2 absent
3 absent
4 absent
5 absent
6 absent
7 46 64

Left
67 70x
76 07x
57 60x
75 06x
25 36x
52 63x
Best: OR67: 1

Right
46 35x
64 53x
Best: OR46: 1

XOR
01 10 0100110 3
12 21 0011111 5
23 32 1010111 5
34 43 0101100 3
45 54 1010000 2
56 65 1100000 2
67 76 1101111 6 match 0
70 07 0011101 4

02 20 0111001 4
13 31 1001000 2
24 42 1111011 6
35 53 1111100 5
46 64 0110000 2
57 75 0001111 4
60 06 1110010 4
71 17 0111011 5

03 30 1101110 5
14 41 1100100 3
25 52 0101011 4
36 63 0011100 3
47 74 1011111 6
50 05 0010010 2
61 16 1010100 3
72 27 0100100 2

04 40 1000010 2
15 51 0110100 3
26 62 1001011 4
37 73 1110011 5

Matching output
0 67 76
1 absent
2 absent
3 absent
4 absent
5 absent
6 absent
7 absent

Left
67 70x
76 07x
Best: XOR67: 1

Right
none
Best: none

AND-NOT
01 0100100 2
12 0010010 2
23 1000101 3
34 0001000 1
45 0010000 1
56 1100000 2
67 0000110 2 match 1
70 0001001 2

02 0110000 2
13 1000000 1
24 1001001 3
35 0011000 2
46 0110000 2
57 0000110 2 match 1
60 0000010 1
71 0101001 3

03 1100100 3
14 1000000 1
25 0001001 2
36 0011000 2
47 0010110 3
50 0000010 1
61 0000100 1
72 0100000 1

04 1000000 1
15 0010000 1
26 1001001 3
37 0010010 2
40 0000010 1
51 0100100 2
62 0000010 1
73 1100001 3

05 0010000 1
16 1010000 2
27 0000100 1
30 0001010 2
41 0100100 2
52 0100010 2
63 0000100 1
74 1001001 3

06 1110000 3
17 0010010 2
20 0001001 2
31 0001000 1
42 0110010 3
53 1100100 3
64 0000000 a
75 0001001 2

07 0010100 2
10 0000010 1
21 0001101 3
32 0010010 2
43 0100100 2
54 1000000 1
65 0000000 a
76 1101001 4 match 2

Matching output
0 absent
1 67 57
2 76
3 absent
4 absent
5 absent
6 absent
7 absent

Left
none
Best: none

Right
none
Best: none

OR-NOT
01 1111101 6
12 1110010 4
23 1101101 5
34 1011011 5
45 0111111 6
56 1111111 a
67 0010110 3
70 1101011 5

02 1110110 5
13 1110111 6
24 1001101 4 match 5
35 0011011 4
46 1111111 a
57 1110110 5
60 0001111 4
71 1101101 5

03 1110101 5
14 1011011 5
25 1011101 5
36 1111011 6
47 0110110 4 match 7
50 1101111 6 match 0
61 0101111 5
72 1111011 6

04 1111101 6
15 1011011 5
26 1111101 6
37 0011110 4
40 0111111 6
51 1101111 6 match 0
62 0110110 4 match 7
73 1101101 5

05 1111101 6
16 1111011 6
27 1011111 6
30 0011011 4
41 0111111 6
52 1110110 5
63 1100111 5
74 1101001 4 match 2

06 1111101 6
17 1010110 4
20 1001111 5
31 0111111 6
42 0110110 4 match 7
53 1100111 5
64 1001111 5
75 1111001 5

07 1110110 5
10 1011011 5
21 1101101 5
32 0111010 4
43 1110111 6
54 1101111 6 match 0
65 0011111 5
76 1111001 5

Matching output
0 50 51 54
1 absent
2 74
3 absent
4 absent
5 24
6 absent
7 47 62 42

Left
50 61x
51 62y
54 65x
Best: OR-NOT50: 1

Right
47 36x
62 51y
42 31x
Best: OR-NOT47: 1

XOR-NOT
01 1011001 4
12 1100000 2
23 0101000 2
34 1010011 4
45 0101111 5
56 0011111 5
67 0010000 1
70 1100010 3

02 1000110 3
13 0110111 5
24 0000100 1
35 0000011 2
46 1001111 5
57 1110000 3
60 0001101 3
71 1000100 2

03 0010001 2
14 0011011 4
25 1010100 3
36 1100011 4
47 0100000 1
50 1101101 5
61 0101011 4
72 1011011 5

04 0111101 5
15 1001011 4
26 0110100 3
37 0001100 2
40 0111101 5
51 1001011 4
62 0110100 3
73 0001100 2

05 1101101 5
16 0101011 4
27 1011011 5
30 0010001 2
41 0011011 4
52 1010100 3
63 1100011 4
74 0100000 1

06 0001101 3
17 1000100 2
20 1000110 3
31 0110111 5
42 0000100 1
53 0000011 2
64 1001111 5
75 1110000 3

07 1100010 3
10 1011001 4
21 1100000 2
32 0101000 2
43 1010011 4
54 0101111 5
65 0011111 5
76 0010000 1

Matching output
0 absent
1 absent
2 absent
3 absent
4 absent
5 absent
6 absent
7 absent

Left
none
Best: none

Right
none
Best: none

Selecting

Lefts
Identity none
NOT none
Constant none
AND none
OR OR67: 1
XOR XOR67: 1
AND-NOT none
OR-NOT OR-NOT50: 1
XOR-NOT none

Rights
Identity I4 3 2 1 0 7 6: 7
NOT none
Constant none
AND none
OR OR46: 1
XOR none
AND-NOT none
OR-NOT OR-NOT47: 1
XOR-NOT none

Left longest: 1
Right longest: 7

Right winner: Identity yes, NOT no, Constant no, AND no, OR no, XOR no, AND-NOT no, OR-NOT no, XOR-NOT no
Left winner: Identity no, NOT no, Constant no, AND no, OR yes, XOR no, AND-NOT no, OR-NOT no, XOR-NOT no

Best right: I4 3 2 1 0 7 6: 7
Best left: OR67: 1

Truncated right: I4 3 2 1 0 7 6: 7
Truncated left: OR67: 1

Tentative from right
7 I4
6 I3
5 I2
4 I1
3 I0
2 I7
1 I6
0 pending

Tentative
0 OR67
1 I6
2 I7
3 I0
4 I1
5 I2
6 I3
7 I4

Preferred from right
7 I4
6 I3
5 I2
4 I1
3 I0
2 I7
1 I6
0 OR67

Preferred from left
0 OR67
1 I6
2 I7
3 I0
4 I1
5 I2
6 I3
7 I4

Preferred
0 OR67
1 I6
2 I7
3 I0
4 I1
5 I2
6 I3
7 I4

Matching
0 OR67
1 I6
2 I7
3 I0
4 I1
5 I2
6 I3
7 I4

Perfect match
Identity no
NOT no
Constant no
AND no
OR no
XOR no
AND-NOT no
OR-NOT no
XOR-NOT no

Matched
0 OR67
1 I6
2 I7
3 I0
4 I1
5 I2
6 I3
7 I4

Selected
0 OR67
1 I6
2 I7
3 I0
4 I1
5 I2
6 I3
7 I4

Applying to 00101011
Input
0 0
1 0
2 1
3 0
4 1
5 0
6 1
7 1
Output
0 OR67 = OR(1,1) = 1
1 I6 = 1
2 I7 = 1
3 I0 = 0
4 I1 = 0
5 I2 = 1
6 I3 = 0
7 I4 = 1

I will now return the answer in \boxed{}
The answer in \boxed{–} is \boxed{11100101}