We need to deduce the transformation by matching the example outputs.
I will put my final answer inside \boxed{}.

Output 0: 01100011
0 0
1 1
2 1
3 0
4 0
5 0
6 1
7 1

Output 1: 00000111
0 0
1 0
2 0
3 0
4 0
5 1
6 1
7 1

Output 2: 01100101
0 0
1 1
2 1
3 0
4 0
5 1
6 0
7 1

Output 3: 10100001
0 1
1 0
2 1
3 0
4 0
5 0
6 0
7 1

Output 4: 01011111
0 0
1 1
2 0
3 1
4 1
5 1
6 1
7 1

Output 5: 10100011
0 1
1 0
2 1
3 0
4 0
5 0
6 1
7 1

Output 6: 11100100
0 1
1 1
2 1
3 0
4 0
5 1
6 0
7 0

Output 7: 10010101
0 1
1 0
2 0
3 1
4 0
5 1
6 0
7 1

Output 8: 10110111
0 1
1 0
2 1
3 1
4 0
5 1
6 1
7 1

Output 9: 10000011
0 1
1 0
2 0
3 0
4 0
5 0
6 1
7 1

Output bit columns (with bitsum as hash)
0 0001011111 6
1 1010101000 4
2 1011011010 6
3 0000100110 3
4 0000100000 1
5 0110101110 6
6 1100110011 6
7 1111110111 9

Input 0: 00101011
0 0
1 0
2 1
3 0
4 1
5 0
6 1
7 1

Input 1: 11100000
0 1
1 1
2 1
3 0
4 0
5 0
6 0
7 0

Input 2: 01100001
0 0
1 1
2 1
3 0
4 0
5 0
6 0
7 1

Input 3: 01000111
0 0
1 1
2 0
3 0
4 0
5 1
6 1
7 1

Input 4: 00010010
0 0
1 0
2 0
3 1
4 0
5 0
6 1
7 0

Input 5: 01100010
0 0
1 1
2 1
3 0
4 0
5 0
6 1
7 0

Input 6: 00001100
0 0
1 0
2 0
3 0
4 1
5 1
6 0
7 0

Input 7: 01111010
0 0
1 1
2 1
3 1
4 1
5 0
6 1
7 0

Input 8: 11111010
0 1
1 1
2 1
3 1
4 1
5 0
6 1
7 0

Input 9: 11000111
0 1
1 1
2 0
3 0
4 0
5 1
6 1
7 1

When matching output
x: not in operator
y: wrong position

Identity
0 0100000011 3
1 0111010111 7
2 1110010110 6
3 0000100110 3 match 3
4 1000001110 4
5 0001001001 3
6 1001110111 7
7 1011000001 4

Matching output
0 absent
1 absent
2 absent
3 3
4 absent
5 absent
6 absent
7 absent

Left
none
Best: none

Right
none
Best: none

NOT
0 1011111100 7
1 1000101000 3
2 0001101001 4
3 1111011001 7
4 0111110001 6
5 1110110110 7
6 0110001000 3
7 0100111110 6

Matching output
0 absent
1 absent
2 absent
3 absent
4 absent
5 absent
6 absent
7 absent

Left
none
Best: none

Right
none
Best: none

Constant
0 0000000000 a
1 1111111111 a

Matching output
0 absent
1 absent
2 absent
3 absent
4 absent
5 absent
6 absent
7 absent

Left
none
Best: none

Right
none
Best: none

AND
01 10 0100000011 3
12 21 0110010110 5
23 32 0000000110 2
34 43 0000000110 2
45 54 0000001000 1
56 65 0001000001 2
67 76 1001000001 3
70 07 0000000001 1

02 20 0100000010 2
13 31 0000000110 2
24 42 1000000110 3
35 53 0000000000 a
46 64 1000000110 3
57 75 0001000001 2
60 06 0000000011 2
71 17 0011000001 3

03 30 0000000010 1
14 41 0000000110 2
25 52 0000000000 a
36 63 0000100110 3 match 3
47 74 1000000000 1
50 05 0000000001 1
61 16 0001010111 5
72 27 1010000000 2

04 40 0000000010 1
15 51 0001000001 2
26 62 1000010110 4
37 73 0000000000 a

Matching output
0 absent
1 absent
2 absent
3 36 63
4 absent
5 absent
6 absent
7 absent

Left
none
Best: none

Right
none
Best: none

OR
01 10 0111010111 7
12 21 1111010111 8
23 32 1110110110 7
34 43 1000101110 5
45 54 1001001111 6
56 65 1001111111 8
67 76 1011110111 8
70 07 1111000011 6

02 20 1110010111 7
13 31 0111110111 8
24 42 1110011110 7
35 53 0001101111 6
46 64 1001111111 8
57 75 1011001001 5
60 06 1101110111 8
71 17 1111010111 8

03 30 0100100111 5
14 41 1111011111 9
25 52 1111011111 9
36 63 1001110111 7
47 74 1011001111 7
50 05 0101001011 5
61 16 1111110111 9 match 7
72 27 1111010111 8

04 40 1100001111 6
15 51 0111011111 8
26 62 1111110111 9 match 7
37 73 1011100111 7

Matching output
0 absent
1 absent
2 absent
3 absent
4 absent
5 absent
6 absent
7 61 16 26 62

Left
none
Best: none

Right
61 50x
16 05x
26 15x
62 51x
Best: OR61: 1

XOR
01 10 0011010100 4
12 21 1001000001 3
23 32 1110110000 5
34 43 1000101000 3
45 54 1001000111 5
56 65 1000111110 6
67 76 0010110110 5
70 07 1111000010 5

02 20 1010010101 5
13 31 0111110001 6
24 42 0110011000 4
35 53 0001101111 6
46 64 0001111001 5
57 75 1010001000 3
60 06 1101110100 6
71 17 1100010110 5

03 30 0100100101 4
14 41 1111011001 7
25 52 1111011111 9
36 63 1001010001 4
47 74 0011001111 6
50 05 0101001010 4
61 16 1110100000 4
72 27 0101010111 6

04 40 1100001101 5
15 51 0110011110 6
26 62 0111100001 5
37 73 1011100111 7

Matching output
0 absent
1 absent
2 absent
3 absent
4 absent
5 absent
6 absent
7 absent

Left
none
Best: none

Right
none
Best: none

AND-NOT
01 0000000000 a
12 0001000001 2
23 1110010000 4
34 0000100000 1 match 4
45 1000000110 3
56 0000001000 1
67 0000110110 4
70 1011000000 3

02 0000000001 1
13 0111010001 5
24 0110010000 3
35 0000100110 3 match 3
46 0000001000 1
57 0000001000 1
60 1001110100 5
71 1000000000 1

03 0100000001 2
14 0111010001 5
25 1110010110 6
36 0000000000 a
47 0000001110 3
50 0001001000 2
61 1000100000 2
72 0001000001 2

04 0100000001 2
15 0110010110 5
26 0110000000 2
37 0000100110 3 match 3
40 1000001100 3
51 0000001000 1
62 0001100001 3
73 1011000001 4

05 0100000010 2
16 0110000000 2
27 0100010110 4
30 0000100100 2
41 1000001000 2
52 0001001001 3
63 1001010001 4
74 0011000001 3

06 0100000000 1
17 0100010110 4
20 1010010100 4
31 0000100000 1 match 4
42 0000001000 1
53 0001001001 3
64 0001110001 4
75 1010000000 2

07 0100000010 2
10 0011010100 4
21 1000000000 1
32 0000100000 1 match 4
43 1000001000 2
54 0001000001 2
65 1000110110 5
76 0010000000 1

Matching output
0 absent
1 absent
2 absent
3 35 37
4 34 31 32
5 absent
6 absent
7 absent

Left
none
Best: none

Right
none
Best: none

OR-NOT
01 1100101011 6
12 0111111111 9
23 1111011111 9
34 0111110111 8
45 1110111110 8
56 0111001001 5
67 1101111111 9
70 1011111101 8

02 0101101011 6
13 1111011111 9
24 1111110111 9 match 7
35 1110110110 7
46 1110001110 6
57 0101111111 8
60 1011111111 9
71 1011101001 6

03 1111011011 8
14 0111110111 8
25 1110110110 7
36 0110101110 6 match 5
47 1100111110 7
50 1011111101 8
61 1001111111 8
72 1011101001 6

04 0111110011 7
15 1111110111 9 match 7
26 1110011110 7
37 0100111110 6
40 1011111110 8
51 1001101001 5
62 1001111111 8
73 1111011001 7

05 1110110111 8
16 0111011111 8
27 1110111110 8
30 1011111110 8
41 1000101110 5
52 0001101001 4
63 1111111111 a
74 1111110001 7

06 0110001011 5
17 0111111111 9
20 1111111110 9
31 1000101110 5
42 1001101111 7
53 1111011001 7
64 1111110111 9 match 7
75 1111110111 9 match 7

07 0100111111 7
10 1111111111 a
21 1110111110 8
32 0001101111 6
43 1111011111 9
54 0111111001 7
65 1111110111 9 match 7
76 1111001001 6

Matching output
0 absent
1 absent
2 absent
3 absent
4 absent
5 36
6 absent
7 24 15 64 75 65

Left
none
Best: none

Right
24 13x
15 04x
64 53x
75 64y
65 54x
Best: OR-NOT24: 1

XOR-NOT
01 1100101011 6
12 0110111110 7
23 0001001111 5
34 0111010111 7
45 0110111000 5
56 0111000001 4
67 1101001001 5
70 0000111101 5

02 0101101010 5
13 1000001110 4
24 1001100111 6
35 1110010000 4
46 1110000110 5
57 0101110111 7
60 0010001011 4
71 0011101001 5

03 1011011010 6 match 2
14 0000100110 3 match 3
25 0000100000 1 match 4
36 0110101110 6 match 5
47 1100110000 4
50 1010110101 6
61 0001011111 6 match 0
72 1010101000 4 match 1

04 0011110010 5
15 1001100001 4
26 1000011110 5
37 0100011000 3
40 0011110010 5
51 1001100001 4
62 1000011110 5
73 0100011000 3

05 1010110101 6
16 0001011111 6 match 0
27 1010101000 4 match 1
30 1011011010 6 match 2
41 0000100110 3 match 3
52 0000100000 1 match 4
63 0110101110 6 match 5
74 1100110000 4

06 0010001011 4
17 0011101001 5
20 0101101010 5
31 1000001110 4
42 1001100111 6
53 1110010000 4
64 1110000110 5
75 0101110111 7

07 0000111101 5
10 1100101011 6
21 0110111110 7
32 0001001111 5
43 0111010111 7
54 0110111000 5
65 0111000001 4
76 1101001001 5

Matching output
0 61 16
1 72 27
2 03 30
3 14 41
4 25 52
5 36 63
6 absent
7 absent

Left
61 72 03 14 25 36 47x
16 27 30 41 52 63 74x
Best: XOR-NOT61 72 03 14 25 36: 6

Right
none
Best: none

Selecting

Lefts
Identity none
NOT none
Constant none
AND none
OR none
XOR none
AND-NOT none
OR-NOT none
XOR-NOT XOR-NOT61 72 03 14 25 36: 6

Rights
Identity none
NOT none
Constant none
AND none
OR OR61: 1
XOR none
AND-NOT none
OR-NOT OR-NOT24: 1
XOR-NOT none

Left longest: 6
Right longest: 1

Left winner: Identity no, NOT no, Constant no, AND no, OR no, XOR no, AND-NOT no, OR-NOT no, XOR-NOT yes
Right winner: Identity no, NOT no, Constant no, AND no, OR yes, XOR no, AND-NOT no, OR-NOT no, XOR-NOT no

Best left: XOR-NOT61 72 03 14 25 36: 6
Best right: OR61: 1

Truncated left: XOR-NOT61 72 03 14 25 36: 6
Truncated right: OR61: 1

Tentative from right
7 OR61
6 pending
5 pending
4 pending
3 pending
2 pending
1 pending
0 pending

Tentative
0 XOR-NOT61
1 XOR-NOT72
2 XOR-NOT03
3 XOR-NOT14
4 XOR-NOT25
5 XOR-NOT36
6 pending
7 OR61

Preferred from left
0 XOR-NOT61
1 XOR-NOT72
2 XOR-NOT03
3 XOR-NOT14
4 XOR-NOT25
5 XOR-NOT36
6 ?47
7 OR61

Preferred from right
7 OR61
6 ?47
5 XOR-NOT36
4 XOR-NOT25
3 XOR-NOT14
2 XOR-NOT03
1 XOR-NOT72
0 XOR-NOT61

Preferred
0 XOR-NOT61
1 XOR-NOT72
2 XOR-NOT03
3 XOR-NOT14
4 XOR-NOT25
5 XOR-NOT36
6 ?47 ?74
7 OR61

Matching
0 XOR-NOT61
1 XOR-NOT72
2 XOR-NOT03
3 XOR-NOT14
4 XOR-NOT25
5 XOR-NOT36
6 ?47 ?74 - Identity absent, NOT absent, Constant absent, AND absent, OR absent, XOR absent, AND-NOT absent, OR-NOT absent, XOR-NOT absent
7 OR61

Perfect match
Identity no
NOT no
Constant no
AND no
OR no
XOR no
AND-NOT no
OR-NOT no
XOR-NOT no

Matched
0 XOR-NOT61
1 XOR-NOT72
2 XOR-NOT03
3 XOR-NOT14
4 XOR-NOT25
5 XOR-NOT36
6 none
7 OR61

Selected
0 XOR-NOT61
1 XOR-NOT72
2 XOR-NOT03
3 XOR-NOT14
4 XOR-NOT25
5 XOR-NOT36
6 default 1
7 OR61

Applying to 00100000
Input
0 0
1 0
2 1
3 0
4 0
5 0
6 0
7 0
Output
0 XOR-NOT61 = XOR(0,NOT(0)) = 1
1 XOR-NOT72 = XOR(0,NOT(1)) = 0
2 XOR-NOT03 = XOR(0,NOT(0)) = 1
3 XOR-NOT14 = XOR(0,NOT(0)) = 1
4 XOR-NOT25 = XOR(1,NOT(0)) = 0
5 XOR-NOT36 = XOR(0,NOT(0)) = 1
6 default 1 = 1
7 OR61 = OR(0,0) = 0

I will now return the answer in \boxed{}
The answer in \boxed{–} is \boxed{10110110}