We need to deduce the transformation by matching the example outputs.
I will put my final answer inside \boxed{}.

Output 0: 00001000
0 0
1 0
2 0
3 0
4 1
5 0
6 0
7 0

Output 1: 00100111
0 0
1 0
2 1
3 0
4 0
5 1
6 1
7 1

Output 2: 00100010
0 0
1 0
2 1
3 0
4 0
5 0
6 1
7 0

Output 3: 00111111
0 0
1 0
2 1
3 1
4 1
5 1
6 1
7 1

Output 4: 00001110
0 0
1 0
2 0
3 0
4 1
5 1
6 1
7 0

Output 5: 00101110
0 0
1 0
2 1
3 0
4 1
5 1
6 1
7 0

Output 6: 00111010
0 0
1 0
2 1
3 1
4 1
5 0
6 1
7 0

Output bit columns (with bitsum as hash)
0 0000000 a
1 0000000 a
2 0111011 5
3 0001001 2
4 1001111 5
5 0101110 4
6 0111111 6
7 0101000 2

Input 0: 00100010
0 0
1 0
2 1
3 0
4 0
5 0
6 1
7 0

Input 1: 10011111
0 1
1 0
2 0
3 1
4 1
5 1
6 1
7 1

Input 2: 10001011
0 1
1 0
2 0
3 0
4 1
5 0
6 1
7 1

Input 3: 11111100
0 1
1 1
2 1
3 1
4 1
5 1
6 0
7 0

Input 4: 00111010
0 0
1 0
2 1
3 1
4 1
5 0
6 1
7 0

Input 5: 10111010
0 1
1 0
2 1
3 1
4 1
5 0
6 1
7 0

Input 6: 11101010
0 1
1 1
2 1
3 0
4 1
5 0
6 1
7 0

When matching output
x: not in operator
y: wrong position

Identity
0 0111011 5 match 2
1 0001001 2 match 3
2 1001111 5 match 4
3 0101110 4 match 5
4 0111111 6 match 6
5 0101000 2 match 7
6 1110111 6
7 0110000 2

Matching output
0 absent
1 absent
2 0
3 1
4 2
5 3
6 4
7 5

Left
none
Best: none

Right
5 4 3 2 1 0 7x
Best: I5 4 3 2 1 0: 6

NOT
0 1000100 2
1 1110110 5
2 0110000 2
3 1010001 3
4 1000000 1
5 1010111 5
6 0001000 1
7 1001111 5 match 4

Matching output
0 absent
1 absent
2 absent
3 absent
4 7
5 absent
6 absent
7 absent

Left
none
Best: none

Right
none
Best: none

Constant
0 0000000 a match 0 1
1 1111111 a

Matching output
0 C0
1 C0
2 absent
3 absent
4 absent
5 absent
6 absent
7 absent

Left
0 0
Best: C0 0: 2

Right
none
Best: none

AND
01 10 0001001 2 match 3
12 21 0001001 2 match 3
23 32 0001110 3
34 43 0101110 4 match 5
45 54 0101000 2 match 7
56 65 0100000 1
67 76 0110000 2
70 07 0110000 2

02 20 0001011 3
13 31 0001000 1
24 42 0001111 4
35 53 0101000 2 match 7
46 64 0110111 5
57 75 0100000 1
60 06 0110011 4
71 17 0000000 a match 0 1

03 30 0101010 3
14 41 0001001 2 match 3
25 52 0001000 1
36 63 0100110 3
47 74 0110000 2
50 05 0101000 2 match 7
61 16 0000001 1
72 27 0000000 a match 0 1

04 40 0111011 5 match 2
15 51 0001000 1
26 62 1000111 4
37 73 0100000 1

Matching output
0 71 17 72 27
1 71 17 72 27
2 04 40
3 01 10 12 21 14 41
4 absent
5 34 43
6 absent
7 45 54 35 53 50 05

Left
71 02x
17 20x
72 03x
27 30x
Best: AND71: 1

Right
45 34y
54 43y
35 24x
53 42x
50 47x
05 74x
Best: AND45: 1

OR
01 10 0111011 5 match 2
12 21 1001111 5 match 4
23 32 1101111 6
34 43 0111111 6 match 6
45 54 0111111 6 match 6
56 65 1111111 a
67 76 1110111 6
70 07 0111011 5 match 2

02 20 1111111 a
13 31 0101111 5
24 42 1111111 a
35 53 0101110 4 match 5
46 64 1111111 a
57 75 0111000 3
60 06 1111111 a
71 17 0111001 4

03 30 0111111 6 match 6
14 41 0111111 6 match 6
25 52 1101111 6
36 63 1111111 a
47 74 0111111 6 match 6
50 05 0111011 5 match 2
61 16 1111111 a
72 27 1111111 a

04 40 0111111 6 match 6
15 51 0101001 3
26 62 1111111 a
37 73 0111110 5

Matching output
0 absent
1 absent
2 01 10 70 07 50 05
3 absent
4 12 21
5 35 53
6 34 43 45 54 03 30 14 41 47 74 04 40
7 absent

Left
none
Best: none

Right
none
Best: none

XOR
01 10 0110010 3
12 21 1000110 3
23 32 1100001 3
34 43 0010001 2
45 54 0010111 4
56 65 1011111 6
67 76 1000111 4
70 07 0001011 3

02 20 1110100 4
13 31 0100111 4
24 42 1110000 3
35 53 0000110 2
46 64 1001000 2
57 75 0011000 2
60 06 1001100 3
71 17 0111001 4

03 30 0010101 3
14 41 0110110 4
25 52 1100111 5
36 63 1011001 4
47 74 0001111 4
50 05 0010011 3
61 16 1111110 6
72 27 1111111 a

04 40 0000100 1
15 51 0100001 2
26 62 0111000 3
37 73 0011110 4

Matching output
0 absent
1 absent
2 absent
3 absent
4 absent
5 absent
6 absent
7 absent

Left
none
Best: none

Right
none
Best: none

AND-NOT
01 0110010 3
12 0000000 a match 0 1
23 1000001 2
34 0000000 a match 0 1
45 0010111 4
56 0001000 1
67 1000111 4
70 0000000 a match 0 1

02 0110000 2
13 0000001 1
24 1000000 1
35 0000110 2
46 0001000 1
57 0001000 1
60 1000100 2
71 0110000 2

03 0010001 2
14 0000000 a match 0 1
25 1000111 4
36 0001000 1
47 0001111 4
50 0000000 a match 0 1
61 1110110 5
72 0110000 2

04 0000000 a match 0 1
15 0000001 1
26 0001000 1
37 0001110 3
40 0000100 1
51 0100000 1
62 0110000 2
73 0010000 1

05 0010011 3
16 0001000 1
27 1001111 5 match 4
30 0000100 1
41 0110110 4
52 0100000 1
63 1010001 3
74 0000000 a match 0 1

06 0001000 1
17 0001001 2 match 3
20 1000100 2
31 0100110 3
42 0110000 2
53 0000000 a match 0 1
64 1000000 1
75 0010000 1

07 0001011 3
10 0000000 a match 0 1
21 1000110 3
32 0100000 1
43 0010001 2
54 0000000 a match 0 1
65 1010111 5
76 0000000 a match 0 1

Matching output
0 12 34 70 14 50 04 74 53 10 54 76
1 12 34 70 14 50 04 74 53 10 54 76
2 absent
3 17
4 27
5 absent
6 absent
7 absent

Left
12 23x
34 45x
70 01x
14 25x
50 61x
04 15x
74 05x
53 64x
10 21x
54 65x
76 07x
Best: AND-NOT12: 1

Right
none
Best: none

OR-NOT
01 1111111 a
12 0111001 4
23 1011111 6
34 1101110 5
45 1111111 a
56 0101000 2 match 7
67 1111111 a
70 1110100 4

02 0111011 5 match 2
13 1011001 4
24 1001111 5 match 4
35 1111111 a
46 0111111 6 match 6
57 1101111 6
60 1110111 6
71 1110110 5

03 1111011 6
14 1001001 3
25 1011111 6
36 0101110 4 match 5
47 1111111 a
50 1101100 4
61 1110111 6
72 0110000 2

04 1111011 6
15 1011111 6
26 1001111 5 match 4
37 1101111 6
40 1111111 a
51 1111110 6
62 1110111 6
73 1110001 4

05 1111111 a
16 0001001 2 match 3
27 1001111 5 match 4
30 1101110 5
41 1111111 a
52 0111000 3
63 1110111 6
74 1110000 3

06 0111011 5 match 2
17 1001111 5 match 4
20 1001111 5 match 4
31 1111110 6
42 0111111 6 match 6
53 1111001 5
64 1110111 6
75 1110111 6

07 1111111 a
10 1001101 4
21 1111111 a
32 0111110 5
43 1111111 a
54 1101000 3
65 1110111 6
76 0111000 3

Matching output
0 absent
1 absent
2 02 06
3 16
4 24 26 27 17 20
5 36
6 46 42
7 56

Left
none
Best: none

Right
56 45x
Best: OR-NOT56: 1

XOR-NOT
01 1001101 4
12 0111001 4
23 0011110 4
34 1101110 5
45 1101000 3
56 0100000 1
67 0111000 3
70 1110100 4

02 0001011 3
13 1011000 3
24 0001111 4
35 1111001 5
46 0110111 5
57 1100111 5
60 0110011 4
71 1000110 3

03 1101010 4
14 1001001 3
25 0011000 2
36 0100110 3
47 1110000 3
50 1101100 4
61 0000001 1
72 0000000 a match 0 1

04 1111011 6
15 1011110 5
26 1000111 4
37 1100001 3
40 1111011 6
51 1011110 5
62 1000111 4
73 1100001 3

05 1101100 4
16 0000001 1
27 0000000 a match 0 1
30 1101010 4
41 1001001 3
52 0011000 2
63 0100110 3
74 1110000 3

06 0110011 4
17 1000110 3
20 0001011 3
31 1011000 3
42 0001111 4
53 1111001 5
64 0110111 5
75 1100111 5

07 1110100 4
10 1001101 4
21 0111001 4
32 0011110 4
43 1101110 5
54 1101000 3
65 0100000 1
76 0111000 3

Matching output
0 72 27
1 72 27
2 absent
3 absent
4 absent
5 absent
6 absent
7 absent

Left
72 03x
27 30x
Best: XOR-NOT72: 1

Right
none
Best: none

Selecting

Lefts
Identity none
NOT none
Constant C0 0: 2
AND AND71: 1
OR none
XOR none
AND-NOT AND-NOT12: 1
OR-NOT none
XOR-NOT XOR-NOT72: 1

Rights
Identity I5 4 3 2 1 0: 6
NOT none
Constant none
AND AND45: 1
OR none
XOR none
AND-NOT none
OR-NOT OR-NOT56: 1
XOR-NOT none

Left longest: 2
Right longest: 6

Right winner: Identity yes, NOT no, Constant no, AND no, OR no, XOR no, AND-NOT no, OR-NOT no, XOR-NOT no
Left winner: Identity no, NOT no, Constant yes, AND no, OR no, XOR no, AND-NOT no, OR-NOT no, XOR-NOT no

Best right: I5 4 3 2 1 0: 6
Best left: C0 0: 2

Truncated right: I5 4 3 2 1 0: 6
Truncated left: C0 0: 2

Tentative from right
7 I5
6 I4
5 I3
4 I2
3 I1
2 I0
1 pending
0 pending

Tentative
0 C0
1 C0
2 I0
3 I1
4 I2
5 I3
6 I4
7 I5

Preferred from right
7 I5
6 I4
5 I3
4 I2
3 I1
2 I0
1 C0
0 C0

Preferred from left
0 C0
1 C0
2 I0
3 I1
4 I2
5 I3
6 I4
7 I5

Preferred
0 C0
1 C0
2 I0
3 I1
4 I2
5 I3
6 I4
7 I5

Matching
0 C0
1 C0
2 I0
3 I1
4 I2
5 I3
6 I4
7 I5

Perfect match
Identity no
NOT no
Constant no
AND no
OR no
XOR no
AND-NOT no
OR-NOT no
XOR-NOT no

Matched
0 C0
1 C0
2 I0
3 I1
4 I2
5 I3
6 I4
7 I5

Selected
0 C0
1 C0
2 I0
3 I1
4 I2
5 I3
6 I4
7 I5

Applying to 11111101
Input
0 1
1 1
2 1
3 1
4 1
5 1
6 0
7 1
Output
0 C0 = 0
1 C0 = 0
2 I0 = 1
3 I1 = 1
4 I2 = 1
5 I3 = 1
6 I4 = 1
7 I5 = 1

I will now return the answer in \boxed{}
The answer in \boxed{–} is \boxed{00111111}