We need to deduce the transformation by matching the example outputs.
I will put my final answer inside \boxed{}.

Output 0: 11111111
0 1
1 1
2 1
3 1
4 1
5 1
6 1
7 1

Output 1: 11111111
0 1
1 1
2 1
3 1
4 1
5 1
6 1
7 1

Output 2: 11111111
0 1
1 1
2 1
3 1
4 1
5 1
6 1
7 1

Output 3: 11111111
0 1
1 1
2 1
3 1
4 1
5 1
6 1
7 1

Output 4: 11111111
0 1
1 1
2 1
3 1
4 1
5 1
6 1
7 1

Output 5: 11111111
0 1
1 1
2 1
3 1
4 1
5 1
6 1
7 1

Output 6: 11111111
0 1
1 1
2 1
3 1
4 1
5 1
6 1
7 1

Output 7: 11111111
0 1
1 1
2 1
3 1
4 1
5 1
6 1
7 1

Output 8: 11111111
0 1
1 1
2 1
3 1
4 1
5 1
6 1
7 1

Output bit columns (with bitsum as hash)
0 111111111 a
1 111111111 a
2 111111111 a
3 111111111 a
4 111111111 a
5 111111111 a
6 111111111 a
7 111111111 a

Input 0: 10100010
0 1
1 0
2 1
3 0
4 0
5 0
6 1
7 0

Input 1: 11010110
0 1
1 1
2 0
3 1
4 0
5 1
6 1
7 0

Input 2: 00100011
0 0
1 0
2 1
3 0
4 0
5 0
6 1
7 1

Input 3: 01000110
0 0
1 1
2 0
3 0
4 0
5 1
6 1
7 0

Input 4: 01000000
0 0
1 1
2 0
3 0
4 0
5 0
6 0
7 0

Input 5: 00100100
0 0
1 0
2 1
3 0
4 0
5 1
6 0
7 0

Input 6: 01000101
0 0
1 1
2 0
3 0
4 0
5 1
6 0
7 1

Input 7: 01000111
0 0
1 1
2 0
3 0
4 0
5 1
6 1
7 1

Input 8: 00001010
0 0
1 0
2 0
3 0
4 1
5 0
6 1
7 0

When matching output
x: not in operator
y: wrong position

Identity
0 110000000 2
1 010110110 5
2 101001000 3
3 010000000 1
4 000000001 1
5 010101110 5
6 111100011 6
7 001000110 3

Matching output
0 absent
1 absent
2 absent
3 absent
4 absent
5 absent
6 absent
7 absent

Left
none
Best: none

Right
none
Best: none

NOT
0 001111111 7
1 101001001 4
2 010110111 6
3 101111111 8
4 111111110 8
5 101010001 4
6 000011100 3
7 110111001 6

Matching output
0 absent
1 absent
2 absent
3 absent
4 absent
5 absent
6 absent
7 absent

Left
none
Best: none

Right
none
Best: none

Constant
0 000000000 a
1 111111111 a match 0 1 2 3 4 5 6 7

Matching output
0 C1
1 C1
2 C1
3 C1
4 C1
5 C1
6 C1
7 C1

Left
1 1 1 1 1 1 1 1
Best: C1 1 1 1 1 1 1 1: 8

Right
1 1 1 1 1 1 1 1
Best: C1 1 1 1 1 1 1 1: 8

AND
01 10 010000000 1
12 21 000000000 a
23 32 000000000 a
34 43 000000000 a
45 54 000000000 a
56 65 010100010 3
67 76 001000010 2
70 07 000000000 a

02 20 100000000 1
13 31 010000000 1
24 42 000000000 a
35 53 010000000 1
46 64 000000001 1
57 75 000000110 2
60 06 110000000 2
71 17 000000110 2

03 30 010000000 1
14 41 000000000 a
25 52 000001000 1
36 63 010000000 1
47 74 000000000 a
50 05 010000000 1
61 16 010100010 3
72 27 001000000 1

04 40 000000000 a
15 51 010100110 4
26 62 101000000 2
37 73 000000000 a

Matching output
0 absent
1 absent
2 absent
3 absent
4 absent
5 absent
6 absent
7 absent

Left
none
Best: none

Right
none
Best: none

OR
01 10 110110110 6
12 21 111111110 8
23 32 111001000 4
34 43 010000001 2
45 54 010101111 6
56 65 111101111 8
67 76 111100111 7
70 07 111000110 5

02 20 111001000 4
13 31 010110110 5
24 42 101001001 4
35 53 010101110 5
46 64 111100011 6
57 75 011101110 6
60 06 111100011 6
71 17 011110110 6

03 30 110000000 2
14 41 010110111 6
25 52 111101110 7
36 63 111100011 6
47 74 001000111 4
50 05 110101110 6
61 16 111110111 8
72 27 101001110 5

04 40 110000001 3
15 51 010111110 6
26 62 111101011 7
37 73 011000110 4

Matching output
0 absent
1 absent
2 absent
3 absent
4 absent
5 absent
6 absent
7 absent

Left
none
Best: none

Right
none
Best: none

XOR
01 10 100110110 5
12 21 111111110 8
23 32 111001000 4
34 43 010000001 2
45 54 010101111 6
56 65 101001101 5
67 76 110100101 5
70 07 111000110 5

02 20 011001000 3
13 31 000110110 4
24 42 101001001 4
35 53 000101110 4
46 64 111100010 5
57 75 011101000 4
60 06 001100011 4
71 17 011110000 4

03 30 100000000 1
14 41 010110111 6
25 52 111100110 6
36 63 101100011 5
47 74 001000111 4
50 05 100101110 5
61 16 101010101 5
72 27 100001110 4

04 40 110000001 3
15 51 000011000 2
26 62 010101011 5
37 73 011000110 4

Matching output
0 absent
1 absent
2 absent
3 absent
4 absent
5 absent
6 absent
7 absent

Left
none
Best: none

Right
none
Best: none

AND-NOT
01 100000000 1
12 010110110 5
23 101001000 3
34 010000000 1
45 000000001 1
56 000001100 2
67 110100001 4
70 001000110 3

02 010000000 1
13 000110110 4
24 101001000 3
35 000000000 a
46 000000000 a
57 010101000 3
60 001100011 4
71 001000000 1

03 100000000 1
14 010110110 5
25 101000000 2
36 000000000 a
47 000000001 1
50 000101110 4
61 101000001 3
72 000000110 2

04 110000000 2
15 000010000 1
26 000001000 1
37 010000000 1
40 000000001 1
51 000001000 1
62 010100011 4
73 001000110 3

05 100000000 1
16 000010100 2
27 100001000 2
30 000000000 a
41 000000001 1
52 010100110 4
63 101100011 5
74 001000110 3

06 000000000 a
17 010110000 3
20 001001000 2
31 000000000 a
42 000000001 1
53 000101110 4
64 111100010 5
75 001000000 1

07 110000000 2
10 000110110 4
21 101001000 3
32 010000000 1
43 000000001 1
54 010101110 5
65 101000001 3
76 000000100 1

Matching output
0 absent
1 absent
2 absent
3 absent
4 absent
5 absent
6 absent
7 absent

Left
none
Best: none

Right
none
Best: none

OR-NOT
01 111001001 5
12 010110111 6
23 101111111 8
34 111111110 8
45 101010001 4
56 010111110 6
67 111111011 8
70 001111111 7

02 110110111 7
13 111111111 a match 0 1 2 3 4 5 6 7
24 111111110 8
35 111010001 5
46 000011101 4
57 110111111 8
60 111111111 a match 0 1 2 3 4 5 6 7
71 101001111 6

03 111111111 a match 0 1 2 3 4 5 6 7
14 111111110 8
25 101011001 5
36 010011100 4
47 110111001 6
50 011111111 8
61 111101011 7
72 011110111 7

04 111111110 8
15 111110111 8
26 101011100 5
37 110111001 6
40 001111111 7
51 111101111 8
62 111110111 8
73 101111111 8

05 111010001 5
16 010111110 6
27 111111001 7
30 011111111 8
41 101001001 4
52 010111111 7
63 111111111 a match 0 1 2 3 4 5 6 7
74 111111110 8

06 110011100 5
17 110111111 8
20 101111111 8
31 111001001 5
42 010110111 6
53 111111111 a match 0 1 2 3 4 5 6 7
64 111111111 a match 0 1 2 3 4 5 6 7
75 101010111 6

07 110111001 6
10 011111111 8
21 101001001 4
32 010110111 6
43 101111111 8
54 111111110 8
65 111110011 7
76 001011110 5

Matching output
0 13 60 03 63 53 64
1 13 60 03 63 53 64
2 13 60 03 63 53 64
3 13 60 03 63 53 64
4 13 60 03 63 53 64
5 13 60 03 63 53 64
6 13 60 03 63 53 64
7 13 60 03 63 53 64

Left
13 24x
60 71x
03 14x
63 74x
53 64 75x
64 75x
Best: OR-NOT53 64: 2

Right
13 02x
60 57x
03 72x
63 52x
53 42x
64 53 42x
Best: OR-NOT64 53: 2

XOR-NOT
01 011001001 4
12 000000001 1
23 000110111 5
34 101111110 7
45 101010000 3
56 010110010 4
67 001011010 4
70 000111001 4

02 100110111 6
13 111001001 5
24 010110110 5
35 111010001 5
46 000011101 4
57 100010111 5
60 110011100 5
71 100001111 5

03 011111111 8
14 101001000 3
25 000011001 3
36 010011100 4
47 110111000 5
50 011010001 4
61 010101010 4
72 011110001 5

04 001111110 6
15 111100111 7
26 101010100 4
37 100111001 5
40 001111110 6
51 111100111 7
62 101010100 4
73 100111001 5

05 011010001 4
16 010101010 4
27 011110001 5
30 011111111 8
41 101001000 3
52 000011001 3
63 010011100 4
74 110111000 5

06 110011100 5
17 100001111 5
20 100110111 6
31 111001001 5
42 010110110 5
53 111010001 5
64 000011101 4
75 100010111 5

07 000111001 4
10 011001001 4
21 000000001 1
32 000110111 5
43 101111110 7
54 101010000 3
65 010110010 4
76 001011010 4

Matching output
0 absent
1 absent
2 absent
3 absent
4 absent
5 absent
6 absent
7 absent

Left
none
Best: none

Right
none
Best: none

Selecting

Lefts
Identity none
NOT none
Constant C1 1 1 1 1 1 1 1: 8
AND none
OR none
XOR none
AND-NOT none
OR-NOT OR-NOT53 64: 2
XOR-NOT none

Rights
Identity none
NOT none
Constant C1 1 1 1 1 1 1 1: 8
AND none
OR none
XOR none
AND-NOT none
OR-NOT OR-NOT64 53: 2
XOR-NOT none

Left longest: 8
Right longest: 8

Left winner: Identity no, NOT no, Constant yes, AND no, OR no, XOR no, AND-NOT no, OR-NOT no, XOR-NOT no
Right winner: Identity no, NOT no, Constant yes, AND no, OR no, XOR no, AND-NOT no, OR-NOT no, XOR-NOT no

Best left: C1 1 1 1 1 1 1 1: 8
Best right: C1 1 1 1 1 1 1 1: 8

Truncated left: C1 1 1 1 1 1 1 1: 8
Truncated right: none truncated

Tentative from right
7 pending
6 pending
5 pending
4 pending
3 pending
2 pending
1 pending
0 pending

Tentative
0 C1
1 C1
2 C1
3 C1
4 C1
5 C1
6 C1
7 C1

Preferred from left
0 C1
1 C1
2 C1
3 C1
4 C1
5 C1
6 C1
7 C1

Preferred from right
7 C1
6 C1
5 C1
4 C1
3 C1
2 C1
1 C1
0 C1

Preferred
0 C1
1 C1
2 C1
3 C1
4 C1
5 C1
6 C1
7 C1

Matching
0 C1
1 C1
2 C1
3 C1
4 C1
5 C1
6 C1
7 C1

Perfect match
Identity no
NOT no
Constant no
AND no
OR no
XOR no
AND-NOT no
OR-NOT no
XOR-NOT no

Matched
0 C1
1 C1
2 C1
3 C1
4 C1
5 C1
6 C1
7 C1

Selected
0 C1
1 C1
2 C1
3 C1
4 C1
5 C1
6 C1
7 C1

Applying to 11010010
Input
0 1
1 1
2 0
3 1
4 0
5 0
6 1
7 0
Output
0 C1 = 1
1 C1 = 1
2 C1 = 1
3 C1 = 1
4 C1 = 1
5 C1 = 1
6 C1 = 1
7 C1 = 1

I will now return the answer in \boxed{}
The answer in \boxed{–} is \boxed{11111111}