We need to deduce the transformation by matching the example outputs.
I will put my final answer inside \boxed{}.

Output 0: 11111111
0 1
1 1
2 1
3 1
4 1
5 1
6 1
7 1

Output 1: 11101111
0 1
1 1
2 1
3 0
4 1
5 1
6 1
7 1

Output 2: 00100111
0 0
1 0
2 1
3 0
4 0
5 1
6 1
7 1

Output 3: 00101111
0 0
1 0
2 1
3 0
4 1
5 1
6 1
7 1

Output 4: 11101111
0 1
1 1
2 1
3 0
4 1
5 1
6 1
7 1

Output 5: 01010111
0 0
1 1
2 0
3 1
4 0
5 1
6 1
7 1

Output 6: 00010111
0 0
1 0
2 0
3 1
4 0
5 1
6 1
7 1

Output 7: 01001111
0 0
1 1
2 0
3 0
4 1
5 1
6 1
7 1

Output bit columns (with bitsum as hash)
0 11001000 3
1 11001101 5
2 11111000 5
3 10000110 3
4 11011001 5
5 11111111 a
6 11111111 a
7 11111111 a

Input 0: 11000000
0 1
1 1
2 0
3 0
4 0
5 0
6 0
7 0

Input 1: 11110010
0 1
1 1
2 1
3 1
4 0
5 0
6 1
7 0

Input 2: 01100011
0 0
1 1
2 1
3 0
4 0
5 0
6 1
7 1

Input 3: 01001010
0 0
1 1
2 0
3 0
4 1
5 0
6 1
7 0

Input 4: 11010010
0 1
1 1
2 0
3 1
4 0
5 0
6 1
7 0

Input 5: 11111101
0 1
1 1
2 1
3 1
4 1
5 1
6 0
7 1

Input 6: 11110101
0 1
1 1
2 1
3 1
4 0
5 1
6 0
7 1

Input 7: 11000110
0 1
1 1
2 0
3 0
4 0
5 1
6 1
7 0

When matching output
x: not in operator
y: wrong position

Identity
0 11001111 6
1 11111111 a match 5 6 7
2 01100110 4
3 01001110 4
4 00010100 2
5 00000111 3
6 01111001 5
7 00100110 3

Matching output
0 absent
1 absent
2 absent
3 absent
4 absent
5 1
6 1
7 1

Left
none
Best: none

Right
1 0x
Best: I1: 1

NOT
0 00110000 2
1 00000000 a
2 10011001 4
3 10110001 4
4 11101011 6
5 11111000 5 match 2
6 10000110 3 match 3
7 11011001 5 match 4

Matching output
0 absent
1 absent
2 5
3 6
4 7
5 absent
6 absent
7 absent

Left
none
Best: none

Right
none
Best: none

Constant
0 00000000 a
1 11111111 a match 5 6 7

Matching output
0 absent
1 absent
2 absent
3 absent
4 absent
5 C1
6 C1
7 C1

Left
none
Best: none

Right
1 1 1
Best: C1 1 1: 3

AND
01 10 11001111 6
12 21 01100110 4
23 32 01000110 3
34 43 00000100 1
45 54 00000100 1
56 65 00000001 1
67 76 00100000 1
70 07 00000110 2

02 20 01000110 3
13 31 01001110 4
24 42 00000100 1
35 53 00000110 2
46 64 00010000 1
57 75 00000110 2
60 06 01001001 3
71 17 00100110 3

03 30 01001110 4
14 41 00010100 2
25 52 00000110 2
36 63 01001000 2
47 74 00000100 1
50 05 00000111 3
61 16 01111001 5
72 27 00100110 3

04 40 00000100 1
15 51 00000111 3
26 62 01100000 2
37 73 00000110 2

Matching output
0 absent
1 absent
2 absent
3 absent
4 absent
5 absent
6 absent
7 absent

Left
none
Best: none

Right
none
Best: none

OR
01 10 11111111 a match 5 6 7
12 21 11111111 a match 5 6 7
23 32 01101110 5
34 43 01011110 5
45 54 00010111 4
56 65 01111111 7
67 76 01111111 7
70 07 11101111 7

02 20 11101111 7
13 31 11111111 a match 5 6 7
24 42 01110110 5
35 53 01001111 5
46 64 01111101 6
57 75 00100111 4
60 06 11111111 a match 5 6 7
71 17 11111111 a match 5 6 7

03 30 11001111 6
14 41 11111111 a match 5 6 7
25 52 01100111 5
36 63 01111111 7
47 74 00110110 4
50 05 11001111 6
61 16 11111111 a match 5 6 7
72 27 01100110 4

04 40 11011111 7
15 51 11111111 a match 5 6 7
26 62 01111111 7
37 73 01101110 5

Matching output
0 absent
1 absent
2 absent
3 absent
4 absent
5 01 10 12 21 13 31 60 06 71 17 14 41 61 16 15 51
6 01 10 12 21 13 31 60 06 71 17 14 41 61 16 15 51
7 01 10 12 21 13 31 60 06 71 17 14 41 61 16 15 51

Left
none
Best: none

Right
01 70x
10 07x
12 01 70x
21 10 07x
13 02x
31 20x
60 57x
06 75x
71 60 57x
17 06 75x
14 03x
41 30x
61 50x
16 05x
15 04x
51 40x
Best: OR12 01: 2

XOR
01 10 00110000 2
12 21 10011001 4
23 32 00101000 2
34 43 01011010 4
45 54 00010011 3
56 65 01111110 6
67 76 01011111 6
70 07 11101001 5

02 20 10101001 4
13 31 10110001 4
24 42 01110010 4
35 53 01001001 3
46 64 01101101 5
57 75 00100001 2
60 06 10110110 5
71 17 11011001 5 match 4

03 30 10000001 2
14 41 11101011 6
25 52 01100001 3
36 63 00110111 5
47 74 00110010 3
50 05 11001000 3 match 0
61 16 10000110 3 match 3
72 27 01000000 1

04 40 11011011 6
15 51 11111000 5 match 2
26 62 00011111 5
37 73 01101000 3

Matching output
0 50 05
1 absent
2 15 51
3 61 16
4 71 17
5 absent
6 absent
7 absent

Left
50 61y
05 16y
Best: XOR50: 1

Right
none
Best: none

AND-NOT
01 00000000 a
12 10011001 4
23 00100000 1
34 01001010 3
45 00010000 1
56 00000110 2
67 01011001 4
70 00100000 1

02 10001001 3
13 10110001 4
24 01100010 3
35 01001000 2
46 00000100 1
57 00000001 1
60 00110000 2
71 00000000 a

03 10000001 2
14 11101011 6
25 01100000 2
36 00000110 2
47 00010000 1
50 00000000 a
61 00000000 a
72 00000000 a

04 11001011 5
15 11111000 5 match 2
26 00000110 2
37 01001000 2
40 00010000 1
51 00000000 a
62 00011001 3
73 00100000 1

05 11001000 3 match 0
16 10000110 3 match 3
27 01000000 1
30 00000000 a
41 00000000 a
52 00000001 1
63 00110001 3
74 00100010 2

06 10000110 3 match 3
17 11011001 5 match 4
20 00100000 1
31 00000000 a
42 00010000 1
53 00000001 1
64 01101001 4
75 00100000 1

07 11001001 4
10 00110000 2
21 00000000 a
32 00001000 1
43 00010000 1
54 00000011 2
65 01111000 4
76 00000110 2

Matching output
0 05
1 absent
2 15
3 16 06
4 17
5 absent
6 absent
7 absent

Left
05 16y
Best: AND-NOT05: 1

Right
none
Best: none

OR-NOT
01 11001111 6
12 11111111 a match 5 6 7
23 11110111 7
34 11101111 7
45 11111100 6
56 10000111 4
67 11111001 6
70 00110110 4

02 11011111 7
13 11111111 a match 5 6 7
24 11101111 7
35 11111110 7
46 10010110 4
57 11011111 7
60 01111001 5
71 00100110 3

03 11111111 a match 5 6 7
14 11111111 a match 5 6 7
25 11111110 7
36 11001110 5
47 11011101 6
50 00110111 5
61 01111001 5
72 10111111 7

04 11101111 7
15 11111111 a match 5 6 7
26 11100110 5
37 11011111 7
40 00110100 3
51 00000111 3
62 11111001 6
73 10110111 6

05 11111111 a match 5 6 7
16 11111111 a match 5 6 7
27 11111111 a match 5 6 7
30 01111110 6
41 00010100 2
52 10011111 6
63 11111001 6
74 11101111 7

06 11001111 6
17 11111111 a match 5 6 7
20 01110110 5
31 01001110 4
42 10011101 5
53 10110111 6
64 11111011 7
75 11111110 7

07 11011111 7
10 11111111 a match 5 6 7
21 01100110 4
32 11011111 7
43 10110101 5
54 11101111 7
65 11111001 6
76 10100110 4

Matching output
0 absent
1 absent
2 absent
3 absent
4 absent
5 12 13 03 14 15 05 16 27 17 10
6 12 13 03 14 15 05 16 27 17 10
7 12 13 03 14 15 05 16 27 17 10

Left
none
Best: none

Right
12 01x
13 02x
03 72x
14 03 72x
15 04x
05 74x
16 05 74x
27 16 05 74x
17 06x
10 07x
Best: OR-NOT27 16 05: 3

XOR-NOT
01 11001111 6
12 01100110 4
23 11010111 6
34 10100101 4
45 11101100 5
56 10000001 2
67 10100000 2
70 00010110 3

02 01010110 4
13 01001110 4
24 10001101 4
35 10110110 5
46 10010010 3
57 11011110 6
60 01001001 3
71 00100110 3

03 01111110 6
14 00010100 2
25 10011110 5
36 11001000 3 match 0
47 11001101 5 match 1
50 00110111 5
61 01111001 5
72 10111111 7

04 00100100 2
15 00000111 3
26 11100000 3
37 10010111 5
40 00100100 2
51 00000111 3
62 11100000 3
73 10010111 5

05 00110111 5
16 01111001 5
27 10111111 7
30 01111110 6
41 00010100 2
52 10011110 5
63 11001000 3 match 0
74 11001101 5 match 1

06 01001001 3
17 00100110 3
20 01010110 4
31 01001110 4
42 10001101 4
53 10110110 5
64 10010010 3
75 11011110 6

07 00010110 3
10 11001111 6
21 01100110 4
32 11010111 6
43 10100101 4
54 11101100 5
65 10000001 2
76 10100000 2

Matching output
0 36 63
1 47 74
2 absent
3 absent
4 absent
5 absent
6 absent
7 absent

Left
36 47 50x
63 74 05x
Best: XOR-NOT36 47: 2

Right
none
Best: none

Selecting

Lefts
Identity none
NOT none
Constant none
AND none
OR none
XOR XOR50: 1
AND-NOT AND-NOT05: 1
OR-NOT none
XOR-NOT XOR-NOT36 47: 2

Rights
Identity I1: 1
NOT none
Constant C1 1 1: 3
AND none
OR OR12 01: 2
XOR none
AND-NOT none
OR-NOT OR-NOT27 16 05: 3
XOR-NOT none

Left longest: 2
Right longest: 3

Right winner: Identity no, NOT no, Constant yes, AND no, OR no, XOR no, AND-NOT no, OR-NOT no, XOR-NOT no
Left winner: Identity no, NOT no, Constant no, AND no, OR no, XOR no, AND-NOT no, OR-NOT no, XOR-NOT yes

Best right: C1 1 1: 3
Best left: XOR-NOT36 47: 2

Truncated right: C1 1 1: 3
Truncated left: XOR-NOT36 47: 2

Tentative from right
7 C1
6 C1
5 C1
4 pending
3 pending
2 pending
1 pending
0 pending

Tentative
0 XOR-NOT36
1 XOR-NOT47
2 pending
3 pending
4 pending
5 C1
6 C1
7 C1

Preferred from right
7 C1
6 C1
5 C1
4 pending
3 pending
2 pending
1 XOR-NOT47
0 XOR-NOT36

Preferred from left
0 XOR-NOT36
1 XOR-NOT47
2 ?50
3 ?61
4 ?72
5 C1
6 C1
7 C1

Preferred
0 XOR-NOT36
1 XOR-NOT47
2 ?50 ?05
3 ?61 ?16
4 ?72 ?27
5 C1
6 C1
7 C1

Matching
0 XOR-NOT36
1 XOR-NOT47
2 ?50 ?05 - Identity absent, NOT NOT5, Constant absent, AND absent, OR absent, XOR absent, AND-NOT absent, OR-NOT absent, XOR-NOT absent
3 ?61 ?16 - Identity absent, NOT NOT6, Constant absent, AND absent, OR absent, XOR61, AND-NOT16, OR-NOT absent, XOR-NOT absent
4 ?72 ?27 - Identity absent, NOT NOT7, Constant absent, AND absent, OR absent, XOR absent, AND-NOT absent, OR-NOT absent, XOR-NOT absent
5 C1
6 C1
7 C1

Perfect match
Identity no
NOT yes
Constant no
AND no
OR no
XOR no
AND-NOT no
OR-NOT no
XOR-NOT no

Matched
0 XOR-NOT36
1 XOR-NOT47
2 NOT5
3 NOT6
4 NOT7
5 C1
6 C1
7 C1

Selected
0 XOR-NOT36
1 XOR-NOT47
2 NOT5
3 NOT6
4 NOT7
5 C1
6 C1
7 C1

Applying to 10100110
Input
0 1
1 0
2 1
3 0
4 0
5 1
6 1
7 0
Output
0 XOR-NOT36 = XOR(0,NOT(1)) = 0
1 XOR-NOT47 = XOR(0,NOT(0)) = 1
2 NOT5 = NOT(1) = 0
3 NOT6 = NOT(1) = 0
4 NOT7 = NOT(0) = 1
5 C1 = 1
6 C1 = 1
7 C1 = 1

I will now return the answer in \boxed{}
The answer in \boxed{–} is \boxed{01001111}