We need to deduce the transformation by matching the example outputs.
I will put my final answer inside \boxed{}.

Output 0: 11111110
0 1
1 1
2 1
3 1
4 1
5 1
6 1
7 0

Output 1: 10111111
0 1
1 0
2 1
3 1
4 1
5 1
6 1
7 1

Output 2: 11010101
0 1
1 1
2 0
3 1
4 0
5 1
6 0
7 1

Output 3: 01111011
0 0
1 1
2 1
3 1
4 1
5 0
6 1
7 1

Output 4: 11011111
0 1
1 1
2 0
3 1
4 1
5 1
6 1
7 1

Output 5: 01111011
0 0
1 1
2 1
3 1
4 1
5 0
6 1
7 1

Output 6: 10111111
0 1
1 0
2 1
3 1
4 1
5 1
6 1
7 1

Output 7: 01101111
0 0
1 1
2 1
3 0
4 1
5 1
6 1
7 1

Output bit columns (with bitsum as hash)
0 11101010 5
1 10111101 6
2 11010111 6
3 11111110 7
4 11011111 7
5 11101011 6
6 11011111 7
7 01111111 7

Input 0: 00110101
0 0
1 0
2 1
3 1
4 0
5 1
6 0
7 1

Input 1: 00000100
0 0
1 0
2 0
3 0
4 0
5 1
6 0
7 0

Input 2: 10101011
0 1
1 0
2 1
3 0
4 1
5 0
6 1
7 1

Input 3: 01100111
0 0
1 1
2 1
3 0
4 0
5 1
6 1
7 1

Input 4: 00001010
0 0
1 0
2 0
3 0
4 1
5 0
6 1
7 0

Input 5: 01000010
0 0
1 1
2 0
3 0
4 0
5 0
6 1
7 0

Input 6: 01001110
0 0
1 1
2 0
3 0
4 1
5 1
6 1
7 0

Input 7: 00001101
0 0
1 0
2 0
3 0
4 1
5 1
6 0
7 1

When matching output
x: not in operator
y: wrong position

Identity
0 00100000 1
1 00010110 3
2 10110000 3
3 10000000 1
4 00101011 4
5 11010011 5
6 00111110 5
7 10110001 4

Matching output
0 absent
1 absent
2 absent
3 absent
4 absent
5 absent
6 absent
7 absent

Left
none
Best: none

Right
none
Best: none

NOT
0 11011111 7 match 4 6
1 11101001 5
2 01001111 5
3 01111111 7 match 7
4 11010100 4
5 00101100 3
6 11000001 3
7 01001110 4

Matching output
0 absent
1 absent
2 absent
3 absent
4 0
5 absent
6 0
7 3

Left
none
Best: none

Right
3 2x
Best: NOT3: 1

Constant
0 00000000 a
1 11111111 a

Matching output
0 absent
1 absent
2 absent
3 absent
4 absent
5 absent
6 absent
7 absent

Left
none
Best: none

Right
none
Best: none

AND
01 10 00000000 a
12 21 00010000 1
23 32 10000000 1
34 43 00000000 a
45 54 00000011 2
56 65 00010010 2
67 76 00110000 2
70 07 00100000 1

02 20 00100000 1
13 31 00000000 a
24 42 00100000 1
35 53 10000000 1
46 64 00101010 3
57 75 10010001 3
60 06 00100000 1
71 17 00010000 1

03 30 00000000 a
14 41 00000010 1
25 52 10010000 2
36 63 00000000 a
47 74 00100001 2
50 05 00000000 a
61 16 00010110 3
72 27 10110000 3

04 40 00100000 1
15 51 00010010 2
26 62 00110000 2
37 73 10000000 1

Matching output
0 absent
1 absent
2 absent
3 absent
4 absent
5 absent
6 absent
7 absent

Left
none
Best: none

Right
none
Best: none

OR
01 10 00110110 4
12 21 10110110 5
23 32 10110000 3
34 43 10101011 5
45 54 11111011 7
56 65 11111111 a
67 76 10111111 7
70 07 10110001 4

02 20 10110000 3
13 31 10010110 4
24 42 10111011 6
35 53 11010011 5
46 64 00111111 6
57 75 11110011 6
60 06 00111110 5
71 17 10110111 6

03 30 10100000 2
14 41 00111111 6
25 52 11110011 6
36 63 10111110 6
47 74 10111011 6
50 05 11110011 6
61 16 00111110 5
72 27 10110001 4

04 40 00101011 4
15 51 11010111 6 match 2
26 62 10111110 6
37 73 10110001 4

Matching output
0 absent
1 absent
2 15 51
3 absent
4 absent
5 absent
6 absent
7 absent

Left
none
Best: none

Right
none
Best: none

XOR
01 10 00110110 4
12 21 10100110 4
23 32 00110000 2
34 43 10101011 5
45 54 11111000 5
56 65 11101101 6
67 76 10001111 5
70 07 10010001 3

02 20 10010000 2
13 31 10010110 4
24 42 10011011 5
35 53 01010011 4
46 64 00010101 3
57 75 01100010 3
60 06 00011110 4
71 17 10100111 5

03 30 10100000 2
14 41 00111101 5
25 52 01100011 4
36 63 10111110 6
47 74 10011010 4
50 05 11110011 6
61 16 00101000 2
72 27 00000001 1

04 40 00001011 3
15 51 11000101 4
26 62 10001110 4
37 73 00110001 3

Matching output
0 absent
1 absent
2 absent
3 absent
4 absent
5 absent
6 absent
7 absent

Left
none
Best: none

Right
none
Best: none

AND-NOT
01 00100000 1
12 00000110 2
23 00110000 2
34 10000000 1
45 00101000 2
56 11000001 3
67 00001110 3
70 10010001 3

02 00000000 a
13 00010110 3
24 10010000 2
35 00000000 a
46 00000001 1
57 01000010 2
60 00011110 4
71 10100001 3

03 00100000 1
14 00010100 2
25 00100000 1
36 10000000 1
47 00001010 2
50 11010011 5
61 00101000 2
72 00000001 1

04 00000000 a
15 00000100 1
26 10000000 1
37 00000000 a
40 00001011 3
51 11000001 3
62 00001110 3
73 00110001 3

05 00100000 1
16 00000000 a
27 00000000 a
30 10000000 1
41 00101001 3
52 01000011 3
63 00111110 5
74 10010000 2

06 00000000 a
17 00000110 2
20 10010000 2
31 10000000 1
42 00001011 3
53 01010011 4
64 00010100 2
75 00100000 1

07 00000000 a
10 00010110 3
21 10100000 2
32 00000000 a
43 00101011 4
54 11010000 3
65 00101100 3
76 10000001 2

Matching output
0 absent
1 absent
2 absent
3 absent
4 absent
5 absent
6 absent
7 absent

Left
none
Best: none

Right
none
Best: none

OR-NOT
01 11101001 5
12 01011111 6
23 11111111 a
34 11010100 4
45 00101111 5
56 11010011 5
67 01111110 6
70 11111111 a

02 01101111 6
13 01111111 7 match 7
24 11110100 5
35 10101100 4
46 11101011 6 match 5
57 11011111 7 match 4 6
60 11111111 a
71 11111001 6

03 01111111 7 match 7
14 11010110 5
25 10111100 5
36 11000001 3
47 01101111 6
50 11011111 7 match 4 6
61 11111111 a
72 11111111 a

04 11110100 5
15 00111110 5
26 11110001 5
37 11001110 5
40 11111111 a
51 11111011 7
62 01111111 7 match 7
73 11111111 a

05 00101100 3
16 11010111 6 match 2
27 11111110 7 match 3
30 11011111 7 match 4 6
41 11101011 6 match 5
52 11011111 7 match 4 6
63 01111111 7 match 7
74 11110101 6

06 11100001 4
17 01011110 5
20 11111111 a
31 11101001 5
42 01101111 6
53 11111111 a
64 11111110 7 match 3
75 10111101 6 match 1

07 01101110 5
10 11011111 7 match 4 6
21 11111001 6
32 11001111 6
43 01111111 7 match 7
54 11010111 6 match 2
65 00111110 5
76 11110001 5

Matching output
0 absent
1 75
2 16 54
3 27 64
4 57 50 30 52 10
5 46 41
6 57 50 30 52 10
7 13 03 62 63 43

Left
none
Best: none

Right
13 02x
03 72x
62 51x
63 52 41 30 27 16 05x
43 32x
Best: OR-NOT63 52 41 30 27 16: 6

XOR-NOT
01 11001001 4
12 01011001 4
23 11001111 6
34 01010100 3
45 00000111 3
56 00010010 2
67 01110000 3
70 01101110 5

02 01101111 6
13 01101001 4
24 01100100 3
35 10101100 4
46 11101010 5 match 0
57 10011101 5
60 11100001 4
71 01011000 3

03 01011111 6
14 11000010 3
25 10011100 4
36 01000001 2
47 01100101 4
50 00001100 2
61 11010111 6 match 2
72 11111110 7 match 3

04 11110100 5
15 00111010 4
26 01110001 4
37 11001110 5
40 11110100 5
51 00111010 4
62 01110001 4
73 11001110 5

05 00001100 2
16 11010111 6 match 2
27 11111110 7 match 3
30 01011111 6
41 11000010 3
52 10011100 4
63 01000001 2
74 01100101 4

06 11100001 4
17 01011000 3
20 01101111 6
31 01101001 4
42 01100100 3
53 10101100 4
64 11101010 5 match 0
75 10011101 5

07 01101110 5
10 11001001 4
21 01011001 4
32 11001111 6
43 01010100 3
54 00000111 3
65 00010010 2
76 01110000 3

Matching output
0 46 64
1 absent
2 61 16
3 72 27
4 absent
5 absent
6 absent
7 absent

Left
46 57x
64 75x
Best: XOR-NOT46: 1

Right
none
Best: none

Selecting

Lefts
Identity none
NOT none
Constant none
AND none
OR none
XOR none
AND-NOT none
OR-NOT none
XOR-NOT XOR-NOT46: 1

Rights
Identity none
NOT NOT3: 1
Constant none
AND none
OR none
XOR none
AND-NOT none
OR-NOT OR-NOT63 52 41 30 27 16: 6
XOR-NOT none

Left longest: 1
Right longest: 6

Right winner: Identity no, NOT no, Constant no, AND no, OR no, XOR no, AND-NOT no, OR-NOT yes, XOR-NOT no
Left winner: Identity no, NOT no, Constant no, AND no, OR no, XOR no, AND-NOT no, OR-NOT no, XOR-NOT yes

Best right: OR-NOT63 52 41 30 27 16: 6
Best left: XOR-NOT46: 1

Truncated right: OR-NOT63 52 41 30 27 16: 6
Truncated left: XOR-NOT46: 1

Tentative from right
7 OR-NOT63
6 OR-NOT52
5 OR-NOT41
4 OR-NOT30
3 OR-NOT27
2 OR-NOT16
1 pending
0 pending

Tentative
0 XOR-NOT46
1 pending
2 OR-NOT16
3 OR-NOT27
4 OR-NOT30
5 OR-NOT41
6 OR-NOT52
7 OR-NOT63

Preferred from right
7 OR-NOT63
6 OR-NOT52
5 OR-NOT41
4 OR-NOT30
3 OR-NOT27
2 OR-NOT16
1 ?05
0 XOR-NOT46

Preferred from left
0 XOR-NOT46
1 ?05
2 OR-NOT16
3 OR-NOT27
4 OR-NOT30
5 OR-NOT41
6 OR-NOT52
7 OR-NOT63

Preferred
0 XOR-NOT46
1 ?05 ?50
2 OR-NOT16
3 OR-NOT27
4 OR-NOT30
5 OR-NOT41
6 OR-NOT52
7 OR-NOT63

Matching
0 XOR-NOT46
1 ?05 ?50 - Identity absent, NOT absent, Constant absent, AND absent, OR absent, XOR absent, AND-NOT absent, OR-NOT absent, XOR-NOT absent
2 OR-NOT16
3 OR-NOT27
4 OR-NOT30
5 OR-NOT41
6 OR-NOT52
7 OR-NOT63

Perfect match
Identity no
NOT no
Constant no
AND no
OR no
XOR no
AND-NOT no
OR-NOT no
XOR-NOT no

Matched
0 XOR-NOT46
1 none
2 OR-NOT16
3 OR-NOT27
4 OR-NOT30
5 OR-NOT41
6 OR-NOT52
7 OR-NOT63

Selected
0 XOR-NOT46
1 default 1
2 OR-NOT16
3 OR-NOT27
4 OR-NOT30
5 OR-NOT41
6 OR-NOT52
7 OR-NOT63

Applying to 10001110
Input
0 1
1 0
2 0
3 0
4 1
5 1
6 1
7 0
Output
0 XOR-NOT46 = XOR(1,NOT(1)) = 1
1 default 1 = 1
2 OR-NOT16 = OR(0,NOT(1)) = 0
3 OR-NOT27 = OR(0,NOT(0)) = 1
4 OR-NOT30 = OR(0,NOT(1)) = 0
5 OR-NOT41 = OR(1,NOT(0)) = 1
6 OR-NOT52 = OR(1,NOT(0)) = 1
7 OR-NOT63 = OR(1,NOT(0)) = 1

I will now return the answer in \boxed{}
The answer in \boxed{–} is \boxed{11010111}