We need to deduce the transformation by matching the example outputs.
I will put my final answer inside \boxed{}.

Output 0: 10010011
0 1
1 0
2 0
3 1
4 0
5 0
6 1
7 1

Output 1: 11110001
0 1
1 1
2 1
3 1
4 0
5 0
6 0
7 1

Output 2: 11111111
0 1
1 1
2 1
3 1
4 1
5 1
6 1
7 1

Output 3: 01000011
0 0
1 1
2 0
3 0
4 0
5 0
6 1
7 1

Output 4: 11011111
0 1
1 1
2 0
3 1
4 1
5 1
6 1
7 1

Output 5: 10101111
0 1
1 0
2 1
3 0
4 1
5 1
6 1
7 1

Output 6: 00111100
0 0
1 0
2 1
3 1
4 1
5 1
6 0
7 0

Output 7: 00011011
0 0
1 0
2 0
3 1
4 1
5 0
6 1
7 1

Output 8: 10111111
0 1
1 0
2 1
3 1
4 1
5 1
6 1
7 1

Output bit columns (with bitsum as hash)
0 111011001 6
1 011110000 4
2 011001101 5
3 111010111 7
4 001011111 6
5 001011101 5
6 101111011 7
7 111111011 8

Input 0: 00011001
0 0
1 0
2 0
3 1
4 1
5 0
6 0
7 1

Input 1: 00001111
0 0
1 0
2 0
3 0
4 1
5 1
6 1
7 1

Input 2: 10101110
0 1
1 0
2 1
3 0
4 1
5 1
6 1
7 0

Input 3: 00010100
0 0
1 0
2 0
3 1
4 0
5 1
6 0
7 0

Input 4: 11011100
0 1
1 1
2 0
3 1
4 1
5 1
6 0
7 0

Input 5: 01011010
0 0
1 1
2 0
3 1
4 1
5 0
6 1
7 0

Input 6: 11000011
0 1
1 1
2 0
3 0
4 0
5 0
6 1
7 1

Input 7: 10010000
0 1
1 0
2 0
3 1
4 0
5 0
6 0
7 0

Input 8: 11011010
0 1
1 1
2 0
3 1
4 1
5 0
6 1
7 0

When matching output
x: not in operator
y: wrong position

Identity
0 001010111 5
1 000011101 4
2 001000000 1
3 100111011 6
4 111011001 6 match 0
5 011110000 4 match 1
6 011001101 5 match 2
7 110000100 3

Matching output
0 4
1 5
2 6
3 absent
4 absent
5 absent
6 absent
7 absent

Left
4 5 6 7x
Best: I4 5 6: 3

Right
none
Best: none

NOT
0 110101000 4
1 111100010 5
2 110111111 8
3 011000100 3
4 000100110 3
5 100001111 5
6 100110010 4
7 001111011 6

Matching output
0 absent
1 absent
2 absent
3 absent
4 absent
5 absent
6 absent
7 absent

Left
none
Best: none

Right
none
Best: none

Constant
0 000000000 a
1 111111111 a

Matching output
0 absent
1 absent
2 absent
3 absent
4 absent
5 absent
6 absent
7 absent

Left
none
Best: none

Right
none
Best: none

AND
01 10 000010101 3
12 21 000000000 a
23 32 000000000 a
34 43 100011001 4
45 54 011010000 3
56 65 011000000 2
67 76 010000100 2
70 07 000000100 1

02 20 001000000 1
13 31 000011001 3
24 42 001000000 1
35 53 000110000 2
46 64 011001001 4
57 75 010000000 1
60 06 001000101 3
71 17 000000100 1

03 30 000010011 3
14 41 000011001 3
25 52 001000000 1
36 63 000001001 2
47 74 110000000 2
50 05 001010000 2
61 16 000001101 3
72 27 000000000 a

04 40 001010001 3
15 51 000010000 1
26 62 001000000 1
37 73 100000000 1

Matching output
0 absent
1 absent
2 absent
3 absent
4 absent
5 absent
6 absent
7 absent

Left
none
Best: none

Right
none
Best: none

OR
01 10 001011111 6 match 4
12 21 001011101 5 match 5
23 32 101111011 7 match 6
34 43 111111011 8 match 7
45 54 111111001 7
56 65 011111101 7
67 76 111001101 6
70 07 111010111 7 match 3

02 20 001010111 5
13 31 100111111 7
24 42 111011001 6 match 0
35 53 111111011 8 match 7
46 64 111011101 7
57 75 111110100 6
60 06 011011111 7
71 17 110011101 6

03 30 101111111 8
14 41 111011101 7
25 52 011110000 4 match 1
36 63 111111111 a
47 74 111011101 7
50 05 011110111 7
61 16 011011101 6
72 27 111000100 4

04 40 111011111 8
15 51 011111101 7
26 62 011001101 5 match 2
37 73 110111111 8

Matching output
0 24 42
1 25 52
2 26 62
3 70 07
4 01 10
5 12 21
6 23 32
7 34 43 35 53

Left
24 35y
42 53y
Best: OR24: 1

Right
34 23 12 01 70 67x
43 32 21 10 07 76x
35 24y
53 42y
Best: OR34 23 12 01 70: 5

XOR
01 10 001001010 3
12 21 001011101 5 match 5
23 32 101111011 7 match 6
34 43 011100010 4
45 54 100101001 4
56 65 000111101 5
67 76 101001001 4
70 07 111010011 6

02 20 000010111 4
13 31 100100110 4
24 42 110011001 5
35 53 111001011 6
46 64 100010100 3
57 75 101110100 5
60 06 010011010 4
71 17 110011001 5

03 30 101101100 5
14 41 111000100 4
25 52 010110000 3
36 63 111110110 7
47 74 001011101 5 match 5
50 05 010100111 5
61 16 011010000 3
72 27 111000100 4

04 40 110001110 5
15 51 011101101 6
26 62 010001101 4
37 73 010111111 7

Matching output
0 absent
1 absent
2 absent
3 absent
4 absent
5 12 21 47 74
6 23 32
7 absent

Left
none
Best: none

Right
none
Best: none

AND-NOT
01 001000010 2
12 000011101 4
23 001000000 1
34 000100010 2
45 100001001 3
56 000110000 2
67 001001001 3
70 110000000 2

02 000010111 4
13 000000100 1
24 000000000 a
35 100001011 4
46 100010000 2
57 001110000 3
60 010001000 2
71 110000000 2

03 001000100 2
14 000000100 1
25 000000000 a
36 100110010 4
47 001011001 4
50 010100000 2
61 011000000 2
72 110000100 3

04 000000110 2
15 000001101 3
26 000000000 a
37 000111011 5
40 110001000 3
51 011100000 3
62 010001101 4
73 010000100 2

05 000000111 3
16 000010000 1
27 001000000 1
30 100101000 3
41 111000000 3
52 010110000 3
63 011000100 3
74 000000100 1

06 000010010 2
17 000011001 3
20 000000000 a
31 100100010 3
42 110011001 5
53 011000000 2
64 000000100 1
75 100000100 2

07 001010011 4
10 000001000 1
21 001000000 1
32 100111011 6
43 011000000 2
54 000100000 1
65 000001101 3
76 100000000 1

Matching output
0 absent
1 absent
2 absent
3 absent
4 absent
5 absent
6 absent
7 absent

Left
none
Best: none

Right
none
Best: none

OR-NOT
01 111110111 8
12 110111111 8
23 011000100 3
34 100111111 7
45 111011111 8
56 111110010 6
67 011111111 8
70 110101100 5

02 111111111 a
13 011011101 6
24 001100110 4
35 100111111 7
46 111111011 8 match 7
57 011111011 7
60 111101101 7
71 111100110 6

03 011010111 6
14 000111111 6
25 101001111 6
36 100111011 6
47 111111011 8 match 7
50 111111000 6
61 111101111 8
72 110111111 8

04 001110111 6
15 100011111 6
26 101110010 5
37 101111011 7 match 6
40 111111001 7
51 111110010 6
62 111111111 a
73 111000100 4

05 101011111 7
16 100111111 7
27 001111011 6
30 110111011 7
41 111111011 8 match 7
52 111111111 a
63 011001101 5 match 2
74 110100110 5

06 101110111 7
17 001111111 7
20 111101000 5
31 111111011 8 match 7
42 111111111 a
53 011110100 5
64 011101111 7
75 110001111 6

07 001111111 7
10 110111101 7
21 111100010 5
32 110111111 8
43 111011101 7
54 011110110 6
65 111001111 7
76 110110110 6

Matching output
0 absent
1 absent
2 63
3 absent
4 absent
5 absent
6 37
7 46 47 41 31

Left
none
Best: none

Right
46 35x
47 36x
41 30x
31 20x
Best: OR-NOT46: 1

XOR-NOT
01 110110101 6
12 110100010 4
23 010000100 2
34 100011101 5
45 011010110 5
56 111000010 4
67 010110110 5
70 000101100 3

02 111101000 5
13 011011001 5
24 001100110 4
35 000110100 3
46 011101011 6
57 010001011 4
60 101100101 5
71 001100110 4

03 010010011 4
14 000111011 5
25 101001111 6
36 000001001 2
47 110100010 4
50 101011000 4
61 100101111 6
72 000111011 5

04 001110001 4
15 100010010 3
26 101110010 5
37 101000000 2
40 001110001 4
51 100010010 3
62 101110010 5
73 101000000 2

05 101011000 4
16 100101111 6
27 000111011 5
30 010010011 4
41 000111011 5
52 101001111 6
63 000001001 2
74 110100010 4

06 101100101 5
17 001100110 4
20 111101000 5
31 011011001 5
42 001100110 4
53 000110100 3
64 011101011 6
75 010001011 4

07 000101100 3
10 110110101 6
21 110100010 4
32 010000100 2
43 100011101 5
54 011010110 5
65 111000010 4
76 010110110 5

Matching output
0 absent
1 absent
2 absent
3 absent
4 absent
5 absent
6 absent
7 absent

Left
none
Best: none

Right
none
Best: none

Selecting

Lefts
Identity I4 5 6: 3
NOT none
Constant none
AND none
OR OR24: 1
XOR none
AND-NOT none
OR-NOT none
XOR-NOT none

Rights
Identity none
NOT none
Constant none
AND none
OR OR34 23 12 01 70: 5
XOR none
AND-NOT none
OR-NOT OR-NOT46: 1
XOR-NOT none

Left longest: 3
Right longest: 5

Right winner: Identity no, NOT no, Constant no, AND no, OR yes, XOR no, AND-NOT no, OR-NOT no, XOR-NOT no
Left winner: Identity yes, NOT no, Constant no, AND no, OR no, XOR no, AND-NOT no, OR-NOT no, XOR-NOT no

Best right: OR34 23 12 01 70: 5
Best left: I4 5 6: 3

Truncated right: OR34 23 12 01 70: 5
Truncated left: I4 5 6: 3

Tentative from right
7 OR34
6 OR23
5 OR12
4 OR01
3 OR70
2 pending
1 pending
0 pending

Tentative
0 I4
1 I5
2 I6
3 OR70
4 OR01
5 OR12
6 OR23
7 OR34

Preferred from right
7 OR34
6 OR23
5 OR12
4 OR01
3 OR70
2 I6
1 I5
0 I4

Preferred from left
0 I4
1 I5
2 I6
3 OR70
4 OR01
5 OR12
6 OR23
7 OR34

Preferred
0 I4
1 I5
2 I6
3 OR70
4 OR01
5 OR12
6 OR23
7 OR34

Matching
0 I4
1 I5
2 I6
3 OR70
4 OR01
5 OR12
6 OR23
7 OR34

Perfect match
Identity no
NOT no
Constant no
AND no
OR no
XOR no
AND-NOT no
OR-NOT no
XOR-NOT no

Matched
0 I4
1 I5
2 I6
3 OR70
4 OR01
5 OR12
6 OR23
7 OR34

Selected
0 I4
1 I5
2 I6
3 OR70
4 OR01
5 OR12
6 OR23
7 OR34

Applying to 00110111
Input
0 0
1 0
2 1
3 1
4 0
5 1
6 1
7 1
Output
0 I4 = 0
1 I5 = 1
2 I6 = 1
3 OR70 = OR(1,0) = 1
4 OR01 = OR(0,0) = 0
5 OR12 = OR(0,1) = 1
6 OR23 = OR(1,1) = 1
7 OR34 = OR(1,0) = 1

I will now return the answer in \boxed{}
The answer in \boxed{–} is \boxed{01110111}