We need to deduce the transformation by matching the example outputs.
I will put my final answer inside \boxed{}.

Output 0: 11000110
0 1
1 1
2 0
3 0
4 0
5 1
6 1
7 0

Output 1: 00000111
0 0
1 0
2 0
3 0
4 0
5 1
6 1
7 1

Output 2: 00010001
0 0
1 0
2 0
3 1
4 0
5 0
6 0
7 1

Output 3: 00101010
0 0
1 0
2 1
3 0
4 1
5 0
6 1
7 0

Output 4: 00000011
0 0
1 0
2 0
3 0
4 0
5 0
6 1
7 1

Output 5: 01011001
0 0
1 1
2 0
3 1
4 1
5 0
6 0
7 1

Output 6: 00010101
0 0
1 0
2 0
3 1
4 0
5 1
6 0
7 1

Output bit columns (with bitsum as hash)
0 1000000 1
1 1000010 2
2 0001000 1
3 0010011 3
4 0001010 2
5 1100001 3
6 1101100 4
7 0110111 5

Input 0: 11001101
0 1
1 1
2 0
3 0
4 1
5 1
6 0
7 1

Input 1: 01111111
0 0
1 1
2 1
3 1
4 1
5 1
6 1
7 1

Input 2: 00110010
0 0
1 0
2 1
3 1
4 0
5 0
6 1
7 0

Input 3: 11110100
0 1
1 1
2 1
3 1
4 0
5 1
6 0
7 0

Input 4: 00110110
0 0
1 0
2 1
3 1
4 0
5 1
6 1
7 0

Input 5: 10100010
0 1
1 0
2 1
3 0
4 0
5 0
6 1
7 0

Input 6: 00111010
0 0
1 0
2 1
3 1
4 1
5 0
6 1
7 0

When matching output
x: not in operator
y: wrong position

Identity
0 1001010 3
1 1101000 3
2 0111111 6
3 0111101 5
4 1100001 3 match 5
5 1101100 4 match 6
6 0110111 5 match 7
7 1100000 2

Matching output
0 absent
1 absent
2 absent
3 absent
4 absent
5 4
6 5
7 6

Left
none
Best: none

Right
6 5 4 3x
Best: I6 5 4: 3

NOT
0 0110101 4
1 0010111 4
2 1000000 1 match 0
3 1000010 2 match 1
4 0011110 4
5 0010011 3 match 3
6 1001000 2
7 0011111 5

Matching output
0 2
1 3
2 absent
3 5
4 absent
5 absent
6 absent
7 absent

Left
2 3 4x
Best: NOT2 3: 2

Right
none
Best: none

Constant
0 0000000 a
1 1111111 a

Matching output
0 absent
1 absent
2 absent
3 absent
4 absent
5 absent
6 absent
7 absent

Left
none
Best: none

Right
none
Best: none

AND
01 10 1001000 2
12 21 0101000 2
23 32 0111101 5
34 43 0100001 2
45 54 1100000 2
56 65 0100100 2
67 76 0100000 1
70 07 1000000 1 match 0

02 20 0001010 2 match 4
13 31 0101000 2
24 42 0100001 2
35 53 0101100 3
46 64 0100001 2
57 75 1100000 2
60 06 0000010 1
71 17 1100000 2

03 30 0001000 1 match 2
14 41 1100000 2
25 52 0101100 3
36 63 0110101 4
47 74 1100000 2
50 05 1001000 2
61 16 0100000 1
72 27 0100000 1

04 40 1000000 1 match 0
15 51 1101000 3
26 62 0110111 5 match 7
37 73 0100000 1

Matching output
0 70 07 04 40
1 absent
2 03 30
3 absent
4 02 20
5 absent
6 absent
7 26 62

Left
70 01x
07 10x
04 15x
40 51x
Best: AND70: 1

Right
26 15x
62 51x
Best: AND26: 1

OR
01 10 1101010 4
12 21 1111111 a
23 32 0111111 6
34 43 1111101 6
45 54 1101101 5
56 65 1111111 a
67 76 1110111 6
70 07 1101010 4

02 20 1111111 a
13 31 1111101 6
24 42 1111111 a
35 53 1111101 6
46 64 1110111 6
57 75 1101100 4 match 6
60 06 1111111 a
71 17 1101000 3

03 30 1111111 a
14 41 1101001 4
25 52 1111111 a
36 63 0111111 6
47 74 1100001 3 match 5
50 05 1101110 5
61 16 1111111 a
72 27 1111111 a

04 40 1101011 5
15 51 1101100 4 match 6
26 62 0111111 6
37 73 1111101 6

Matching output
0 absent
1 absent
2 absent
3 absent
4 absent
5 47 74
6 57 75 15 51
7 absent

Left
none
Best: none

Right
none
Best: none

XOR
01 10 0100010 2
12 21 1010111 5
23 32 0000010 1
34 43 1011100 4
45 54 0001101 3
56 65 1011011 5
67 76 1010111 5
70 07 0101010 3

02 20 1110101 5
13 31 1010101 4
24 42 1011110 5
35 53 1010001 3
46 64 1010110 4
57 75 0001100 2
60 06 1111101 6
71 17 0001000 1 match 2

03 30 1110111 6
14 41 0001001 2
25 52 1010011 4
36 63 0001010 2 match 4
47 74 0000001 1
50 05 0100110 3
61 16 1011111 6
72 27 1011111 6

04 40 0101011 4
15 51 0000100 1
26 62 0001000 1 match 2
37 73 1011101 5

Matching output
0 absent
1 absent
2 71 17 26 62
3 absent
4 36 63
5 absent
6 absent
7 absent

Left
none
Best: none

Right
none
Best: none

AND-NOT
01 0000010 1
12 1000000 1 match 0
23 0000010 1
34 0011100 3
45 0000001 1
56 1001000 2
67 0010111 4
70 0100000 1

02 1000000 1 match 0
13 1000000 1 match 0
24 0011110 4
35 0010001 2
46 1000000 1 match 0
57 0001100 2
60 0110101 4
71 0000000 a

03 1000010 2 match 1
14 0001000 1 match 2
25 0010011 3 match 3
36 0001000 1 match 2
47 0000001 1
50 0100100 2
61 0010111 4
72 1000000 1 match 0

04 0001010 2 match 4
15 0000000 a
26 0001000 1 match 2
37 0011101 4
40 0100001 2
51 0000100 1
62 0000000 a
73 1000000 1 match 0

05 0000010 1
16 1001000 2
27 0011111 5
30 0110101 4
41 0000001 1
52 1000000 1 match 0
63 0000010 1
74 0000000 a

06 1001000 2
17 0001000 1 match 2
20 0110101 4
31 0010101 3
42 1000000 1 match 0
53 1000000 1 match 0
64 0010110 3
75 0000000 a

07 0001010 2 match 4
10 0100000 1
21 0010111 4
32 0000000 a
43 1000000 1 match 0
54 0001100 2
65 0010011 3 match 3
76 1000000 1 match 0

Matching output
0 12 02 13 46 72 73 52 42 53 43 76
1 03
2 14 36 26 17
3 25 65
4 04 07
5 absent
6 absent
7 absent

Left
12 23x
02 13y
13 24x
46 57x
72 03 14 25 36y
73 04y
52 63x
42 53y
53 64x
43 54x
76 07y
Best: AND-NOT72 03 14 25: 4

Right
none
Best: none

OR-NOT
01 1011111 6
12 1101000 3
23 1111111 a
34 0111111 6
45 1110011 5
56 1101100 4 match 6
67 0111111 6
70 1110101 5

02 1001010 3
13 1101010 4
24 0111111 6
35 0111111 6
46 1101001 4
57 1111111 a
60 0110111 5 match 7
71 1110111 6

03 1001010 3
14 1111110 6
25 0111111 6
36 1111101 6
47 1111111 a
50 1111101 6
61 0110111 5 match 7
72 1100000 2

04 1011110 5
15 1111011 6
26 1111111 a
37 0111111 6
40 1110101 5
51 1111111 a
62 1110111 6
73 1100010 3

05 1011011 5
16 1101000 3
27 0111111 6
30 0111101 5
41 1110111 6
52 1101100 4 match 6
63 1110111 6
74 1111110 6

06 1001010 3
17 1111111 a
20 0111111 6
31 0111111 6
42 1100001 3 match 5
53 1101110 5
64 0111111 6
75 1110011 5

07 1011111 6
10 1111101 6
21 0111111 6
32 1111101 6
43 1100011 4
54 1111110 6
65 0110111 5 match 7
76 1101000 3

Matching output
0 absent
1 absent
2 absent
3 absent
4 absent
5 42
6 56 52
7 60 61 65

Left
none
Best: none

Right
60 57x
61 50x
65 54x
Best: OR-NOT60: 1

XOR-NOT
01 1011101 5
12 0101000 2
23 1111101 6
34 0100011 3
45 1110010 4
56 0100100 2
67 0101000 2
70 1010101 4

02 0001010 2 match 4
13 0101010 3
24 0100001 2
35 0101110 4
46 0101001 3
57 1110011 5
60 0000010 1
71 1110111 6

03 0001000 1 match 2
14 1110110 5
25 0101100 3
36 1110101 5
47 1111110 6
50 1011001 4
61 0100000 1
72 0100000 1

04 1010100 3
15 1111011 6
26 1110111 6
37 0100010 2
40 1010100 3
51 1111011 6
62 1110111 6
73 0100010 2

05 1011001 4
16 0100000 1
27 0100000 1
30 0001000 1 match 2
41 1110110 5
52 0101100 3
63 1110101 5
74 1111110 6

06 0000010 1
17 1110111 6
20 0001010 2 match 4
31 0101010 3
42 0100001 2
53 0101110 4
64 0101001 3
75 1110011 5

07 1010101 4
10 1011101 5
21 0101000 2
32 1111101 6
43 0100011 3
54 1110010 4
65 0100100 2
76 0101000 2

Matching output
0 absent
1 absent
2 03 30
3 absent
4 02 20
5 absent
6 absent
7 absent

Left
none
Best: none

Right
none
Best: none

Selecting

Lefts
Identity none
NOT NOT2 3: 2
Constant none
AND AND70: 1
OR none
XOR none
AND-NOT AND-NOT72 03 14 25: 4
OR-NOT none
XOR-NOT none

Rights
Identity I6 5 4: 3
NOT none
Constant none
AND AND26: 1
OR none
XOR none
AND-NOT none
OR-NOT OR-NOT60: 1
XOR-NOT none

Left longest: 4
Right longest: 3

Left winner: Identity no, NOT no, Constant no, AND no, OR no, XOR no, AND-NOT yes, OR-NOT no, XOR-NOT no
Right winner: Identity yes, NOT no, Constant no, AND no, OR no, XOR no, AND-NOT no, OR-NOT no, XOR-NOT no

Best left: AND-NOT72 03 14 25: 4
Best right: I6 5 4: 3

Truncated left: AND-NOT72 03 14 25: 4
Truncated right: I6 5 4: 3

Tentative from right
7 I6
6 I5
5 I4
4 pending
3 pending
2 pending
1 pending
0 pending

Tentative
0 AND-NOT72
1 AND-NOT03
2 AND-NOT14
3 AND-NOT25
4 pending
5 I4
6 I5
7 I6

Preferred from left
0 AND-NOT72
1 AND-NOT03
2 AND-NOT14
3 AND-NOT25
4 ?36
5 I4
6 I5
7 I6

Preferred from right
7 I6
6 I5
5 I4
4 ?36
3 AND-NOT25
2 AND-NOT14
1 AND-NOT03
0 AND-NOT72

Preferred
0 AND-NOT72
1 AND-NOT03
2 AND-NOT14
3 AND-NOT25
4 ?36 ?63
5 I4
6 I5
7 I6

Matching
0 AND-NOT72
1 AND-NOT03
2 AND-NOT14
3 AND-NOT25
4 ?36 ?63 - Identity absent, NOT absent, Constant absent, AND absent, OR absent, XOR36, AND-NOT absent, OR-NOT absent, XOR-NOT absent
5 I4
6 I5
7 I6

Perfect match
Identity no
NOT no
Constant no
AND no
OR no
XOR yes
AND-NOT no
OR-NOT no
XOR-NOT no

Matched
0 AND-NOT72
1 AND-NOT03
2 AND-NOT14
3 AND-NOT25
4 XOR36
5 I4
6 I5
7 I6

Selected
0 AND-NOT72
1 AND-NOT03
2 AND-NOT14
3 AND-NOT25
4 XOR36
5 I4
6 I5
7 I6

Applying to 00101111
Input
0 0
1 0
2 1
3 0
4 1
5 1
6 1
7 1
Output
0 AND-NOT72 = AND(1,NOT(1)) = 0
1 AND-NOT03 = AND(0,NOT(0)) = 0
2 AND-NOT14 = AND(0,NOT(1)) = 0
3 AND-NOT25 = AND(1,NOT(1)) = 0
4 XOR36 = XOR(0,1) = 1
5 I4 = 1
6 I5 = 1
7 I6 = 1

I will now return the answer in \boxed{}
The answer in \boxed{–} is \boxed{00001111}