We need to deduce the transformation by matching the example outputs.
I will put my final answer inside \boxed{}.

Output 0: 11101111
0 1
1 1
2 1
3 0
4 1
5 1
6 1
7 1

Output 1: 11100111
0 1
1 1
2 1
3 0
4 0
5 1
6 1
7 1

Output 2: 11110011
0 1
1 1
2 1
3 1
4 0
5 0
6 1
7 1

Output 3: 11101011
0 1
1 1
2 1
3 0
4 1
5 0
6 1
7 1

Output 4: 11111111
0 1
1 1
2 1
3 1
4 1
5 1
6 1
7 1

Output 5: 11111111
0 1
1 1
2 1
3 1
4 1
5 1
6 1
7 1

Output 6: 11111011
0 1
1 1
2 1
3 1
4 1
5 0
6 1
7 1

Output 7: 11110011
0 1
1 1
2 1
3 1
4 0
5 0
6 1
7 1

Output 8: 11110110
0 1
1 1
2 1
3 1
4 0
5 1
6 1
7 0

Output 9: 11101001
0 1
1 1
2 1
3 0
4 1
5 0
6 0
7 1

Output bit columns (with bitsum as hash)
0 1111111111 a
1 1111111111 a
2 1111111111 a
3 0010111110 6
4 1001111001 6
5 1100110010 5
6 1111111110 9
7 1111111101 9

Input 0: 10111100
0 1
1 0
2 1
3 1
4 1
5 1
6 0
7 0

Input 1: 11111110
0 1
1 1
2 1
3 1
4 1
5 1
6 1
7 0

Input 2: 01101111
0 0
1 1
2 1
3 0
4 1
5 1
6 1
7 1

Input 3: 10110111
0 1
1 0
2 1
3 1
4 0
5 1
6 1
7 1

Input 4: 10011000
0 1
1 0
2 0
3 1
4 1
5 0
6 0
7 0

Input 5: 01001001
0 0
1 1
2 0
3 0
4 1
5 0
6 0
7 1

Input 6: 10110011
0 1
1 0
2 1
3 1
4 0
5 0
6 1
7 1

Input 7: 01101011
0 0
1 1
2 1
3 0
4 1
5 0
6 1
7 1

Input 8: 11010010
0 1
1 1
2 0
3 1
4 0
5 0
6 1
7 0

Input 9: 10100111
0 1
1 0
2 1
3 0
4 0
5 1
6 1
7 1

When matching output
x: not in operator
y: wrong position

Identity
0 1101101011 7
1 0110010110 5
2 1111001101 7
3 1101101010 6
4 1110110100 6
5 1111000001 5
6 0111001111 7
7 0011011101 6

Matching output
0 absent
1 absent
2 absent
3 absent
4 absent
5 absent
6 absent
7 absent

Left
none
Best: none

Right
none
Best: none

NOT
0 0010010100 3
1 1001101001 5
2 0000110010 3
3 0010010101 4
4 0001001011 4
5 0000111110 5
6 1000110000 3
7 1100100010 4

Matching output
0 absent
1 absent
2 absent
3 absent
4 absent
5 absent
6 absent
7 absent

Left
none
Best: none

Right
none
Best: none

Constant
0 0000000000 a
1 1111111111 a match 0 1 2

Matching output
0 C1
1 C1
2 C1
3 absent
4 absent
5 absent
6 absent
7 absent

Left
1 1 1
Best: C1 1 1: 3

Right
none
Best: none

AND
01 10 0100000010 2
12 21 0110000100 3
23 32 1101001000 4
34 43 1100100000 3
45 54 1110000000 3
56 65 0111000001 4
67 76 0011001101 5
70 07 0001001001 3

02 20 1101001001 5
13 31 0100000010 2
24 42 1110000100 4
35 53 1101000000 3
46 64 0110000100 3
57 75 0011000001 3
60 06 0101001011 5
71 17 0010010100 3

03 30 1101101010 6
14 41 0110010100 4
25 52 1111000001 5
36 63 0101001010 4
47 74 0010010100 3
50 05 1101000001 4
61 16 0110000110 4
72 27 0011001101 5

04 40 1100100000 3
15 51 0110000000 2
26 62 0111001101 6
37 73 0001001000 2

Matching output
0 absent
1 absent
2 absent
3 absent
4 absent
5 absent
6 absent
7 absent

Left
none
Best: none

Right
none
Best: none

OR
01 10 1111111111 a match 0 1 2
12 21 1111011111 9
23 32 1111101111 9
34 43 1111111110 9 match 6
45 54 1111110101 8
56 65 1111001111 8
67 76 0111011111 8
70 07 1111111111 a match 0 1 2

02 20 1111101111 9
13 31 1111111110 9 match 6
24 42 1111111101 9 match 7
35 53 1111101011 8
46 64 1111111111 a match 0 1 2
57 75 1111011101 8
60 06 1111101111 9
71 17 0111011111 8

03 30 1101101011 7
14 41 1110110110 7
25 52 1111001101 7
36 63 1111101111 9
47 74 1111111101 9 match 7
50 05 1111101011 8
61 16 0111011111 8
72 27 1111011101 8

04 40 1111111111 a match 0 1 2
15 51 1111010111 8
26 62 1111001111 8
37 73 1111111111 a match 0 1 2

Matching output
0 01 10 70 07 46 64 04 40 37 73
1 01 10 70 07 46 64 04 40 37 73
2 01 10 70 07 46 64 04 40 37 73
3 absent
4 absent
5 absent
6 34 43 13 31
7 24 42 47 74

Left
01 12x
10 21x
70 01 12x
07 10 21x
46 57x
64 75x
04 15x
40 51x
37 40 51x
73 04 15x
Best: OR70 01: 2

Right
24 13 02x
42 31 20x
47 36x
74 63x
Best: OR24 13: 2

XOR
01 10 1011111101 8
12 21 1001011011 6
23 32 0010100111 5
34 43 0011011110 6
45 54 0001110101 5
56 65 1000001110 4
67 76 0100010010 3
70 07 1110110110 7

02 20 0010100110 4
13 31 1011111100 7
24 42 0001111001 5
35 53 0010101011 5
46 64 1001111011 7
57 75 1100011100 5
60 06 1010100100 4
71 17 0101001011 5

03 30 0000000001 1
14 41 1000100010 3
25 52 0000001100 2
36 63 1010100101 5
47 74 1101101001 6
50 05 0010101010 4
61 16 0001011001 4
72 27 1100010000 3

04 40 0011011111 7
15 51 1001010111 6
26 62 1000000010 2
37 73 1110110111 8

Matching output
0 absent
1 absent
2 absent
3 absent
4 absent
5 absent
6 absent
7 absent

Left
none
Best: none

Right
none
Best: none

AND-NOT
01 1001101001 5
12 0000010010 2
23 0010000101 3
34 0001001010 3
45 0000110100 3
56 1000000000 1
67 0100000010 2
70 0010010100 3

02 0000100010 2
13 0010010100 3
24 0001001001 3
35 0000101010 3
46 1000110000 3
57 1100000000 2
60 0010000100 2
71 0001001001 3

03 0000000001 1
14 0000000010 1
25 0000001100 2
36 1000100000 2
47 1100100000 3
50 0010000000 1
61 0001001001 3
72 0000010000 1

04 0001001011 4
15 0000010110 3
26 1000000000 1
37 1100100010 4
40 0010010100 3
51 1001000001 3
62 0000000010 1
73 0010010101 4

05 0000101010 3
16 0000010000 1
27 1100000000 2
30 0000000000 a
41 1000100000 2
52 0000000000 a
63 0010000101 3
74 0001001001 3

06 1000100000 2
17 0100000010 2
20 0010000100 2
31 1001101000 4
42 0000110000 2
53 0010000001 2
64 0001001011 4
75 0000011100 3

07 1100100010 4
10 0010010100 3
21 1001001001 4
32 0000100010 2
43 0010010100 3
54 0001000001 2
65 0000001110 3
76 0000010000 1

Matching output
0 absent
1 absent
2 absent
3 absent
4 absent
5 absent
6 absent
7 absent

Left
none
Best: none

Right
none
Best: none

OR-NOT
01 1101101011 7
12 0110110110 6
23 1111011101 8
34 1101101011 7
45 1110111110 8
56 1111110001 7
67 1111101111 9
70 0011011101 6

02 1101111011 8
13 0110010111 6
24 1111001111 8
35 1101111110 8
46 1110110100 6
57 1111100011 7
60 0111011111 8
71 1011111101 8

03 1111111111 a match 0 1 2
14 0111011111 8
25 1111111111 a match 0 1 2
36 1101111010 7
47 1110110110 7
50 1111010101 7
61 1111101111 9
72 0011111111 8

04 1101101011 7
15 0110111110 7
26 1111111101 9 match 7
37 1101101010 6
40 1110110100 6
51 1111101001 7
62 0111111111 9
73 0011011101 6

05 1101111111 9
16 1110110110 7
27 1111101111 9
30 1111111110 9 match 6
41 1111111101 9 match 7
52 1111110011 8
63 0111011111 8
74 0011011111 7

06 1101111011 8
17 1110110110 7
20 1111011101 8
31 1101101011 7
42 1110110110 7
53 1111010101 7
64 0111001111 7
75 0011111111 8

07 1101101011 7
10 0110010110 5
21 1111101101 8
32 1101111010 7
43 1110110101 7
54 1111001011 7
65 0111111111 9
76 1011111101 8

Matching output
0 03 25
1 03 25
2 03 25
3 absent
4 absent
5 absent
6 30
7 26 41

Left
03 14x
25 36x
Best: OR-NOT03: 1

Right
26 15x
41 30 27x
Best: OR-NOT41 30: 2

XOR-NOT
01 0100000010 2
12 0110100100 4
23 1101011000 5
34 1100100001 4
45 1110001010 5
56 0111110001 6
67 1011101101 7
70 0001001001 3

02 1101011001 6
13 0100000011 3
24 1110000110 5
35 1101010100 5
46 0110000100 3
57 0011100011 5
60 0101011011 6
71 1010110100 5

03 1111111110 9 match 6
14 0111011101 7
25 1111110011 8
36 0101011010 5
47 0010010110 4
50 1101010101 6
61 1110100110 6
72 0011101111 7

04 1100100000 3
15 0110101000 4
26 0111111101 8
37 0001001000 2
40 1100100000 3
51 0110101000 4
62 0111111101 8
73 0001001000 2

05 1101010101 6
16 1110100110 6
27 0011101111 7
30 1111111110 9 match 6
41 0111011101 7
52 1111110011 8
63 0101011010 5
74 0010010110 4

06 0101011011 6
17 1010110100 5
20 1101011001 6
31 0100000011 3
42 1110000110 5
53 1101010100 5
64 0110000100 3
75 0011100011 5

07 0001001001 3
10 0100000010 2
21 0110100100 4
32 1101011000 5
43 1100100001 4
54 1110001010 5
65 0111110001 6
76 1011101101 7

Matching output
0 absent
1 absent
2 absent
3 absent
4 absent
5 absent
6 03 30
7 absent

Left
none
Best: none

Right
none
Best: none

Selecting

Lefts
Identity none
NOT none
Constant C1 1 1: 3
AND none
OR OR70 01: 2
XOR none
AND-NOT none
OR-NOT OR-NOT03: 1
XOR-NOT none

Rights
Identity none
NOT none
Constant none
AND none
OR OR24 13: 2
XOR none
AND-NOT none
OR-NOT OR-NOT41 30: 2
XOR-NOT none

Left longest: 3
Right longest: 2

Left winner: Identity no, NOT no, Constant yes, AND no, OR no, XOR no, AND-NOT no, OR-NOT no, XOR-NOT no
Right winner: Identity no, NOT no, Constant no, AND no, OR yes, XOR no, AND-NOT no, OR-NOT no, XOR-NOT no

Best left: C1 1 1: 3
Best right: OR24 13: 2

Truncated left: C1 1 1: 3
Truncated right: OR24 13: 2

Tentative from right
7 OR24
6 OR13
5 pending
4 pending
3 pending
2 pending
1 pending
0 pending

Tentative
0 C1
1 C1
2 C1
3 pending
4 pending
5 pending
6 OR13
7 OR24

Preferred from left
0 C1
1 C1
2 C1
3 pending
4 pending
5 pending
6 OR13
7 OR24

Preferred from right
7 OR24
6 OR13
5 ?02
4 ?71
3 ?60
2 C1
1 C1
0 C1

Preferred
0 C1
1 C1
2 C1
3 ?60 ?06
4 ?71 ?17
5 ?02 ?20
6 OR13
7 OR24

Matching
0 C1
1 C1
2 C1
3 ?60 ?06 - Identity absent, NOT absent, Constant absent, AND absent, OR absent, XOR absent, AND-NOT absent, OR-NOT absent, XOR-NOT absent
4 ?71 ?17 - Identity absent, NOT absent, Constant absent, AND absent, OR absent, XOR absent, AND-NOT absent, OR-NOT absent, XOR-NOT absent
5 ?02 ?20 - Identity absent, NOT absent, Constant absent, AND absent, OR absent, XOR absent, AND-NOT absent, OR-NOT absent, XOR-NOT absent
6 OR13
7 OR24

Perfect match
Identity no
NOT no
Constant no
AND no
OR no
XOR no
AND-NOT no
OR-NOT no
XOR-NOT no

Matched
0 C1
1 C1
2 C1
3 none
4 none
5 none
6 OR13
7 OR24

Selected
0 C1
1 C1
2 C1
3 default 1
4 default 1
5 default 1
6 OR13
7 OR24

Applying to 01100101
Input
0 0
1 1
2 1
3 0
4 0
5 1
6 0
7 1
Output
0 C1 = 1
1 C1 = 1
2 C1 = 1
3 default 1 = 1
4 default 1 = 1
5 default 1 = 1
6 OR13 = OR(1,0) = 1
7 OR24 = OR(1,0) = 1

I will now return the answer in \boxed{}
The answer in \boxed{–} is \boxed{11111111}