We need to deduce the transformation by matching the example outputs.
I will put my final answer inside \boxed{}.

Output 0: 01000101
0 0
1 1
2 0
3 0
4 0
5 1
6 0
7 1

Output 1: 10001111
0 1
1 0
2 0
3 0
4 1
5 1
6 1
7 1

Output 2: 00001100
0 0
1 0
2 0
3 0
4 1
5 1
6 0
7 0

Output 3: 00111000
0 0
1 0
2 1
3 1
4 1
5 0
6 0
7 0

Output 4: 01110000
0 0
1 1
2 1
3 1
4 0
5 0
6 0
7 0

Output 5: 00011101
0 0
1 0
2 0
3 1
4 1
5 1
6 0
7 1

Output 6: 11000001
0 1
1 1
2 0
3 0
4 0
5 0
6 0
7 1

Output 7: 00101000
0 0
1 0
2 1
3 0
4 1
5 0
6 0
7 0

Output 8: 01010011
0 0
1 1
2 0
3 1
4 0
5 0
6 1
7 1

Output bit columns (with bitsum as hash)
0 010000100 2
1 100010101 4
2 000110010 3
3 000111001 4
4 011101010 5
5 111001000 4
6 010000001 2
7 110001101 5

Input 0: 01011001
0 0
1 1
2 0
3 1
4 1
5 0
6 0
7 1

Input 1: 11111011
0 1
1 1
2 1
3 1
4 1
5 0
6 1
7 1

Input 2: 00010011
0 0
1 0
2 0
3 1
4 0
5 0
6 1
7 1

Input 3: 00101110
0 0
1 0
2 1
3 0
4 1
5 1
6 1
7 0

Input 4: 00011100
0 0
1 0
2 0
3 1
4 1
5 1
6 0
7 0

Input 5: 01110111
0 0
1 1
2 1
3 1
4 0
5 1
6 1
7 1

Input 6: 01110000
0 0
1 1
2 1
3 1
4 0
5 0
6 0
7 0

Input 7: 00001010
0 0
1 0
2 0
3 0
4 1
5 0
6 1
7 0

Input 8: 11110100
0 1
1 1
2 1
3 1
4 0
5 1
6 0
7 0

When matching output
x: not in operator
y: wrong position

Identity
0 010000001 2 match 6
1 110001101 5 match 7
2 010101101 5
3 111011101 7
4 110110010 5
5 000111001 4 match 3
6 011101010 5 match 4
7 111001000 4 match 5

Matching output
0 absent
1 absent
2 absent
3 5
4 6
5 7
6 0
7 1

Left
none
Best: none

Right
1 0 7 6 5 4x
Best: I1 0 7 6 5: 5

NOT
0 101111110 7
1 001110010 4
2 101010010 4
3 000100010 2
4 001001101 4
5 111000110 5
6 100010101 4 match 1
7 000110111 5

Matching output
0 absent
1 6
2 absent
3 absent
4 absent
5 absent
6 absent
7 absent

Left
none
Best: none

Right
none
Best: none

Constant
0 000000000 a
1 111111111 a

Matching output
0 absent
1 absent
2 absent
3 absent
4 absent
5 absent
6 absent
7 absent

Left
none
Best: none

Right
none
Best: none

AND
01 10 010000001 2 match 6
12 21 010001101 4
23 32 010001101 4
34 43 110010000 3
45 54 000110000 2
56 65 000101000 2
67 76 011001000 3
70 07 010000000 1

02 20 010000001 2 match 6
13 31 110001101 5 match 7
24 42 010100000 2
35 53 000011001 3
46 64 010100010 3
57 75 000001000 1
60 06 010000000 1
71 17 110001000 3

03 30 010000001 2 match 6
14 41 110000000 2
25 52 000101001 3
36 63 011001000 3
47 74 110000000 2
50 05 000000001 1
61 16 010001000 2
72 27 010001000 2

04 40 010000000 1
15 51 000001001 2
26 62 010101000 3
37 73 111001000 4 match 5

Matching output
0 absent
1 absent
2 absent
3 absent
4 absent
5 37 73
6 01 10 02 20 03 30
7 13 31

Left
none
Best: none

Right
13 02 71x
31 20 17x
Best: AND13 02: 2

OR
01 10 110001101 5 match 7
12 21 110101101 6
23 32 111111101 8
34 43 111111111 a
45 54 110111011 7
56 65 011111011 7
67 76 111101010 6
70 07 111001001 5

02 20 010101101 5
13 31 111011101 7
24 42 110111111 8
35 53 111111101 8
46 64 111111010 7
57 75 111111001 7
60 06 011101011 6
71 17 111001101 6

03 30 111011101 7
14 41 110111111 8
25 52 010111101 6
36 63 111111111 a
47 74 111111010 7
50 05 010111001 5
61 16 111101111 8
72 27 111101101 7

04 40 110110011 6
15 51 110111101 7
26 62 011101111 7
37 73 111011101 7

Matching output
0 absent
1 absent
2 absent
3 absent
4 absent
5 absent
6 absent
7 01 10

Left
none
Best: none

Right
01 70x
10 07x
Best: OR01: 1

XOR
01 10 100001100 3
12 21 100100000 2
23 32 101110000 4
34 43 001101111 6
45 54 110001011 5
56 65 011010011 5
67 76 100100010 3
70 07 101001001 4

02 20 000101100 3
13 31 001010000 2
24 42 100011111 6
35 53 111100100 5
46 64 101011000 4
57 75 111110001 6
60 06 001101011 5
71 17 001000101 3

03 30 101011100 5
14 41 000111111 6
25 52 010010100 3
36 63 100110111 6
47 74 001111010 5
50 05 010111000 4
61 16 101100111 6
72 27 101100101 5

04 40 100110011 5
15 51 110110100 5
26 62 001000111 4
37 73 000010101 3

Matching output
0 absent
1 absent
2 absent
3 absent
4 absent
5 absent
6 absent
7 absent

Left
none
Best: none

Right
none
Best: none

AND-NOT
01 000000000 a
12 100000000 1
23 000100000 1
34 001001101 4
45 110000010 3
56 000010001 2
67 000100010 2
70 101001000 3

02 000000000 a
13 000000000 a
24 000001101 3
35 111000100 4
46 100010000 2
57 000110001 3
60 001101010 4
71 001000000 1

03 000000000 a
14 000001101 3
25 010000100 2 match 0
36 100010101 4 match 1
47 000110010 3 match 2
50 000111000 3
61 001100010 3
72 101000000 2

04 000000001 1
15 110000100 3
26 000000101 2
37 000010101 3
40 100110010 4
51 000110000 2
62 001000010 2
73 000000000 a

05 010000000 1
16 100000101 3
27 000100101 3
30 101011100 5
41 000110010 3 match 2
52 000010000 1
63 000100010 2
74 001001000 2

06 000000001 1
17 000000101 2
20 000101100 3
31 001010000 2
42 100010010 3
53 000100000 1
64 001001000 2
75 111000000 3

07 000000001 1
10 100001100 3
21 000100000 1
32 101010000 3
43 000100010 2
54 000001001 2
65 011000010 3
76 100000000 1

Matching output
0 25
1 36
2 47 41
3 absent
4 absent
5 absent
6 absent
7 absent

Left
25 36 47 50x
Best: AND-NOT25 36 47: 3

Right
none
Best: none

OR-NOT
01 011110011 6
12 111011111 8
23 010101111 6
34 111011101 7
45 111110110 7
56 100111101 6
67 011111111 8
70 111111110 8

02 111010011 6
13 110101111 7
24 011101101 6
35 111011111 8
46 110110111 7
57 000111111 6
60 111111110 8
71 111111010 7

03 010100011 4
14 111001101 6
25 111101111 8
36 111011101 7
47 110110111 7
50 101111111 8
61 011111010 6
72 111011010 6

04 011001101 5
15 111001111 7
26 110111101 7
37 111111111 a
40 111111110 8
51 001111011 6
62 111111010 7
73 111101010 6

05 111000111 6
16 110011101 6
27 010111111 7
30 111111111 a
41 111110010 6
52 101111011 7
63 011101010 5 match 4
74 111001101 6

06 110010101 5
17 110111111 8
20 111111111 a
31 111111111 a
42 111110010 6
53 000111011 5
64 011101111 7
75 111001110 6

07 010110111 6
10 111111111 a
21 011111111 8
32 111011111 8
43 110110010 5
54 001111101 6
65 111101110 7
76 111011101 7

Matching output
0 absent
1 absent
2 absent
3 absent
4 63
5 absent
6 absent
7 absent

Left
none
Best: none

Right
none
Best: none

XOR-NOT
01 011110011 6
12 011011111 7
23 010001111 5
34 110010000 3
45 001110100 4
56 100101100 4
67 011011101 6
70 010110110 5

02 111010011 6
13 110101111 7
24 011100000 3
35 000011011 4
46 010100111 5
57 000001110 3
60 110010100 4
71 110111010 6

03 010100011 4
14 111000000 3
25 101101011 6
36 011001000 3
47 110000101 4
50 101000111 5
61 010011000 3
72 010011010 4

04 011001100 4
15 001001011 4
26 110111000 5
37 111101010 6
40 011001100 4
51 001001011 4
62 110111000 5
73 111101010 6

05 101000111 5
16 010011000 3
27 010011010 4
30 010100011 4
41 111000000 3
52 101101011 6
63 011001000 3
74 110000101 4

06 110010100 4
17 110111010 6
20 111010011 6
31 110101111 7
42 011100000 3
53 000011011 4
64 010100111 5
75 000001110 3

07 010110110 5
10 011110011 6
21 011011111 7
32 010001111 5
43 110010000 3
54 001110100 4
65 100101100 4
76 011011101 6

Matching output
0 absent
1 absent
2 absent
3 absent
4 absent
5 absent
6 absent
7 absent

Left
none
Best: none

Right
none
Best: none

Selecting

Lefts
Identity none
NOT none
Constant none
AND none
OR none
XOR none
AND-NOT AND-NOT25 36 47: 3
OR-NOT none
XOR-NOT none

Rights
Identity I1 0 7 6 5: 5
NOT none
Constant none
AND AND13 02: 2
OR OR01: 1
XOR none
AND-NOT none
OR-NOT none
XOR-NOT none

Left longest: 3
Right longest: 5

Right winner: Identity yes, NOT no, Constant no, AND no, OR no, XOR no, AND-NOT no, OR-NOT no, XOR-NOT no
Left winner: Identity no, NOT no, Constant no, AND no, OR no, XOR no, AND-NOT yes, OR-NOT no, XOR-NOT no

Best right: I1 0 7 6 5: 5
Best left: AND-NOT25 36 47: 3

Truncated right: I1 0 7 6 5: 5
Truncated left: AND-NOT25 36 47: 3

Tentative from right
7 I1
6 I0
5 I7
4 I6
3 I5
2 pending
1 pending
0 pending

Tentative
0 AND-NOT25
1 AND-NOT36
2 AND-NOT47
3 I5
4 I6
5 I7
6 I0
7 I1

Preferred from right
7 I1
6 I0
5 I7
4 I6
3 I5
2 AND-NOT47
1 AND-NOT36
0 AND-NOT25

Preferred from left
0 AND-NOT25
1 AND-NOT36
2 AND-NOT47
3 I5
4 I6
5 I7
6 I0
7 I1

Preferred
0 AND-NOT25
1 AND-NOT36
2 AND-NOT47
3 I5
4 I6
5 I7
6 I0
7 I1

Matching
0 AND-NOT25
1 AND-NOT36
2 AND-NOT47
3 I5
4 I6
5 I7
6 I0
7 I1

Perfect match
Identity no
NOT no
Constant no
AND no
OR no
XOR no
AND-NOT no
OR-NOT no
XOR-NOT no

Matched
0 AND-NOT25
1 AND-NOT36
2 AND-NOT47
3 I5
4 I6
5 I7
6 I0
7 I1

Selected
0 AND-NOT25
1 AND-NOT36
2 AND-NOT47
3 I5
4 I6
5 I7
6 I0
7 I1

Applying to 00000000
Input
0 0
1 0
2 0
3 0
4 0
5 0
6 0
7 0
Output
0 AND-NOT25 = AND(0,NOT(0)) = 0
1 AND-NOT36 = AND(0,NOT(0)) = 0
2 AND-NOT47 = AND(0,NOT(0)) = 0
3 I5 = 0
4 I6 = 0
5 I7 = 0
6 I0 = 0
7 I1 = 0

I will now return the answer in \boxed{}
The answer in \boxed{–} is \boxed{00000000}