We need to deduce the transformation by matching the example outputs.
I will put my final answer inside \boxed{}.

Output 0: 10101110
0 1
1 0
2 1
3 0
4 1
5 1
6 1
7 0

Output 1: 01101010
0 0
1 1
2 1
3 0
4 1
5 0
6 1
7 0

Output 2: 10011110
0 1
1 0
2 0
3 1
4 1
5 1
6 1
7 0

Output 3: 10010110
0 1
1 0
2 0
3 1
4 0
5 1
6 1
7 0

Output 4: 11011111
0 1
1 1
2 0
3 1
4 1
5 1
6 1
7 1

Output 5: 10111010
0 1
1 0
2 1
3 1
4 1
5 0
6 1
7 0

Output 6: 10011110
0 1
1 0
2 0
3 1
4 1
5 1
6 1
7 0

Output 7: 01001111
0 0
1 1
2 0
3 0
4 1
5 1
6 1
7 1

Output 8: 00101111
0 0
1 0
2 1
3 0
4 1
5 1
6 1
7 1

Output 9: 01110101
0 0
1 1
2 1
3 1
4 0
5 1
6 0
7 1

Output bit columns (with bitsum as hash)
0 1011111000 6
1 0100100101 4
2 1100010011 5
3 0011111001 6
4 1110111110 8
5 1011101111 8
6 1111111110 9
7 0000100111 4

Input 0: 00110011
0 0
1 0
2 1
3 1
4 0
5 0
6 1
7 1

Input 1: 01010111
0 0
1 1
2 0
3 1
4 0
5 1
6 1
7 1

Input 2: 01110010
0 0
1 1
2 1
3 1
4 0
5 0
6 1
7 0

Input 3: 10110010
0 1
1 0
2 1
3 1
4 0
5 0
6 1
7 0

Input 4: 00011110
0 0
1 0
2 0
3 1
4 1
5 1
6 1
7 0

Input 5: 11010011
0 1
1 1
2 0
3 1
4 0
5 0
6 1
7 1

Input 6: 11110010
0 1
1 1
2 1
3 1
4 0
5 0
6 1
7 0

Input 7: 00001001
0 0
1 0
2 0
3 0
4 1
5 0
6 0
7 1

Input 8: 00111011
0 0
1 0
2 1
3 1
4 1
5 0
6 1
7 1

Input 9: 10100111
0 1
1 0
2 1
3 0
4 0
5 1
6 1
7 1

When matching output
x: not in operator
y: wrong position

Identity
0 0001011001 4
1 0110011000 4
2 1011001011 6
3 1111111010 8
4 0000100110 3
5 0100100001 3
6 1111111011 9
7 1100010111 6

Matching output
0 absent
1 absent
2 absent
3 absent
4 absent
5 absent
6 absent
7 absent

Left
none
Best: none

Right
none
Best: none

NOT
0 1110100110 6
1 1001100111 6
2 0100110100 4
3 0000000101 2
4 1111011001 7
5 1011011110 7
6 0000000100 1
7 0011101000 4

Matching output
0 absent
1 absent
2 absent
3 absent
4 absent
5 absent
6 absent
7 absent

Left
none
Best: none

Right
none
Best: none

Constant
0 0000000000 a
1 1111111111 a

Matching output
0 absent
1 absent
2 absent
3 absent
4 absent
5 absent
6 absent
7 absent

Left
none
Best: none

Right
none
Best: none

AND
01 10 0000011000 2
12 21 0010001000 2
23 32 1011001010 5
34 43 0000100010 2
45 54 0000100000 1
56 65 0100100001 3
67 76 1100010011 5 match 2
70 07 0000010001 2

02 20 0001001001 3
13 31 0110011000 4
24 42 0000000010 1
35 53 0100100000 2
46 64 0000100010 2
57 75 0100000001 2
60 06 0001011001 4
71 17 0100010000 2

03 30 0001011000 3
14 41 0000000000 a
25 52 0000000001 1
36 63 1111111010 8
47 74 0000000110 2
50 05 0000000001 1
61 16 0110011000 4
72 27 1000000011 3

04 40 0000000000 a
15 51 0100000000 1
26 62 1011001011 6
37 73 1100010010 4

Matching output
0 absent
1 absent
2 67 76
3 absent
4 absent
5 absent
6 absent
7 absent

Left
none
Best: none

Right
none
Best: none

OR
01 10 0111011001 6
12 21 1111011011 8
23 32 1111111011 9
34 43 1111111110 9 match 6
45 54 0100100111 5
56 65 1111111011 9
67 76 1111111111 a
70 07 1101011111 8

02 20 1011011011 7
13 31 1111111010 8
24 42 1011101111 8 match 5
35 53 1111111011 9
46 64 1111111111 a
57 75 1100110111 7
60 06 1111111011 9
71 17 1110011111 8

03 30 1111111011 9
14 41 0110111110 7
25 52 1111101011 8
36 63 1111111011 9
47 74 1100110111 7
50 05 0101111001 6
61 16 1111111011 9
72 27 1111011111 9

04 40 0001111111 7
15 51 0110111001 6
26 62 1111111011 9
37 73 1111111111 a

Matching output
0 absent
1 absent
2 absent
3 absent
4 absent
5 24 42
6 34 43
7 absent

Left
none
Best: none

Right
none
Best: none

XOR
01 10 0111000001 4
12 21 1101010011 6
23 32 0100110001 4
34 43 1111011100 7
45 54 0100000111 4
56 65 1011011010 6
67 76 0011101100 5
70 07 1101001110 6

02 20 1010010010 4
13 31 1001100010 4
24 42 1011101101 7
35 53 1011011011 7
46 64 1111011101 8
57 75 1000110110 5
60 06 1110100010 5
71 17 1010001111 6

03 30 1110100011 6
14 41 0110111110 7
25 52 1111101010 7
36 63 0000000001 1
47 74 1100110001 5
50 05 0101111000 5
61 16 1001100011 5
72 27 0111011100 6

04 40 0001111111 7
15 51 0010111001 5
26 62 0100110000 3
37 73 0011101101 6

Matching output
0 absent
1 absent
2 absent
3 absent
4 absent
5 absent
6 absent
7 absent

Left
none
Best: none

Right
none
Best: none

AND-NOT
01 0001000001 2
12 0100010000 2
23 0000000001 1
34 1111011000 6
45 0000000110 2
56 0000000000 a
67 0011101000 4
70 1100000110 4

02 0000010000 1
13 0000000000 a
24 1011001001 5
35 1011011010 6
46 0000000100 1
57 0000100000 1
60 1110100010 5
71 1000000111 4

03 0000000001 1
14 0110011000 4
25 1011001010 5
36 0000000000 a
47 0000100000 1
50 0100100000 2
61 1001100011 5
72 0100010100 3

04 0001011001 4
15 0010011000 3
26 0000000000 a
37 0011101000 4
40 0000100110 3
51 0000100001 2
62 0100110000 3
73 0000000101 2

05 0001011000 3
16 0000000000 a
27 0011001000 3
30 1110100010 5
41 0000100110 3
52 0100100000 2
63 0000000001 1
74 1100010001 4

06 0000000000 a
17 0010001000 2
20 1010000010 3
31 1001100010 4
42 0000100100 2
53 0000000001 1
64 1111011001 7
75 1000010110 4

07 0001001000 2
10 0110000000 2
21 1001000011 4
32 0100110000 3
43 0000000100 1
54 0100000001 2
65 1011011010 6
76 0000000100 1

Matching output
0 absent
1 absent
2 absent
3 absent
4 absent
5 absent
6 absent
7 absent

Left
none
Best: none

Right
none
Best: none

OR-NOT
01 1001111111 8
12 0110111100 6
23 1011001111 7
34 1111111011 9
45 1011111110 8
56 0100100101 4 match 1
67 1111111011 9
70 1110110111 8

02 0101111101 7
13 0110011101 6
24 1111011011 8
35 1111111110 9 match 6
46 0000100110 3
57 0111101001 6
60 1111111111 a
71 1101110111 8

03 0001011101 5
14 1111011001 7
25 1011011111 8
36 1111111110 9 match 6
47 0011101110 6
50 1110100111 7
61 1111111111 a
72 1100110111 7

04 1111011001 7
15 1111011110 8
26 1011001111 7
37 1111111010 8
40 1110100110 6
51 1101100111 7
62 1111111111 a
73 1100010111 6

05 1011011111 8
16 0110011100 5
27 1011101011 7
30 1111111110 9 match 6
41 1001100111 6
52 0100110101 5
63 1111111111 a
74 1111011111 9

06 0001011101 5
17 0111111000 6
20 1111101111 9
31 1111111111 a
42 0100110110 5
53 0100100101 4 match 1
64 1111111011 9
75 1111011111 9

07 0011111001 6 match 3
10 1110111110 8 match 4
21 1011101111 8 match 5
32 1111111110 9 match 6
43 0000100111 4 match 7
54 1111111001 8
65 1111111111 a
76 1100010111 6

Matching output
0 absent
1 56 53
2 absent
3 07
4 10
5 21
6 35 36 30 32
7 43

Left
none
Best: none

Right
43 32 21 10 07 76x
Best: OR-NOT43 32 21 10 07: 5

XOR-NOT
01 1000111110 6
12 0010101100 4
23 1011001110 6
34 0000100011 3
45 1011111000 6 match 0
56 0100100101 4 match 1
67 1100010011 5 match 2
70 0010110001 4

02 0101101101 6
13 0110011101 6
24 0100010010 3
35 0100100100 3
46 0000100010 2
57 0111001001 5
60 0001011101 5
71 0101110000 4

03 0001011100 4
14 1001000001 3
25 0000010101 3
36 1111111110 9 match 6
47 0011001110 5
50 1010000111 5
61 0110011100 5
72 1000100011 4

04 1110000000 3
15 1101000110 5
26 1011001111 7
37 1100010010 4
40 1110000000 3
51 1101000110 5
62 1011001111 7
73 1100010010 4

05 1010000111 5
16 0110011100 5
27 1000100011 4
30 0001011100 4
41 1001000001 3
52 0000010101 3
63 1111111110 9 match 6
74 0011001110 5

06 0001011101 5
17 0101110000 4
20 0101101101 6
31 0110011101 6
42 0100010010 3
53 0100100100 3
64 0000100010 2
75 0111001001 5

07 0010110001 4
10 1000111110 6
21 0010101100 4
32 1011001110 6
43 0000100011 3
54 1011111000 6 match 0
65 0100100101 4 match 1
76 1100010011 5 match 2

Matching output
0 45 54
1 56 65
2 67 76
3 absent
4 absent
5 absent
6 36 63
7 absent

Left
45 56 67 70x
54 65 76 07x
Best: XOR-NOT45 56 67: 3

Right
none
Best: none

Selecting

Lefts
Identity none
NOT none
Constant none
AND none
OR none
XOR none
AND-NOT none
OR-NOT none
XOR-NOT XOR-NOT45 56 67: 3

Rights
Identity none
NOT none
Constant none
AND none
OR none
XOR none
AND-NOT none
OR-NOT OR-NOT43 32 21 10 07: 5
XOR-NOT none

Left longest: 3
Right longest: 5

Right winner: Identity no, NOT no, Constant no, AND no, OR no, XOR no, AND-NOT no, OR-NOT yes, XOR-NOT no
Left winner: Identity no, NOT no, Constant no, AND no, OR no, XOR no, AND-NOT no, OR-NOT no, XOR-NOT yes

Best right: OR-NOT43 32 21 10 07: 5
Best left: XOR-NOT45 56 67: 3

Truncated right: OR-NOT43 32 21 10 07: 5
Truncated left: XOR-NOT45 56 67: 3

Tentative from right
7 OR-NOT43
6 OR-NOT32
5 OR-NOT21
4 OR-NOT10
3 OR-NOT07
2 pending
1 pending
0 pending

Tentative
0 XOR-NOT45
1 XOR-NOT56
2 XOR-NOT67
3 OR-NOT07
4 OR-NOT10
5 OR-NOT21
6 OR-NOT32
7 OR-NOT43

Preferred from right
7 OR-NOT43
6 OR-NOT32
5 OR-NOT21
4 OR-NOT10
3 OR-NOT07
2 XOR-NOT67
1 XOR-NOT56
0 XOR-NOT45

Preferred from left
0 XOR-NOT45
1 XOR-NOT56
2 XOR-NOT67
3 OR-NOT07
4 OR-NOT10
5 OR-NOT21
6 OR-NOT32
7 OR-NOT43

Preferred
0 XOR-NOT45
1 XOR-NOT56
2 XOR-NOT67
3 OR-NOT07
4 OR-NOT10
5 OR-NOT21
6 OR-NOT32
7 OR-NOT43

Matching
0 XOR-NOT45
1 XOR-NOT56
2 XOR-NOT67
3 OR-NOT07
4 OR-NOT10
5 OR-NOT21
6 OR-NOT32
7 OR-NOT43

Perfect match
Identity no
NOT no
Constant no
AND no
OR no
XOR no
AND-NOT no
OR-NOT no
XOR-NOT no

Matched
0 XOR-NOT45
1 XOR-NOT56
2 XOR-NOT67
3 OR-NOT07
4 OR-NOT10
5 OR-NOT21
6 OR-NOT32
7 OR-NOT43

Selected
0 XOR-NOT45
1 XOR-NOT56
2 XOR-NOT67
3 OR-NOT07
4 OR-NOT10
5 OR-NOT21
6 OR-NOT32
7 OR-NOT43

Applying to 10110001
Input
0 1
1 0
2 1
3 1
4 0
5 0
6 0
7 1
Output
0 XOR-NOT45 = XOR(0,NOT(0)) = 1
1 XOR-NOT56 = XOR(0,NOT(0)) = 1
2 XOR-NOT67 = XOR(0,NOT(1)) = 0
3 OR-NOT07 = OR(1,NOT(1)) = 1
4 OR-NOT10 = OR(0,NOT(1)) = 0
5 OR-NOT21 = OR(1,NOT(0)) = 1
6 OR-NOT32 = OR(1,NOT(1)) = 1
7 OR-NOT43 = OR(0,NOT(1)) = 0

I will now return the answer in \boxed{}
The answer in \boxed{–} is \boxed{11010110}