We need to deduce the transformation by matching the example outputs.
I will put my final answer inside \boxed{}.

Output 0: 01000100
0 0
1 1
2 0
3 0
4 0
5 1
6 0
7 0

Output 1: 00100011
0 0
1 0
2 1
3 0
4 0
5 0
6 1
7 1

Output 2: 10011010
0 1
1 0
2 0
3 1
4 1
5 0
6 1
7 0

Output 3: 01101101
0 0
1 1
2 1
3 0
4 1
5 1
6 0
7 1

Output 4: 01101010
0 0
1 1
2 1
3 0
4 1
5 0
6 1
7 0

Output 5: 11001110
0 1
1 1
2 0
3 0
4 1
5 1
6 1
7 0

Output 6: 00110010
0 0
1 0
2 1
3 1
4 0
5 0
6 1
7 0

Output 7: 11001010
0 1
1 1
2 0
3 0
4 1
5 0
6 1
7 0

Output bit columns (with bitsum as hash)
0 00100101 3
1 10011101 5
2 01011010 4
3 00100010 2
4 00111101 5
5 10010100 3
6 01101111 6
7 01010000 2

Input 0: 10100010
0 1
1 0
2 1
3 0
4 0
5 0
6 1
7 0

Input 1: 10011110
0 1
1 0
2 0
3 1
4 1
5 1
6 1
7 0

Input 2: 11010000
0 1
1 1
2 0
3 1
4 0
5 0
6 0
7 0

Input 3: 00101001
0 0
1 0
2 1
3 0
4 1
5 0
6 0
7 1

Input 4: 11010110
0 1
1 1
2 0
3 1
4 0
5 1
6 1
7 0

Input 5: 11110010
0 1
1 1
2 1
3 1
4 0
5 0
6 1
7 0

Input 6: 10010100
0 1
1 0
2 0
3 1
4 0
5 1
6 0
7 0

Input 7: 11010010
0 1
1 1
2 0
3 1
4 0
5 0
6 1
7 0

When matching output
x: not in operator
y: wrong position

Identity
0 11101111 7
1 00101101 4
2 10010100 3 match 5
3 01101111 6 match 6
4 01010000 2 match 7
5 01001010 3
6 11001101 5
7 00010000 1

Matching output
0 absent
1 absent
2 absent
3 absent
4 absent
5 2
6 3
7 4

Left
none
Best: none

Right
4 3 2 1x
Best: I4 3 2: 3

NOT
0 00010000 1
1 11010010 4
2 01101011 5
3 10010000 2
4 10101111 6
5 10110101 5
6 00110010 3
7 11101111 7

Matching output
0 absent
1 absent
2 absent
3 absent
4 absent
5 absent
6 absent
7 absent

Left
none
Best: none

Right
none
Best: none

Constant
0 00000000 a
1 11111111 a

Matching output
0 absent
1 absent
2 absent
3 absent
4 absent
5 absent
6 absent
7 absent

Left
none
Best: none

Right
none
Best: none

AND
01 10 00101101 4
12 21 00000100 1
23 32 00000100 1
34 43 01000000 1
45 54 01000000 1
56 65 01001000 2
67 76 00000000 a
70 07 00000000 a

02 20 10000100 2
13 31 00101101 4
24 42 00010000 1
35 53 01001010 3
46 64 01000000 1
57 75 00000000 a
60 06 11001101 5
71 17 00000000 a

03 30 01101111 6 match 6
14 41 00000000 a
25 52 00000000 a
36 63 01001101 4
47 74 00010000 1
50 05 01001010 3
61 16 00001101 3
72 27 00010000 1

04 40 01000000 1
15 51 00001000 1
26 62 10000100 2
37 73 00000000 a

Matching output
0 absent
1 absent
2 absent
3 absent
4 absent
5 absent
6 03 30
7 absent

Left
none
Best: none

Right
none
Best: none

OR
01 10 11101111 7
12 21 10111101 6
23 32 11111111 a
34 43 01111111 7
45 54 01011010 4 match 2
56 65 11001111 6
67 76 11011101 6
70 07 11111111 a

02 20 11111111 a
13 31 01101111 6 match 6
24 42 11010100 4
35 53 01101111 6 match 6
46 64 11011101 6
57 75 01011010 4 match 2
60 06 11101111 7
71 17 00111101 5 match 4

03 30 11101111 7
14 41 01111101 6
25 52 11011110 6
36 63 11101111 7
47 74 01010000 2 match 7
50 05 11101111 7
61 16 11101101 6
72 27 10010100 3 match 5

04 40 11111111 a
15 51 01101111 6 match 6
26 62 11011101 6
37 73 01111111 7

Matching output
0 absent
1 absent
2 45 54 57 75
3 absent
4 71 17
5 72 27
6 13 31 35 53 15 51
7 47 74

Left
none
Best: none

Right
47 36x
74 63x
Best: OR47: 1

XOR
01 10 11000010 3
12 21 10111001 5
23 32 11111011 7
34 43 00111111 6
45 54 00011010 3
56 65 10000111 4
67 76 11011101 6
70 07 11111111 a

02 20 01111011 6
13 31 01000010 2
24 42 11000100 3
35 53 00100101 3 match 0
46 64 10011101 5 match 1
57 75 01011010 4 match 2
60 06 00100010 2 match 3
71 17 00111101 5 match 4

03 30 10000000 1
14 41 01111101 6
25 52 11011110 6
36 63 10100010 3
47 74 01000000 1
50 05 10100101 4
61 16 11100000 3
72 27 10000100 2

04 40 10111111 7
15 51 01100111 5
26 62 01011001 4
37 73 01111111 7

Matching output
0 35 53
1 46 64
2 57 75
3 60 06
4 71 17
5 absent
6 absent
7 absent

Left
35 46 57 60 71 02x
53 64 75 06 17 20x
Best: XOR35 46 57 60 71: 5

Right
none
Best: none

AND-NOT
01 11000010 3
12 00101001 3
23 10010000 2
34 00101111 5
45 00010000 1
56 00000010 1
67 11001101 5
70 00010000 1

02 01101011 5
13 00000000 a
24 10000100 2
35 00100101 3 match 0
46 00010000 1
57 01001010 3
60 00000000 a
71 00010000 1

03 10000000 1
14 00101101 4
25 10010100 3 match 5
36 00100010 2 match 3
47 01000000 1
50 00000000 a
61 11000000 2
72 00000000 a

04 10101111 6
15 00100101 3 match 0
26 00010000 1
37 01101111 6 match 6
40 00010000 1
51 01000010 2
62 01001001 3
73 00010000 1

05 10100101 4
16 00100000 1
27 10000100 2
30 00000000 a
41 01010000 2 match 7
52 01001010 3
63 10000000 1
74 00000000 a

06 00100010 2 match 3
17 00101101 4
20 00010000 1
31 01000010 2
42 01000000 1
53 00000000 a
64 10001101 4
75 00010000 1

07 11101111 7
10 00000000 a
21 10010000 2
32 01101011 5
43 00010000 1
54 00001010 2
65 10000101 3
76 00010000 1

Matching output
0 35 15
1 absent
2 absent
3 36 06
4 absent
5 25
6 37
7 41

Left
35 46x
15 26x
Best: AND-NOT35: 1

Right
41 30x
Best: AND-NOT41: 1

OR-NOT
01 11111111 a
12 01101111 6 match 6
23 10010100 3 match 5
34 11101111 7
45 11110101 6
56 01111010 5
67 11101111 7
70 00010000 1

02 11101111 7
13 10111101 6
24 10111111 7
35 11111111 a
46 01110010 4
57 11101111 7
60 11011101 6
71 11010010 4

03 11111111 a
14 10101111 6
25 10110101 5
36 01111111 7
47 11111111 a
50 01011010 4 match 2
61 11011111 7
72 01111011 6

04 11101111 7
15 10111101 6
26 10110110 5
37 11101111 7
40 01010000 2 match 7
51 11011010 5
62 11101111 7
73 10010000 2

05 11111111 a
16 00111111 6
27 11111111 a
30 01111111 7
41 11010010 4
52 01101011 5
63 11011101 6
74 10111111 7

06 11111111 a
17 11101111 7
20 10010100 3 match 5
31 11111111 a
42 01111011 6
53 11011010 5
64 11101111 7
75 10110101 5

07 11101111 7
10 00111101 5 match 4
21 11010110 5
32 01101111 6 match 6
43 11010000 3
54 11101111 7
65 11111101 7
76 00110010 3

Matching output
0 absent
1 absent
2 50
3 absent
4 10
5 23 20
6 12 32
7 40

Left
none
Best: none

Right
40 37x
Best: OR-NOT40: 1

XOR-NOT
01 00111101 5 match 4
12 01000110 3
23 00000100 1
34 11000000 2
45 11100101 5
56 01111000 4
67 00100010 2 match 3
70 00000000 a

02 10000100 2
13 10111101 6
24 00111011 5
35 11011010 5
46 01100010 3
57 10100101 4
60 11011101 6
71 11000010 3

03 01111111 7
14 10000010 2
25 00100001 2
36 01011101 5
47 10111111 7
50 01011010 4 match 2
61 00011111 5
72 01111011 6

04 01000000 1
15 10011000 3
26 10100110 4
37 10000000 1
40 01000000 1
51 10011000 3
62 10100110 4
73 10000000 1

05 01011010 4 match 2
16 00011111 5
27 01111011 6
30 01111111 7
41 10000010 2
52 00100001 2
63 01011101 5
74 10111111 7

06 11011101 6
17 11000010 3
20 10000100 2
31 10111101 6
42 00111011 5
53 11011010 5
64 01100010 3
75 10100101 4

07 00000000 a
10 00111101 5 match 4
21 01000110 3
32 00000100 1
43 11000000 2
54 11100101 5
65 01111000 4
76 00100010 2 match 3

Matching output
0 absent
1 absent
2 50 05
3 67 76
4 01 10
5 absent
6 absent
7 absent

Left
none
Best: none

Right
none
Best: none

Selecting

Lefts
Identity none
NOT none
Constant none
AND none
OR none
XOR XOR35 46 57 60 71: 5
AND-NOT AND-NOT35: 1
OR-NOT none
XOR-NOT none

Rights
Identity I4 3 2: 3
NOT none
Constant none
AND none
OR OR47: 1
XOR none
AND-NOT AND-NOT41: 1
OR-NOT OR-NOT40: 1
XOR-NOT none

Left longest: 5
Right longest: 3

Left winner: Identity no, NOT no, Constant no, AND no, OR no, XOR yes, AND-NOT no, OR-NOT no, XOR-NOT no
Right winner: Identity yes, NOT no, Constant no, AND no, OR no, XOR no, AND-NOT no, OR-NOT no, XOR-NOT no

Best left: XOR35 46 57 60 71: 5
Best right: I4 3 2: 3

Truncated left: XOR35 46 57 60 71: 5
Truncated right: I4 3 2: 3

Tentative from right
7 I4
6 I3
5 I2
4 pending
3 pending
2 pending
1 pending
0 pending

Tentative
0 XOR35
1 XOR46
2 XOR57
3 XOR60
4 XOR71
5 I2
6 I3
7 I4

Preferred from left
0 XOR35
1 XOR46
2 XOR57
3 XOR60
4 XOR71
5 I2
6 I3
7 I4

Preferred from right
7 I4
6 I3
5 I2
4 XOR71
3 XOR60
2 XOR57
1 XOR46
0 XOR35

Preferred
0 XOR35
1 XOR46
2 XOR57
3 XOR60
4 XOR71
5 I2
6 I3
7 I4

Matching
0 XOR35
1 XOR46
2 XOR57
3 XOR60
4 XOR71
5 I2
6 I3
7 I4

Perfect match
Identity no
NOT no
Constant no
AND no
OR no
XOR no
AND-NOT no
OR-NOT no
XOR-NOT no

Matched
0 XOR35
1 XOR46
2 XOR57
3 XOR60
4 XOR71
5 I2
6 I3
7 I4

Selected
0 XOR35
1 XOR46
2 XOR57
3 XOR60
4 XOR71
5 I2
6 I3
7 I4

Applying to 11100011
Input
0 1
1 1
2 1
3 0
4 0
5 0
6 1
7 1
Output
0 XOR35 = XOR(0,0) = 0
1 XOR46 = XOR(0,1) = 1
2 XOR57 = XOR(0,1) = 1
3 XOR60 = XOR(1,1) = 0
4 XOR71 = XOR(1,1) = 0
5 I2 = 1
6 I3 = 0
7 I4 = 0

I will now return the answer in \boxed{}
The answer in \boxed{–} is \boxed{01100100}