We need to deduce the transformation by matching the example outputs.
I will put my final answer inside \boxed{}.

Output 0: 10010010
0 1
1 0
2 0
3 1
4 0
5 0
6 1
7 0

Output 1: 10110000
0 1
1 0
2 1
3 1
4 0
5 0
6 0
7 0

Output 2: 11100011
0 1
1 1
2 1
3 0
4 0
5 0
6 1
7 1

Output 3: 01100011
0 0
1 1
2 1
3 0
4 0
5 0
6 1
7 1

Output 4: 01010000
0 0
1 1
2 0
3 1
4 0
5 0
6 0
7 0

Output 5: 10000010
0 1
1 0
2 0
3 0
4 0
5 0
6 1
7 0

Output 6: 01000011
0 0
1 1
2 0
3 0
4 0
5 0
6 1
7 1

Output bit columns (with bitsum as hash)
0 1110010 4
1 0011101 4
2 0111000 3
3 1100100 3
4 0000000 a
5 0000000 a
6 1011011 5
7 0011001 3

Input 0: 10011001
0 1
1 0
2 0
3 1
4 1
5 0
6 0
7 1

Input 1: 00111011
0 0
1 0
2 1
3 1
4 1
5 0
6 1
7 1

Input 2: 11011110
0 1
1 1
2 0
3 1
4 1
5 1
6 1
7 0

Input 3: 11000110
0 1
1 1
2 0
3 0
4 0
5 1
6 1
7 0

Input 4: 00000101
0 0
1 0
2 0
3 0
4 0
5 1
6 0
7 1

Input 5: 10111000
0 1
1 0
2 1
3 1
4 1
5 0
6 0
7 0

Input 6: 11000100
0 1
1 1
2 0
3 0
4 0
5 1
6 0
7 0

When matching output
x: not in operator
y: wrong position

Identity
0 1011011 5 match 6
1 0011001 3 match 7
2 0100010 2
3 1110010 4 match 0
4 1110010 4 match 0
5 0011101 4 match 1
6 0111000 3 match 2
7 1100100 3 match 3

Matching output
0 3 4
1 5
2 6
3 7
4 absent
5 absent
6 0
7 1

Left
3 4y
4 5 6 7 0y
Best: I4 5 6 7: 4

Right
1 0 7y
Best: I1 0: 2

NOT
0 0100100 2
1 1100110 4
2 1011101 5
3 0001101 3
4 0001101 3
5 1100010 3
6 1000111 4
7 0011011 4

Matching output
0 absent
1 absent
2 absent
3 absent
4 absent
5 absent
6 absent
7 absent

Left
none
Best: none

Right
none
Best: none

Constant
0 0000000 a match 4 5
1 1111111 a

Matching output
0 absent
1 absent
2 absent
3 absent
4 C0
5 C0
6 absent
7 absent

Left
none
Best: none

Right
none
Best: none

AND
01 10 0011001 3 match 7
12 21 0000000 a match 4 5
23 32 0100010 2
34 43 1110010 4 match 0
45 54 0010000 1
56 65 0011000 2
67 76 0100000 1
70 07 1000000 1

02 20 0000010 1
13 31 0010000 1
24 42 0100010 2
35 53 0010000 1
46 64 0110000 2
57 75 0000100 1
60 06 0011000 2
71 17 0000000 a match 4 5

03 30 1010010 3
14 41 0010000 1
25 52 0000000 a match 4 5
36 63 0110000 2
47 74 1100000 2
50 05 0011001 3 match 7
61 16 0011000 2
72 27 0100000 1

04 40 1010010 3
15 51 0011001 3 match 7
26 62 0100000 1
37 73 1100000 2

Matching output
0 34 43
1 absent
2 absent
3 absent
4 12 21 71 17 25 52
5 12 21 71 17 25 52
6 absent
7 01 10 50 05 15 51

Left
34 45x
43 54x
Best: AND34: 1

Right
01 70x
10 07x
50 47x
05 74x
15 04x
51 40x
Best: AND01: 1

OR
01 10 1011011 5 match 6
12 21 0111011 5
23 32 1110010 4 match 0
34 43 1110010 4 match 0
45 54 1111111 a
56 65 0111101 5
67 76 1111100 5
70 07 1111111 a

02 20 1111011 6
13 31 1111011 6
24 42 1110010 4 match 0
35 53 1111111 a
46 64 1111010 5
57 75 1111101 6
60 06 1111011 6
71 17 1111101 6

03 30 1111011 6
14 41 1111011 6
25 52 0111111 6
36 63 1111010 5
47 74 1110110 5
50 05 1011111 6
61 16 0111001 4
72 27 1100110 4

04 40 1111011 6
15 51 0011101 4 match 1
26 62 0111010 4
37 73 1110110 5

Matching output
0 23 32 34 43 24 42
1 15 51
2 absent
3 absent
4 absent
5 absent
6 01 10
7 absent

Left
23 34y
32 43y
34 45x
43 54x
24 35x
42 53x
Best: OR23: 1

Right
none
Best: none

XOR
01 10 1000010 2
12 21 0111011 5
23 32 1010000 2
34 43 0000000 a match 4 5
45 54 1101111 6
56 65 0100101 3
67 76 1011100 4
70 07 0111111 6

02 20 1111001 5
13 31 1101011 5
24 42 1010000 2
35 53 1101111 6
46 64 1001010 3
57 75 1111001 5
60 06 1100011 4
71 17 1111101 6

03 30 0101001 3
14 41 1101011 5
25 52 0111111 6
36 63 1001010 3
47 74 0010110 3
50 05 1000110 3
61 16 0100001 2
72 27 1000110 3

04 40 0101001 3
15 51 0000100 1
26 62 0011010 3
37 73 0010110 3

Matching output
0 absent
1 absent
2 absent
3 absent
4 34 43
5 34 43
6 absent
7 absent

Left
none
Best: none

Right
none
Best: none

AND-NOT
01 1000010 2
12 0011001 3 match 7
23 0000000 a match 4 5
34 0000000 a match 4 5
45 1100010 3
56 0000101 2
67 0011000 2
70 0100100 2

02 1011001 4
13 0001001 2
24 0000000 a match 4 5
35 1100010 3
46 1000010 2
57 0011001 3 match 7
60 0100000 1
71 1100100 3 match 3

03 0001001 2
14 0001001 2
25 0100010 2
36 1000010 2
47 0010010 2
50 0000100 1
61 0100000 1
72 1000100 2

04 0001001 2
15 0000000 a match 4 5
26 0000010 1
37 0010010 2
40 0100000 1
51 0000100 1
62 0011000 2
73 0000100 1

05 1000010 2
16 0000001 1
27 0000010 1
30 0100000 1
41 1100010 3
52 0011101 4 match 1
63 0001000 1
74 0000100 1

06 1000011 3
17 0011001 3 match 7
20 0100000 1
31 1100010 3
42 1010000 2
53 0001101 3
64 0001000 1
75 1100000 2

07 0011011 4
10 0000000 a match 4 5
21 0100010 2
32 1010000 2
43 0000000 a match 4 5
54 0001101 3
65 0100000 1
76 1000100 2

Matching output
0 absent
1 52
2 absent
3 71
4 23 34 24 15 10 43
5 23 34 24 15 10 43
6 absent
7 12 57 17

Left
none
Best: none

Right
12 01x
57 46x
17 06x
Best: AND-NOT12: 1

OR-NOT
01 1111111 a
12 1011101 5
23 0101111 5
34 1111111 a
45 1110010 4 match 0
56 1011111 6
67 0111011 5
70 1100100 3 match 3

02 1011111 6
13 0011101 4 match 1
24 0101111 5
35 1110010 4 match 0
46 1110111 6
57 0011111 5
60 0111100 4
71 1100110 4

03 1011111 6
14 0011101 4 match 1
25 1100010 3
36 1110111 6
47 1111011 6
50 0111101 5
61 1111110 6
72 1111101 6

04 1011111 6
15 1111011 6
26 1100111 5
37 1111011 6
40 1110110 5
51 1111111 a
62 1111101 6
73 1101101 5

05 1111011 6
16 1011111 6
27 0111011 5
30 1110110 5
41 1110110 5
52 1011101 5
63 0111101 5
74 1101101 5

06 1011111 6
17 0011011 4
20 0100110 3
31 1110110 5
42 1111111 a
53 0011101 4 match 1
64 0111101 5
75 1100110 4

07 1011011 5 match 6
10 0111101 5
21 1100110 4
32 1111111 a
43 1111111 a
54 0011101 4 match 1
65 1111010 5
76 1100111 5

Matching output
0 45 35
1 13 14 53 54
2 absent
3 70
4 absent
5 absent
6 07
7 absent

Left
45 56x
35 46x
Best: OR-NOT45: 1

Right
none
Best: none

XOR-NOT
01 0111101 5
12 1000100 2
23 0101111 5
34 1111111 a
45 0010000 1
56 1011010 4
67 0100011 3
70 1000000 1

02 0000110 2
13 0010100 2
24 0101111 5
35 0010000 1
46 0110101 4
57 0000110 2
60 0011100 3
71 0000010 1

03 1010110 4
14 0010100 2
25 1000000 1
36 0110101 4
47 1101001 4
50 0111001 4
61 1011110 5
72 0111001 4

04 1010110 4
15 1111011 6
26 1100101 4
37 1101001 4
40 1010110 4
51 1111011 6
62 1100101 4
73 1101001 4

05 0111001 4
16 1011110 5
27 0111001 4
30 1010110 4
41 0010100 2
52 1000000 1
63 0110101 4
74 1101001 4

06 0011100 3
17 0000010 1
20 0000110 2
31 0010100 2
42 0101111 5
53 0010000 1
64 0110101 4
75 0000110 2

07 1000000 1
10 0111101 5
21 1000100 2
32 0101111 5
43 1111111 a
54 0010000 1
65 1011010 4
76 0100011 3

Matching output
0 absent
1 absent
2 absent
3 absent
4 absent
5 absent
6 absent
7 absent

Left
none
Best: none

Right
none
Best: none

Selecting

Lefts
Identity I4 5 6 7: 4
NOT none
Constant none
AND AND34: 1
OR OR23: 1
XOR none
AND-NOT none
OR-NOT OR-NOT45: 1
XOR-NOT none

Rights
Identity I1 0: 2
NOT none
Constant none
AND AND01: 1
OR none
XOR none
AND-NOT AND-NOT12: 1
OR-NOT none
XOR-NOT none

Left longest: 4
Right longest: 2

Left winner: Identity yes, NOT no, Constant no, AND no, OR no, XOR no, AND-NOT no, OR-NOT no, XOR-NOT no
Right winner: Identity yes, NOT no, Constant no, AND no, OR no, XOR no, AND-NOT no, OR-NOT no, XOR-NOT no

Best left: I4 5 6 7: 4
Best right: I1 0: 2

Truncated left: I4 5 6 7: 4
Truncated right: I1 0: 2

Tentative from right
7 I1
6 I0
5 pending
4 pending
3 pending
2 pending
1 pending
0 pending

Tentative
0 I4
1 I5
2 I6
3 I7
4 pending
5 pending
6 I0
7 I1

Preferred from left
0 I4
1 I5
2 I6
3 I7
4 ?0?
5 ?1?
6 I0
7 I1

Preferred from right
7 I1
6 I0
5 ?17
4 ?06
3 I7
2 I6
1 I5
0 I4

Preferred
0 I4
1 I5
2 I6
3 I7
4 ?06 ?60
5 ?17 ?71
6 I0
7 I1

Matching
0 I4
1 I5
2 I6
3 I7
4 ?06 ?60 - Identity absent, NOT absent, Constant C0, AND absent, OR absent, XOR absent, AND-NOT absent, OR-NOT absent, XOR-NOT absent
5 ?17 ?71 - Identity absent, NOT absent, Constant C0, AND17, OR absent, XOR absent, AND-NOT absent, OR-NOT absent, XOR-NOT absent
6 I0
7 I1

Perfect match
Identity no
NOT no
Constant yes
AND no
OR no
XOR no
AND-NOT no
OR-NOT no
XOR-NOT no

Matched
0 I4
1 I5
2 I6
3 I7
4 C0
5 C0
6 I0
7 I1

Selected
0 I4
1 I5
2 I6
3 I7
4 C0
5 C0
6 I0
7 I1

Applying to 11001110
Input
0 1
1 1
2 0
3 0
4 1
5 1
6 1
7 0
Output
0 I4 = 1
1 I5 = 1
2 I6 = 1
3 I7 = 0
4 C0 = 0
5 C0 = 0
6 I0 = 1
7 I1 = 1

I will now return the answer in \boxed{}
The answer in \boxed{–} is \boxed{11100011}