We need to deduce the transformation by matching the example outputs.
I will put my final answer inside \boxed{}.

Output 0: 01010110
0 0
1 1
2 0
3 1
4 0
5 1
6 1
7 0

Output 1: 00101010
0 0
1 0
2 1
3 0
4 1
5 0
6 1
7 0

Output 2: 00100110
0 0
1 0
2 1
3 0
4 0
5 1
6 1
7 0

Output 3: 10111111
0 1
1 0
2 1
3 1
4 1
5 1
6 1
7 1

Output 4: 00011111
0 0
1 0
2 0
3 1
4 1
5 1
6 1
7 1

Output 5: 11011100
0 1
1 1
2 0
3 1
4 1
5 1
6 0
7 0

Output 6: 10000010
0 1
1 0
2 0
3 0
4 0
5 0
6 1
7 0

Output 7: 10101000
0 1
1 0
2 1
3 0
4 1
5 0
6 0
7 0

Output 8: 11111110
0 1
1 1
2 1
3 1
4 1
5 1
6 1
7 0

Output bit columns (with bitsum as hash)
0 000101111 5
1 100001001 3
2 011100011 5
3 100111001 5
4 010111011 6
5 101111001 6
6 111110101 7
7 000110000 2

Input 0: 11101010
0 1
1 1
2 1
3 0
4 1
5 0
6 1
7 0

Input 1: 01000101
0 0
1 1
2 0
3 0
4 0
5 1
6 0
7 1

Input 2: 11100100
0 1
1 1
2 1
3 0
4 0
5 1
6 0
7 0

Input 3: 11010111
0 1
1 1
2 0
3 1
4 0
5 1
6 1
7 1

Input 4: 11000011
0 1
1 1
2 0
3 0
4 0
5 0
6 1
7 1

Input 5: 10111011
0 1
1 0
2 1
3 1
4 1
5 0
6 1
7 1

Input 6: 01010000
0 0
1 1
2 0
3 1
4 0
5 0
6 0
7 0

Input 7: 00010101
0 0
1 0
2 0
3 1
4 0
5 1
6 0
7 1

Input 8: 11111111
0 1
1 1
2 1
3 1
4 1
5 1
6 1
7 1

When matching output
x: not in operator
y: wrong position

Identity
0 101111001 6 match 5
1 111110101 7 match 6
2 101001001 4
3 000101111 5 match 0
4 100001001 3 match 1
5 011100011 5 match 2
6 100111001 5 match 3
7 010111011 6 match 4

Matching output
0 3
1 4
2 5
3 6
4 7
5 0
6 1
7 absent

Left
3 4 5 6 7 0 1 2x
Best: I3 4 5 6 7 0 1: 7

Right
none
Best: none

NOT
0 010000110 3
1 000001010 2
2 010110110 5
3 111010000 4
4 011110110 6
5 100011100 4
6 011000110 4
7 101000100 3

Matching output
0 absent
1 absent
2 absent
3 absent
4 absent
5 absent
6 absent
7 absent

Left
none
Best: none

Right
none
Best: none

Constant
0 000000000 a
1 111111111 a

Matching output
0 absent
1 absent
2 absent
3 absent
4 absent
5 absent
6 absent
7 absent

Left
none
Best: none

Right
none
Best: none

AND
01 10 101110001 5
12 21 101000001 3
23 32 000001001 2
34 43 000001001 2
45 54 000000001 1
56 65 000100001 2
67 76 000111001 4
70 07 000111001 4

02 20 101001001 4
13 31 000100101 3
24 42 100001001 3 match 1
35 53 000100011 3
46 64 100001001 3 match 1
57 75 010100011 4
60 06 100111001 5 match 3
71 17 010110001 4

03 30 000101001 3
14 41 100000001 2
25 52 001000001 2
36 63 000101001 3
47 74 000001001 2
50 05 001100001 3
61 16 100110001 4
72 27 000001001 2

04 40 100001001 3 match 1
15 51 011100001 4
26 62 100001001 3 match 1
37 73 000101011 4

Matching output
0 absent
1 24 42 46 64 04 40 26 62
2 absent
3 60 06
4 absent
5 absent
6 absent
7 absent

Left
none
Best: none

Right
none
Best: none

OR
01 10 111111101 8
12 21 111111101 8
23 32 101101111 7
34 43 100101111 6
45 54 111101011 7
56 65 111111011 8
67 76 110111011 7
70 07 111111011 8

02 20 101111001 6 match 5
13 31 111111111 a
24 42 101001001 4
35 53 011101111 7
46 64 100111001 5 match 3
57 75 011111011 7
60 06 101111001 6 match 5
71 17 111111111 a

03 30 101111111 8
14 41 111111101 8
25 52 111101011 7
36 63 100111111 7
47 74 110111011 7
50 05 111111011 8
61 16 111111101 8
72 27 111111011 8

04 40 101111001 6 match 5
15 51 111110111 8
26 62 101111001 6 match 5
37 73 010111111 7

Matching output
0 absent
1 absent
2 absent
3 46 64
4 absent
5 02 20 60 06 04 40 26 62
6 absent
7 absent

Left
none
Best: none

Right
none
Best: none

XOR
01 10 010001100 3
12 21 010111100 5
23 32 101100110 5
34 43 100100110 4
45 54 111101010 6
56 65 111011010 6
67 76 110000010 3
70 07 111000010 4

02 20 000110000 2 match 7
13 31 111011010 6
24 42 001000000 1
35 53 011001100 4
46 64 000110000 2 match 7
57 75 001011000 3
60 06 001000000 1
71 17 101001110 5

03 30 101010110 5
14 41 011111100 6
25 52 110101010 5
36 63 100010110 4
47 74 110110010 5
50 05 110011010 5
61 16 011001100 4
72 27 111110010 6

04 40 001110000 3
15 51 100010110 4
26 62 001110000 3
37 73 010010100 3

Matching output
0 absent
1 absent
2 absent
3 absent
4 absent
5 absent
6 absent
7 02 20 46 64

Left
none
Best: none

Right
02 71x
20 17x
46 35x
64 53x
Best: XOR02: 1

AND-NOT
01 000001000 1
12 010110100 4
23 101000000 2
34 000100110 3
45 100001000 2
56 011000010 3
67 100000000 1
70 010000010 2

02 000110000 2 match 7
13 111010000 4
24 001000000 1
35 000001100 2
46 000000000 a
57 001000000 1
60 000000000 a
71 000001010 2

03 101010000 3
14 011110100 5
25 100001000 2
36 000000110 2
47 100000000 1
50 010000010 2
61 000001000 1
72 010110010 4

04 001110000 3
15 100010100 3
26 001000000 1
37 000000100 1
40 000000000 a
51 000000010 1
62 000110000 2 match 7
73 010010000 2

05 100011000 3
16 011000100 3
27 101000000 2
30 000000110 2
41 000001000 1
52 010100010 3
63 100010000 2
74 010110010 4

06 001000000 1
17 101000100 3
20 000000000 a
31 000001010 2
42 000000000 a
53 011000000 2
64 000110000 2 match 7
75 000011000 2

07 101000000 2
10 010000100 2
21 000001000 1
32 000100110 3
43 100000000 1
54 011100010 4
65 100011000 3
76 010000010 2

Matching output
0 absent
1 absent
2 absent
3 absent
4 absent
5 absent
6 absent
7 02 62 64

Left
none
Best: none

Right
02 71x
62 51x
64 53x
Best: AND-NOT02: 1

OR-NOT
01 101111011 7
12 111110111 8
23 111011001 6
34 011111111 8
45 100011101 5
56 011100111 6
67 101111101 7
70 010111111 7

02 111111111 a
13 111110101 7 match 6
24 111111111 a
35 100111111 7
46 111001111 7
57 111100111 7
60 110111111 8
71 010111011 6 match 4

03 111111001 7
14 111110111 8
25 101011101 6
36 011101111 7
47 101001101 5
50 011100111 6
61 100111011 6
72 010111111 7

04 111111111 a
15 111111101 8
26 111001111 7
37 101101111 7
40 110001111 6
51 011101011 6
62 110111111 8
73 111111011 8

05 101111101 7
16 111110111 8
27 101001101 5
30 010101111 6
41 100001011 4
52 011110111 7
63 111111001 7
74 011111111 8

06 111111111 a
17 111110101 7 match 6
20 111001111 7
31 000101111 5 match 0
42 110111111 8
53 111110011 7
64 111111111 a
75 110111111 8

07 101111101 7
10 111110111 8
21 101001011 5
32 010111111 7
43 111011001 6
54 011110111 7
65 100111101 6
76 011111111 8

Matching output
0 31
1 absent
2 absent
3 absent
4 71
5 absent
6 13 17
7 absent

Left
31 42x
Best: OR-NOT31: 1

Right
none
Best: none

XOR-NOT
01 101110011 6
12 101000011 4
23 010011001 4
34 011011001 5
45 000010101 3
56 000100101 3
67 001111101 6
70 000111101 5

02 111001111 7
13 000100101 3
24 110111111 8
35 100110011 5
46 111001111 7
57 110100111 6
60 110111111 8
71 010110001 4

03 010101001 4
14 100000011 3
25 001010101 4
36 011101001 5
47 001001101 4
50 001100101 4
61 100110011 5
72 000001101 3

04 110001111 6
15 011101001 5
26 110001111 6
37 101101011 6
40 110001111 6
51 011101001 5
62 110001111 6
73 101101011 6

05 001100101 4
16 100110011 5
27 000001101 3
30 010101001 4
41 100000011 3
52 001010101 4
63 011101001 5
74 001001101 4

06 110111111 8
17 010110001 4
20 111001111 7
31 000100101 3
42 110111111 8
53 100110011 5
64 111001111 7
75 110100111 6

07 000111101 5
10 101110011 6
21 101000011 4
32 010011001 4
43 011011001 5
54 000010101 3
65 000100101 3
76 001111101 6

Matching output
0 absent
1 absent
2 absent
3 absent
4 absent
5 absent
6 absent
7 absent

Left
none
Best: none

Right
none
Best: none

Selecting

Lefts
Identity I3 4 5 6 7 0 1: 7
NOT none
Constant none
AND none
OR none
XOR none
AND-NOT none
OR-NOT OR-NOT31: 1
XOR-NOT none

Rights
Identity none
NOT none
Constant none
AND none
OR none
XOR XOR02: 1
AND-NOT AND-NOT02: 1
OR-NOT none
XOR-NOT none

Left longest: 7
Right longest: 1

Left winner: Identity yes, NOT no, Constant no, AND no, OR no, XOR no, AND-NOT no, OR-NOT no, XOR-NOT no
Right winner: Identity no, NOT no, Constant no, AND no, OR no, XOR yes, AND-NOT no, OR-NOT no, XOR-NOT no

Best left: I3 4 5 6 7 0 1: 7
Best right: XOR02: 1

Truncated left: I3 4 5 6 7 0 1: 7
Truncated right: XOR02: 1

Tentative from right
7 XOR02
6 pending
5 pending
4 pending
3 pending
2 pending
1 pending
0 pending

Tentative
0 I3
1 I4
2 I5
3 I6
4 I7
5 I0
6 I1
7 XOR02

Preferred from left
0 I3
1 I4
2 I5
3 I6
4 I7
5 I0
6 I1
7 XOR02

Preferred from right
7 XOR02
6 I1
5 I0
4 I7
3 I6
2 I5
1 I4
0 I3

Preferred
0 I3
1 I4
2 I5
3 I6
4 I7
5 I0
6 I1
7 XOR02

Matching
0 I3
1 I4
2 I5
3 I6
4 I7
5 I0
6 I1
7 XOR02

Perfect match
Identity no
NOT no
Constant no
AND no
OR no
XOR no
AND-NOT no
OR-NOT no
XOR-NOT no

Matched
0 I3
1 I4
2 I5
3 I6
4 I7
5 I0
6 I1
7 XOR02

Selected
0 I3
1 I4
2 I5
3 I6
4 I7
5 I0
6 I1
7 XOR02

Applying to 00011001
Input
0 0
1 0
2 0
3 1
4 1
5 0
6 0
7 1
Output
0 I3 = 1
1 I4 = 1
2 I5 = 0
3 I6 = 0
4 I7 = 1
5 I0 = 0
6 I1 = 0
7 XOR02 = XOR(0,0) = 0

I will now return the answer in \boxed{}
The answer in \boxed{–} is \boxed{11001000}