We need to deduce the transformation by matching the example outputs.
I will put my final answer inside \boxed{}.

Output 0: 11110110
0 1
1 1
2 1
3 1
4 0
5 1
6 1
7 0

Output 1: 10110111
0 1
1 0
2 1
3 1
4 0
5 1
6 1
7 1

Output 2: 10011101
0 1
1 0
2 0
3 1
4 1
5 1
6 0
7 1

Output 3: 11110011
0 1
1 1
2 1
3 1
4 0
5 0
6 1
7 1

Output 4: 11111111
0 1
1 1
2 1
3 1
4 1
5 1
6 1
7 1

Output 5: 11111110
0 1
1 1
2 1
3 1
4 1
5 1
6 1
7 0

Output 6: 10110111
0 1
1 0
2 1
3 1
4 0
5 1
6 1
7 1

Output 7: 11011011
0 1
1 1
2 0
3 1
4 1
5 0
6 1
7 1

Output bit columns (with bitsum as hash)
0 11111111 a
1 10011101 5
2 11011110 6
3 11111111 a
4 00101101 4
5 11101110 6
6 11011111 7
7 01111011 6

Input 0: 00010010
0 0
1 0
2 0
3 1
4 0
5 0
6 1
7 0

Input 1: 10110001
0 1
1 0
2 1
3 1
4 0
5 0
6 0
7 1

Input 2: 11000101
0 1
1 1
2 0
3 0
4 0
5 1
6 0
7 1

Input 3: 00011110
0 0
1 0
2 0
3 1
4 1
5 1
6 1
7 0

Input 4: 00000000
0 0
1 0
2 0
3 0
4 0
5 0
6 0
7 0

Input 5: 00000010
0 0
1 0
2 0
3 0
4 0
5 0
6 1
7 0

Input 6: 10111010
0 1
1 0
2 1
3 1
4 1
5 0
6 1
7 0

Input 7: 01011000
0 0
1 1
2 0
3 1
4 1
5 0
6 0
7 0

When matching output
x: not in operator
y: wrong position

Identity
0 01100010 3
1 00100001 2
2 01000010 2
3 11010011 5
4 00010011 3
5 00110000 2
6 10010110 4
7 01100000 2

Matching output
0 absent
1 absent
2 absent
3 absent
4 absent
5 absent
6 absent
7 absent

Left
none
Best: none

Right
none
Best: none

NOT
0 10011101 5 match 1
1 11011110 6 match 2
2 10111101 6
3 00101100 3
4 11101100 5
5 11001111 6
6 01101001 4
7 10011111 6

Matching output
0 absent
1 0
2 1
3 absent
4 absent
5 absent
6 absent
7 absent

Left
none
Best: none

Right
none
Best: none

Constant
0 00000000 a
1 11111111 a match 0 3

Matching output
0 C1
1 absent
2 absent
3 C1
4 absent
5 absent
6 absent
7 absent

Left
1
Best: C1: 1

Right
none
Best: none

AND
01 10 00100000 1
12 21 00000000 a
23 32 01000010 2
34 43 00010011 3
45 54 00010000 1
56 65 00010000 1
67 76 00000000 a
70 07 01100000 2

02 20 01000010 2
13 31 00000001 1
24 42 00000010 1
35 53 00010000 1
46 64 00010010 2
57 75 00100000 1
60 06 00000010 1
71 17 00100000 1

03 30 01000010 2
14 41 00000001 1
25 52 00000000 a
36 63 10010010 3
47 74 00000000 a
50 05 00100000 1
61 16 00000000 a
72 27 01000000 1

04 40 00000010 1
15 51 00100000 1
26 62 00000010 1
37 73 01000000 1

Matching output
0 absent
1 absent
2 absent
3 absent
4 absent
5 absent
6 absent
7 absent

Left
none
Best: none

Right
none
Best: none

OR
01 10 01100011 4
12 21 01100011 4
23 32 11010011 5
34 43 11010011 5
45 54 00110011 4
56 65 10110110 5
67 76 11110110 6
70 07 01100010 3

02 20 01100010 3
13 31 11110011 6
24 42 01010011 4
35 53 11110011 6
46 64 10010111 5
57 75 01110000 3
60 06 11110110 6
71 17 01100001 3

03 30 11110011 6
14 41 00110011 4
25 52 01110010 4
36 63 11010111 6
47 74 01110011 5
50 05 01110010 4
61 16 10110111 6
72 27 01100010 3

04 40 01110011 5
15 51 00110001 3
26 62 11010110 5
37 73 11110011 6

Matching output
0 absent
1 absent
2 absent
3 absent
4 absent
5 absent
6 absent
7 absent

Left
none
Best: none

Right
none
Best: none

XOR
01 10 01000011 3
12 21 01100011 4
23 32 10010001 3
34 43 11000000 2
45 54 00100011 3
56 65 10100110 4
67 76 11110110 6
70 07 00000010 1

02 20 00100000 1
13 31 11110010 5
24 42 01010001 3
35 53 11100011 5
46 64 10000101 3
57 75 01010000 2
60 06 11110100 5
71 17 01000001 2

03 30 10110001 4
14 41 00110010 3
25 52 01110010 4
36 63 01000101 3
47 74 01110011 5
50 05 01010010 3
61 16 10110111 6
72 27 00100010 2

04 40 01110001 4
15 51 00010001 2
26 62 11010100 4
37 73 10110011 5

Matching output
0 absent
1 absent
2 absent
3 absent
4 absent
5 absent
6 absent
7 absent

Left
none
Best: none

Right
none
Best: none

AND-NOT
01 01000010 2
12 00100001 2
23 00000000 a
34 11000000 2
45 00000011 2
56 00100000 1
67 10010110 4
70 00000000 a

02 00100000 1
13 00100000 1
24 01000000 1
35 11000011 4
46 00000001 1
57 00010000 1
60 10010100 3
71 01000000 1

03 00100000 1
14 00100000 1
25 01000010 2
36 01000001 2
47 00010011 3
50 00010000 1
61 10010110 4
72 00100000 1

04 01100000 2
15 00000001 1
26 01000000 1
37 10010011 4
40 00010001 2
51 00010000 1
62 10010100 3
73 00100000 1

05 01000010 2
16 00100001 2
27 00000010 1
30 10010001 3
41 00010010 2
52 00110000 2
63 00000100 1
74 01100000 2

06 01100000 2
17 00000001 1
20 00000000 a
31 11010010 4
42 00010001 2
53 00100000 1
64 10000100 2
75 01000000 1

07 00000010 1
10 00000001 1
21 01000010 2
32 10010001 3
43 00000000 a
54 00100000 1
65 10000110 3
76 01100000 2

Matching output
0 absent
1 absent
2 absent
3 absent
4 absent
5 absent
6 absent
7 absent

Left
none
Best: none

Right
none
Best: none

OR-NOT
01 11111110 7
12 10111101 6
23 01101110 5
34 11111111 a match 0 3
45 11011111 7 match 6
56 01111001 5
67 10011111 6
70 11111101 7

02 11111111 a match 0 3
13 00101101 4 match 4
24 11101110 6 match 5
35 11011111 7 match 6
46 01111011 6 match 7
57 10111111 7
60 10011111 6
71 11111110 7

03 01101110 5
14 11101101 6
25 11001111 6
36 11111011 7
47 10011111 6
50 10111101 6
61 11011110 6 match 2
72 11111101 7

04 11101110 6 match 5
15 11101111 7
26 01101011 5
37 11011111 7 match 6
40 10011111 6
51 11111110 7
62 10111111 7
73 01101100 4

05 11101111 7
16 01101001 4
27 11011111 7 match 6
30 11011111 7 match 6
41 11011111 7 match 6
52 10111101 6
63 10111110 6
74 11101100 5

06 01101011 5
17 10111111 7
20 11011111 7 match 6
31 11011111 7 match 6
42 10111111 7
53 00111100 4
64 11111110 7
75 11101111 7

07 11111111 a match 0 3
10 10111101 6
21 11011110 6 match 2
32 11111111 a match 0 3
43 00111111 6
54 11111100 6
65 11011111 7 match 6
76 01101001 4

Matching output
0 34 02 07 32
1 absent
2 61 21
3 34 02 07 32
4 13
5 24 04
6 45 35 37 27 30 41 20 31 65
7 46

Left
34 45y
02 13y
07 10x
32 43x
Best: OR-NOT34: 1

Right
46 35 24 13 02 71x
Best: OR-NOT46 35 24 13 02: 5

XOR-NOT
01 10111100 5
12 10011100 4
23 01101110 5
34 00111111 6
45 11011100 5
56 01011001 4
67 00001001 2
70 11111101 7

02 11011111 7 match 6
13 00001101 3
24 10101110 5
35 00011100 3
46 01111010 5
57 10101111 6
60 00001011 3
71 10111110 6

03 01001110 4
14 11001101 5
25 10001101 4
36 10111010 5
47 10001100 3
50 10101101 5
61 01001000 2
72 11011101 6

04 10001110 4
15 11101110 6 match 5
26 00101011 4
37 01001100 3
40 10001110 4
51 11101110 6 match 5
62 00101011 4
73 01001100 3

05 10101101 5
16 01001000 2
27 11011101 6
30 01001110 4
41 11001101 5
52 10001101 4
63 10111010 5
74 10001100 3

06 00001011 3
17 10111110 6
20 11011111 7 match 6
31 00001101 3
42 10101110 5
53 00011100 3
64 01111010 5
75 10101111 6

07 11111101 7
10 10111100 5
21 10011100 4
32 01101110 5
43 00111111 6
54 11011100 5
65 01011001 4
76 00001001 2

Matching output
0 absent
1 absent
2 absent
3 absent
4 absent
5 15 51
6 02 20
7 absent

Left
none
Best: none

Right
none
Best: none

Selecting

Lefts
Identity none
NOT none
Constant C1: 1
AND none
OR none
XOR none
AND-NOT none
OR-NOT OR-NOT34: 1
XOR-NOT none

Rights
Identity none
NOT none
Constant none
AND none
OR none
XOR none
AND-NOT none
OR-NOT OR-NOT46 35 24 13 02: 5
XOR-NOT none

Left longest: 1
Right longest: 5

Right winner: Identity no, NOT no, Constant no, AND no, OR no, XOR no, AND-NOT no, OR-NOT yes, XOR-NOT no
Left winner: Identity no, NOT no, Constant yes, AND no, OR no, XOR no, AND-NOT no, OR-NOT no, XOR-NOT no

Best right: OR-NOT46 35 24 13 02: 5
Best left: C1: 1

Truncated right: OR-NOT46 35 24 13 02: 5
Truncated left: C1: 1

Tentative from right
7 OR-NOT46
6 OR-NOT35
5 OR-NOT24
4 OR-NOT13
3 OR-NOT02
2 pending
1 pending
0 pending

Tentative
0 C1
1 pending
2 pending
3 OR-NOT02
4 OR-NOT13
5 OR-NOT24
6 OR-NOT35
7 OR-NOT46

Preferred from right
7 OR-NOT46
6 OR-NOT35
5 OR-NOT24
4 OR-NOT13
3 OR-NOT02
2 ?71
1 ?60
0 C1

Preferred from left
0 C1
1 ?60
2 ?71
3 OR-NOT02
4 OR-NOT13
5 OR-NOT24
6 OR-NOT35
7 OR-NOT46

Preferred
0 C1
1 ?60 ?06
2 ?71 ?17
3 OR-NOT02
4 OR-NOT13
5 OR-NOT24
6 OR-NOT35
7 OR-NOT46

Matching
0 C1
1 ?60 ?06 - Identity absent, NOT NOT0, Constant absent, AND absent, OR absent, XOR absent, AND-NOT absent, OR-NOT absent, XOR-NOT absent
2 ?71 ?17 - Identity absent, NOT NOT1, Constant absent, AND absent, OR absent, XOR absent, AND-NOT absent, OR-NOT absent, XOR-NOT absent
3 OR-NOT02
4 OR-NOT13
5 OR-NOT24
6 OR-NOT35
7 OR-NOT46

Perfect match
Identity no
NOT yes
Constant no
AND no
OR no
XOR no
AND-NOT no
OR-NOT no
XOR-NOT no

Matched
0 C1
1 NOT0
2 NOT1
3 OR-NOT02
4 OR-NOT13
5 OR-NOT24
6 OR-NOT35
7 OR-NOT46

Selected
0 C1
1 NOT0
2 NOT1
3 OR-NOT02
4 OR-NOT13
5 OR-NOT24
6 OR-NOT35
7 OR-NOT46

Applying to 10001001
Input
0 1
1 0
2 0
3 0
4 1
5 0
6 0
7 1
Output
0 C1 = 1
1 NOT0 = NOT(1) = 0
2 NOT1 = NOT(0) = 1
3 OR-NOT02 = OR(1,NOT(0)) = 1
4 OR-NOT13 = OR(0,NOT(0)) = 1
5 OR-NOT24 = OR(0,NOT(1)) = 0
6 OR-NOT35 = OR(0,NOT(0)) = 1
7 OR-NOT46 = OR(1,NOT(0)) = 1

I will now return the answer in \boxed{}
The answer in \boxed{–} is \boxed{10111011}