We need to deduce the transformation by matching the example outputs.
I will put my final answer inside \boxed{}.

Output 0: 00010100
0 0
1 0
2 0
3 1
4 0
5 1
6 0
7 0

Output 1: 10010100
0 1
1 0
2 0
3 1
4 0
5 1
6 0
7 0

Output 2: 10101111
0 1
1 0
2 1
3 0
4 1
5 1
6 1
7 1

Output 3: 10110100
0 1
1 0
2 1
3 1
4 0
5 1
6 0
7 0

Output 4: 00000010
0 0
1 0
2 0
3 0
4 0
5 0
6 1
7 0

Output 5: 10101010
0 1
1 0
2 1
3 0
4 1
5 0
6 1
7 0

Output 6: 00000000
0 0
1 0
2 0
3 0
4 0
5 0
6 0
7 0

Output 7: 00001110
0 0
1 0
2 0
3 0
4 1
5 1
6 1
7 0

Output 8: 00000000
0 0
1 0
2 0
3 0
4 0
5 0
6 0
7 0

Output 9: 00001000
0 0
1 0
2 0
3 0
4 1
5 0
6 0
7 0

Output bit columns (with bitsum as hash)
0 0111010000 4
1 0000000000 a
2 0011010000 3
3 1101000000 3
4 0010010101 4
5 1111000100 5
6 0010110100 4
7 0010000000 1

Input 0: 00101110
0 0
1 0
2 1
3 0
4 1
5 1
6 1
7 0

Input 1: 01101011
0 0
1 1
2 1
3 0
4 1
5 0
6 1
7 1

Input 2: 11011111
0 1
1 1
2 0
3 1
4 1
5 1
6 1
7 1

Input 3: 01111011
0 0
1 1
2 1
3 1
4 1
5 0
6 1
7 1

Input 4: 10000101
0 1
1 0
2 0
3 0
4 0
5 1
6 0
7 1

Input 5: 01010101
0 0
1 1
2 0
3 1
4 0
5 1
6 0
7 1

Input 6: 00000110
0 0
1 0
2 0
3 0
4 0
5 1
6 1
7 0

Input 7: 00011111
0 0
1 0
2 0
3 1
4 1
5 1
6 1
7 1

Input 8: 00110011
0 0
1 0
2 1
3 1
4 0
5 0
6 1
7 1

Input 9: 00010100
0 0
1 0
2 0
3 1
4 0
5 1
6 0
7 0

When matching output
x: not in operator
y: wrong position

Identity
0 0010100000 2
1 0111010000 4 match 0
2 1101000010 4
3 0011010111 6
4 1111000100 5 match 5
5 1010111101 7
6 1111001110 7
7 0111110110 7

Matching output
0 1
1 absent
2 absent
3 absent
4 absent
5 4
6 absent
7 absent

Left
1 2x
Best: I1: 1

Right
none
Best: none

NOT
0 1101011111 8
1 1000101111 6
2 0010111101 6
3 1100101000 4
4 0000111011 5
5 0101000010 3
6 0000110001 3
7 1000001001 3

Matching output
0 absent
1 absent
2 absent
3 absent
4 absent
5 absent
6 absent
7 absent

Left
none
Best: none

Right
none
Best: none

Constant
0 0000000000 a match 1
1 1111111111 a

Matching output
0 absent
1 C0
2 absent
3 absent
4 absent
5 absent
6 absent
7 absent

Left
none
Best: none

Right
none
Best: none

AND
01 10 0010000000 1 match 7
12 21 0101000000 2
23 32 0001000010 2
34 43 0011000100 3
45 54 1010000100 3
56 65 1010001100 4
67 76 0111000110 5
70 07 0010100000 2

02 20 0000000000 a match 1
13 31 0011010000 3 match 2
24 42 1101000000 3 match 3
35 53 0010010101 4 match 4
46 64 1111000100 5 match 5
57 75 0010110100 4 match 6
60 06 0010000000 1 match 7
71 17 0111010000 4 match 0

03 30 0010000000 1 match 7
14 41 0111000000 3
25 52 1000000000 1
36 63 0011000110 4
47 74 0111000100 4
50 05 0010100000 2
61 16 0111000000 3
72 27 0101000010 3

04 40 0010000000 1 match 7
15 51 0010010000 2
26 62 1101000010 4
37 73 0011010110 5

Matching output
0 71 17
1 02 20
2 13 31
3 24 42
4 35 53
5 46 64
6 57 75
7 01 10 60 06 03 30 04 40

Left
71 02 13 24 35 46 57 60
17 20 31 42 53 64 75 06
Best: AND71 02 13 24 35 46 57 60: 8

Right
01 70x
10 07x
60 57 46 35 24 13 02 71
06 75 64 53 42 31 20 17
03 72x
30 27x
04 73x
40 37x
Best: AND60 57 46 35 24 13 02 71: 8

OR
01 10 0111110000 5
12 21 1111010010 6
23 32 1111010111 8
34 43 1111010111 8
45 54 1111111101 9
56 65 1111111111 a
67 76 1111111110 9
70 07 0111110110 7

02 20 1111100010 6
13 31 0111010111 7
24 42 1111000110 6
35 53 1011111111 9
46 64 1111001110 7
57 75 1111111111 a
60 06 1111101110 8
71 17 0111110110 7

03 30 0011110111 7
14 41 1111010100 6
25 52 1111111111 a
36 63 1111011111 9
47 74 1111110110 8
50 05 1010111101 7
61 16 1111011110 8
72 27 1111110110 8

04 40 1111100100 6
15 51 1111111101 9
26 62 1111001110 7
37 73 0111110111 8

Matching output
0 absent
1 absent
2 absent
3 absent
4 absent
5 absent
6 absent
7 absent

Left
none
Best: none

Right
none
Best: none

XOR
01 10 0101110000 4
12 21 1010010010 4
23 32 1110010101 6
34 43 1100010011 5
45 54 0101111001 6
56 65 0101110011 6
67 76 1000111000 4
70 07 0101010110 5

02 20 1111100010 6
13 31 0100000111 4
24 42 0010000110 3
35 53 1001101010 5
46 64 0000001010 2
57 75 1101001011 6
60 06 1101101110 7
71 17 0000100110 3

03 30 0001110111 6
14 41 1000010100 3
25 52 0111111111 9
36 63 1100011001 5
47 74 1000110010 4
50 05 1000011101 5
61 16 1000011110 5
72 27 1010110100 5

04 40 1101100100 5
15 51 1101101101 7
26 62 0010001100 3
37 73 0100100001 3

Matching output
0 absent
1 absent
2 absent
3 absent
4 absent
5 absent
6 absent
7 absent

Left
none
Best: none

Right
none
Best: none

AND-NOT
01 0000100000 1
12 0010010000 2
23 1100000000 2
34 0000010011 3
45 0101000000 2
56 0000110001 3
67 1000001000 2
70 0101010110 5

02 0010100000 2
13 0100000000 1
24 0000000010 1
35 0001000010 2
46 0000000000 a match 1
57 1000001001 3
60 1101001110 6
71 0000100110 3

03 0000100000 1
14 0000010000 1
25 0101000010 3
36 0000010001 2
47 1000000000 1
50 1000011101 5
61 1000001110 4
72 0010110100 4 match 6

04 0000100000 1
15 0101000000 2
26 0000000000 a match 1
37 0000000001 1
40 1101000100 4
51 1000101101 5
62 0010001100 3
73 0100100000 2

05 0000000000 a match 1
16 0000010000 1
27 1000000000 1
30 0001010111 5
41 1000000100 2
52 0010111101 6
63 1100001000 3
74 0000110010 3

06 0000100000 1
17 0000000000 a match 1
20 1101000010 4
31 0000000111 3
42 0010000100 2
53 1000101000 3
64 0000001010 2
75 0101000010 3

07 0000000000 a match 1
10 0101010000 3
21 1000000010 2
32 0010010101 4 match 4
43 1100000000 2
54 0000111001 4
65 0101000010 3
76 0000110000 2

Matching output
0 absent
1 46 26 05 17 07
2 absent
3 absent
4 32
5 absent
6 72
7 absent

Left
none
Best: none

Right
none
Best: none

OR-NOT
01 1010101111 7
12 0111111101 8
23 1101101010 6
34 0011111111 8
45 1111000110 6
56 1010111101 7
67 1111001111 8
70 1111111111 a

02 0010111101 6
13 1111111000 7
24 1101111011 8
35 0111010111 7
46 1111110101 8
57 1010111101 7
60 1111011111 9
71 1111111111 a

03 1110101000 5
14 0111111011 8
25 1101000010 4
36 0011110111 7
47 1111001101 7
50 1111111111 a
61 1111101111 9
72 0111111111 9

04 0010111011 6
15 0111010010 5
26 1101110011 7
37 1011011111 8
40 1111011111 9
51 1010111111 8
62 1111111111 a
73 1111111110 9

05 0111100010 5
16 0111110001 6
27 1101001011 6
30 1111011111 9
41 1111101111 9
52 1010111101 7
63 1111101110 8
74 0111111111 9

06 0010110001 4
17 1111011001 7
20 1101011111 8
31 1011111111 9
42 1111111101 9
53 1110111101 8
64 1111111111 a
75 0111110110 7

07 1010101001 5
10 1111011111 9
21 1101101111 8
32 0011111111 8
43 1111101100 7
54 1010111111 8
65 1111001110 7
76 0111110111 8

Matching output
0 absent
1 absent
2 absent
3 absent
4 absent
5 absent
6 absent
7 absent

Left
none
Best: none

Right
none
Best: none

XOR-NOT
01 1010001111 6
12 0101101101 6
23 0001101010 4
34 0011101100 5
45 1010000110 4
56 1010001100 4
67 0111000111 6
70 1010101001 5

02 0000011101 4
13 1011111000 6
24 1101111001 7
35 0110010101 5
46 1111110101 8
57 0010110100 4 match 6
60 0010010001 3
71 1111011001 7

03 1110001000 4
14 0111101011 7
25 1000000000 1
36 0011100110 5
47 0111001101 6
50 0111100010 5
61 0111100001 5
72 0101001011 5

04 0010011011 5
15 0010010010 3
26 1101110011 7
37 1011011110 7
40 0010011011 5
51 0010010010 3
62 1101110011 7
73 1011011110 7

05 0111100010 5
16 0111100001 5
27 0101001011 5
30 1110001000 4
41 0111101011 7
52 1000000000 1
63 0011100110 5
74 0111001101 6

06 0010010001 3
17 1111011001 7
20 0000011101 4
31 1011111000 6
42 1101111001 7
53 0110010101 5
64 1111110101 8
75 0010110100 4 match 6

07 1010101001 5
10 1010001111 6
21 0101101101 6
32 0001101010 4
43 0011101100 5
54 1010000110 4
65 1010001100 4
76 0111000111 6

Matching output
0 absent
1 absent
2 absent
3 absent
4 absent
5 absent
6 57 75
7 absent

Left
none
Best: none

Right
none
Best: none

Selecting

Lefts
Identity I1: 1
NOT none
Constant none
AND AND71 02 13 24 35 46 57 60: 8
OR none
XOR none
AND-NOT none
OR-NOT none
XOR-NOT none

Rights
Identity none
NOT none
Constant none
AND AND60 57 46 35 24 13 02 71: 8
OR none
XOR none
AND-NOT none
OR-NOT none
XOR-NOT none

Left longest: 8
Right longest: 8

Left winner: Identity no, NOT no, Constant no, AND yes, OR no, XOR no, AND-NOT no, OR-NOT no, XOR-NOT no
Right winner: Identity no, NOT no, Constant no, AND yes, OR no, XOR no, AND-NOT no, OR-NOT no, XOR-NOT no

Best left: AND71 02 13 24 35 46 57 60: 8
Best right: AND60 57 46 35 24 13 02 71: 8

Truncated left: AND71 02 13 24 35 46 57 60: 8
Truncated right: none truncated

Tentative from right
7 pending
6 pending
5 pending
4 pending
3 pending
2 pending
1 pending
0 pending

Tentative
0 AND71
1 AND02
2 AND13
3 AND24
4 AND35
5 AND46
6 AND57
7 AND60

Preferred from left
0 AND71
1 AND02
2 AND13
3 AND24
4 AND35
5 AND46
6 AND57
7 AND60

Preferred from right
7 AND60
6 AND57
5 AND46
4 AND35
3 AND24
2 AND13
1 AND02
0 AND71

Preferred
0 AND71
1 AND02
2 AND13
3 AND24
4 AND35
5 AND46
6 AND57
7 AND60

Matching
0 AND71
1 AND02
2 AND13
3 AND24
4 AND35
5 AND46
6 AND57
7 AND60

Perfect match
Identity no
NOT no
Constant no
AND no
OR no
XOR no
AND-NOT no
OR-NOT no
XOR-NOT no

Matched
0 AND71
1 AND02
2 AND13
3 AND24
4 AND35
5 AND46
6 AND57
7 AND60

Selected
0 AND71
1 AND02
2 AND13
3 AND24
4 AND35
5 AND46
6 AND57
7 AND60

Applying to 11111000
Input
0 1
1 1
2 1
3 1
4 1
5 0
6 0
7 0
Output
0 AND71 = AND(0,1) = 0
1 AND02 = AND(1,1) = 1
2 AND13 = AND(1,1) = 1
3 AND24 = AND(1,1) = 1
4 AND35 = AND(1,0) = 0
5 AND46 = AND(1,0) = 0
6 AND57 = AND(0,0) = 0
7 AND60 = AND(0,1) = 0

I will now return the answer in \boxed{}
The answer in \boxed{–} is \boxed{01110000}