We need to deduce the transformation by matching the example outputs.
I will put my final answer inside \boxed{}.

Output 0: 01011011
0 0
1 1
2 0
3 1
4 1
5 0
6 1
7 1

Output 1: 00010110
0 0
1 0
2 0
3 1
4 0
5 1
6 1
7 0

Output 2: 00111101
0 0
1 0
2 1
3 1
4 1
5 1
6 0
7 1

Output 3: 01010010
0 0
1 1
2 0
3 1
4 0
5 0
6 1
7 0

Output 4: 10100100
0 1
1 0
2 1
3 0
4 0
5 1
6 0
7 0

Output 5: 10010110
0 1
1 0
2 0
3 1
4 0
5 1
6 1
7 0

Output 6: 00000110
0 0
1 0
2 0
3 0
4 0
5 1
6 1
7 0

Output 7: 00011101
0 0
1 0
2 0
3 1
4 1
5 1
6 0
7 1

Output 8: 00001111
0 0
1 0
2 0
3 0
4 1
5 1
6 1
7 1

Output 9: 00001100
0 0
1 0
2 0
3 0
4 1
5 1
6 0
7 0

Output bit columns (with bitsum as hash)
0 0000110000 2
1 1001000000 2
2 0010100000 2
3 1111010100 6
4 1010000111 5
5 0110111111 8
6 1101011010 6
7 1010000110 4

Input 0: 11101101
0 1
1 1
2 1
3 0
4 1
5 1
6 0
7 1

Input 1: 00111011
0 0
1 0
2 1
3 1
4 1
5 0
6 1
7 1

Input 2: 10111110
0 1
1 0
2 1
3 1
4 1
5 1
6 1
7 0

Input 3: 00111001
0 0
1 0
2 1
3 1
4 1
5 0
6 0
7 1

Input 4: 01110010
0 0
1 1
2 1
3 1
4 0
5 0
6 1
7 0

Input 5: 01101011
0 0
1 1
2 1
3 0
4 1
5 0
6 1
7 1

Input 6: 00110011
0 0
1 0
2 1
3 1
4 0
5 0
6 1
7 1

Input 7: 10101110
0 1
1 0
2 1
3 0
4 1
5 1
6 1
7 0

Input 8: 11110111
0 1
1 1
2 1
3 1
4 0
5 1
6 1
7 1

Input 9: 00100110
0 0
1 0
2 1
3 0
4 0
5 1
6 1
7 0

When matching output
x: not in operator
y: wrong position

Identity
0 1010000110 4 match 7
1 1000110010 4
2 1111111111 a
3 0111101010 6
4 1111010100 6 match 3
5 1010000111 5 match 4
6 0110111111 8 match 5
7 1101011010 6 match 6

Matching output
0 absent
1 absent
2 absent
3 4
4 5
5 6
6 7
7 0

Left
none
Best: none

Right
0 7 6 5 4 3x
Best: I0 7 6 5 4: 5

NOT
0 0101111001 6
1 0111001101 6
2 0000000000 a
3 1000010101 4
4 0000101011 4
5 0101111000 5
6 1001000000 2 match 1
7 0010100101 4

Matching output
0 absent
1 6
2 absent
3 absent
4 absent
5 absent
6 absent
7 absent

Left
none
Best: none

Right
none
Best: none

Constant
0 0000000000 a
1 1111111111 a

Matching output
0 absent
1 absent
2 absent
3 absent
4 absent
5 absent
6 absent
7 absent

Left
none
Best: none

Right
none
Best: none

AND
01 10 1000000010 2
12 21 1000110010 4
23 32 0111101010 6
34 43 0111000000 3
45 54 1010000100 3
56 65 0010000111 4
67 76 0100011010 4
70 07 1000000010 2

02 20 1010000110 4 match 7
13 31 0000100010 2
24 42 1111010100 6 match 3
35 53 0010000010 2
46 64 0110010100 4
57 75 1000000010 2
60 06 0010000110 3
71 17 1000010010 3

03 30 0010000010 2
14 41 1000010000 2
25 52 1010000111 5 match 4
36 63 0110101010 5
47 74 1101010000 4
50 05 1010000110 4 match 7
61 16 0000110010 3
72 27 1101011010 6 match 6

04 40 1010000100 3
15 51 1000000010 2
26 62 0110111111 8 match 5
37 73 0101001010 4

Matching output
0 absent
1 absent
2 absent
3 24 42
4 25 52
5 26 62
6 72 27
7 02 20 50 05

Left
none
Best: none

Right
02 71x
20 17x
50 47x
05 74x
Best: AND02: 1

OR
01 10 1010110110 6
12 21 1111111111 a
23 32 1111111111 a
34 43 1111111110 9
45 54 1111010111 8
56 65 1110111111 9
67 76 1111111111 a
70 07 1111011110 8

02 20 1111111111 a
13 31 1111111010 8
24 42 1111111111 a
35 53 1111101111 9
46 64 1111111111 a
57 75 1111011111 9
60 06 1110111111 9
71 17 1101111010 7

03 30 1111101110 8
14 41 1111110110 8
25 52 1111111111 a
36 63 0111111111 9
47 74 1111011110 8
50 05 1010000111 5 match 4
61 16 1110111111 9
72 27 1111111111 a

04 40 1111010110 7
15 51 1010110111 7
26 62 1111111111 a
37 73 1111111010 8

Matching output
0 absent
1 absent
2 absent
3 absent
4 50 05
5 absent
6 absent
7 absent

Left
none
Best: none

Right
none
Best: none

XOR
01 10 0010110100 4
12 21 0111001101 6
23 32 1000010101 4
34 43 1000111110 6
45 54 0101010011 5
56 65 1100111000 5
67 76 1011100101 6
70 07 0111011100 6

02 20 0101111001 6
13 31 1111011000 6
24 42 0000101011 4
35 53 1101101101 7
46 64 1001101011 6
57 75 0111011101 7
60 06 1100111001 6
71 17 0101101000 4

03 30 1101101100 6
14 41 0111100110 6
25 52 0101111000 5
36 63 0001010101 4
47 74 0010001110 4
50 05 0000000001 1
61 16 1110001101 6
72 27 0010100101 4

04 40 0101010010 4
15 51 0010110101 5
26 62 1001000000 2 match 1
37 73 1010110000 4

Matching output
0 absent
1 26 62
2 absent
3 absent
4 absent
5 absent
6 absent
7 absent

Left
none
Best: none

Right
none
Best: none

AND-NOT
01 0010000100 2
12 0000000000 a
23 1000010101 4
34 0000101010 3
45 0101010000 3
56 1000000000 1
67 0010100101 4
70 0101011000 4

02 0000000000 a
13 1000010000 2
24 0000101011 4
35 0101101000 4
46 1001000000 2 match 1
57 0010000101 3
60 0100111001 5
71 0101001000 3

03 1000000100 2
14 0000100010 2
25 0101111000 5
36 0001000000 1
47 0010000100 2
50 0000000001 1
61 0110001101 5
72 0000000000 a

04 0000000010 1
15 0000110000 2 match 0
26 1001000000 2 match 1
37 0010100000 2 match 2
40 0101010000 3
51 0010000101 3
62 0000000000 a
73 1000010000 2

05 0000000000 a
16 1000000000 1
27 0010100101 4
30 0101101000 4
41 0111000100 4
52 0000000000 a
63 0000010101 3
74 0000001010 2

06 1000000000 1
17 0000100000 1
20 0101111001 6
31 0111001000 4
42 0000000000 a
53 1000000101 3
64 0000101011 4
75 0101011000 4

07 0010000100 2
10 0000110000 2 match 0
21 0111001101 6
32 0000000000 a
43 1000010100 3
54 0000000011 2
65 0100111000 4
76 1001000000 2 match 1

Matching output
0 15 10
1 46 26 76
2 37
3 absent
4 absent
5 absent
6 absent
7 absent

Left
15 26 37 40x
10 21x
Best: AND-NOT15 26 37: 3

Right
none
Best: none

OR-NOT
01 1111001111 8
12 1000110010 4
23 1111111111 a
34 0111101011 7
45 1111111100 8
56 1011000111 6
67 0110111111 8 match 5
70 1101111011 8

02 1010000110 4 match 7
13 1000110111 6
24 1111111111 a
35 0111111010 7
46 1111010100 6 match 3
57 1010100111 6
60 0111111111 9
71 1111011111 9

03 1010010111 6
14 1000111011 6
25 1111111111 a
36 1111101010 7
47 1111110101 8
50 1111111111 a
61 0111111111 9
72 1101011010 6 match 6

04 1010101111 7
15 1101111010 7
26 1111111111 a
37 0111101111 8
40 1111111101 9
51 1111001111 8
62 0110111111 8 match 5
73 1101011111 8

05 1111111110 9
16 1001110010 5
27 1111111111 a
30 0111111011 8
41 1111011101 8
52 1010000111 5 match 4
63 1110111111 9
74 1101111011 8

06 1011000110 5
17 1010110111 7
20 1111111111 a
31 0111101111 8
42 1111010100 6 match 3
53 1010010111 6
64 0110111111 8 match 5
75 1101111010 7

07 1010100111 6
10 1101111011 8
21 1111111111 a
32 0111101010 6
43 1111010101 7
54 1010101111 7
65 0111111111 9
76 1101011010 6 match 6

Matching output
0 absent
1 absent
2 absent
3 46 42
4 52
5 67 62 64
6 72 76
7 02

Left
none
Best: none

Right
02 71x
Best: OR-NOT02: 1

XOR-NOT
01 1101001011 6
12 1000110010 4
23 0111101010 6
34 0111000001 4
45 1010101100 5
56 0011000111 5
67 0100011010 4
70 1000100011 4

02 1010000110 4 match 7
13 0000100111 4
24 1111010100 6 match 3
35 0010010010 3
46 0110010100 4
57 1000100010 3
60 0011000110 4
71 1010010111 6

03 0010010011 4
14 1000011001 4
25 1010000111 5 match 4
36 1110101010 6
47 1101110001 6
50 1111111110 9
61 0001110010 4
72 1101011010 6 match 6

04 1010101101 6
15 1101001010 5
26 0110111111 8 match 5
37 0101001111 6
40 1010101101 6
51 1101001010 5
62 0110111111 8 match 5
73 0101001111 6

05 1111111110 9
16 0001110010 4
27 1101011010 6 match 6
30 0010010011 4
41 1000011001 4
52 1010000111 5 match 4
63 1110101010 6
74 1101110001 6

06 0011000110 4
17 1010010111 6
20 1010000110 4 match 7
31 0000100111 4
42 1111010100 6 match 3
53 0010010010 3
64 0110010100 4
75 1000100010 3

07 1000100011 4
10 1101001011 6
21 1000110010 4
32 0111101010 6
43 0111000001 4
54 1010101100 5
65 0011000111 5
76 0100011010 4

Matching output
0 absent
1 absent
2 absent
3 24 42
4 25 52
5 26 62
6 72 27
7 02 20

Left
none
Best: none

Right
02 71x
20 17x
Best: XOR-NOT02: 1

Selecting

Lefts
Identity none
NOT none
Constant none
AND none
OR none
XOR none
AND-NOT AND-NOT15 26 37: 3
OR-NOT none
XOR-NOT none

Rights
Identity I0 7 6 5 4: 5
NOT none
Constant none
AND AND02: 1
OR none
XOR none
AND-NOT none
OR-NOT OR-NOT02: 1
XOR-NOT XOR-NOT02: 1

Left longest: 3
Right longest: 5

Right winner: Identity yes, NOT no, Constant no, AND no, OR no, XOR no, AND-NOT no, OR-NOT no, XOR-NOT no
Left winner: Identity no, NOT no, Constant no, AND no, OR no, XOR no, AND-NOT yes, OR-NOT no, XOR-NOT no

Best right: I0 7 6 5 4: 5
Best left: AND-NOT15 26 37: 3

Truncated right: I0 7 6 5 4: 5
Truncated left: AND-NOT15 26 37: 3

Tentative from right
7 I0
6 I7
5 I6
4 I5
3 I4
2 pending
1 pending
0 pending

Tentative
0 AND-NOT15
1 AND-NOT26
2 AND-NOT37
3 I4
4 I5
5 I6
6 I7
7 I0

Preferred from right
7 I0
6 I7
5 I6
4 I5
3 I4
2 AND-NOT37
1 AND-NOT26
0 AND-NOT15

Preferred from left
0 AND-NOT15
1 AND-NOT26
2 AND-NOT37
3 I4
4 I5
5 I6
6 I7
7 I0

Preferred
0 AND-NOT15
1 AND-NOT26
2 AND-NOT37
3 I4
4 I5
5 I6
6 I7
7 I0

Matching
0 AND-NOT15
1 AND-NOT26
2 AND-NOT37
3 I4
4 I5
5 I6
6 I7
7 I0

Perfect match
Identity no
NOT no
Constant no
AND no
OR no
XOR no
AND-NOT no
OR-NOT no
XOR-NOT no

Matched
0 AND-NOT15
1 AND-NOT26
2 AND-NOT37
3 I4
4 I5
5 I6
6 I7
7 I0

Selected
0 AND-NOT15
1 AND-NOT26
2 AND-NOT37
3 I4
4 I5
5 I6
6 I7
7 I0

Applying to 11110010
Input
0 1
1 1
2 1
3 1
4 0
5 0
6 1
7 0
Output
0 AND-NOT15 = AND(1,NOT(0)) = 1
1 AND-NOT26 = AND(1,NOT(1)) = 0
2 AND-NOT37 = AND(1,NOT(0)) = 1
3 I4 = 0
4 I5 = 0
5 I6 = 1
6 I7 = 0
7 I0 = 1

I will now return the answer in \boxed{}
The answer in \boxed{–} is \boxed{10100101}