We need to deduce the transformation by matching the example outputs.
I will put my final answer inside \boxed{}.

Output 0: 00100101
0 0
1 0
2 1
3 0
4 0
5 1
6 0
7 1

Output 1: 00000101
0 0
1 0
2 0
3 0
4 0
5 1
6 0
7 1

Output 2: 01001000
0 0
1 1
2 0
3 0
4 1
5 0
6 0
7 0

Output 3: 01000010
0 0
1 1
2 0
3 0
4 0
5 0
6 1
7 0

Output 4: 00000111
0 0
1 0
2 0
3 0
4 0
5 1
6 1
7 1

Output 5: 01000001
0 0
1 1
2 0
3 0
4 0
5 0
6 0
7 1

Output 6: 10011110
0 1
1 0
2 0
3 1
4 1
5 1
6 1
7 0

Output 7: 01001011
0 0
1 1
2 0
3 0
4 1
5 0
6 1
7 1

Output 8: 00100111
0 0
1 0
2 1
3 0
4 0
5 1
6 1
7 1

Output 9: 01001100
0 0
1 1
2 0
3 0
4 1
5 1
6 0
7 0

Output bit columns (with bitsum as hash)
0 0000001000 1
1 0011010101 5
2 1000000010 2
3 0000001000 1
4 0010001101 4
5 1100101011 6
6 0001101110 5
7 1100110110 6

Input 0: 00101001
0 0
1 0
2 1
3 0
4 1
5 0
6 0
7 1

Input 1: 00101111
0 0
1 0
2 1
3 0
4 1
5 1
6 1
7 1

Input 2: 01000010
0 0
1 1
2 0
3 0
4 0
5 0
6 1
7 0

Input 3: 10010011
0 1
1 0
2 0
3 1
4 0
5 0
6 1
7 1

Input 4: 00111000
0 0
1 0
2 1
3 1
4 1
5 0
6 0
7 0

Input 5: 00001011
0 0
1 0
2 0
3 0
4 1
5 0
6 1
7 1

Input 6: 11110110
0 1
1 1
2 1
3 1
4 0
5 1
6 1
7 0

Input 7: 01011011
0 0
1 1
2 0
3 1
4 1
5 0
6 1
7 1

Input 8: 10111001
0 1
1 0
2 1
3 1
4 1
5 0
6 0
7 1

Input 9: 01100011
0 0
1 1
2 1
3 0
4 0
5 0
6 1
7 1

When matching output
x: not in operator
y: wrong position

Identity
0 0001001010 3
1 0010001101 4 match 4
2 1100101011 6 match 5
3 0001101110 5 match 6
4 1100110110 6 match 7
5 0100001000 2
6 0111011101 7
7 1101010111 7

Matching output
0 absent
1 absent
2 absent
3 absent
4 1
5 2
6 3
7 4

Left
none
Best: none

Right
4 3 2 1 0x
Best: I4 3 2 1: 4

NOT
0 1110110101 7
1 1101110010 6
2 0011010100 4
3 1110010001 5
4 0011001001 4
5 1011110111 8
6 1000100010 3
7 0010101000 3

Matching output
0 absent
1 absent
2 absent
3 absent
4 absent
5 absent
6 absent
7 absent

Left
none
Best: none

Right
none
Best: none

Constant
0 0000000000 a
1 1111111111 a

Matching output
0 absent
1 absent
2 absent
3 absent
4 absent
5 absent
6 absent
7 absent

Left
none
Best: none

Right
none
Best: none

AND
01 10 0000001000 1 match 0 3
12 21 0000001001 2
23 32 0000101010 3
34 43 0000100110 3
45 54 0100000000 1
56 65 0100001000 2
67 76 0101010101 5
70 07 0001000010 2

02 20 0000001010 2
13 31 0000001100 2
24 42 1100100010 4
35 53 0000001000 1 match 0 3
46 64 0100010100 3
57 75 0100000000 1
60 06 0001001000 2
71 17 0000000101 2

03 30 0001001010 3
14 41 0000000100 1
25 52 0100001000 2
36 63 0001001100 3
47 74 1100010110 5
50 05 0000001000 1 match 0 3
61 16 0010001101 4 match 4
72 27 1100000011 4

04 40 0000000010 1
15 51 0000001000 1 match 0 3
26 62 0100001001 3
37 73 0001000110 3

Matching output
0 01 10 35 53 50 05 15 51
1 absent
2 absent
3 01 10 35 53 50 05 15 51
4 61 16
5 absent
6 absent
7 absent

Left
01 12x
10 21x
35 46x
53 64x
50 61y
05 16y
15 26x
51 62x
Best: AND01: 1

Right
none
Best: none

OR
01 10 0011001111 6
12 21 1110101111 8
23 32 1101101111 8
34 43 1101111110 8
45 54 1100111110 7
56 65 0111011101 7
67 76 1111011111 9
70 07 1101011111 8

02 20 1101101011 7
13 31 0011101111 7
24 42 1100111111 8
35 53 0101101110 6
46 64 1111111111 a
57 75 1101011111 8
60 06 0111011111 8
71 17 1111011111 9

03 30 0001101110 5 match 6
14 41 1110111111 9
25 52 1100101011 6 match 5
36 63 0111111111 9
47 74 1101110111 8
50 05 0101001010 4
61 16 0111011101 7
72 27 1101111111 9

04 40 1101111110 8
15 51 0110001101 5
26 62 1111111111 a
37 73 1101111111 9

Matching output
0 absent
1 absent
2 absent
3 absent
4 absent
5 25 52
6 03 30
7 absent

Left
none
Best: none

Right
none
Best: none

XOR
01 10 0011000111 5
12 21 1110100110 6
23 32 1101000101 5
34 43 1101011000 5
45 54 1000111110 6
56 65 0011010101 5 match 1
67 76 1010001010 4
70 07 1100011101 6

02 20 1101100001 5
13 31 0011100011 5
24 42 0000011101 4
35 53 0101100110 5
46 64 1011101011 7
57 75 1001011111 7
60 06 0110010111 6
71 17 1111011010 7

03 30 0000100100 2
14 41 1110111011 8
25 52 1000100011 4
36 63 0110110011 6
47 74 0001100001 3
50 05 0101000010 3
61 16 0101010000 3
72 27 0001111100 5

04 40 1101111100 7
15 51 0110000101 4
26 62 1011110110 7
37 73 1100111001 6

Matching output
0 absent
1 56 65
2 absent
3 absent
4 absent
5 absent
6 absent
7 absent

Left
none
Best: none

Right
none
Best: none

AND-NOT
01 0001000010 2
12 0010000100 2
23 1100000001 3
34 0001001000 2
45 1000110110 5
56 0000000000 a
67 0010001000 2
70 1100010101 5

02 0001000000 1
13 0010000001 2
24 0000001001 2
35 0001100110 4
46 1000100010 3
57 0000001000 1 match 0 3
60 0110010101 5
71 1101010010 5

03 0000000000 a
14 0010001001 3
25 1000100011 4
36 0000100010 2
47 0000100000 1
50 0100000000 1
61 0101010000 3
72 0001010100 3

04 0001001000 2
15 0010000101 3
26 1000100010 3
37 0000101000 2
40 1100110100 5
51 0100000000 1
62 0011010100 4
73 1100010001 4

05 0001000010 2
16 0000000000 a
27 0000101000 2
30 0000100100 2
41 1100110010 5
52 0000000000 a
63 0110010001 4
74 0001000001 2

06 0000000010 1
17 0010001000 2
20 1100100001 4
31 0001100010 3
42 0000010100 2
53 0100000000 1
64 0011001001 4
75 1001010111 6

07 0000001000 1 match 0 3
10 0010000101 3
21 1100100010 4
32 0001000100 2
43 1100010000 3
54 0000001000 1 match 0 3
65 0011010101 5 match 1
76 1000000010 2 match 2

Matching output
0 57 07 54
1 65
2 76
3 57 07 54
4 absent
5 absent
6 absent
7 absent

Left
57 60x
07 10x
54 65 76 07 10x
Best: AND-NOT54 65 76 07: 4

Right
none
Best: none

OR-NOT
01 1101111010 7
12 0011011101 6
23 1110111011 8
34 0011101111 7
45 1111110111 9
56 1100101010 5
67 0111111101 8
70 1111110111 9

02 0011011110 6
13 1110011101 7
24 1111101011 8
35 1011111111 9
46 1100110110 6 match 7
57 0110101000 4
60 1111111101 9
71 1101110111 8

03 1111011011 8
14 0011001101 5
25 1111111111 a
36 1001101110 6
47 1110111110 8
50 1110111101 8
61 1111111111 a
72 1111010111 8

04 0011001011 5
15 1011111111 9
26 1100101011 6 match 5
37 0011101110 6
40 1110110111 8
51 1101111010 7
62 0111011101 7
73 1111010111 8

05 1011111111 9
16 1010101111 7
27 1110101011 7
30 1111111111 a
41 1101110110 7
52 0111011100 6
63 1111011101 8
74 1111011111 9

06 1001101010 5
17 0010101101 5
20 1110111111 9
31 1101111110 8
42 1111110110 8
53 1110011001 6
64 0111011101 7
75 1111110111 9

07 0011101010 5
10 1110111101 8
21 1101111011 8
32 0011111110 7
43 1110110111 8
54 0111001001 5
65 1111111111 a
76 1101110111 8

Matching output
0 absent
1 absent
2 absent
3 absent
4 absent
5 26
6 absent
7 46

Left
none
Best: none

Right
46 35x
Best: OR-NOT46: 1

XOR-NOT
01 1100111000 5
12 0001011001 4
23 0010111010 5
34 0010100111 5
45 0111000001 4
56 1100101010 5
67 0101110101 6
70 0011100010 4

02 0010011110 5
13 1100011100 5
24 1111100010 6
35 1010011001 5
46 0100010100 3
57 0110100000 3
60 1001101000 4
71 0000100101 3

03 1111011011 8
14 0001000100 2
25 0111011100 6
36 1001001100 4
47 1110011110 7
50 1010111101 7
61 1010101111 7
72 1110000011 5

04 0010000011 3
15 1001111010 6
26 0100001001 3
37 0011000110 4
40 0010000011 3
51 1001111010 6
62 0100001001 3
73 0011000110 4

05 1010111101 7
16 1010101111 7
27 1110000011 5
30 1111011011 8
41 0001000100 2
52 0111011100 6
63 1001001100 4
74 1110011110 7

06 1001101000 4
17 0000100101 3
20 0010011110 5
31 1100011100 5
42 1111100010 6
53 1010011001 5
64 0100010100 3
75 0110100000 3

07 0011100010 4
10 1100111000 5
21 0001011001 4
32 0010111010 5
43 0010100111 5
54 0111000001 4
65 1100101010 5
76 0101110101 6

Matching output
0 absent
1 absent
2 absent
3 absent
4 absent
5 absent
6 absent
7 absent

Left
none
Best: none

Right
none
Best: none

Selecting

Lefts
Identity none
NOT none
Constant none
AND AND01: 1
OR none
XOR none
AND-NOT AND-NOT54 65 76 07: 4
OR-NOT none
XOR-NOT none

Rights
Identity I4 3 2 1: 4
NOT none
Constant none
AND none
OR none
XOR none
AND-NOT none
OR-NOT OR-NOT46: 1
XOR-NOT none

Left longest: 4
Right longest: 4

Left winner: Identity no, NOT no, Constant no, AND no, OR no, XOR no, AND-NOT yes, OR-NOT no, XOR-NOT no
Right winner: Identity yes, NOT no, Constant no, AND no, OR no, XOR no, AND-NOT no, OR-NOT no, XOR-NOT no

Best left: AND-NOT54 65 76 07: 4
Best right: I4 3 2 1: 4

Truncated left: AND-NOT54 65 76 07: 4
Truncated right: I4 3 2 1: 4

Tentative from right
7 I4
6 I3
5 I2
4 I1
3 pending
2 pending
1 pending
0 pending

Tentative
0 AND-NOT54
1 AND-NOT65
2 AND-NOT76
3 AND-NOT07
4 I1
5 I2
6 I3
7 I4

Preferred from left
0 AND-NOT54
1 AND-NOT65
2 AND-NOT76
3 AND-NOT07
4 I1
5 I2
6 I3
7 I4

Preferred from right
7 I4
6 I3
5 I2
4 I1
3 AND-NOT07
2 AND-NOT76
1 AND-NOT65
0 AND-NOT54

Preferred
0 AND-NOT54
1 AND-NOT65
2 AND-NOT76
3 AND-NOT07
4 I1
5 I2
6 I3
7 I4

Matching
0 AND-NOT54
1 AND-NOT65
2 AND-NOT76
3 AND-NOT07
4 I1
5 I2
6 I3
7 I4

Perfect match
Identity no
NOT no
Constant no
AND no
OR no
XOR no
AND-NOT no
OR-NOT no
XOR-NOT no

Matched
0 AND-NOT54
1 AND-NOT65
2 AND-NOT76
3 AND-NOT07
4 I1
5 I2
6 I3
7 I4

Selected
0 AND-NOT54
1 AND-NOT65
2 AND-NOT76
3 AND-NOT07
4 I1
5 I2
6 I3
7 I4

Applying to 00110011
Input
0 0
1 0
2 1
3 1
4 0
5 0
6 1
7 1
Output
0 AND-NOT54 = AND(0,NOT(0)) = 0
1 AND-NOT65 = AND(1,NOT(0)) = 1
2 AND-NOT76 = AND(1,NOT(1)) = 0
3 AND-NOT07 = AND(0,NOT(1)) = 0
4 I1 = 0
5 I2 = 1
6 I3 = 1
7 I4 = 0

I will now return the answer in \boxed{}
The answer in \boxed{–} is \boxed{01000110}