We need to deduce the transformation by matching the example outputs.
I will put my final answer inside \boxed{}.

Output 0: 11001010
0 1
1 1
2 0
3 0
4 1
5 0
6 1
7 0

Output 1: 11000001
0 1
1 1
2 0
3 0
4 0
5 0
6 0
7 1

Output 2: 01000011
0 0
1 1
2 0
3 0
4 0
5 0
6 1
7 1

Output 3: 11110101
0 1
1 1
2 1
3 1
4 0
5 1
6 0
7 1

Output 4: 10110100
0 1
1 0
2 1
3 1
4 0
5 1
6 0
7 0

Output 5: 01101111
0 0
1 1
2 1
3 0
4 1
5 1
6 1
7 1

Output 6: 11001000
0 1
1 1
2 0
3 0
4 1
5 0
6 0
7 0

Output 7: 11110101
0 1
1 1
2 1
3 1
4 0
5 1
6 0
7 1

Output bit columns (with bitsum as hash)
0 11011011 6
1 11110111 7
2 00011101 4
3 00011001 3
4 10000110 3
5 00011101 4
6 10100100 3
7 01110101 5

Input 0: 10110010
0 1
1 0
2 1
3 1
4 0
5 0
6 1
7 0

Input 1: 01110000
0 0
1 1
2 1
3 1
4 0
5 0
6 0
7 0

Input 2: 11010000
0 1
1 1
2 0
3 1
4 0
5 0
6 0
7 0

Input 3: 01011101
0 0
1 1
2 0
3 1
4 1
5 1
6 0
7 1

Input 4: 00101101
0 0
1 0
2 1
3 0
4 1
5 1
6 0
7 1

Input 5: 11011011
0 1
1 1
2 0
3 1
4 1
5 0
6 1
7 1

Input 6: 00110010
0 0
1 0
2 1
3 1
4 0
5 0
6 1
7 0

Input 7: 01010101
0 0
1 1
2 0
3 1
4 0
5 1
6 0
7 1

When matching output
x: not in operator
y: wrong position

Identity
0 10100100 3 match 6
1 01110101 5 match 7
2 11001010 4
3 11110111 7 match 1
4 00011100 3
5 00011001 3 match 3
6 10000110 3 match 4
7 00011101 4 match 2 5

Matching output
0 absent
1 3
2 7
3 5
4 6
5 7
6 0
7 1

Left
none
Best: none

Right
1 0 7 6 5 4x
Best: I1 0 7 6 5: 5

NOT
0 01011011 5
1 10001010 3
2 00110101 4
3 00001000 1
4 11100011 5
5 11100110 5
6 01111001 5
7 11100010 4

Matching output
0 absent
1 absent
2 absent
3 absent
4 absent
5 absent
6 absent
7 absent

Left
none
Best: none

Right
none
Best: none

Constant
0 00000000 a
1 11111111 a

Matching output
0 absent
1 absent
2 absent
3 absent
4 absent
5 absent
6 absent
7 absent

Left
none
Best: none

Right
none
Best: none

AND
01 10 00100100 2
12 21 01000000 1
23 32 11000010 3
34 43 00010100 2
45 54 00011000 2
56 65 00000000 a
67 76 00000100 1
70 07 00000100 1

02 20 10000000 1
13 31 01110101 5 match 7
24 42 00001000 1
35 53 00010001 2
46 64 00000100 1
57 75 00011001 3 match 3
60 06 10000100 2
71 17 00010101 3

03 30 10100100 3 match 6
14 41 00010100 2
25 52 00001000 1
36 63 10000110 3 match 4
47 74 00011100 3
50 05 00000000 a
61 16 00000100 1
72 27 00001000 1

04 40 00000100 1
15 51 00010001 2
26 62 10000010 2
37 73 00010101 3

Matching output
0 absent
1 absent
2 absent
3 57 75
4 36 63
5 absent
6 03 30
7 13 31

Left
none
Best: none

Right
13 02x
31 20x
Best: AND13: 1

OR
01 10 11110101 6
12 21 11111111 a
23 32 11111111 a
34 43 11111111 a
45 54 00011101 4 match 2 5
56 65 10011111 6
67 76 10011111 6
70 07 10111101 6

02 20 11101110 6
13 31 11110111 7 match 1
24 42 11011110 6
35 53 11111111 a
46 64 10011110 5
57 75 00011101 4 match 2 5
60 06 10100110 4
71 17 01111101 6

03 30 11110111 7 match 1
14 41 01111101 6
25 52 11011011 6 match 0
36 63 11110111 7 match 1
47 74 00011101 4 match 2 5
50 05 10111101 6
61 16 11110111 7 match 1
72 27 11011111 7

04 40 10111100 5
15 51 01111101 6
26 62 11001110 5
37 73 11111111 a

Matching output
0 25 52
1 13 31 03 30 36 63 61 16
2 45 54 57 75 47 74
3 absent
4 absent
5 45 54 57 75 47 74
6 absent
7 absent

Left
25 36 47 50x
52 63 74 05x
Best: OR25 36 47: 3

Right
none
Best: none

XOR
01 10 11010001 4
12 21 10111111 7
23 32 00111101 5
34 43 11101011 6
45 54 00000101 2
56 65 10011111 6
67 76 10011011 5
70 07 10111001 5

02 20 01101110 5
13 31 10000010 2
24 42 11010110 5
35 53 11101110 6
46 64 10011010 4
57 75 00000100 1
60 06 00100010 2
71 17 01101000 3

03 30 01010011 4
14 41 01101001 4
25 52 11010011 5
36 63 01110001 4
47 74 00000001 1
50 05 10111101 6
61 16 11110011 6
72 27 11010111 6

04 40 10111000 4
15 51 01101100 4
26 62 01001100 3
37 73 11101010 5

Matching output
0 absent
1 absent
2 absent
3 absent
4 absent
5 absent
6 absent
7 absent

Left
none
Best: none

Right
none
Best: none

AND-NOT
01 10000000 1
12 00110101 4
23 00001000 1
34 11100011 5
45 00000100 1
56 00011001 3 match 3
67 10000010 2
70 00011001 3 match 3

02 00100100 2
13 00000000 a
24 11000010 3
35 11100110 5
46 00011000 2
57 00000000 a
60 00000010 1
71 00001000 1

03 00000000 a
14 01100001 3
25 11000010 3
36 01110001 4
47 00000000 a
50 00011001 3 match 3
61 10000010 2
72 00010101 3

04 10100000 2
15 01100100 3
26 01001000 2
37 11100010 4
40 00011000 2
51 00001000 1
62 00000100 1
73 00001000 1

05 10100100 3 match 6
16 01110001 4
27 11000010 3
30 01010011 4
41 00001000 1
52 00010001 2
63 00000000 a
74 00000001 1

06 00100000 1
17 01100000 2
20 01001010 3
31 10000010 2
42 00010100 2
53 00001000 1
64 10000010 2
75 00000100 1

07 10100000 2
10 01010001 3
21 10001010 3
32 00110101 4
43 00001000 1
54 00000001 1
65 10000110 3 match 4
76 00011001 3 match 3

Matching output
0 absent
1 absent
2 absent
3 56 70 50 76
4 65
5 absent
6 05
7 absent

Left
none
Best: none

Right
none
Best: none

OR-NOT
01 10101110 5
12 01110101 5 match 7
23 11001010 4
34 11110111 7 match 1
45 11111110 7
56 01111001 5
67 11100110 5
70 01011111 6

02 10110101 5
13 01111101 6
24 11101011 6
35 11110111 7 match 1
46 01111101 6
57 11111011 7
60 11011111 7
71 10011111 6

03 10101100 4
14 11110111 7 match 1
25 11101110 6
36 11111111 a
47 11111110 7
50 01011011 5
61 10001110 4
72 00111101 5

04 11100111 6
15 11110111 7 match 1
26 11111011 7
37 11110111 7 match 1
40 01011111 6
51 10011011 5
62 10110111 6
73 00011101 4 match 2 5

05 11100110 5
16 01111101 6
27 11101010 5
30 11111111 a
41 10011110 5
52 00111101 5
63 10001110 4
74 11111111 a

06 11111101 7
17 11110111 7 match 1
20 11011011 6 match 0
31 11111111 a
42 00111101 5
53 00011001 3 match 3
64 11100111 6
75 11111111 a

07 11100110 5
10 01111111 7
21 11001010 4
32 11110111 7 match 1
43 00011100 3
54 11111011 7
65 11100110 5
76 01111101 6

Matching output
0 20
1 34 35 14 15 37 17 32
2 73
3 53
4 absent
5 73
6 absent
7 12

Left
20 31x
Best: OR-NOT20: 1

Right
12 01x
Best: OR-NOT12: 1

XOR-NOT
01 00101110 4
12 01000000 1
23 11000010 3
34 00010100 2
45 11111010 6
56 01100000 2
67 01100100 3
70 01000110 3

02 10010001 3
13 01111101 6
24 00101001 3
35 00010001 2
46 01100101 4
57 11111011 7
60 11011101 6
71 10010111 5

03 10101100 4
14 10010110 4
25 00101100 3
36 10001110 4
47 11111110 7
50 01000010 2
61 00001100 2
72 00101000 2

04 01000111 4
15 10010011 4
26 10110011 5
37 00010101 3
40 01000111 4
51 10010011 4
62 10110011 5
73 00010101 3

05 01000010 2
16 00001100 2
27 00101000 2
30 10101100 4
41 10010110 4
52 00101100 3
63 10001110 4
74 11111110 7

06 11011101 6
17 10010111 5
20 10010001 3
31 01111101 6
42 00101001 3
53 00010001 2
64 01100101 4
75 11111011 7

07 01000110 3
10 00101110 4
21 01000000 1
32 11000010 3
43 00010100 2
54 11111010 6
65 01100000 2
76 01100100 3

Matching output
0 absent
1 absent
2 absent
3 absent
4 absent
5 absent
6 absent
7 absent

Left
none
Best: none

Right
none
Best: none

Selecting

Lefts
Identity none
NOT none
Constant none
AND none
OR OR25 36 47: 3
XOR none
AND-NOT none
OR-NOT OR-NOT20: 1
XOR-NOT none

Rights
Identity I1 0 7 6 5: 5
NOT none
Constant none
AND AND13: 1
OR none
XOR none
AND-NOT none
OR-NOT OR-NOT12: 1
XOR-NOT none

Left longest: 3
Right longest: 5

Right winner: Identity yes, NOT no, Constant no, AND no, OR no, XOR no, AND-NOT no, OR-NOT no, XOR-NOT no
Left winner: Identity no, NOT no, Constant no, AND no, OR yes, XOR no, AND-NOT no, OR-NOT no, XOR-NOT no

Best right: I1 0 7 6 5: 5
Best left: OR25 36 47: 3

Truncated right: I1 0 7 6 5: 5
Truncated left: OR25 36 47: 3

Tentative from right
7 I1
6 I0
5 I7
4 I6
3 I5
2 pending
1 pending
0 pending

Tentative
0 OR25
1 OR36
2 OR47
3 I5
4 I6
5 I7
6 I0
7 I1

Preferred from right
7 I1
6 I0
5 I7
4 I6
3 I5
2 OR47
1 OR36
0 OR25

Preferred from left
0 OR25
1 OR36
2 OR47
3 I5
4 I6
5 I7
6 I0
7 I1

Preferred
0 OR25
1 OR36
2 OR47
3 I5
4 I6
5 I7
6 I0
7 I1

Matching
0 OR25
1 OR36
2 OR47
3 I5
4 I6
5 I7
6 I0
7 I1

Perfect match
Identity no
NOT no
Constant no
AND no
OR no
XOR no
AND-NOT no
OR-NOT no
XOR-NOT no

Matched
0 OR25
1 OR36
2 OR47
3 I5
4 I6
5 I7
6 I0
7 I1

Selected
0 OR25
1 OR36
2 OR47
3 I5
4 I6
5 I7
6 I0
7 I1

Applying to 01111110
Input
0 0
1 1
2 1
3 1
4 1
5 1
6 1
7 0
Output
0 OR25 = OR(1,1) = 1
1 OR36 = OR(1,1) = 1
2 OR47 = OR(1,0) = 1
3 I5 = 1
4 I6 = 1
5 I7 = 0
6 I0 = 0
7 I1 = 1

I will now return the answer in \boxed{}
The answer in \boxed{–} is \boxed{11111001}