We need to deduce the transformation by matching the example outputs.
I will put my final answer inside \boxed{}.

Output 0: 10111111
0 1
1 0
2 1
3 1
4 1
5 1
6 1
7 1

Output 1: 10100011
0 1
1 0
2 1
3 0
4 0
5 0
6 1
7 1

Output 2: 00111111
0 0
1 0
2 1
3 1
4 1
5 1
6 1
7 1

Output 3: 11001101
0 1
1 1
2 0
3 0
4 1
5 1
6 0
7 1

Output 4: 11110011
0 1
1 1
2 1
3 1
4 0
5 0
6 1
7 1

Output 5: 11011111
0 1
1 1
2 0
3 1
4 1
5 1
6 1
7 1

Output 6: 11101101
0 1
1 1
2 1
3 0
4 1
5 1
6 0
7 1

Output 7: 00101110
0 0
1 0
2 1
3 0
4 1
5 1
6 1
7 0

Output bit columns (with bitsum as hash)
0 11011110 6
1 00011110 4
2 11101011 6
3 10101100 4
4 10110111 6
5 10110111 6
6 11101101 6
7 11111110 7

Input 0: 11010111
0 1
1 1
2 0
3 1
4 0
5 1
6 1
7 1

Input 1: 00110100
0 0
1 0
2 1
3 1
4 0
5 1
6 0
7 0

Input 2: 11100110
0 1
1 1
2 1
3 0
4 0
5 1
6 1
7 0

Input 3: 10011000
0 1
1 0
2 0
3 1
4 1
5 0
6 0
7 0

Input 4: 00111110
0 0
1 0
2 1
3 1
4 1
5 1
6 1
7 0

Input 5: 01011011
0 0
1 1
2 0
3 1
4 1
5 0
6 1
7 1

Input 6: 10011100
0 1
1 0
2 0
3 1
4 1
5 1
6 0
7 0

Input 7: 01000101
0 0
1 1
2 0
3 0
4 0
5 1
6 0
7 1

When matching output
x: not in operator
y: wrong position

Identity
0 10110010 4
1 10100101 4
2 01101000 3
3 11011110 6 match 0
4 00011110 4 match 1
5 11101011 6 match 2
6 10101100 4 match 3
7 10000101 3

Matching output
0 3
1 4
2 5
3 6
4 absent
5 absent
6 absent
7 absent

Left
3 4 5 6 7x
Best: I3 4 5 6: 4

Right
none
Best: none

NOT
0 01001101 4
1 01011010 4
2 10010111 5
3 00100001 2
4 11100001 4
5 00010100 2
6 01010011 4
7 01111010 5

Matching output
0 absent
1 absent
2 absent
3 absent
4 absent
5 absent
6 absent
7 absent

Left
none
Best: none

Right
none
Best: none

Constant
0 00000000 a
1 11111111 a

Matching output
0 absent
1 absent
2 absent
3 absent
4 absent
5 absent
6 absent
7 absent

Left
none
Best: none

Right
none
Best: none

AND
01 10 10100000 2
12 21 00100000 1
23 32 01001000 2
34 43 00011110 4 match 1
45 54 00001010 2
56 65 10101000 3
67 76 10000100 2
70 07 10000000 1

02 20 00100000 1
13 31 10000100 2
24 42 00001000 1
35 53 11001010 4
46 64 00001100 2
57 75 10000001 2
60 06 10100000 2
71 17 10000101 3

03 30 10010010 3
14 41 00000100 1
25 52 01101000 3
36 63 10001100 3
47 74 00000100 1
50 05 10100010 3
61 16 10100100 3
72 27 00000000 a

04 40 00010010 2
15 51 10100001 3
26 62 00101000 2
37 73 10000100 2

Matching output
0 absent
1 34 43
2 absent
3 absent
4 absent
5 absent
6 absent
7 absent

Left
none
Best: none

Right
none
Best: none

OR
01 10 10110111 6 match 4 5
12 21 11101101 6 match 6
23 32 11111110 7 match 7
34 43 11011110 6 match 0
45 54 11111111 a
56 65 11101111 7
67 76 10101101 5
70 07 10110111 6 match 4 5

02 20 11111010 6
13 31 11111111 a
24 42 01111110 6
35 53 11111111 a
46 64 10111110 6
57 75 11101111 7
60 06 10111110 6
71 17 10100101 4

03 30 11111110 7 match 7
14 41 10111111 7
25 52 11101011 6 match 2
36 63 11111110 7 match 7
47 74 10011111 6
50 05 11111011 7
61 16 10101101 5
72 27 11101101 6 match 6

04 40 10111110 6
15 51 11101111 7
26 62 11101100 5
37 73 11011111 7

Matching output
0 34 43
1 absent
2 25 52
3 absent
4 01 10 70 07
5 01 10 70 07
6 12 21 72 27
7 23 32 03 30 36 63

Left
34 45x
43 54x
Best: OR34: 1

Right
23 12 01 70 67x
32 21 10 07 76x
03 72 61x
30 27 16x
36 25y
63 52y
Best: OR23 12 01 70: 4

XOR
01 10 00010111 4
12 21 11001101 5
23 32 10110110 5
34 43 11000000 2
45 54 11110101 6
56 65 01000111 4
67 76 00101001 3
70 07 00110111 5

02 20 11011010 5
13 31 01111011 6
24 42 01110110 5
35 53 00110101 4
46 64 10110010 4
57 75 01101110 5
60 06 00011110 4 match 1
71 17 00100000 1

03 30 01101100 4
14 41 10111011 6
25 52 10000011 3
36 63 01110010 4
47 74 10011011 5
50 05 01011001 4
61 16 00001001 2
72 27 11101101 6 match 6

04 40 10101100 4 match 3
15 51 01001110 4
26 62 11000100 3
37 73 01011011 5

Matching output
0 absent
1 60 06
2 absent
3 04 40
4 absent
5 absent
6 72 27
7 absent

Left
none
Best: none

Right
none
Best: none

AND-NOT
01 00010010 2
12 10000101 3
23 00100000 1
34 11000000 2
45 00010100 2
56 01000011 3
67 00101000 2
70 00000101 2

02 10010010 3
13 00100001 2
24 01100000 2
35 00010100 2
46 00010010 2
57 01101010 4
60 00001100 2
71 00000000 a

03 00100000 1
14 10100001 3
25 00000000 a
36 01010010 3
47 00011010 3
50 01001001 3
61 00001000 1
72 10000101 3

04 10100000 2
15 00000100 1
26 01000000 1
37 01011010 4
40 00001100 2
51 01001010 3
62 10000100 2
73 00000001 1

05 00010000 1
16 00000001 1
27 01101000 3
30 01001100 3
41 00011010 3
52 10000011 3
63 00100000 1
74 10000001 2

06 00010010 2
17 00100000 1
20 01001000 2
31 01011010 4
42 00010110 3
53 00100001 2
64 10100000 2
75 00000100 1

07 00110010 3
10 00000101 2
21 01001000 2
32 10010110 4
43 00000000 a
54 11100001 4
65 00000100 1
76 00000001 1

Matching output
0 absent
1 absent
2 absent
3 absent
4 absent
5 absent
6 absent
7 absent

Left
none
Best: none

Right
none
Best: none

OR-NOT
01 11111010 6
12 10110111 6 match 4 5
23 01101001 4
34 11111111 a
45 00011110 4 match 1
56 11111011 7
67 11111110 7 match 7
70 11001101 5

02 10110111 6 match 4 5
13 10100101 4
24 11101001 5
35 11011110 6 match 0
46 01011111 6
57 11111011 7
60 11101101 6 match 6
71 11011111 7

03 10110011 5
14 11100101 5
25 01111100 5
36 11011111 7
47 01111110 6
50 11101111 7
61 11111110 7 match 7
72 10010111 5

04 11110011 6
15 10110101 5
26 01111011 6
37 11111110 7 match 7
40 01011111 6
51 11111011 7
62 10111111 7
73 10100101 4

05 10110110 5
16 11110111 7
27 01111010 5
30 11011111 7
41 01011110 5
52 11111111 a
63 10101101 5
74 11100101 5

06 11110011 6
17 11111111 a
20 01101101 5
31 11011110 6 match 0
42 10011111 6
53 11101011 6 match 2
64 11101101 6 match 6
75 10010101 4

07 11111010 6
10 11101101 6 match 6
21 01111010 5
32 11011111 7
43 00111111 6
54 11101011 6 match 2
65 10111100 5
76 11010111 6

Matching output
0 35 31
1 45
2 53 54
3 absent
4 12 02
5 12 02
6 60 64 10
7 67 61 37

Left
35 46x
31 42x
Best: OR-NOT35: 1

Right
67 56x
61 50x
37 26x
Best: OR-NOT67: 1

XOR-NOT
01 11101000 4
12 00110010 3
23 01001001 3
34 00111111 6
45 00001010 2
56 10111000 4
67 11010110 5
70 11001000 3

02 00100101 3
13 10000100 2
24 10001001 3
35 11001010 4
46 01001101 4
57 10010001 3
60 11100001 4
71 11011111 7

03 10010011 4
14 01000100 2
25 01111100 5
36 10001101 4
47 01100100 3
50 10100110 4
61 11110110 6
72 00010010 2

04 01010011 4
15 10110001 4
26 00111011 5
37 10100100 3
40 01010011 4
51 10110001 4
62 00111011 5
73 10100100 3

05 10100110 4
16 11110110 6
27 00010010 2
30 10010011 4
41 01000100 2
52 01111100 5
63 10001101 4
74 01100100 3

06 11100001 4
17 11011111 7
20 00100101 3
31 10000100 2
42 10001001 3
53 11001010 4
64 01001101 4
75 10010001 3

07 11001000 3
10 11101000 4
21 00110010 3
32 01001001 3
43 00111111 6
54 00001010 2
65 10111000 4
76 11010110 5

Matching output
0 absent
1 absent
2 absent
3 absent
4 absent
5 absent
6 absent
7 absent

Left
none
Best: none

Right
none
Best: none

Selecting

Lefts
Identity I3 4 5 6: 4
NOT none
Constant none
AND none
OR OR34: 1
XOR none
AND-NOT none
OR-NOT OR-NOT35: 1
XOR-NOT none

Rights
Identity none
NOT none
Constant none
AND none
OR OR23 12 01 70: 4
XOR none
AND-NOT none
OR-NOT OR-NOT67: 1
XOR-NOT none

Left longest: 4
Right longest: 4

Left winner: Identity yes, NOT no, Constant no, AND no, OR no, XOR no, AND-NOT no, OR-NOT no, XOR-NOT no
Right winner: Identity no, NOT no, Constant no, AND no, OR yes, XOR no, AND-NOT no, OR-NOT no, XOR-NOT no

Best left: I3 4 5 6: 4
Best right: OR23 12 01 70: 4

Truncated left: I3 4 5 6: 4
Truncated right: OR23 12 01 70: 4

Tentative from right
7 OR23
6 OR12
5 OR01
4 OR70
3 pending
2 pending
1 pending
0 pending

Tentative
0 I3
1 I4
2 I5
3 I6
4 OR70
5 OR01
6 OR12
7 OR23

Preferred from left
0 I3
1 I4
2 I5
3 I6
4 OR70
5 OR01
6 OR12
7 OR23

Preferred from right
7 OR23
6 OR12
5 OR01
4 OR70
3 I6
2 I5
1 I4
0 I3

Preferred
0 I3
1 I4
2 I5
3 I6
4 OR70
5 OR01
6 OR12
7 OR23

Matching
0 I3
1 I4
2 I5
3 I6
4 OR70
5 OR01
6 OR12
7 OR23

Perfect match
Identity no
NOT no
Constant no
AND no
OR no
XOR no
AND-NOT no
OR-NOT no
XOR-NOT no

Matched
0 I3
1 I4
2 I5
3 I6
4 OR70
5 OR01
6 OR12
7 OR23

Selected
0 I3
1 I4
2 I5
3 I6
4 OR70
5 OR01
6 OR12
7 OR23

Applying to 11000010
Input
0 1
1 1
2 0
3 0
4 0
5 0
6 1
7 0
Output
0 I3 = 0
1 I4 = 0
2 I5 = 0
3 I6 = 1
4 OR70 = OR(0,1) = 1
5 OR01 = OR(1,1) = 1
6 OR12 = OR(1,0) = 1
7 OR23 = OR(0,0) = 0

I will now return the answer in \boxed{}
The answer in \boxed{–} is \boxed{00011110}