We need to deduce the transformation by matching the example outputs.
I will put my final answer inside \boxed{}.

Output 0: 10010010
0 1
1 0
2 0
3 1
4 0
5 0
6 1
7 0

Output 1: 01100101
0 0
1 1
2 1
3 0
4 0
5 1
6 0
7 1

Output 2: 11010111
0 1
1 1
2 0
3 1
4 0
5 1
6 1
7 1

Output 3: 01010001
0 0
1 1
2 0
3 1
4 0
5 0
6 0
7 1

Output 4: 11001111
0 1
1 1
2 0
3 0
4 1
5 1
6 1
7 1

Output 5: 01000101
0 0
1 1
2 0
3 0
4 0
5 1
6 0
7 1

Output 6: 11101011
0 1
1 1
2 1
3 0
4 1
5 0
6 1
7 1

Output 7: 00000000
0 0
1 0
2 0
3 0
4 0
5 0
6 0
7 0

Output 8: 11011111
0 1
1 1
2 0
3 1
4 1
5 1
6 1
7 1

Output 9: 10010110
0 1
1 0
2 0
3 1
4 0
5 1
6 1
7 0

Output bit columns (with bitsum as hash)
0 1010101011 6
1 0111111010 7
2 0100001000 2
3 1011000011 5
4 0000101010 3
5 0110110011 6
6 1010101011 6
7 0111111010 7

Input 0: 10001011
0 1
1 0
2 0
3 0
4 1
5 0
6 1
7 1

Input 1: 11010101
0 1
1 1
2 0
3 1
4 0
5 1
6 0
7 1

Input 2: 00011101
0 0
1 0
2 0
3 1
4 1
5 1
6 0
7 1

Input 3: 00000101
0 0
1 0
2 0
3 0
4 0
5 1
6 0
7 1

Input 4: 01111101
0 0
1 1
2 1
3 1
4 1
5 1
6 0
7 1

Input 5: 10010110
0 1
1 0
2 0
3 1
4 0
5 1
6 1
7 0

Input 6: 00101110
0 0
1 0
2 1
3 0
4 1
5 1
6 1
7 0

Input 7: 00000000
0 0
1 0
2 0
3 0
4 0
5 0
6 0
7 0

Input 8: 10111111
0 1
1 0
2 1
3 1
4 1
5 1
6 1
7 1

Input 9: 01011000
0 0
1 1
2 0
3 1
4 1
5 0
6 0
7 0

When matching output
x: not in operator
y: wrong position

Identity
0 1100010010 4
1 0100100001 3
2 0000101010 3 match 4
3 0110110011 6 match 5
4 1010101011 6 match 0 6
5 0111111010 7 match 1 7
6 1000011010 4
7 1111100010 6

Matching output
0 4
1 5
2 absent
3 absent
4 2
5 3
6 4
7 5

Left
4 5 6x
Best: I4 5: 2

Right
5 4 3 2 1x
Best: I5 4 3 2: 4

NOT
0 0011101101 6
1 1011011110 7
2 1111010101 7
3 1001001100 4
4 0101010100 4
5 1000000101 3
6 0111100101 6
7 0000011101 4

Matching output
0 absent
1 absent
2 absent
3 absent
4 absent
5 absent
6 absent
7 absent

Left
none
Best: none

Right
none
Best: none

Constant
0 0000000000 a
1 1111111111 a

Matching output
0 absent
1 absent
2 absent
3 absent
4 absent
5 absent
6 absent
7 absent

Left
none
Best: none

Right
none
Best: none

AND
01 10 0100000000 1
12 21 0000100000 1
23 32 0000100010 2
34 43 0010100011 4
45 54 0010101010 4
56 65 0000011010 3
67 76 1000000010 2
70 07 1100000010 3

02 20 0000000010 1
13 31 0100100001 3
24 42 0000101010 3 match 4
35 53 0110110010 5
46 64 1000001010 3
57 75 0111100010 5
60 06 1000010010 3
71 17 0100100000 2

03 30 0100010010 3
14 41 0000100001 2
25 52 0000101010 3 match 4
36 63 0000010010 2
47 74 1010100010 4
50 05 0100010010 3
61 16 0000000000 a
72 27 0000100010 2

04 40 1000000010 2
15 51 0100100000 2
26 62 0000001010 2
37 73 0110100010 4

Matching output
0 absent
1 absent
2 absent
3 absent
4 24 42 25 52
5 absent
6 absent
7 absent

Left
none
Best: none

Right
none
Best: none

OR
01 10 1100110011 6
12 21 0100101011 5
23 32 0110111011 7
34 43 1110111011 8
45 54 1111111011 9
56 65 1111111010 8
67 76 1111111010 8
70 07 1111110010 7

02 20 1100111010 6
13 31 0110110011 6 match 5
24 42 1010101011 6 match 0 6
35 53 0111111011 8
46 64 1010111011 7
57 75 1111111010 8
60 06 1100011010 5
71 17 1111100011 7

03 30 1110110011 7
14 41 1110101011 7
25 52 0111111010 7 match 1 7
36 63 1110111011 8
47 74 1111101011 8
50 05 1111111010 8
61 16 1100111011 7
72 27 1111101010 7

04 40 1110111011 8
15 51 0111111011 8
26 62 1000111010 5
37 73 1111110011 8

Matching output
0 24 42
1 25 52
2 absent
3 absent
4 absent
5 13 31
6 24 42
7 25 52

Left
24 35x
42 53x
Best: OR24: 1

Right
25 14x
52 41x
Best: OR25: 1

XOR
01 10 1000110011 5
12 21 0100001011 4
23 32 0110011001 5
34 43 1100011000 4
45 54 1101010001 5
56 65 1111100000 5
67 76 0111111000 6
70 07 0011110000 4

02 20 1100111000 5
13 31 0010010010 3
24 42 1010000001 3
35 53 0001001001 3
46 64 0010110001 4
57 75 1000011000 3
60 06 0100001000 2 match 2
71 17 1011000011 5 match 3

03 30 1010100001 4
14 41 1110001010 5
25 52 0111010000 4
36 63 1110101001 6
47 74 0101001001 4
50 05 1011101000 5
61 16 1100111011 7
72 27 1111001000 5

04 40 0110111001 6
15 51 0011011011 6
26 62 1000110000 3
37 73 1001010001 4

Matching output
0 absent
1 absent
2 60 06
3 71 17
4 absent
5 absent
6 absent
7 absent

Left
none
Best: none

Right
none
Best: none

AND-NOT
01 1000010010 3
12 0100000001 2
23 0000001000 1
34 0100010000 2
45 1000000001 2
56 0111100000 4
67 0000011000 2
70 0011100000 3

02 1100010000 3
13 0000000000 a
24 0000000000 a
35 0000000001 1
46 0010100001 3
57 0000011000 2
60 0000001000 1
71 1011000010 4

03 1000000000 1
14 0100000000 1
25 0000000000 a
36 0110100001 4
47 0000001001 2
50 0011101000 4
61 1000011010 4
72 1111000000 4

04 0100010000 2
15 0000000001 1
26 0000100000 1
37 0000010001 2
40 0010101001 4
51 0011011010 5
62 1000010000 2
73 1001000000 2

05 1000000000 1
16 0100100001 3
27 0000001000 1
30 0010100001 3
41 1010001010 4
52 0111010000 4
63 1000001000 2
74 0101000000 2

06 0100000000 1
17 0000000001 1
20 0000101000 2
31 0010010010 3
42 1010000001 3
53 0001001000 2
64 0000010000 1
75 1000000000 1

07 0000010000 1
10 0000100001 2
21 0000001010 2
32 0110010001 4
43 1000001000 2
54 0101010000 3
65 1000000000 1
76 0111100000 4

Matching output
0 absent
1 absent
2 absent
3 absent
4 absent
5 absent
6 absent
7 absent

Left
none
Best: none

Right
none
Best: none

OR-NOT
01 1111011110 8
12 1111110101 8
23 1001101110 6
34 0111110111 8
45 1010101111 7
56 0111111111 9
67 1000011111 6
70 1111101111 9

02 1111010111 8
13 1101101101 7
24 0101111110 7
35 1110110111 8
46 1111101111 9
57 0111111111 9
60 1011111111 9
71 1111111110 9

03 1101011110 7
14 0101110101 6
25 1000101111 6
36 0111110111 8
47 1010111111 8
50 0111111111 9
61 1011011110 7
72 1111110111 9

04 1101010110 6
15 1100100101 5
26 0111101111 8
37 0110111111 8
40 1011101111 8
51 1111111110 9
62 1111011111 9
73 1111101110 8

05 1100010111 6
16 0111100101 6
27 0000111111 6
30 0111111111 9
41 1011111111 9
52 1111111111 a
63 1001011110 6
74 1111110110 8

06 1111110111 9
17 0100111101 6
20 0011101111 7
31 1111111111 a
42 1111111111 a
53 1111111110 9
64 1101011110 7
75 1111100111 8

07 1100011111 7
10 0111101101 7
21 1011111110 8
32 1111110111 9
43 1011101111 8
54 0111111110 8
65 1000011111 6
76 1111100111 8

Matching output
0 absent
1 absent
2 absent
3 absent
4 absent
5 absent
6 absent
7 absent

Left
none
Best: none

Right
none
Best: none

XOR-NOT
01 0111001100 5
12 1011110100 6
23 1001100110 5
34 0011100111 6
45 0010101110 5
56 0000011111 5
67 1000000111 4
70 1100001111 6

02 0011000111 5
13 1101101101 7
24 0101111110 7
35 1110110110 7
46 1101001110 6
57 0111100111 7
60 1011110111 8
71 0100111100 5

03 0101011110 6
14 0001110101 5
25 1000101111 6
36 0001010110 4
47 1010110110 6
50 0100010111 5
61 0011000100 3
72 0000110111 5

04 1001000110 4
15 1100100100 4
26 0111001111 7
37 0110101110 6
40 1001000110 4
51 1100100100 4
62 0111001111 7
73 0110101110 6

05 0100010111 5
16 0011000100 3
27 0000110111 5
30 0101011110 6
41 0001110101 5
52 1000101111 6
63 0001010110 4
74 1010110110 6

06 1011110111 8
17 0100111100 5
20 0011000111 5
31 1101101101 7
42 0101111110 7
53 1110110110 7
64 1101001110 6
75 0111100111 7

07 1100001111 6
10 0111001100 5
21 1011110100 6
32 1001100110 5
43 0011100111 6
54 0010101110 5
65 0000011111 5
76 1000000111 4

Matching output
0 absent
1 absent
2 absent
3 absent
4 absent
5 absent
6 absent
7 absent

Left
none
Best: none

Right
none
Best: none

Selecting

Lefts
Identity I4 5: 2
NOT none
Constant none
AND none
OR OR24: 1
XOR none
AND-NOT none
OR-NOT none
XOR-NOT none

Rights
Identity I5 4 3 2: 4
NOT none
Constant none
AND none
OR OR25: 1
XOR none
AND-NOT none
OR-NOT none
XOR-NOT none

Left longest: 2
Right longest: 4

Right winner: Identity yes, NOT no, Constant no, AND no, OR no, XOR no, AND-NOT no, OR-NOT no, XOR-NOT no
Left winner: Identity yes, NOT no, Constant no, AND no, OR no, XOR no, AND-NOT no, OR-NOT no, XOR-NOT no

Best right: I5 4 3 2: 4
Best left: I4 5: 2

Truncated right: I5 4 3 2: 4
Truncated left: I4 5: 2

Tentative from right
7 I5
6 I4
5 I3
4 I2
3 pending
2 pending
1 pending
0 pending

Tentative
0 I4
1 I5
2 pending
3 pending
4 I2
5 I3
6 I4
7 I5

Preferred from right
7 I5
6 I4
5 I3
4 I2
3 ??1
2 ??0
1 I5
0 I4

Preferred from left
0 I4
1 I5
2 ?60
3 ?71
4 I2
5 I3
6 I4
7 I5

Preferred
0 I4
1 I5
2 ?60 ?06
3 ?71 ?17
4 I2
5 I3
6 I4
7 I5

Matching
0 I4
1 I5
2 ?60 ?06 - Identity absent, NOT absent, Constant absent, AND absent, OR absent, XOR60, AND-NOT absent, OR-NOT absent, XOR-NOT absent
3 ?71 ?17 - Identity absent, NOT absent, Constant absent, AND absent, OR absent, XOR71, AND-NOT absent, OR-NOT absent, XOR-NOT absent
4 I2
5 I3
6 I4
7 I5

Perfect match
Identity no
NOT no
Constant no
AND no
OR no
XOR yes
AND-NOT no
OR-NOT no
XOR-NOT no

Matched
0 I4
1 I5
2 XOR60
3 XOR71
4 I2
5 I3
6 I4
7 I5

Selected
0 I4
1 I5
2 XOR60
3 XOR71
4 I2
5 I3
6 I4
7 I5

Applying to 11100110
Input
0 1
1 1
2 1
3 0
4 0
5 1
6 1
7 0
Output
0 I4 = 0
1 I5 = 1
2 XOR60 = XOR(1,1) = 0
3 XOR71 = XOR(0,1) = 1
4 I2 = 1
5 I3 = 0
6 I4 = 0
7 I5 = 1

I will now return the answer in \boxed{}
The answer in \boxed{–} is \boxed{01011001}