We need to deduce the transformation by matching the example outputs.
I will put my final answer inside \boxed{}.

Output 0: 00000000
0 0
1 0
2 0
3 0
4 0
5 0
6 0
7 0

Output 1: 00000000
0 0
1 0
2 0
3 0
4 0
5 0
6 0
7 0

Output 2: 10101010
0 1
1 0
2 1
3 0
4 1
5 0
6 1
7 0

Output 3: 00000000
0 0
1 0
2 0
3 0
4 0
5 0
6 0
7 0

Output 4: 00100010
0 0
1 0
2 1
3 0
4 0
5 0
6 1
7 0

Output 5: 10011001
0 1
1 0
2 0
3 1
4 1
5 0
6 0
7 1

Output 6: 00000000
0 0
1 0
2 0
3 0
4 0
5 0
6 0
7 0

Output bit columns (with bitsum as hash)
0 0010010 2
1 0000000 a
2 0010100 2
3 0000010 1
4 0010010 2
5 0000000 a
6 0010100 2
7 0000010 1

Input 0: 10100001
0 1
1 0
2 1
3 0
4 0
5 0
6 0
7 1

Input 1: 11000000
0 1
1 1
2 0
3 0
4 0
5 0
6 0
7 0

Input 2: 10101010
0 1
1 0
2 1
3 0
4 1
5 0
6 1
7 0

Input 3: 00111000
0 0
1 0
2 1
3 1
4 1
5 0
6 0
7 0

Input 4: 10101001
0 1
1 0
2 1
3 0
4 1
5 0
6 0
7 1

Input 5: 11110110
0 1
1 1
2 1
3 1
4 0
5 1
6 1
7 0

Input 6: 01110000
0 0
1 1
2 1
3 1
4 0
5 0
6 0
7 0

When matching output
x: not in operator
y: wrong position

Identity
0 1110110 5
1 0100011 3
2 1011111 6
3 0001011 3
4 0011100 3
5 0000010 1 match 3 7
6 0010010 2 match 0 4
7 1000100 2

Matching output
0 6
1 absent
2 absent
3 5
4 6
5 absent
6 absent
7 5

Left
6 7x
Best: I6: 1

Right
5 4x
Best: I5: 1

NOT
0 0001001 2
1 1011100 4
2 0100000 1
3 1110100 4
4 1100011 4
5 1111101 6
6 1101101 5
7 0111011 5

Matching output
0 absent
1 absent
2 absent
3 absent
4 absent
5 absent
6 absent
7 absent

Left
none
Best: none

Right
none
Best: none

Constant
0 0000000 a match 1 5
1 1111111 a

Matching output
0 absent
1 C0
2 absent
3 absent
4 absent
5 C0
6 absent
7 absent

Left
none
Best: none

Right
none
Best: none

AND
01 10 0100010 2
12 21 0000011 2
23 32 0001011 3
34 43 0001000 1
45 54 0000000 a match 1 5
56 65 0000010 1 match 3 7
67 76 0000000 a match 1 5
70 07 1000100 2

02 20 1010110 4
13 31 0000011 2
24 42 0011100 3
35 53 0000010 1 match 3 7
46 64 0010000 1
57 75 0000000 a match 1 5
60 06 0010010 2 match 0 4
71 17 0000000 a match 1 5

03 30 0000010 1 match 3 7
14 41 0000000 a match 1 5
25 52 0000010 1 match 3 7
36 63 0000010 1 match 3 7
47 74 0000100 1
50 05 0000010 1 match 3 7
61 16 0000010 1 match 3 7
72 27 1000100 2

04 40 0010100 2 match 2 6
15 51 0000010 1 match 3 7
26 62 0010010 2 match 0 4
37 73 0000000 a match 1 5

Matching output
0 60 06 26 62
1 45 54 67 76 57 75 71 17 14 41 37 73
2 04 40
3 56 65 35 53 03 30 25 52 36 63 50 05 61 16 15 51
4 60 06 26 62
5 45 54 67 76 57 75 71 17 14 41 37 73
6 04 40
7 56 65 35 53 03 30 25 52 36 63 50 05 61 16 15 51

Left
60 71 02x
06 17 20x
26 37 40 51 62 73 04 15
62 73 04 15 26 37 40 51
Best: AND26 37 40 51 62 73 04 15: 8

Right
56 45y
65 54y
35 24x
53 42x
03 72x
30 27x
25 14y
52 41y
36 25y
63 52y
50 47x
05 74x
61 50y
16 05y
15 04 73 62 51 40 37 26
51 40 37 26 15 04 73 62
Best: AND15 04 73 62 51 40 37 26: 8

OR
01 10 1110111 6
12 21 1111111 a
23 32 1011111 6
34 43 0011111 5
45 54 0011110 4
56 65 0010010 2 match 0 4
67 76 1010110 4
70 07 1110110 5

02 20 1111111 a
13 31 0101011 4
24 42 1011111 6
35 53 0001011 3
46 64 0011110 4
57 75 1000110 3
60 06 1110110 5
71 17 1100111 5

03 30 1111111 a
14 41 0111111 6
25 52 1011111 6
36 63 0011011 4
47 74 1011100 4
50 05 1110110 5
61 16 0110011 4
72 27 1011111 6

04 40 1111110 6
15 51 0100011 3
26 62 1011111 6
37 73 1001111 5

Matching output
0 56 65
1 absent
2 absent
3 absent
4 56 65
5 absent
6 absent
7 absent

Left
56 67x
65 76x
Best: OR56: 1

Right
none
Best: none

XOR
01 10 1010101 4
12 21 1111100 5
23 32 1010100 3
34 43 0010111 4
45 54 0011110 4
56 65 0010000 1
67 76 1010110 4
70 07 0110010 3

02 20 0101001 3
13 31 0101000 2
24 42 1000011 3
35 53 0001001 2
46 64 0001110 3
57 75 1000110 3
60 06 1100100 3
71 17 1100111 5

03 30 1111101 6
14 41 0111111 6
25 52 1011101 5
36 63 0011001 3
47 74 1011000 3
50 05 1110100 4
61 16 0110001 3
72 27 0011011 4

04 40 1101010 4
15 51 0100001 2
26 62 1001101 4
37 73 1001111 5

Matching output
0 absent
1 absent
2 absent
3 absent
4 absent
5 absent
6 absent
7 absent

Left
none
Best: none

Right
none
Best: none

AND-NOT
01 1010100 3
12 0100000 1
23 1010100 3
34 0000011 2
45 0011100 3
56 0000000 a match 1 5
67 0010010 2 match 0 4
70 0000000 a match 1 5

02 0100000 1
13 0100000 1
24 1000011 3
35 0001001 2
46 0001100 2
57 0000010 1 match 3 7
60 0000000 a match 1 5
71 1000100 2

03 1110100 4
14 0100011 3
25 1011101 5
36 0001001 2
47 0011000 2
50 0000000 a match 1 5
61 0010000 1
72 0000000 a match 1 5

04 1100010 3
15 0100001 2
26 1001101 4
37 0001011 3
40 0001000 1
51 0000000 a match 1 5
62 0000000 a match 1 5
73 1000100 2

05 1110100 4
16 0100001 2
27 0011011 4
30 0001001 2
41 0011100 3
52 0000000 a match 1 5
63 0010000 1
74 1000000 1

06 1100100 3
17 0100011 3
20 0001001 2
31 0001000 1
42 0000000 a match 1 5
53 0000000 a match 1 5
64 0000010 1 match 3 7
75 1000100 2

07 0110010 3
10 0000001 1
21 1011100 4
32 0000000 a match 1 5
43 0010100 2 match 2 6
54 0000010 1 match 3 7
65 0010000 1
76 1000100 2

Matching output
0 67
1 56 70 60 50 72 51 62 52 42 53 32
2 43
3 57 64 54
4 67
5 56 70 60 50 72 51 62 52 42 53 32
6 43
7 57 64 54

Left
67 70 01x
Best: AND-NOT67 70: 2

Right
57 46x
64 53y
54 43 32 21x
Best: AND-NOT54 43 32: 3

OR-NOT
01 1111110 6
12 0100011 3
23 1111111 a
34 1101011 5
45 1111101 6
56 1101111 6
67 0111011 5
70 1001101 4

02 1110110 5
13 1110111 6
24 1111111 a
35 1111111 a
46 1111101 6
57 0111011 5
60 0011011 4
71 1011100 4

03 1110110 5
14 1100011 4
25 1111111 a
36 1101111 6
47 0111111 6
50 0001011 3
61 1011110 5
72 1100100 3

04 1110111 6
15 1111111 a
26 1111111 a
37 0111011 5
40 0011101 4
51 1011110 5
62 0110010 3
73 1110100 4

05 1111111 a
16 1101111 6
27 1111111 a
30 0001011 3
41 1011100 4
52 0100010 2
63 1110110 5
74 1100111 5

06 1111111 a
17 0111011 5
20 1011111 6
31 1011111 6
42 0111100 4
53 1110110 5
64 1110011 5
75 1111101 6

07 1111111 a
10 0101011 4
21 1011111 6
32 0101011 4
43 1111100 5
54 1100011 4
65 1111111 a
76 1101101 5

Matching output
0 absent
1 absent
2 absent
3 absent
4 absent
5 absent
6 absent
7 absent

Left
none
Best: none

Right
none
Best: none

XOR-NOT
01 0101010 3
12 0000011 2
23 0101011 4
34 1101000 3
45 1100001 3
56 1101111 6
67 0101001 3
70 1001101 4

02 1010110 4
13 1010111 5
24 0111100 4
35 1110110 5
46 1110001 4
57 0111001 4
60 0011011 4
71 0011000 2

03 0000010 1 match 3 7
14 1000000 1
25 0100010 2
36 1100110 4
47 0100111 4
50 0001011 3
61 1001110 4
72 1100100 3

04 0010101 3
15 1011110 5
26 0110010 3
37 0110000 2
40 0010101 3
51 1011110 5
62 0110010 3
73 0110000 2

05 0001011 3
16 1001110 4
27 1100100 3
30 0000010 1 match 3 7
41 1000000 1
52 0100010 2
63 1100110 4
74 0100111 4

06 0011011 4
17 0011000 2
20 1010110 4
31 1010111 5
42 0111100 4
53 1110110 5
64 1110001 4
75 0111001 4

07 1001101 4
10 0101010 3
21 0000011 2
32 0101011 4
43 1101000 3
54 1100001 3
65 1101111 6
76 0101001 3

Matching output
0 absent
1 absent
2 absent
3 03 30
4 absent
5 absent
6 absent
7 03 30

Left
none
Best: none

Right
03 72x
30 27x
Best: XOR-NOT03: 1

Selecting

Lefts
Identity I6: 1
NOT none
Constant none
AND AND26 37 40 51 62 73 04 15: 8
OR OR56: 1
XOR none
AND-NOT AND-NOT67 70: 2
OR-NOT none
XOR-NOT none

Rights
Identity I5: 1
NOT none
Constant none
AND AND15 04 73 62 51 40 37 26: 8
OR none
XOR none
AND-NOT AND-NOT54 43 32: 3
OR-NOT none
XOR-NOT XOR-NOT03: 1

Left longest: 8
Right longest: 8

Left winner: Identity no, NOT no, Constant no, AND yes, OR no, XOR no, AND-NOT no, OR-NOT no, XOR-NOT no
Right winner: Identity no, NOT no, Constant no, AND yes, OR no, XOR no, AND-NOT no, OR-NOT no, XOR-NOT no

Best left: AND26 37 40 51 62 73 04 15: 8
Best right: AND15 04 73 62 51 40 37 26: 8

Truncated left: AND26 37 40 51 62 73 04 15: 8
Truncated right: none truncated

Tentative from right
7 pending
6 pending
5 pending
4 pending
3 pending
2 pending
1 pending
0 pending

Tentative
0 AND26
1 AND37
2 AND40
3 AND51
4 AND62
5 AND73
6 AND04
7 AND15

Preferred from left
0 AND26
1 AND37
2 AND40
3 AND51
4 AND62
5 AND73
6 AND04
7 AND15

Preferred from right
7 AND15
6 AND04
5 AND73
4 AND62
3 AND51
2 AND40
1 AND37
0 AND26

Preferred
0 AND26
1 AND37
2 AND40
3 AND51
4 AND62
5 AND73
6 AND04
7 AND15

Matching
0 AND26
1 AND37
2 AND40
3 AND51
4 AND62
5 AND73
6 AND04
7 AND15

Perfect match
Identity no
NOT no
Constant no
AND no
OR no
XOR no
AND-NOT no
OR-NOT no
XOR-NOT no

Matched
0 AND26
1 AND37
2 AND40
3 AND51
4 AND62
5 AND73
6 AND04
7 AND15

Selected
0 AND26
1 AND37
2 AND40
3 AND51
4 AND62
5 AND73
6 AND04
7 AND15

Applying to 10011100
Input
0 1
1 0
2 0
3 1
4 1
5 1
6 0
7 0
Output
0 AND26 = AND(0,0) = 0
1 AND37 = AND(1,0) = 0
2 AND40 = AND(1,1) = 1
3 AND51 = AND(1,0) = 0
4 AND62 = AND(0,0) = 0
5 AND73 = AND(0,1) = 0
6 AND04 = AND(1,1) = 1
7 AND15 = AND(0,1) = 0

I will now return the answer in \boxed{}
The answer in \boxed{–} is \boxed{00100010}