We need to deduce the transformation by matching the example outputs.
I will put my final answer inside \boxed{}.

Output 0: 11100011
0 1
1 1
2 1
3 0
4 0
5 0
6 1
7 1

Output 1: 01000111
0 0
1 1
2 0
3 0
4 0
5 1
6 1
7 1

Output 2: 00011101
0 0
1 0
2 0
3 1
4 1
5 1
6 0
7 1

Output 3: 00000010
0 0
1 0
2 0
3 0
4 0
5 0
6 1
7 0

Output 4: 10001101
0 1
1 0
2 0
3 0
4 1
5 1
6 0
7 1

Output 5: 01100010
0 0
1 1
2 1
3 0
4 0
5 0
6 1
7 0

Output 6: 11001110
0 1
1 1
2 0
3 0
4 1
5 1
6 1
7 0

Output 7: 11110111
0 1
1 1
2 1
3 1
4 0
5 1
6 1
7 1

Output 8: 11110011
0 1
1 1
2 1
3 1
4 0
5 0
6 1
7 1

Output bit columns (with bitsum as hash)
0 100010111 5
1 110001111 6
2 100001011 4
3 001000011 3
4 001010100 3
5 011010110 5
6 110101111 7
7 111010011 6

Input 0: 10000111
0 1
1 0
2 0
3 0
4 0
5 1
6 1
7 1

Input 1: 00011101
0 0
1 0
2 0
3 1
4 1
5 1
6 0
7 1

Input 2: 01110100
0 0
1 1
2 1
3 1
4 0
5 1
6 0
7 0

Input 3: 00001000
0 0
1 0
2 0
3 0
4 1
5 0
6 0
7 0

Input 4: 00110110
0 0
1 0
2 1
3 1
4 0
5 1
6 1
7 0

Input 5: 10001001
0 1
1 0
2 0
3 0
4 1
5 0
6 0
7 1

Input 6: 00111011
0 0
1 0
2 1
3 1
4 1
5 0
6 1
7 1

Input 7: 11011011
0 1
1 1
2 0
3 1
4 1
5 0
6 1
7 1

Input 8: 11001111
0 1
1 1
2 0
3 0
4 1
5 1
6 1
7 1

When matching output
x: not in operator
y: wrong position

Identity
0 100001011 4 match 2
1 001000011 3 match 3
2 001010100 3 match 4
3 011010110 5 match 5
4 010101111 6
5 111010001 5
6 100010111 5 match 0
7 110001111 6 match 1

Matching output
0 6
1 7
2 0
3 1
4 2
5 3
6 absent
7 absent

Left
6 7 0 1 2 3 4x
Best: I6 7 0 1 2 3: 6

Right
none
Best: none

NOT
0 011110100 5
1 110111100 6
2 110101011 6
3 100101001 4
4 101010000 3
5 000101110 4
6 011101000 4
7 001110000 3

Matching output
0 absent
1 absent
2 absent
3 absent
4 absent
5 absent
6 absent
7 absent

Left
none
Best: none

Right
none
Best: none

Constant
0 000000000 a
1 111111111 a

Matching output
0 absent
1 absent
2 absent
3 absent
4 absent
5 absent
6 absent
7 absent

Left
none
Best: none

Right
none
Best: none

AND
01 10 000000011 2
12 21 001000000 1
23 32 001010100 3 match 4
34 43 010000110 3
45 54 010000001 2
56 65 100010001 3
67 76 100000111 4
70 07 100001011 4 match 2

02 20 000000000 a
13 31 001000010 2
24 42 000000100 1
35 53 011010000 3
46 64 000000111 3
57 75 110000001 3
60 06 100000011 3
71 17 000000011 2

03 30 000000010 1
14 41 000000011 2
25 52 001010000 2
36 63 000010110 3
47 74 010001111 5
50 05 100000001 2
61 16 000000011 2
72 27 000000100 1

04 40 000001011 3
15 51 001000001 2
26 62 000010100 2
37 73 010000110 3

Matching output
0 absent
1 absent
2 70 07
3 absent
4 23 32
5 absent
6 absent
7 absent

Left
none
Best: none

Right
none
Best: none

OR
01 10 101001011 5
12 21 001010111 5
23 32 011010110 5 match 5
34 43 011111111 8
45 54 111111111 a
56 65 111010111 7
67 76 110011111 7
70 07 110001111 6 match 1

02 20 101011111 7
13 31 011010111 6
24 42 011111111 8
35 53 111010111 7
46 64 110111111 8
57 75 111011111 8
60 06 100011111 6
71 17 111001111 7

03 30 111011111 8
14 41 011101111 7
25 52 111010101 6
36 63 111010111 7
47 74 110101111 7 match 6
50 05 111011011 7
61 16 101010111 6
72 27 111011111 8

04 40 110101111 7 match 6
15 51 111010011 6 match 7
26 62 101010111 6
37 73 111011111 8

Matching output
0 absent
1 70 07
2 absent
3 absent
4 absent
5 23 32
6 47 74 04 40
7 15 51

Left
none
Best: none

Right
15 04 73x
51 40 37x
Best: OR15 04: 2

XOR
01 10 101001000 3
12 21 000010111 4
23 32 010000010 2
34 43 001111001 5
45 54 101111110 7
56 65 011000110 4
67 76 010011000 3
70 07 010000100 2

02 20 101011111 7
13 31 010010101 4
24 42 011111011 7
35 53 100000111 4
46 64 110111000 5
57 75 001011110 5
60 06 000011100 3
71 17 111001100 5

03 30 111011101 7
14 41 011101100 5
25 52 110000101 4
36 63 111000001 4
47 74 100100000 2
50 05 011011010 5
61 16 101010100 4
72 27 111011011 7

04 40 110100100 4
15 51 110010010 4
26 62 101000011 4
37 73 101011001 5

Matching output
0 absent
1 absent
2 absent
3 absent
4 absent
5 absent
6 absent
7 absent

Left
none
Best: none

Right
none
Best: none

AND-NOT
01 100001000 2
12 000000011 2
23 000000000 a
34 001010000 2
45 000101110 4
56 011000000 2
67 000010000 1
70 010000100 2

02 100001011 4 match 2
13 000000001 1
24 001010000 2
35 000000110 2
46 010101000 3
57 001010000 2
60 000010100 2
71 110001100 4

03 100001001 3
14 001000000 1
25 000000100 1
36 011000000 2
47 000100000 1
50 011010000 3
61 100010100 3
72 110001011 5

04 100000000 1
15 000000010 1
26 001000000 1
37 001010000 2
40 010100100 3
51 110010000 3
62 100000011 3
73 100001001 3

05 000001010 2
16 001000000 1
27 001010000 2
30 011010100 4
41 010101100 4
52 110000001 3
63 100000001 2
74 100000000 1

06 000001000 1
17 001000000 1
20 001010100 3 match 4
31 010010100 3
42 010101011 5
53 100000001 2
64 100010000 2
75 000001110 3

07 000000000 a
10 001000000 1
21 000010100 2
32 010000010 2
43 000101001 3
54 101010000 3
65 000000110 2
76 010001000 2

Matching output
0 absent
1 absent
2 02
3 absent
4 20
5 absent
6 absent
7 absent

Left
none
Best: none

Right
none
Best: none

OR-NOT
01 110111111 8
12 111101011 7
23 101111101 7
34 111010110 6
45 010101111 6
56 111111001 7
67 101110111 7
70 111111111 a

02 110101011 6
13 101101011 6
24 101010100 4
35 011111110 7
46 011101111 7
57 111110001 6
60 111110111 8
71 110111111 8

03 100101011 5
14 101010011 5
25 001111110 6
36 011111110 7
47 011111111 8
50 111110101 7
61 110111111 8
72 110101111 7 match 6

04 101011011 6
15 001101111 6
26 011111100 6
37 011110110 6
40 011111111 8
51 111111101 8
62 110111111 8
73 110101111 7 match 6

05 100101111 6
16 011101011 6
27 001110100 4
30 011110110 6
41 110111111 8
52 111111011 8
63 100111111 7
74 111011111 8

06 111101011 7
17 001110011 5
20 011110100 5
31 111111110 8
42 110101111 7 match 6
53 111111001 7
64 101010111 6
75 110101111 7 match 6

07 101111011 7
10 011110111 7
21 111111100 7
32 111111111 a
43 110101111 7 match 6
54 111010001 5
65 100111111 7
76 111101111 8

Matching output
0 absent
1 absent
2 absent
3 absent
4 absent
5 absent
6 72 73 42 75 43
7 absent

Left
none
Best: none

Right
none
Best: none

XOR-NOT
01 010110111 6
12 111101000 5
23 101111101 7
34 110000110 4
45 010000001 2
56 100111001 5
67 101100111 6
70 101111011 7

02 010100000 2
13 101101010 5
24 100000100 2
35 011111000 5
46 001000111 4
57 110100001 4
60 111100011 6
71 000110011 4

03 000100010 2
14 100010011 4
25 001111010 5
36 000111110 5
47 011011111 7
50 100100101 4
61 010101011 5
72 000100100 2

04 001011011 5
15 001101101 5
26 010111100 5
37 010100110 4
40 001011011 5
51 001101101 5
62 010111100 5
73 010100110 4

05 100100101 4
16 010101011 5
27 000100100 2
30 000100010 2
41 100010011 4
52 001111010 5
63 000111110 5
74 011011111 7

06 111100011 6
17 000110011 4
20 010100000 2
31 101101010 5
42 100000100 2
53 011111000 5
64 001000111 4
75 110100001 4

07 101111011 7
10 010110111 6
21 111101000 5
32 101111101 7
43 110000110 4
54 010000001 2
65 100111001 5
76 101100111 6

Matching output
0 absent
1 absent
2 absent
3 absent
4 absent
5 absent
6 absent
7 absent

Left
none
Best: none

Right
none
Best: none

Selecting

Lefts
Identity I6 7 0 1 2 3: 6
NOT none
Constant none
AND none
OR none
XOR none
AND-NOT none
OR-NOT none
XOR-NOT none

Rights
Identity none
NOT none
Constant none
AND none
OR OR15 04: 2
XOR none
AND-NOT none
OR-NOT none
XOR-NOT none

Left longest: 6
Right longest: 2

Left winner: Identity yes, NOT no, Constant no, AND no, OR no, XOR no, AND-NOT no, OR-NOT no, XOR-NOT no
Right winner: Identity no, NOT no, Constant no, AND no, OR yes, XOR no, AND-NOT no, OR-NOT no, XOR-NOT no

Best left: I6 7 0 1 2 3: 6
Best right: OR15 04: 2

Truncated left: I6 7 0 1 2 3: 6
Truncated right: OR15 04: 2

Tentative from right
7 OR15
6 OR04
5 pending
4 pending
3 pending
2 pending
1 pending
0 pending

Tentative
0 I6
1 I7
2 I0
3 I1
4 I2
5 I3
6 OR04
7 OR15

Preferred from left
0 I6
1 I7
2 I0
3 I1
4 I2
5 I3
6 OR04
7 OR15

Preferred from right
7 OR15
6 OR04
5 I3
4 I2
3 I1
2 I0
1 I7
0 I6

Preferred
0 I6
1 I7
2 I0
3 I1
4 I2
5 I3
6 OR04
7 OR15

Matching
0 I6
1 I7
2 I0
3 I1
4 I2
5 I3
6 OR04
7 OR15

Perfect match
Identity no
NOT no
Constant no
AND no
OR no
XOR no
AND-NOT no
OR-NOT no
XOR-NOT no

Matched
0 I6
1 I7
2 I0
3 I1
4 I2
5 I3
6 OR04
7 OR15

Selected
0 I6
1 I7
2 I0
3 I1
4 I2
5 I3
6 OR04
7 OR15

Applying to 01100001
Input
0 0
1 1
2 1
3 0
4 0
5 0
6 0
7 1
Output
0 I6 = 0
1 I7 = 1
2 I0 = 0
3 I1 = 1
4 I2 = 1
5 I3 = 0
6 OR04 = OR(0,0) = 0
7 OR15 = OR(1,0) = 1

I will now return the answer in \boxed{}
The answer in \boxed{–} is \boxed{01011001}