We need to deduce the transformation by matching the example outputs.
I will put my final answer inside \boxed{}.

Output 0: 01100001
0 0
1 1
2 1
3 0
4 0
5 0
6 0
7 1

Output 1: 01100000
0 0
1 1
2 1
3 0
4 0
5 0
6 0
7 0

Output 2: 10100001
0 1
1 0
2 1
3 0
4 0
5 0
6 0
7 1

Output 3: 01100000
0 0
1 1
2 1
3 0
4 0
5 0
6 0
7 0

Output 4: 11000001
0 1
1 1
2 0
3 0
4 0
5 0
6 0
7 1

Output 5: 10100000
0 1
1 0
2 1
3 0
4 0
5 0
6 0
7 0

Output 6: 11000001
0 1
1 1
2 0
3 0
4 0
5 0
6 0
7 1

Output 7: 10000001
0 1
1 0
2 0
3 0
4 0
5 0
6 0
7 1

Output bit columns (with bitsum as hash)
0 00101111 5
1 11011010 5
2 11110100 5
3 00000000 a
4 00000000 a
5 00000000 a
6 00000000 a
7 10101011 5

Input 0: 10101011
0 1
1 0
2 1
3 0
4 1
5 0
6 1
7 1

Input 1: 01000011
0 0
1 1
2 0
3 0
4 0
5 0
6 1
7 1

Input 2: 11110101
0 1
1 1
2 1
3 1
4 0
5 1
6 0
7 1

Input 3: 00011011
0 0
1 0
2 0
3 1
4 1
5 0
6 1
7 1

Input 4: 11001110
0 1
1 1
2 0
3 0
4 1
5 1
6 1
7 0

Input 5: 00100101
0 0
1 0
2 1
3 0
4 0
5 1
6 0
7 1

Input 6: 10111110
0 1
1 0
2 1
3 1
4 1
5 1
6 1
7 0

Input 7: 10011100
0 1
1 0
2 0
3 1
4 1
5 1
6 0
7 0

When matching output
x: not in operator
y: wrong position

Identity
0 10101011 5 match 7
1 01101000 3
2 10100110 4
3 00110011 4
4 10011011 5
5 00101111 5 match 0
6 11011010 5 match 1
7 11110100 5 match 2

Matching output
0 5
1 6
2 7
3 absent
4 absent
5 absent
6 absent
7 0

Left
5 6 7 0y
Best: I5 6 7: 3

Right
0 7y
Best: I0: 1

NOT
0 01010100 3
1 10010111 5
2 01011001 4
3 11001100 4
4 01100100 3
5 11010000 3
6 00100101 3
7 00001011 3

Matching output
0 absent
1 absent
2 absent
3 absent
4 absent
5 absent
6 absent
7 absent

Left
none
Best: none

Right
none
Best: none

Constant
0 00000000 a match 3 4 5 6
1 11111111 a

Matching output
0 absent
1 absent
2 absent
3 C0
4 C0
5 C0
6 C0
7 absent

Left
none
Best: none

Right
none
Best: none

AND
01 10 00101000 2
12 21 00100000 1
23 32 00100010 2
34 43 00010011 3
45 54 00001011 3
56 65 00001010 2
67 76 11010000 3
70 07 10100000 2

02 20 10100010 3
13 31 00100000 1
24 42 10000010 2
35 53 00100011 3
46 64 10011010 4
57 75 00100100 2
60 06 10001010 3
71 17 01100000 2

03 30 00100011 3
14 41 00001000 1
25 52 00100110 3
36 63 00010010 2
47 74 10010000 2
50 05 00101011 4
61 16 01001000 2
72 27 10100100 3

04 40 10001011 4
15 51 00101000 2
26 62 10000010 2
37 73 00110000 2

Matching output
0 absent
1 absent
2 absent
3 absent
4 absent
5 absent
6 absent
7 absent

Left
none
Best: none

Right
none
Best: none

OR
01 10 11101011 6
12 21 11101110 6
23 32 10110111 6
34 43 10111011 6
45 54 10111111 7
56 65 11111111 a
67 76 11111110 7
70 07 11111111 a

02 20 10101111 6
13 31 01111011 6
24 42 10111111 7
35 53 00111111 6
46 64 11011011 6
57 75 11111111 a
60 06 11111011 7
71 17 11111100 6

03 30 10111011 6
14 41 11111011 7
25 52 10101111 6
36 63 11111011 7
47 74 11111111 a
50 05 10101111 6
61 16 11111010 6
72 27 11110110 6

04 40 10111011 6
15 51 01101111 6
26 62 11111110 7
37 73 11110111 7

Matching output
0 absent
1 absent
2 absent
3 absent
4 absent
5 absent
6 absent
7 absent

Left
none
Best: none

Right
none
Best: none

XOR
01 10 11000011 4
12 21 11001110 5
23 32 10010101 4
34 43 10101000 3
45 54 10110100 4
56 65 11110101 6
67 76 00101110 4
70 07 01011111 6

02 20 00001101 3
13 31 01011011 5
24 42 00111101 5
35 53 00011100 3
46 64 01000001 2
57 75 11011011 6
60 06 01110001 4
71 17 10011100 4

03 30 10011000 3
14 41 11110011 6
25 52 10001001 3
36 63 11101001 5
47 74 01101111 6
50 05 10000100 2
61 16 10110010 4
72 27 01010010 3

04 40 00110000 2
15 51 01000111 4
26 62 01111100 5
37 73 11000111 5

Matching output
0 absent
1 absent
2 absent
3 absent
4 absent
5 absent
6 absent
7 absent

Left
none
Best: none

Right
none
Best: none

AND-NOT
01 10000011 3
12 01001000 2
23 10000100 2
34 00100000 1
45 10010000 2
56 00100101 3
67 00001010 2
70 01010100 3

02 00001001 2
13 01001000 2
24 00100100 2
35 00010000 1
46 00000001 1
57 00001011 3
60 01010000 2
71 10010100 3

03 10001000 2
14 01100000 2
25 10000000 1
36 00100001 2
47 00001011 3
50 00000100 1
61 10010010 3
72 01010000 2

04 00100000 1
15 01000000 1
26 00100100 2
37 00000011 2
40 00010000 1
51 00000111 3
62 01011000 3
73 11000100 3

05 10000000 1
16 00100000 1
27 00000010 1
30 00010000 1
41 10010011 4
52 00001001 2
63 11001000 3
74 01100100 3

06 00100001 2
17 00001000 1
20 00000100 1
31 00010011 3
42 00011001 3
53 00001100 2
64 01000000 1
75 11010000 3

07 00001011 3
10 01000000 1
21 10000110 3
32 00010001 2
43 10001000 2
54 00100100 2
65 11010000 3
76 00100100 2

Matching output
0 absent
1 absent
2 absent
3 absent
4 absent
5 absent
6 absent
7 absent

Left
none
Best: none

Right
none
Best: none

OR-NOT
01 10111111 7
12 01111001 5
23 11101110 6
34 01110111 6
45 11011011 6
56 00101111 5 match 0
67 11011011 6
70 11110100 5 match 2

02 11111011 7
13 11101100 5
24 11100110 5
35 11110011 6
46 10111111 7
57 00101111 5 match 0
60 11011110 6
71 11110111 7

03 11101111 7
14 01101100 4
25 11110110 6
36 00110111 5
47 10011011 5
50 01111111 7
61 11011111 7
72 11111101 7

04 11101111 7
15 11111000 5
26 10100111 5
37 00111011 5
40 11011111 7
51 10111111 7
62 11011011 6
73 11111100 6

05 11111011 7
16 01101101 5
27 10101111 6
30 01110111 6
41 10011111 6
52 01111111 7
63 11011110 6
74 11110100 5 match 2

06 10101111 6
17 01101011 5
20 11110110 6
31 10110111 6
42 11011011 6
53 11101111 7
64 11111110 7
75 11110100 5 match 2

07 10101011 5 match 7
10 01111100 5
21 10110111 6
32 01111011 6
43 11011111 7
54 01101111 6
65 11011010 5 match 1
76 11110101 6

Matching output
0 56 57
1 65
2 70 74 75
3 absent
4 absent
5 absent
6 absent
7 07

Left
56 67x
57 60x
Best: OR-NOT56: 1

Right
07 76x
Best: OR-NOT07: 1

XOR-NOT
01 00111100 4
12 00110001 3
23 01101010 4
34 01010111 5
45 01001011 4
56 00001010 2
67 11010001 4
70 10100000 2

02 11110010 5
13 10100100 3
24 11000010 3
35 11100011 5
46 10111110 6
57 00100100 2
60 10001110 4
71 01100011 4

03 01100111 5
14 00001100 2
25 01110110 5
36 00010110 3
47 10010000 2
50 01111011 6
61 01001101 4
72 10101101 5

04 11001111 6
15 10111000 4
26 10000011 3
37 00111000 3
40 11001111 6
51 10111000 4
62 10000011 3
73 00111000 3

05 01111011 6
16 01001101 4
27 10101101 5
30 01100111 5
41 00001100 2
52 01110110 5
63 00010110 3
74 10010000 2

06 10001110 4
17 01100011 4
20 11110010 5
31 10100100 3
42 11000010 3
53 11100011 5
64 10111110 6
75 00100100 2

07 10100000 2
10 00111100 4
21 00110001 3
32 01101010 4
43 01010111 5
54 01001011 4
65 00001010 2
76 11010001 4

Matching output
0 absent
1 absent
2 absent
3 absent
4 absent
5 absent
6 absent
7 absent

Left
none
Best: none

Right
none
Best: none

Selecting

Lefts
Identity I5 6 7: 3
NOT none
Constant none
AND none
OR none
XOR none
AND-NOT none
OR-NOT OR-NOT56: 1
XOR-NOT none

Rights
Identity I0: 1
NOT none
Constant none
AND none
OR none
XOR none
AND-NOT none
OR-NOT OR-NOT07: 1
XOR-NOT none

Left longest: 3
Right longest: 1

Left winner: Identity yes, NOT no, Constant no, AND no, OR no, XOR no, AND-NOT no, OR-NOT no, XOR-NOT no
Right winner: Identity yes, NOT no, Constant no, AND no, OR no, XOR no, AND-NOT no, OR-NOT no, XOR-NOT no

Best left: I5 6 7: 3
Best right: I0: 1

Truncated left: I5 6 7: 3
Truncated right: I0: 1

Tentative from right
7 I0
6 pending
5 pending
4 pending
3 pending
2 pending
1 pending
0 pending

Tentative
0 I5
1 I6
2 I7
3 pending
4 pending
5 pending
6 pending
7 I0

Preferred from left
0 I5
1 I6
2 I7
3 ?0?
4 ?1?
5 ?2?
6 ?3?
7 I0

Preferred from right
7 I0
6 ?37
5 ?26
4 ?15
3 ?04
2 I7
1 I6
0 I5

Preferred
0 I5
1 I6
2 I7
3 ?04 ?40
4 ?15 ?51
5 ?26 ?62
6 ?37 ?73
7 I0

Matching
0 I5
1 I6
2 I7
3 ?04 ?40 - Identity absent, NOT absent, Constant C0, AND absent, OR absent, XOR absent, AND-NOT absent, OR-NOT absent, XOR-NOT absent
4 ?15 ?51 - Identity absent, NOT absent, Constant C0, AND absent, OR absent, XOR absent, AND-NOT absent, OR-NOT absent, XOR-NOT absent
5 ?26 ?62 - Identity absent, NOT absent, Constant C0, AND absent, OR absent, XOR absent, AND-NOT absent, OR-NOT absent, XOR-NOT absent
6 ?37 ?73 - Identity absent, NOT absent, Constant C0, AND absent, OR absent, XOR absent, AND-NOT absent, OR-NOT absent, XOR-NOT absent
7 I0

Perfect match
Identity no
NOT no
Constant yes
AND no
OR no
XOR no
AND-NOT no
OR-NOT no
XOR-NOT no

Matched
0 I5
1 I6
2 I7
3 C0
4 C0
5 C0
6 C0
7 I0

Selected
0 I5
1 I6
2 I7
3 C0
4 C0
5 C0
6 C0
7 I0

Applying to 11001101
Input
0 1
1 1
2 0
3 0
4 1
5 1
6 0
7 1
Output
0 I5 = 1
1 I6 = 0
2 I7 = 1
3 C0 = 0
4 C0 = 0
5 C0 = 0
6 C0 = 0
7 I0 = 1

I will now return the answer in \boxed{}
The answer in \boxed{–} is \boxed{10100001}