We need to deduce the transformation by matching the example outputs.
I will put my final answer inside \boxed{}.

Output 0: 01101010
0 0
1 1
2 1
3 0
4 1
5 0
6 1
7 0

Output 1: 01110000
0 0
1 1
2 1
3 1
4 0
5 0
6 0
7 0

Output 2: 10001111
0 1
1 0
2 0
3 0
4 1
5 1
6 1
7 1

Output 3: 11111011
0 1
1 1
2 1
3 1
4 1
5 0
6 1
7 1

Output 4: 11010010
0 1
1 1
2 0
3 1
4 0
5 0
6 1
7 0

Output 5: 10001000
0 1
1 0
2 0
3 0
4 1
5 0
6 0
7 0

Output 6: 01110111
0 0
1 1
2 1
3 1
4 0
5 1
6 1
7 1

Output bit columns (with bitsum as hash)
0 0011110 4
1 1101101 5
2 1101001 4
3 0101101 4
4 1011010 4
5 0010001 2
6 1011101 5
7 0011001 3

Input 0: 10000110
0 1
1 0
2 0
3 0
4 0
5 1
6 1
7 0

Input 1: 00000111
0 0
1 0
2 0
3 0
4 0
5 1
6 1
7 1

Input 2: 11001000
0 1
1 1
2 0
3 0
4 1
5 0
6 0
7 0

Input 3: 10011111
0 1
1 0
2 0
3 1
4 1
5 1
6 1
7 1

Input 4: 00101101
0 0
1 0
2 1
3 0
4 1
5 1
6 0
7 1

Input 5: 10101000
0 1
1 0
2 1
3 0
4 1
5 0
6 0
7 0

Input 6: 01100111
0 0
1 1
2 1
3 0
4 0
5 1
6 1
7 1

When matching output
x: not in operator
y: wrong position

Identity
0 1011010 4 match 4
1 0010001 2 match 5
2 0000111 3
3 0001000 1
4 0011110 4 match 0
5 1101101 5 match 1
6 1101001 4 match 2
7 0101101 4 match 3

Matching output
0 4
1 5
2 6
3 7
4 0
5 1
6 absent
7 absent

Left
4 5 6 7 0 1 2x
Best: I4 5 6 7 0 1: 6

Right
none
Best: none

NOT
0 0100101 3
1 1101110 5
2 1111000 4
3 1110111 6
4 1100001 3
5 0010010 2
6 0010110 3
7 1010010 3

Matching output
0 absent
1 absent
2 absent
3 absent
4 absent
5 absent
6 absent
7 absent

Left
none
Best: none

Right
none
Best: none

Constant
0 0000000 a
1 1111111 a

Matching output
0 absent
1 absent
2 absent
3 absent
4 absent
5 absent
6 absent
7 absent

Left
none
Best: none

Right
none
Best: none

AND
01 10 0010000 1
12 21 0000001 1
23 32 0000000 a
34 43 0001000 1
45 54 0001100 2
56 65 1101001 4 match 2
67 76 0101001 3
70 07 0001000 1

02 20 0000010 1
13 31 0000000 a
24 42 0000110 2
35 53 0001000 1
46 64 0001000 1
57 75 0101101 4 match 3
60 06 1001000 2
71 17 0000001 1

03 30 0001000 1
14 41 0010000 1
25 52 0000101 2
36 63 0001000 1
47 74 0001100 2
50 05 1001000 2
61 16 0000001 1
72 27 0000101 2

04 40 0011010 3
15 51 0000001 1
26 62 0000001 1
37 73 0001000 1

Matching output
0 absent
1 absent
2 56 65
3 57 75
4 absent
5 absent
6 absent
7 absent

Left
none
Best: none

Right
none
Best: none

OR
01 10 1011011 5
12 21 0010111 4
23 32 0001111 4
34 43 0011110 4 match 0
45 54 1111111 a
56 65 1101101 5 match 1
67 76 1101101 5 match 1
70 07 1111111 a

02 20 1011111 6
13 31 0011001 3 match 7
24 42 0011111 5
35 53 1101101 5 match 1
46 64 1111111 a
57 75 1101101 5 match 1
60 06 1111011 6
71 17 0111101 5

03 30 1011010 4 match 4
14 41 0011111 5
25 52 1101111 6
36 63 1101001 4 match 2
47 74 0111111 6
50 05 1111111 a
61 16 1111001 5
72 27 0101111 5

04 40 1011110 5
15 51 1111101 6
26 62 1101111 6
37 73 0101101 4 match 3

Matching output
0 34 43
1 56 65 67 76 35 53 57 75
2 36 63
3 37 73
4 03 30
5 absent
6 absent
7 13 31

Left
34 45x
43 54x
Best: OR34: 1

Right
13 02x
31 20x
Best: OR13: 1

XOR
01 10 1001011 4
12 21 0010110 3
23 32 0001111 4
34 43 0010110 3
45 54 1110011 5
56 65 0000100 1
67 76 1000100 2
70 07 1110111 6

02 20 1011101 5 match 6
13 31 0011001 3 match 7
24 42 0011001 3 match 7
35 53 1100101 4
46 64 1110111 6
57 75 1000000 1
60 06 0110011 4
71 17 0111100 4

03 30 1010010 3
14 41 0001111 4
25 52 1101010 4
36 63 1100001 3
47 74 0110011 4
50 05 0110111 5
61 16 1111000 4
72 27 0101010 3

04 40 1000100 2
15 51 1111100 5
26 62 1101110 5
37 73 0100101 3

Matching output
0 absent
1 absent
2 absent
3 absent
4 absent
5 absent
6 02 20
7 13 31 24 42

Left
none
Best: none

Right
13 02 71x
31 20 17x
24 13y
42 31y
Best: XOR13 02: 2

AND-NOT
01 1001010 3
12 0010000 1
23 0000111 3
34 0000000 a
45 0010010 2
56 0000100 1
67 1000000 1
70 0100101 3

02 1011000 3
13 0010001 2 match 5
24 0000001 1
35 0000000 a
46 0010110 3
57 1000000 1
60 0100001 2
71 0101100 3

03 1010010 3
14 0000001 1
25 0000010 1
36 0000000 a
47 0010010 2
50 0100101 3
61 1101000 3
72 0101000 2

04 1000000 1
15 0010000 1
26 0000110 2
37 0000000 a
40 0000100 1
51 1101100 4
62 1101000 3
73 0100101 3

05 0010010 2
16 0010000 1
27 0000010 1
30 0000000 a
41 0001110 3
52 1101000 3
63 1100001 3
74 0100001 2

06 0010010 2
17 0010000 1
20 0000101 2
31 0001000 1
42 0011000 2
53 1100101 4
64 1100001 3
75 0000000 a

07 1010010 3
10 0000001 1
21 0000110 2
32 0001000 1
43 0010110 3
54 1100001 3
65 0000000 a
76 0000100 1

Matching output
0 absent
1 absent
2 absent
3 absent
4 absent
5 13
6 absent
7 absent

Left
none
Best: none

Right
none
Best: none

OR-NOT
01 1111110 6
12 1111001 5
23 1110111 6
34 1101001 4 match 2
45 0011110 4 match 0
56 1111111 a
67 1111011 6
70 0101101 4 match 3

02 1111010 5
13 1110111 6
24 1100111 5
35 0011010 3
46 0011110 4 match 0
57 1111111 a
60 1101101 5 match 1
71 1101111 6

03 1111111 a
14 1110001 4
25 0010111 4
36 0011110 4 match 0
47 1011110 5
50 1101101 5 match 1
61 1101111 6
72 1111101 6

04 1111011 6
15 0010011 3
26 0010111 4
37 1011010 4 match 4
40 0111111 6
51 1101111 6
62 1111001 5
73 1111111 a

05 1011010 4 match 4
16 0010111 4
27 1010111 5
30 0101101 4 match 3
41 1111110 6
52 1111101 6
63 1111111 a
74 1101101 5 match 1

06 1011110 5
17 1010011 4
20 0100111 4
31 1101110 5
42 1111110 6
53 1111111 a
64 1101001 4 match 2
75 0111111 6

07 1011010 4 match 4
10 0110101 4
21 1101111 6
32 1111000 4
43 1111111 a
54 1101101 5 match 1
65 1111011 6
76 0111111 6

Matching output
0 45 46 36
1 60 50 74 54
2 34 64
3 70 30
4 37 05 07
5 absent
6 absent
7 absent

Left
45 56x
46 57x
36 47x
Best: OR-NOT45: 1

Right
none
Best: none

XOR-NOT
01 0110100 3
12 1101001 4 match 2
23 1110000 3
34 1101001 4 match 2
45 0001100 2
56 1111011 6
67 0111011 5
70 0001000 1

02 0100010 2
13 1100110 4
24 1100110 4
35 0011010 3
46 0001000 1
57 0111111 6
60 1001100 3
71 1000011 3

03 0101101 4 match 3
14 1110000 3
25 0010101 3
36 0011110 4 match 0
47 1001100 3
50 1001000 2
61 0000111 3
72 1010101 4

04 0111011 5
15 0000011 2
26 0010001 2 match 5
37 1011010 4 match 4
40 0111011 5
51 0000011 2
62 0010001 2 match 5
73 1011010 4 match 4

05 1001000 2
16 0000111 3
27 1010101 4
30 0101101 4 match 3
41 1110000 3
52 0010101 3
63 0011110 4 match 0
74 1001100 3

06 1001100 3
17 1000011 3
20 0100010 2
31 1100110 4
42 1100110 4
53 0011010 3
64 0001000 1
75 0111111 6

07 0001000 1
10 0110100 3
21 1101001 4 match 2
32 1110000 3
43 1101001 4 match 2
54 0001100 2
65 1111011 6
76 0111011 5

Matching output
0 36 63
1 absent
2 12 34 21 43
3 03 30
4 37 73
5 26 62
6 absent
7 absent

Left
36 47x
63 74x
Best: XOR-NOT36: 1

Right
none
Best: none

Selecting

Lefts
Identity I4 5 6 7 0 1: 6
NOT none
Constant none
AND none
OR OR34: 1
XOR none
AND-NOT none
OR-NOT OR-NOT45: 1
XOR-NOT XOR-NOT36: 1

Rights
Identity none
NOT none
Constant none
AND none
OR OR13: 1
XOR XOR13 02: 2
AND-NOT none
OR-NOT none
XOR-NOT none

Left longest: 6
Right longest: 2

Left winner: Identity yes, NOT no, Constant no, AND no, OR no, XOR no, AND-NOT no, OR-NOT no, XOR-NOT no
Right winner: Identity no, NOT no, Constant no, AND no, OR no, XOR yes, AND-NOT no, OR-NOT no, XOR-NOT no

Best left: I4 5 6 7 0 1: 6
Best right: XOR13 02: 2

Truncated left: I4 5 6 7 0 1: 6
Truncated right: XOR13 02: 2

Tentative from right
7 XOR13
6 XOR02
5 pending
4 pending
3 pending
2 pending
1 pending
0 pending

Tentative
0 I4
1 I5
2 I6
3 I7
4 I0
5 I1
6 XOR02
7 XOR13

Preferred from left
0 I4
1 I5
2 I6
3 I7
4 I0
5 I1
6 XOR02
7 XOR13

Preferred from right
7 XOR13
6 XOR02
5 I1
4 I0
3 I7
2 I6
1 I5
0 I4

Preferred
0 I4
1 I5
2 I6
3 I7
4 I0
5 I1
6 XOR02
7 XOR13

Matching
0 I4
1 I5
2 I6
3 I7
4 I0
5 I1
6 XOR02
7 XOR13

Perfect match
Identity no
NOT no
Constant no
AND no
OR no
XOR no
AND-NOT no
OR-NOT no
XOR-NOT no

Matched
0 I4
1 I5
2 I6
3 I7
4 I0
5 I1
6 XOR02
7 XOR13

Selected
0 I4
1 I5
2 I6
3 I7
4 I0
5 I1
6 XOR02
7 XOR13

Applying to 11011000
Input
0 1
1 1
2 0
3 1
4 1
5 0
6 0
7 0
Output
0 I4 = 1
1 I5 = 0
2 I6 = 0
3 I7 = 0
4 I0 = 1
5 I1 = 1
6 XOR02 = XOR(1,0) = 1
7 XOR13 = XOR(1,1) = 0

I will now return the answer in \boxed{}
The answer in \boxed{–} is \boxed{10001110}