We need to deduce the transformation by matching the example outputs.
I will put my final answer inside \boxed{}.

Output 0: 00000000
0 0
1 0
2 0
3 0
4 0
5 0
6 0
7 0

Output 1: 00000000
0 0
1 0
2 0
3 0
4 0
5 0
6 0
7 0

Output 2: 01100001
0 0
1 1
2 1
3 0
4 0
5 0
6 0
7 1

Output 3: 00100001
0 0
1 0
2 1
3 0
4 0
5 0
6 0
7 1

Output 4: 11100011
0 1
1 1
2 1
3 0
4 0
5 0
6 1
7 1

Output 5: 01100010
0 0
1 1
2 1
3 0
4 0
5 0
6 1
7 0

Output 6: 00000011
0 0
1 0
2 0
3 0
4 0
5 0
6 1
7 1

Output 7: 00100010
0 0
1 0
2 1
3 0
4 0
5 0
6 1
7 0

Output 8: 11100000
0 1
1 1
2 1
3 0
4 0
5 0
6 0
7 0

Output bit columns (with bitsum as hash)
0 000010001 2
1 001011001 4
2 001111011 6
3 000000000 a
4 000000000 a
5 000000000 a
6 000011110 4
7 001110100 4

Input 0: 00100000
0 0
1 0
2 1
3 0
4 0
5 0
6 0
7 0

Input 1: 00110000
0 0
1 0
2 1
3 1
4 0
5 0
6 0
7 0

Input 2: 01101011
0 0
1 1
2 1
3 0
4 1
5 0
6 1
7 1

Input 3: 01100001
0 0
1 1
2 1
3 0
4 0
5 0
6 0
7 1

Input 4: 11010111
0 1
1 1
2 0
3 1
4 0
5 1
6 1
7 1

Input 5: 10000011
0 1
1 0
2 0
3 0
4 0
5 0
6 1
7 1

Input 6: 11100000
0 1
1 1
2 1
3 0
4 0
5 0
6 0
7 0

Input 7: 10011001
0 1
1 0
2 0
3 1
4 1
5 0
6 0
7 1

Input 8: 00011111
0 0
1 0
2 0
3 1
4 1
5 1
6 1
7 1

When matching output
x: not in operator
y: wrong position

Identity
0 000011110 4 match 6
1 001110100 4 match 7
2 111100100 5
3 010010011 4
4 001000011 3
5 000010001 2 match 0
6 001011001 4 match 1
7 001111011 6 match 2

Matching output
0 5
1 6
2 7
3 absent
4 absent
5 absent
6 0
7 1

Left
5 6 7 0y
Best: I5 6 7: 3

Right
1 0 7y
Best: I1 0: 2

NOT
0 111100001 5
1 110001011 5
2 000011011 4
3 101101100 5
4 110111100 6
5 111101110 7
6 110100110 5
7 110000100 3

Matching output
0 absent
1 absent
2 absent
3 absent
4 absent
5 absent
6 absent
7 absent

Left
none
Best: none

Right
none
Best: none

Constant
0 000000000 a match 3 4 5
1 111111111 a

Matching output
0 absent
1 absent
2 absent
3 C0
4 C0
5 C0
6 absent
7 absent

Left
none
Best: none

Right
none
Best: none

AND
01 10 000010100 2
12 21 001100100 3
23 32 010000000 1
34 43 000000011 2
45 54 000000001 1
56 65 000010001 2 match 0
67 76 001011001 4 match 1
70 07 000011010 3

02 20 000000100 1
13 31 000010000 1
24 42 001000000 1
35 53 000010001 2 match 0
46 64 001000001 2
57 75 000010001 2 match 0
60 06 000011000 2
71 17 001110000 3

03 30 000010010 2
14 41 001000000 1
25 52 000000000 a match 3 4 5
36 63 000010001 2 match 0
47 74 001000011 3
50 05 000010000 1
61 16 001010000 2
72 27 001100000 2

04 40 000000010 1
15 51 000010000 1
26 62 001000000 1
37 73 000010011 3

Matching output
0 56 65 35 53 57 75 36 63
1 67 76
2 absent
3 25 52
4 25 52
5 25 52
6 absent
7 absent

Left
56 67 70x
65 76 07x
35 46x
53 64x
57 60x
75 06x
36 47x
63 74x
Best: AND56 67: 2

Right
none
Best: none

OR
01 10 001111110 6
12 21 111110100 6
23 32 111110111 8
34 43 011010011 5
45 54 001010011 4
56 65 001011001 4 match 1
67 76 001111011 6 match 2
70 07 001111111 7

02 20 111111110 8
13 31 011110111 7
24 42 111100111 7
35 53 010010011 4
46 64 001011011 5
57 75 001111011 6 match 2
60 06 001011111 6
71 17 001111111 7

03 30 010011111 6
14 41 001110111 6
25 52 111110101 7
36 63 011011011 6
47 74 001111011 6 match 2
50 05 000011111 5
61 16 001111101 6
72 27 111111111 a

04 40 001011111 6
15 51 001110101 5
26 62 111111101 8
37 73 011111011 7

Matching output
0 absent
1 56 65
2 67 76 57 75 47 74
3 absent
4 absent
5 absent
6 absent
7 absent

Left
none
Best: none

Right
none
Best: none

XOR
01 10 001101010 4
12 21 110010000 3
23 32 101110111 7
34 43 011010000 3
45 54 001010010 3
56 65 001001000 2
67 76 000100010 2
70 07 001100101 4

02 20 111111010 7
13 31 011100111 6
24 42 110100111 6
35 53 010000010 2
46 64 000011010 3
57 75 001101010 4
60 06 001000111 4
71 17 000001111 4

03 30 010001101 4
14 41 000110111 5
25 52 111110101 7
36 63 011001010 4
47 74 000111000 3
50 05 000001111 4
61 16 000101101 4
72 27 110011111 7

04 40 001011101 5
15 51 001100101 4
26 62 110111101 7
37 73 011101000 4

Matching output
0 absent
1 absent
2 absent
3 absent
4 absent
5 absent
6 absent
7 absent

Left
none
Best: none

Right
none
Best: none

AND-NOT
01 000001010 2
12 000010000 1
23 101100100 4
34 010010000 2
45 001000010 2
56 000000000 a match 3 4 5
67 000000000 a match 3 4 5
70 001100001 3

02 000011010 3
13 001100100 3
24 110100100 4
35 010000010 2
46 000000010 1
57 000000000 a match 3 4 5
60 001000001 2
71 000001011 3

03 000001100 2
14 000110100 3
25 111100100 5
36 010000010 2
47 000000000 a match 3 4 5
50 000000001 1
61 000001001 2
72 000011011 4

04 000011100 3
15 001100100 3
26 110100100 4
37 010000000 1
40 001000001 2
51 000000001 1
62 000011001 3
73 001101000 3

05 000001110 3
16 000100100 2
27 110000100 3
30 010000001 2
41 000000011 2
52 000010001 2 match 0
63 001001000 2
74 000111000 3

06 000000110 2
17 000000100 1
20 111100000 4
31 010000011 3
42 000000011 2
53 000000000 a match 3 4 5
64 000011000 2
75 001101010 4

07 000000100 1
10 001100000 2
21 110000000 2
32 000010011 3
43 001000000 1
54 000010000 1
65 001001000 2
76 000100010 2

Matching output
0 52
1 absent
2 absent
3 56 67 57 47 53
4 56 67 57 47 53
5 56 67 57 47 53
6 absent
7 absent

Left
52 63x
Best: AND-NOT52: 1

Right
none
Best: none

OR-NOT
01 110011111 7
12 001111111 7
23 111101100 6
34 110111111 8
45 111101111 8
56 110110111 7
67 111011101 7
70 111111011 8

02 000011111 5
13 101111100 6
24 111111100 7
35 111111111 a
46 111100111 7
57 110010101 5
60 111111001 7
71 111111011 8

03 101111110 7
14 111111100 7
25 111101110 7
36 110110111 7
47 111000111 6
50 111110001 6
61 111011011 7
72 001111011 6 match 2

04 110111110 7
15 111111110 8
26 111100110 6
37 110010111 6
40 111100011 6
51 110011011 6
62 001011011 5
73 101111111 8

05 111111110 8
16 111110110 7
27 111100100 5
30 111110011 7
41 111001011 6
52 000011011 4
63 101111101 7
74 111111111 a

06 110111110 7
17 111110100 6
20 111100101 6
31 110011011 6
42 001011011 5
53 101111101 7
64 111111101 8
75 111111111 a

07 110011110 6
10 111110101 7
21 111101111 8
32 010011011 5
43 101101111 7
54 110111101 7
65 111111111 a
76 111111111 a

Matching output
0 absent
1 absent
2 72
3 absent
4 absent
5 absent
6 absent
7 absent

Left
none
Best: none

Right
none
Best: none

XOR-NOT
01 110010101 5
12 001101111 6
23 010001000 2
34 100101111 6
45 110101101 6
56 110110111 7
67 111011101 7
70 110011010 5

02 000000101 2
13 100011000 3
24 001011000 3
35 101111101 7
46 111100101 6
57 110010101 5
60 110111000 5
71 111110000 5

03 101110010 5
14 111001000 4
25 000001010 2
36 100110101 5
47 111000111 6
50 111110000 5
61 111010010 5
72 001100000 2

04 110100010 4
15 110011010 5
26 001000010 2
37 100010111 5
40 110100010 4
51 110011010 5
62 001000010 2
73 100010111 5

05 111110000 5
16 111010010 5
27 001100000 2
30 101110010 5
41 111001000 4
52 000001010 2
63 100110101 5
74 111000111 6

06 110111000 5
17 111110000 5
20 000000101 2
31 100011000 3
42 001011000 3
53 101111101 7
64 111100101 6
75 110010101 5

07 110011010 5
10 110010101 5
21 001101111 6
32 010001000 2
43 100101111 6
54 110101101 6
65 110110111 7
76 111011101 7

Matching output
0 absent
1 absent
2 absent
3 absent
4 absent
5 absent
6 absent
7 absent

Left
none
Best: none

Right
none
Best: none

Selecting

Lefts
Identity I5 6 7: 3
NOT none
Constant none
AND AND56 67: 2
OR none
XOR none
AND-NOT AND-NOT52: 1
OR-NOT none
XOR-NOT none

Rights
Identity I1 0: 2
NOT none
Constant none
AND none
OR none
XOR none
AND-NOT none
OR-NOT none
XOR-NOT none

Left longest: 3
Right longest: 2

Left winner: Identity yes, NOT no, Constant no, AND no, OR no, XOR no, AND-NOT no, OR-NOT no, XOR-NOT no
Right winner: Identity yes, NOT no, Constant no, AND no, OR no, XOR no, AND-NOT no, OR-NOT no, XOR-NOT no

Best left: I5 6 7: 3
Best right: I1 0: 2

Truncated left: I5 6 7: 3
Truncated right: I1 0: 2

Tentative from right
7 I1
6 I0
5 pending
4 pending
3 pending
2 pending
1 pending
0 pending

Tentative
0 I5
1 I6
2 I7
3 pending
4 pending
5 pending
6 I0
7 I1

Preferred from left
0 I5
1 I6
2 I7
3 ?0?
4 ?1?
5 ?2?
6 I0
7 I1

Preferred from right
7 I1
6 I0
5 ?27
4 ?16
3 ?05
2 I7
1 I6
0 I5

Preferred
0 I5
1 I6
2 I7
3 ?05 ?50
4 ?16 ?61
5 ?27 ?72
6 I0
7 I1

Matching
0 I5
1 I6
2 I7
3 ?05 ?50 - Identity absent, NOT absent, Constant C0, AND absent, OR absent, XOR absent, AND-NOT absent, OR-NOT absent, XOR-NOT absent
4 ?16 ?61 - Identity absent, NOT absent, Constant C0, AND absent, OR absent, XOR absent, AND-NOT absent, OR-NOT absent, XOR-NOT absent
5 ?27 ?72 - Identity absent, NOT absent, Constant C0, AND absent, OR absent, XOR absent, AND-NOT absent, OR-NOT absent, XOR-NOT absent
6 I0
7 I1

Perfect match
Identity no
NOT no
Constant yes
AND no
OR no
XOR no
AND-NOT no
OR-NOT no
XOR-NOT no

Matched
0 I5
1 I6
2 I7
3 C0
4 C0
5 C0
6 I0
7 I1

Selected
0 I5
1 I6
2 I7
3 C0
4 C0
5 C0
6 I0
7 I1

Applying to 00111001
Input
0 0
1 0
2 1
3 1
4 1
5 0
6 0
7 1
Output
0 I5 = 0
1 I6 = 0
2 I7 = 1
3 C0 = 0
4 C0 = 0
5 C0 = 0
6 I0 = 0
7 I1 = 0

I will now return the answer in \boxed{}
The answer in \boxed{–} is \boxed{00100000}