We need to deduce the transformation by matching the example outputs.
I will put my final answer inside \boxed{}.

Output 0: 11011100
0 1
1 1
2 0
3 1
4 1
5 1
6 0
7 0

Output 1: 10101110
0 1
1 0
2 1
3 0
4 1
5 1
6 1
7 0

Output 2: 11110100
0 1
1 1
2 1
3 1
4 0
5 1
6 0
7 0

Output 3: 10111100
0 1
1 0
2 1
3 1
4 1
5 1
6 0
7 0

Output 4: 00001101
0 0
1 0
2 0
3 0
4 1
5 1
6 0
7 1

Output 5: 00010011
0 0
1 0
2 0
3 1
4 0
5 0
6 1
7 1

Output 6: 00111011
0 0
1 0
2 1
3 1
4 1
5 0
6 1
7 1

Output 7: 11101111
0 1
1 1
2 1
3 0
4 1
5 1
6 1
7 1

Output 8: 00100001
0 0
1 0
2 1
3 0
4 0
5 0
6 0
7 1

Output 9: 00011110
0 0
1 0
2 0
3 1
4 1
5 1
6 1
7 0

Output bit columns (with bitsum as hash)
0 1111000100 5
1 1010000100 3
2 0111001110 6
3 1011011001 6
4 1101101101 7
5 1111100101 7
6 0100011101 5
7 0000111110 5

Input 0: 01111000
0 0
1 1
2 1
3 1
4 1
5 0
6 0
7 0

Input 1: 10111100
0 1
1 0
2 1
3 1
4 1
5 1
6 0
7 0

Input 2: 10101000
0 1
1 0
2 1
3 0
4 1
5 0
6 0
7 0

Input 3: 10111000
0 1
1 0
2 1
3 1
4 1
5 0
6 0
7 0

Input 4: 00000011
0 0
1 0
2 0
3 0
4 0
5 0
6 1
7 1

Input 5: 11011111
0 1
1 1
2 0
3 1
4 1
5 1
6 1
7 1

Input 6: 01000110
0 0
1 1
2 0
3 0
4 0
5 1
6 1
7 0

Input 7: 11100111
0 1
1 1
2 1
3 0
4 0
5 1
6 1
7 1

Input 8: 10011011
0 1
1 0
2 0
3 1
4 1
5 0
6 1
7 1

Input 9: 11011100
0 1
1 1
2 0
3 1
4 1
5 1
6 0
7 0

When matching output
x: not in operator
y: wrong position

Identity
0 0111010111 7
1 1000011101 5
2 1111000100 5 match 0
3 1101010011 6
4 1111010011 7
5 0100011101 5 match 6
6 0000111110 5 match 7
7 0000110110 4

Matching output
0 2
1 absent
2 absent
3 absent
4 absent
5 absent
6 5
7 6

Left
2 3x
Best: I2: 1

Right
6 5 4x
Best: I6 5: 2

NOT
0 1000101000 3
1 0111100010 5
2 0000111011 5
3 0010101100 4
4 0000101100 3
5 1011100010 5
6 1111000001 5
7 1111001001 6

Matching output
0 absent
1 absent
2 absent
3 absent
4 absent
5 absent
6 absent
7 absent

Left
none
Best: none

Right
none
Best: none

Constant
0 0000000000 a
1 1111111111 a

Matching output
0 absent
1 absent
2 absent
3 absent
4 absent
5 absent
6 absent
7 absent

Left
none
Best: none

Right
none
Best: none

AND
01 10 0000010101 3
12 21 1000000100 2
23 32 1101000000 3
34 43 1101010011 6
45 54 0100010001 3
56 65 0000011100 3
67 76 0000110110 4
70 07 0000010110 3

02 20 0111000100 4
13 31 1000010001 3
24 42 1111000000 4
35 53 0100010001 3
46 64 0000010010 2
57 75 0000010100 2
60 06 0000010110 3
71 17 0000010100 2

03 30 0101010011 5
14 41 1000010001 3
25 52 0100000100 2
36 63 0000010010 2
47 74 0000010010 2
50 05 0100010101 4
61 16 0000011100 3
72 27 0000000100 1

04 40 0111010011 6
15 51 0000011101 4
26 62 0000000100 1
37 73 0000010010 2

Matching output
0 absent
1 absent
2 absent
3 absent
4 absent
5 absent
6 absent
7 absent

Left
none
Best: none

Right
none
Best: none

OR
01 10 1111011111 9
12 21 1111011101 8
23 32 1111010111 8
34 43 1111010011 7
45 54 1111011111 9
56 65 0100111111 7
67 76 0000111110 5 match 7
70 07 0111110111 8

02 20 1111010111 8
13 31 1101011111 8
24 42 1111010111 8
35 53 1101011111 8
46 64 1111111111 a
57 75 0100111111 7
60 06 0111111111 9
71 17 1000111111 7

03 30 1111010111 8
14 41 1111011111 9
25 52 1111011101 8
36 63 1101111111 9
47 74 1111110111 9
50 05 0111011111 8
61 16 1000111111 7
72 27 1111110110 8

04 40 1111010111 8
15 51 1100011101 6
26 62 1111111110 9
37 73 1101110111 8

Matching output
0 absent
1 absent
2 absent
3 absent
4 absent
5 absent
6 absent
7 67 76

Left
none
Best: none

Right
67 56x
76 65x
Best: OR67: 1

XOR
01 10 1111001010 6
12 21 0111011001 6
23 32 0010010111 5
34 43 0010000000 1
45 54 1011001110 6
56 65 0100100011 4
67 76 0000001000 1
70 07 0111100001 5

02 20 1000010011 4
13 31 0101001110 5
24 42 0000010111 4
35 53 1001001110 5
46 64 1111101101 8
57 75 0100101011 5
60 06 0111101001 6
71 17 1000101011 5

03 30 1010000100 3 match 1
14 41 0111001110 6 match 2
25 52 1011011001 6 match 3
36 63 1101101101 7 match 4
47 74 1111100101 7 match 5
50 05 0011001010 4
61 16 1000100011 4
72 27 1111110010 7

04 40 1000000100 2
15 51 1100000000 2
26 62 1111111010 8
37 73 1101100101 6

Matching output
0 absent
1 03 30
2 14 41
3 25 52
4 36 63
5 47 74
6 absent
7 absent

Left
none
Best: none

Right
none
Best: none

AND-NOT
01 0111000010 4
12 0000011001 3
23 0010000100 2
34 0000000000 a
45 1011000010 4
56 0100000001 2
67 0000001000 1
70 0000100000 1

02 0000010011 3
13 0000001100 2
24 0000000100 1
35 1001000010 3
46 1111000001 5
57 0100001001 3
60 0000101000 2
71 0000100010 2

03 0010000100 2
14 0000001100 2
25 1011000000 3
36 1101000001 4
47 1111000001 5
50 0000001000 1
61 0000100010 2
72 0000110010 3

04 0000000100 1
15 1000000000 1
26 1111000000 4
37 1101000001 4
40 1000000000 1
51 0100000000 1
62 0000111010 4
73 0000100100 2

05 0011000010 3
16 1000000001 2
27 1111000000 4
30 1000000000 1
41 0111000010 4
52 0000011001 3
63 0000101100 3
74 0000100100 2

06 0111000001 4
17 1000001001 3
20 1000000000 1
31 0101000010 3
42 0000010011 3
53 0000001100 2
64 0000101100 3
75 0000100010 2

07 0111000001 4
10 1000001000 2
21 0111000000 3
32 0000010011 3
43 0010000000 1
54 0000001100 2
65 0000100010 2
76 0000000000 a

Matching output
0 absent
1 absent
2 absent
3 absent
4 absent
5 absent
6 absent
7 absent

Left
none
Best: none

Right
none
Best: none

OR-NOT
01 0111110111 8
12 1000111111 7
23 1111101100 7
34 1101111111 9
45 1111110011 8
56 1111011101 8
67 1111111111 a
70 1000111110 6

02 0111111111 9
13 1010111101 7
24 1111101100 7
35 1111110011 8
46 1111010011 7
57 1111011101 8
60 1000111110 6
71 0111110110 7

03 0111111111 9
14 1000111101 6
25 1111100110 7
36 1111010011 7
47 1111011011 8
50 1100111101 7
61 0111111110 8
72 0000111111 6

04 0111111111 9
15 1011111111 9
26 1111000101 6
37 1111011011 8
40 1111111011 9
51 0111111111 9
62 0000111111 6
73 0010111110 6

05 1111110111 9
16 1111011101 8
27 1111001101 7
30 1101111011 8
41 1111110011 8
52 0100111111 7
63 0010111110 6
74 0000111110 5 match 7

06 1111010111 8
17 1111011101 8
20 1111101100 7
31 1111110011 8
42 1111111011 9
53 0110111101 7
64 0000111110 5 match 7
75 1011110110 7

07 1111011111 9
10 1000111101 6
21 1111100110 7
32 1101111011 8
43 1111111111 a
54 0100111101 6
65 1011111110 8
76 1111110111 9

Matching output
0 absent
1 absent
2 absent
3 absent
4 absent
5 absent
6 absent
7 74 64

Left
none
Best: none

Right
74 63x
64 53x
Best: OR-NOT74: 1

XOR-NOT
01 0000110101 4
12 1000100110 4
23 1101101000 5
34 1101111111 9
45 0100110001 4
56 1011011100 6
67 1111110111 9
70 1000011110 5

02 0111101100 6
13 1010110001 5
24 1111101000 6
35 0110110001 5
46 0000010010 2
57 1011010100 5
60 1000010110 4
71 0111010100 5

03 0101111011 7
14 1000110001 4
25 0100100110 4
36 0010010010 3
47 0000011010 3
50 1100110101 6
61 0111011100 6
72 0000001101 3

04 0111111011 8
15 0011111111 8
26 0000000101 2
37 0010011010 4
40 0111111011 8
51 0011111111 8
62 0000000101 2
73 0010011010 4

05 1100110101 6
16 0111011100 6
27 0000001101 3
30 0101111011 7
41 1000110001 4
52 0100100110 4
63 0010010010 3
74 0000011010 3

06 1000010110 4
17 0111010100 5
20 0111101100 6
31 1010110001 5
42 1111101000 6
53 0110110001 5
64 0000010010 2
75 1011010100 5

07 1000011110 5
10 0000110101 4
21 1000100110 4
32 1101101000 5
43 1101111111 9
54 0100110001 4
65 1011011100 6
76 1111110111 9

Matching output
0 absent
1 absent
2 absent
3 absent
4 absent
5 absent
6 absent
7 absent

Left
none
Best: none

Right
none
Best: none

Selecting

Lefts
Identity I2: 1
NOT none
Constant none
AND none
OR none
XOR none
AND-NOT none
OR-NOT none
XOR-NOT none

Rights
Identity I6 5: 2
NOT none
Constant none
AND none
OR OR67: 1
XOR none
AND-NOT none
OR-NOT OR-NOT74: 1
XOR-NOT none

Left longest: 1
Right longest: 2

Right winner: Identity yes, NOT no, Constant no, AND no, OR no, XOR no, AND-NOT no, OR-NOT no, XOR-NOT no
Left winner: Identity yes, NOT no, Constant no, AND no, OR no, XOR no, AND-NOT no, OR-NOT no, XOR-NOT no

Best right: I6 5: 2
Best left: I2: 1

Truncated right: I6 5: 2
Truncated left: I2: 1

Tentative from right
7 I6
6 I5
5 pending
4 pending
3 pending
2 pending
1 pending
0 pending

Tentative
0 I2
1 pending
2 pending
3 pending
4 pending
5 pending
6 I5
7 I6

Preferred from right
7 I6
6 I5
5 ??4
4 ??3
3 ??2
2 ??1
1 ??0
0 I2

Preferred from left
0 I2
1 ?30
2 ?41
3 ?52
4 ?63
5 ?74
6 I5
7 I6

Preferred
0 I2
1 ?30 ?03
2 ?41 ?14
3 ?52 ?25
4 ?63 ?36
5 ?74 ?47
6 I5
7 I6

Matching
0 I2
1 ?30 ?03 - Identity absent, NOT absent, Constant absent, AND absent, OR absent, XOR30, AND-NOT absent, OR-NOT absent, XOR-NOT absent
2 ?41 ?14 - Identity absent, NOT absent, Constant absent, AND absent, OR absent, XOR41, AND-NOT absent, OR-NOT absent, XOR-NOT absent
3 ?52 ?25 - Identity absent, NOT absent, Constant absent, AND absent, OR absent, XOR52, AND-NOT absent, OR-NOT absent, XOR-NOT absent
4 ?63 ?36 - Identity absent, NOT absent, Constant absent, AND absent, OR absent, XOR63, AND-NOT absent, OR-NOT absent, XOR-NOT absent
5 ?74 ?47 - Identity absent, NOT absent, Constant absent, AND absent, OR absent, XOR74, AND-NOT absent, OR-NOT absent, XOR-NOT absent
6 I5
7 I6

Perfect match
Identity no
NOT no
Constant no
AND no
OR no
XOR yes
AND-NOT no
OR-NOT no
XOR-NOT no

Matched
0 I2
1 XOR30
2 XOR41
3 XOR52
4 XOR63
5 XOR74
6 I5
7 I6

Selected
0 I2
1 XOR30
2 XOR41
3 XOR52
4 XOR63
5 XOR74
6 I5
7 I6

Applying to 10000000
Input
0 1
1 0
2 0
3 0
4 0
5 0
6 0
7 0
Output
0 I2 = 0
1 XOR30 = XOR(0,1) = 1
2 XOR41 = XOR(0,0) = 0
3 XOR52 = XOR(0,0) = 0
4 XOR63 = XOR(0,0) = 0
5 XOR74 = XOR(0,0) = 0
6 I5 = 0
7 I6 = 0

I will now return the answer in \boxed{}
The answer in \boxed{–} is \boxed{01000000}