We need to deduce the transformation by matching the example outputs.
I will put my final answer inside \boxed{}.

Output 0: 00001000
0 0
1 0
2 0
3 0
4 1
5 0
6 0
7 0

Output 1: 00101000
0 0
1 0
2 1
3 0
4 1
5 0
6 0
7 0

Output 2: 00100110
0 0
1 0
2 1
3 0
4 0
5 1
6 1
7 0

Output 3: 10001011
0 1
1 0
2 0
3 0
4 1
5 0
6 1
7 1

Output 4: 00001110
0 0
1 0
2 0
3 0
4 1
5 1
6 1
7 0

Output 5: 10010011
0 1
1 0
2 0
3 1
4 0
5 0
6 1
7 1

Output 6: 00001100
0 0
1 0
2 0
3 0
4 1
5 1
6 0
7 0

Output 7: 01001101
0 0
1 1
2 0
3 0
4 1
5 1
6 0
7 1

Output 8: 01000100
0 0
1 1
2 0
3 0
4 0
5 1
6 0
7 0

Output 9: 00001001
0 0
1 0
2 0
3 0
4 1
5 0
6 0
7 1

Output bit columns (with bitsum as hash)
0 0001010000 2
1 0000000110 2
2 0110000000 2
3 0000010000 1
4 1101101101 7
5 0010101110 5
6 0011110000 4
7 0001010101 4

Input 0: 00000111
0 0
1 0
2 0
3 0
4 0
5 1
6 1
7 1

Input 1: 00011101
0 0
1 0
2 0
3 1
4 1
5 1
6 0
7 1

Input 2: 11001100
0 1
1 1
2 0
3 0
4 1
5 1
6 0
7 0

Input 3: 01110011
0 0
1 1
2 1
3 1
4 0
5 0
6 1
7 1

Input 4: 11000011
0 1
1 1
2 0
3 0
4 0
5 0
6 1
7 1

Input 5: 01110010
0 0
1 1
2 1
3 1
4 0
5 0
6 1
7 0

Input 6: 10001111
0 1
1 0
2 0
3 0
4 1
5 1
6 1
7 1

Input 7: 10111001
0 1
1 0
2 1
3 1
4 1
5 0
6 0
7 1

Input 8: 10001000
0 1
1 0
2 0
3 0
4 1
5 0
6 0
7 0

Input 9: 00111111
0 0
1 0
2 1
3 1
4 1
5 1
6 1
7 1

When matching output
x: not in operator
y: wrong position

Identity
0 0010101110 5 match 5
1 0011110000 4 match 6
2 0001010101 4 match 7
3 0101010101 5
4 0110001111 6
5 1110001001 5
6 1001111001 6
7 1101101101 7 match 4

Matching output
0 absent
1 absent
2 absent
3 absent
4 7
5 0
6 1
7 2

Left
none
Best: none

Right
2 1 0 7 6x
Best: I2 1 0 7: 4

NOT
0 1101010001 5
1 1100001111 6
2 1110101010 6
3 1010101010 5
4 1001110000 4
5 0001110110 5
6 0110000110 4
7 0010010010 3

Matching output
0 absent
1 absent
2 absent
3 absent
4 absent
5 absent
6 absent
7 absent

Left
none
Best: none

Right
none
Best: none

Constant
0 0000000000 a
1 1111111111 a

Matching output
0 absent
1 absent
2 absent
3 absent
4 absent
5 absent
6 absent
7 absent

Left
none
Best: none

Right
none
Best: none

AND
01 10 0010100000 2
12 21 0001010000 2 match 0
23 32 0001010101 4 match 7
34 43 0100000101 3
45 54 0110001001 4
56 65 1000001001 3
67 76 1001101001 5
70 07 0000101100 3

02 20 0000000100 1
13 31 0001010000 2 match 0
24 42 0000000101 2
35 53 0100000001 2
46 64 0000001001 2
57 75 1100001001 4
60 06 0000101000 2
71 17 0001100000 2

03 30 0000000100 1
14 41 0010000000 1
25 52 0000000001 1
36 63 0001010001 3
47 74 0100001101 4
50 05 0010001000 2
61 16 0001110000 3
72 27 0001000101 3

04 40 0010001110 4
15 51 0010000000 1
26 62 0001010001 3
37 73 0101000101 4

Matching output
0 12 21 13 31
1 absent
2 absent
3 absent
4 absent
5 absent
6 absent
7 23 32

Left
12 23y
21 32y
13 24x
31 42x
Best: AND12: 1

Right
23 12y
32 21y
Best: AND23: 1

OR
01 10 0011111110 7
12 21 0011110101 6
23 32 0101010101 5
34 43 0111011111 8
45 54 1110001111 7
56 65 1111111001 8
67 76 1101111101 8
70 07 1111101111 9

02 20 0011111111 8
13 31 0111110101 7
24 42 0111011111 8
35 53 1111011101 8
46 64 1111111111 a
57 75 1111101101 8
60 06 1011111111 9
71 17 1111111101 9

03 30 0111111111 9
14 41 0111111111 9
25 52 1111011101 8
36 63 1101111101 8
47 74 1111101111 9
50 05 1110101111 8
61 16 1011111001 7
72 27 1101111101 8

04 40 0110101111 7
15 51 1111111001 8
26 62 1001111101 7
37 73 1101111101 8

Matching output
0 absent
1 absent
2 absent
3 absent
4 absent
5 absent
6 absent
7 absent

Left
none
Best: none

Right
none
Best: none

XOR
01 10 0001011110 5
12 21 0010100101 4
23 32 0100000000 1
34 43 0011011010 5
45 54 1000000110 3
56 65 0111110000 5
67 76 0100010100 3
70 07 1111000011 6

02 20 0011111011 7
13 31 0110100101 5
24 42 0111011010 6
35 53 1011011100 6
46 64 1111110110 8
57 75 0011100100 4
60 06 1011010111 7
71 17 1110011101 7

03 30 0111111011 8
14 41 0101111111 8
25 52 1111011100 7
36 63 1100101100 5
47 74 1011100010 5
50 05 1100100111 6
61 16 1010001001 4
72 27 1100111000 5

04 40 0100100001 3
15 51 1101111001 7
26 62 1000101100 4
37 73 1000111000 4

Matching output
0 absent
1 absent
2 absent
3 absent
4 absent
5 absent
6 absent
7 absent

Left
none
Best: none

Right
none
Best: none

AND-NOT
01 0000001110 3
12 0010100000 2
23 0000000000 a
34 0001010000 2 match 0
45 0000000110 2 match 1
56 0110000000 2 match 2
67 0000010000 1 match 3
70 1101000001 4

02 0010101010 4
13 0010100000 2
24 0001010000 2 match 0
35 0001010100 3
46 0110000110 4
57 0010000000 1
60 1001010001 4
71 1100001101 5

03 0010101010 4
14 0001110000 3
25 0001010100 3
36 0100000100 2
47 0010000010 2
50 1100000001 3
61 1000001001 3
72 1100101000 4

04 0000100000 1
15 0001110000 3
26 0000000100 1
37 0000010000 1 match 3
40 0100000001 2
51 1100001001 4
62 1000101000 3
73 1000101000 3

05 0000100110 3
16 0010000000 1
27 0000010000 1 match 3
30 0101010001 4
41 0100001111 5
52 1110001000 4
63 1000101000 3
74 1001100000 3

06 0010000110 3
17 0010010000 2
20 0001010001 3
31 0100000101 3
42 0110001010 4
53 1010001000 3
64 1001110000 4
75 0001100100 3

07 0010000010 2
10 0001010000 2 match 0
21 0000000101 2
32 0100000000 1
43 0010001010 3
54 1000000000 1
65 0001110000 3
76 0100000100 2

Matching output
0 34 24 10
1 45
2 56
3 67 37 27
4 absent
5 absent
6 absent
7 absent

Left
34 45 56 67 70x
24 35x
10 21x
Best: AND-NOT34 45 56 67: 4

Right
none
Best: none

OR-NOT
01 1110101111 8
12 1111111010 8
23 1011111111 9
34 1101110101 7
45 0111111111 9
56 1110001111 7
67 1011111011 8
70 1101111101 8

02 1110101110 7
13 1011111010 7
24 1001110101 6
35 0101110111 7
46 0110001111 6
57 1110011011 7
60 1101111001 7
71 1101101111 8

03 1010101110 6
14 1011110000 5
25 0001110111 6
36 0111010111 7
47 0110011111 7
50 1111011001 7
61 1101111111 9
72 1111101111 9

04 1011111110 8
15 0011110110 6
26 0111010111 7
37 0111010111 7
40 1111011111 9
51 1110001111 7
62 1111111011 9
73 1111101111 9

05 0011111110 7
16 0111110110 7
27 0011010111 6
30 1101010101 6
41 1110001111 7
52 1110101011 7
63 1011111011 8
74 1101111101 8

06 0110101110 6
17 0011110010 5
20 1101010101 6
31 1101011111 8
42 1110101111 8
53 1110101011 7
64 1001111001 6
75 1101111111 9

07 0010111110 6
10 1111110001 7
21 1101011111 8
32 1111111111 a
43 1110101111 8
54 1111111001 8
65 1001111111 8
76 1111101111 9

Matching output
0 absent
1 absent
2 absent
3 absent
4 absent
5 absent
6 absent
7 absent

Left
none
Best: none

Right
none
Best: none

XOR-NOT
01 1110100001 5
12 1101011010 6
23 1011111111 9
34 1100100101 5
45 0111111001 7
56 1000001111 5
67 1011101011 7
70 0000111100 4

02 1100000100 3
13 1001011010 5
24 1000100101 4
35 0100100011 4
46 0000001001 2
57 1100011011 6
60 0100101000 3
71 0001100010 3

03 1000000100 2
14 1010000000 2
25 0000100011 3
36 0011010011 5
47 0100011101 5
50 0011011000 4
61 0101110110 6
72 0011000111 5

04 1011011110 7
15 0010000110 3
26 0111010011 6
37 0111000111 6
40 1011011110 7
51 0010000110 3
62 0111010011 6
73 0111000111 6

05 0011011000 4
16 0101110110 6
27 0011000111 5
30 1000000100 2
41 1010000000 2
52 0000100011 3
63 0011010011 5
74 0100011101 5

06 0100101000 3
17 0001100010 3
20 1100000100 3
31 1001011010 5
42 1000100101 4
53 0100100011 4
64 0000001001 2
75 1100011011 6

07 0000111100 4
10 1110100001 5
21 1101011010 6
32 1011111111 9
43 1100100101 5
54 0111111001 7
65 1000001111 5
76 1011101011 7

Matching output
0 absent
1 absent
2 absent
3 absent
4 absent
5 absent
6 absent
7 absent

Left
none
Best: none

Right
none
Best: none

Selecting

Lefts
Identity none
NOT none
Constant none
AND AND12: 1
OR none
XOR none
AND-NOT AND-NOT34 45 56 67: 4
OR-NOT none
XOR-NOT none

Rights
Identity I2 1 0 7: 4
NOT none
Constant none
AND AND23: 1
OR none
XOR none
AND-NOT none
OR-NOT none
XOR-NOT none

Left longest: 4
Right longest: 4

Left winner: Identity no, NOT no, Constant no, AND no, OR no, XOR no, AND-NOT yes, OR-NOT no, XOR-NOT no
Right winner: Identity yes, NOT no, Constant no, AND no, OR no, XOR no, AND-NOT no, OR-NOT no, XOR-NOT no

Best left: AND-NOT34 45 56 67: 4
Best right: I2 1 0 7: 4

Truncated left: AND-NOT34 45 56 67: 4
Truncated right: I2 1 0 7: 4

Tentative from right
7 I2
6 I1
5 I0
4 I7
3 pending
2 pending
1 pending
0 pending

Tentative
0 AND-NOT34
1 AND-NOT45
2 AND-NOT56
3 AND-NOT67
4 I7
5 I0
6 I1
7 I2

Preferred from left
0 AND-NOT34
1 AND-NOT45
2 AND-NOT56
3 AND-NOT67
4 I7
5 I0
6 I1
7 I2

Preferred from right
7 I2
6 I1
5 I0
4 I7
3 AND-NOT67
2 AND-NOT56
1 AND-NOT45
0 AND-NOT34

Preferred
0 AND-NOT34
1 AND-NOT45
2 AND-NOT56
3 AND-NOT67
4 I7
5 I0
6 I1
7 I2

Matching
0 AND-NOT34
1 AND-NOT45
2 AND-NOT56
3 AND-NOT67
4 I7
5 I0
6 I1
7 I2

Perfect match
Identity no
NOT no
Constant no
AND no
OR no
XOR no
AND-NOT no
OR-NOT no
XOR-NOT no

Matched
0 AND-NOT34
1 AND-NOT45
2 AND-NOT56
3 AND-NOT67
4 I7
5 I0
6 I1
7 I2

Selected
0 AND-NOT34
1 AND-NOT45
2 AND-NOT56
3 AND-NOT67
4 I7
5 I0
6 I1
7 I2

Applying to 01101011
Input
0 0
1 1
2 1
3 0
4 1
5 0
6 1
7 1
Output
0 AND-NOT34 = AND(0,NOT(1)) = 0
1 AND-NOT45 = AND(1,NOT(0)) = 1
2 AND-NOT56 = AND(0,NOT(1)) = 0
3 AND-NOT67 = AND(1,NOT(1)) = 0
4 I7 = 1
5 I0 = 0
6 I1 = 1
7 I2 = 1

I will now return the answer in \boxed{}
The answer in \boxed{–} is \boxed{01001011}