We need to deduce the transformation by matching the example outputs.
I will put my final answer inside \boxed{}.

Output 0: 00110001
0 0
1 0
2 1
3 1
4 0
5 0
6 0
7 1

Output 1: 11000001
0 1
1 1
2 0
3 0
4 0
5 0
6 0
7 1

Output 2: 00000000
0 0
1 0
2 0
3 0
4 0
5 0
6 0
7 0

Output 3: 11000000
0 1
1 1
2 0
3 0
4 0
5 0
6 0
7 0

Output 4: 11100000
0 1
1 1
2 1
3 0
4 0
5 0
6 0
7 0

Output 5: 01100001
0 0
1 1
2 1
3 0
4 0
5 0
6 0
7 1

Output 6: 01010000
0 0
1 1
2 0
3 1
4 0
5 0
6 0
7 0

Output 7: 11010001
0 1
1 1
2 0
3 1
4 0
5 0
6 0
7 1

Output bit columns (with bitsum as hash)
0 01011001 4
1 01011111 6
2 10001100 3
3 10000011 3
4 00000000 a
5 00000000 a
6 00000000 a
7 11000101 4

Input 0: 10100011
0 1
1 0
2 1
3 0
4 0
5 0
6 1
7 1

Input 1: 11101100
0 1
1 1
2 1
3 0
4 1
5 1
6 0
7 0

Input 2: 01000000
0 0
1 1
2 0
3 0
4 0
5 0
6 0
7 0

Input 3: 00111100
0 0
1 0
2 1
3 1
4 1
5 1
6 0
7 0

Input 4: 00111110
0 0
1 0
2 1
3 1
4 1
5 1
6 1
7 0

Input 5: 11000110
0 1
1 1
2 0
3 0
4 0
5 1
6 1
7 0

Input 6: 01000101
0 0
1 1
2 0
3 0
4 0
5 1
6 0
7 1

Input 7: 10101101
0 1
1 0
2 1
3 0
4 1
5 1
6 0
7 1

When matching output
x: not in operator
y: wrong position

Identity
0 11000101 4 match 7
1 01100110 4
2 11011001 5
3 00011000 2
4 01011001 4 match 0
5 01011111 6 match 1
6 10001100 3 match 2
7 10000011 3 match 3

Matching output
0 4
1 5
2 6
3 7
4 absent
5 absent
6 absent
7 0

Left
4 5 6 7 0y
Best: I4 5 6 7: 4

Right
0 7y
Best: I0: 1

NOT
0 00111010 4
1 10011001 4
2 00100110 3
3 11100111 6
4 10100110 4
5 10100000 2
6 01110011 5
7 01111100 5

Matching output
0 absent
1 absent
2 absent
3 absent
4 absent
5 absent
6 absent
7 absent

Left
none
Best: none

Right
none
Best: none

Constant
0 00000000 a match 4 5 6
1 11111111 a

Matching output
0 absent
1 absent
2 absent
3 absent
4 C0
5 C0
6 C0
7 absent

Left
none
Best: none

Right
none
Best: none

AND
01 10 01000100 2
12 21 01000000 1
23 32 00011000 2
34 43 00011000 2
45 54 01011001 4 match 0
56 65 00001100 2
67 76 10000000 1
70 07 10000001 2

02 20 11000001 3
13 31 00000000 a match 4 5 6
24 42 01011001 4 match 0
35 53 00011000 2
46 64 00001000 1
57 75 00000011 2
60 06 10000100 2
71 17 00000010 1

03 30 00000000 a match 4 5 6
14 41 01000000 1
25 52 01011001 4 match 0
36 63 00001000 1
47 74 00000001 1
50 05 01000101 3
61 16 00000100 1
72 27 10000001 2

04 40 01000001 2
15 51 01000110 3
26 62 10001000 2
37 73 00000000 a match 4 5 6

Matching output
0 45 54 24 42 25 52
1 absent
2 absent
3 absent
4 13 31 03 30 37 73
5 13 31 03 30 37 73
6 13 31 03 30 37 73
7 absent

Left
45 56x
54 65x
24 35x
42 53x
25 36x
52 63x
Best: AND45: 1

Right
none
Best: none

OR
01 10 11100111 6
12 21 11111111 a
23 32 11011001 5
34 43 01011001 4 match 0
45 54 01011111 6 match 1
56 65 11011111 7
67 76 10001111 5
70 07 11000111 5

02 20 11011101 6
13 31 01111110 6
24 42 11011001 5
35 53 01011111 6 match 1
46 64 11011101 6
57 75 11011111 7
60 06 11001101 5
71 17 11100111 6

03 30 11011101 6
14 41 01111111 7
25 52 11011111 7
36 63 10011100 4
47 74 11011011 6
50 05 11011111 7
61 16 11101110 6
72 27 11011011 6

04 40 11011101 6
15 51 01111111 7
26 62 11011101 6
37 73 10011011 5

Matching output
0 34 43
1 45 54 35 53
2 absent
3 absent
4 absent
5 absent
6 absent
7 absent

Left
34 45 56x
43 54 65x
Best: OR34 45: 2

Right
none
Best: none

XOR
01 10 10100011 4
12 21 10111111 7
23 32 11000001 3
34 43 01000001 2
45 54 00000110 2
56 65 11010011 5
67 76 00001111 4
70 07 01000110 3

02 20 00011100 3
13 31 01111110 6
24 42 10000000 1
35 53 01000111 4
46 64 11010101 5
57 75 11011100 5
60 06 01001001 3
71 17 11100101 5

03 30 11011101 6
14 41 00111111 6
25 52 10000110 3
36 63 10010100 3
47 74 11011010 5
50 05 10011010 4
61 16 11101010 5
72 27 01011010 4

04 40 10011100 4
15 51 00111001 4
26 62 01010101 4
37 73 10011011 5

Matching output
0 absent
1 absent
2 absent
3 absent
4 absent
5 absent
6 absent
7 absent

Left
none
Best: none

Right
none
Best: none

AND-NOT
01 10000001 2
12 00100110 3
23 11000001 3
34 00000000 a match 4 5 6
45 00000000 a match 4 5 6
56 01010011 4
67 00001100 2
70 00000010 1

02 00000100 1
13 01100110 4
24 10000000 1
35 00000000 a match 4 5 6
46 01010001 3
57 01011100 4
60 00001000 1
71 10000001 2

03 11000101 4 match 7
14 00100110 3
25 10000000 1
36 00010000 1
47 01011000 3
50 00011010 3
61 10001000 2
72 00000010 1

04 10000100 2
15 00100000 1
26 01010001 3
37 00011000 2
40 00011000 2
51 00011001 3
62 00000100 1
73 10000011 3 match 3

05 10000000 1
16 01100010 3
27 01011000 3
30 00011000 2
41 00011001 3
52 00000110 2
63 10000100 2
74 10000010 2

06 01000001 2
17 01100100 3
20 00011000 2
31 00011000 2
42 00000000 a match 4 5 6
53 01000111 4
64 10000100 2
75 10000000 1

07 01000100 2
10 00100010 2
21 10011001 4
32 00000000 a match 4 5 6
43 01000001 2
54 00000110 2
65 10000000 1
76 00000011 2

Matching output
0 absent
1 absent
2 absent
3 73
4 34 45 35 42 32
5 34 45 35 42 32
6 34 45 35 42 32
7 03

Left
none
Best: none

Right
03 72x
Best: AND-NOT03: 1

OR-NOT
01 11011101 6
12 01100110 4
23 11111111 a
34 10111110 6
45 11111001 6
56 01111111 7
67 11111100 6
70 10111011 6

02 11100111 6
13 11100111 6
24 11111111 a
35 10111000 4
46 01111011 6
57 01111111 7
60 10111110 6
71 10011011 5

03 11100111 6
14 11100110 5
25 11111001 6
36 01111011 6
47 01111101 6
50 01111111 7
61 10011101 5
72 10100111 5

04 11100111 6
15 11100110 5
26 11111011 7
37 01111100 5
40 01111011 6
51 11011111 7
62 10101110 5
73 11100111 6

05 11100101 5
16 01110111 6
27 11111101 7
30 00111010 4
41 11011001 5
52 01111111 7
63 11101111 7
74 10100111 5

06 11110111 7
17 01111110 6
20 11111011 7
31 10011001 4
42 01111111 7
53 11111111 a
64 10101110 5
75 10100011 4

07 11111101 7
10 01111110 6
21 11011001 5
32 00111110 5
43 11111111 a
54 11111111 a
65 10101100 4
76 11110011 6

Matching output
0 absent
1 absent
2 absent
3 absent
4 absent
5 absent
6 absent
7 absent

Left
none
Best: none

Right
none
Best: none

XOR-NOT
01 01011100 4
12 01000000 1
23 00111110 5
34 10111110 6
45 11111001 6
56 00101100 3
67 11110000 4
70 10111001 5

02 11100011 5
13 10000001 2
24 01111111 7
35 10111000 4
46 00101010 3
57 00100011 3
60 10110110 5
71 00011010 3

03 00100010 2
14 11000000 2
25 01111001 5
36 01101011 5
47 00100101 3
50 01100101 4
61 00010101 3
72 10100101 4

04 01100011 4
15 11000110 4
26 10101010 4
37 01100100 3
40 01100011 4
51 11000110 4
62 10101010 4
73 01100100 3

05 01100101 4
16 00010101 3
27 10100101 4
30 00100010 2
41 11000000 2
52 01111001 5
63 01101011 5
74 00100101 3

06 10110110 5
17 00011010 3
20 11100011 5
31 10000001 2
42 01111111 7
53 10111000 4
64 00101010 3
75 00100011 3

07 10111001 5
10 01011100 4
21 01000000 1
32 00111110 5
43 10111110 6
54 11111001 6
65 00101100 3
76 11110000 4

Matching output
0 absent
1 absent
2 absent
3 absent
4 absent
5 absent
6 absent
7 absent

Left
none
Best: none

Right
none
Best: none

Selecting

Lefts
Identity I4 5 6 7: 4
NOT none
Constant none
AND AND45: 1
OR OR34 45: 2
XOR none
AND-NOT none
OR-NOT none
XOR-NOT none

Rights
Identity I0: 1
NOT none
Constant none
AND none
OR none
XOR none
AND-NOT AND-NOT03: 1
OR-NOT none
XOR-NOT none

Left longest: 4
Right longest: 1

Left winner: Identity yes, NOT no, Constant no, AND no, OR no, XOR no, AND-NOT no, OR-NOT no, XOR-NOT no
Right winner: Identity yes, NOT no, Constant no, AND no, OR no, XOR no, AND-NOT no, OR-NOT no, XOR-NOT no

Best left: I4 5 6 7: 4
Best right: I0: 1

Truncated left: I4 5 6 7: 4
Truncated right: I0: 1

Tentative from right
7 I0
6 pending
5 pending
4 pending
3 pending
2 pending
1 pending
0 pending

Tentative
0 I4
1 I5
2 I6
3 I7
4 pending
5 pending
6 pending
7 I0

Preferred from left
0 I4
1 I5
2 I6
3 I7
4 ?0?
5 ?1?
6 ?2?
7 I0

Preferred from right
7 I0
6 ?27
5 ?16
4 ?05
3 I7
2 I6
1 I5
0 I4

Preferred
0 I4
1 I5
2 I6
3 I7
4 ?05 ?50
5 ?16 ?61
6 ?27 ?72
7 I0

Matching
0 I4
1 I5
2 I6
3 I7
4 ?05 ?50 - Identity absent, NOT absent, Constant C0, AND absent, OR absent, XOR absent, AND-NOT absent, OR-NOT absent, XOR-NOT absent
5 ?16 ?61 - Identity absent, NOT absent, Constant C0, AND absent, OR absent, XOR absent, AND-NOT absent, OR-NOT absent, XOR-NOT absent
6 ?27 ?72 - Identity absent, NOT absent, Constant C0, AND absent, OR absent, XOR absent, AND-NOT absent, OR-NOT absent, XOR-NOT absent
7 I0

Perfect match
Identity no
NOT no
Constant yes
AND no
OR no
XOR no
AND-NOT no
OR-NOT no
XOR-NOT no

Matched
0 I4
1 I5
2 I6
3 I7
4 C0
5 C0
6 C0
7 I0

Selected
0 I4
1 I5
2 I6
3 I7
4 C0
5 C0
6 C0
7 I0

Applying to 00001100
Input
0 0
1 0
2 0
3 0
4 1
5 1
6 0
7 0
Output
0 I4 = 1
1 I5 = 1
2 I6 = 0
3 I7 = 0
4 C0 = 0
5 C0 = 0
6 C0 = 0
7 I0 = 0

I will now return the answer in \boxed{}
The answer in \boxed{–} is \boxed{11000000}