We need to deduce the transformation by matching the example outputs.
I will put my final answer inside \boxed{}.

Output 0: 11000000
0 1
1 1
2 0
3 0
4 0
5 0
6 0
7 0

Output 1: 00011100
0 0
1 0
2 0
3 1
4 1
5 1
6 0
7 0

Output 2: 11001101
0 1
1 1
2 0
3 0
4 1
5 1
6 0
7 1

Output 3: 10010101
0 1
1 0
2 0
3 1
4 0
5 1
6 0
7 1

Output 4: 01001010
0 0
1 1
2 0
3 0
4 1
5 0
6 1
7 0

Output 5: 01000101
0 0
1 1
2 0
3 0
4 0
5 1
6 0
7 1

Output 6: 00001111
0 0
1 0
2 0
3 0
4 1
5 1
6 1
7 1

Output 7: 00110111
0 0
1 0
2 1
3 1
4 0
5 1
6 1
7 1

Output 8: 10000100
0 1
1 0
2 0
3 0
4 0
5 1
6 0
7 0

Output 9: 00011000
0 0
1 0
2 0
3 1
4 1
5 0
6 0
7 0

Output bit columns (with bitsum as hash)
0 1011000010 4
1 1010110000 4
2 0000000100 1
3 0101000101 4
4 0110101001 5
5 0111011110 7
6 0000101100 3
7 0011011100 5

Input 0: 00011000
0 0
1 0
2 0
3 1
4 1
5 0
6 0
7 0

Input 1: 10001111
0 1
1 0
2 0
3 0
4 1
5 1
6 1
7 1

Input 2: 10111001
0 1
1 0
2 1
3 1
4 1
5 0
6 0
7 1

Input 3: 10111010
0 1
1 0
2 1
3 1
4 1
5 0
6 1
7 0

Input 4: 01011101
0 0
1 1
2 0
3 1
4 1
5 1
6 0
7 1

Input 5: 10101000
0 1
1 0
2 1
3 0
4 1
5 0
6 0
7 0

Input 6: 11110101
0 1
1 1
2 1
3 1
4 0
5 1
6 0
7 1

Input 7: 11111110
0 1
1 1
2 1
3 1
4 1
5 1
6 1
7 0

Input 8: 10010000
0 1
1 0
2 0
3 1
4 0
5 0
6 0
7 0

Input 9: 00000111
0 0
1 0
2 0
3 0
4 0
5 1
6 1
7 1

When matching output
x: not in operator
y: wrong position

Identity
0 0111011110 7 match 5
1 0000101100 3 match 6
2 0011011100 5 match 7
3 1011101110 7
4 1111110100 7
5 0100101101 5
6 0101000101 4 match 3
7 0110101001 5 match 4

Matching output
0 absent
1 absent
2 absent
3 6
4 7
5 0
6 1
7 2

Left
none
Best: none

Right
2 1 0 7 6 5x
Best: I2 1 0 7 6: 5

NOT
0 1000100001 3
1 1111010011 7
2 1100100011 5
3 0100010001 3
4 0000001011 3
5 1011010010 5
6 1010111010 6
7 1001010110 5

Matching output
0 absent
1 absent
2 absent
3 absent
4 absent
5 absent
6 absent
7 absent

Left
none
Best: none

Right
none
Best: none

Constant
0 0000000000 a
1 1111111111 a

Matching output
0 absent
1 absent
2 absent
3 absent
4 absent
5 absent
6 absent
7 absent

Left
none
Best: none

Right
none
Best: none

AND
01 10 0000001100 2
12 21 0000001100 2
23 32 0011001100 4
34 43 1011100100 5
45 54 0100100100 3
56 65 0100000101 3
67 76 0100000001 2
70 07 0110001000 3

02 20 0011011100 5 match 7
13 31 0000101100 3 match 6
24 42 0011010100 4
35 53 0000101100 3 match 6
46 64 0101000100 3
57 75 0100101001 4
60 06 0101000100 3
71 17 0000101000 2

03 30 0011001110 5
14 41 0000100100 2
25 52 0000001100 2
36 63 0001000100 2
47 74 0110100000 3
50 05 0100001100 3
61 16 0000000100 1 match 2
72 27 0010001000 2

04 40 0111010100 5
15 51 0000101100 3 match 6
26 62 0001000100 2
37 73 0010101000 3

Matching output
0 absent
1 absent
2 61 16
3 absent
4 absent
5 absent
6 13 31 35 53 15 51
7 02 20

Left
none
Best: none

Right
02 71x
20 17x
Best: AND02: 1

OR
01 10 0111111110 8
12 21 0011111100 6
23 32 1011111110 8
34 43 1111111110 9
45 54 1111111101 9
56 65 0101101101 6
67 76 0111101101 7
70 07 0111111111 9

02 20 0111011110 7 match 5
13 31 1011101110 7
24 42 1111111100 8
35 53 1111101111 9
46 64 1111110101 8
57 75 0110101101 6
60 06 0111011111 8
71 17 0110101101 6

03 30 1111111110 9
14 41 1111111100 8
25 52 0111111101 8
36 63 1111101111 9
47 74 1111111101 9
50 05 0111111111 9
61 16 0101101101 6
72 27 0111111101 8

04 40 1111111110 9
15 51 0100101101 5
26 62 0111011101 7
37 73 1111101111 9

Matching output
0 absent
1 absent
2 absent
3 absent
4 absent
5 02 20
6 absent
7 absent

Left
none
Best: none

Right
none
Best: none

XOR
01 10 0111110010 6
12 21 0011110000 4
23 32 1000110010 4
34 43 0100011010 4
45 54 1011011001 6
56 65 0001101000 3
67 76 0011101100 5
70 07 0001110111 6

02 20 0100000010 2
13 31 1011000010 4 match 0
24 42 1100101000 4
35 53 1111000011 6
46 64 1010110001 5
57 75 0010000100 2
60 06 0010011011 5
71 17 0110000101 4

03 30 1100110000 4
14 41 1111011000 6
25 52 0111110001 6
36 63 1110101011 7
47 74 1001011101 6
50 05 0011110011 6
61 16 0101101001 5
72 27 0101110101 6

04 40 1000101010 4
15 51 0100000001 2
26 62 0110011001 5
37 73 1101000111 6

Matching output
0 13 31
1 absent
2 absent
3 absent
4 absent
5 absent
6 absent
7 absent

Left
13 24x
31 42x
Best: XOR13: 1

Right
none
Best: none

AND-NOT
01 0111010010 5
12 0000100000 1
23 0000010000 1
34 0000001010 2
45 1011010000 4
56 0000101000 2
67 0001000100 2
70 0000100001 2

02 0100000010 2
13 0000000000 a
24 0000001000 1
35 1011000010 4 match 0
46 1010110000 4 match 1
57 0000000100 1 match 2
60 0000000001 1
71 0110000001 3

03 0100010000 2
14 0000001000 1
25 0011010000 3
36 1010101010 5
47 1001010100 4
50 0000100001 2
61 0101000001 3
72 0100100001 3

04 0000001010 2
15 0000000000 a
26 0010011000 3
37 1001000110 4
40 1000100000 2
51 0100000001 2
62 0100000001 2
73 0100000001 2

05 0011010010 4
16 0000101000 2
27 0001010100 3
30 1000100000 2
41 1111010000 5
52 0100100001 3
63 0100000001 2
74 0000001001 2

06 0010011010 4
17 0000000100 1 match 2
20 0000000000 a
31 1011000010 4 match 0
42 1100100000 3
53 0100000001 2
64 0000000001 1
75 0010000000 1

07 0001010110 4
10 0000100000 1
21 0011010000 3
32 1000100010 3
43 0100010000 2
54 0000001001 2
65 0001000000 1
76 0010101000 3

Matching output
0 35 31
1 46
2 57 17
3 absent
4 absent
5 absent
6 absent
7 absent

Left
35 46 57 60x
31 42x
Best: AND-NOT35 46 57: 3

Right
none
Best: none

OR-NOT
01 1111011111 9
12 1100101111 7
23 0111011101 7
34 1011101111 8
45 1111110110 8
56 1110111111 9
67 1101010111 7
70 1110101001 6

02 1111111111 a
13 0100111101 6
24 0011011111 7
35 1011111110 8
46 1111111110 9
57 1101111111 9
60 1101100101 6
71 1111111011 9

03 0111011111 8
14 0000101111 5
25 1011011110 7
36 1011111110 8
47 1111110110 8
50 1100101101 6
61 1111010111 8
72 1110101011 7

04 0111011111 8
15 1011111110 8
26 1011111110 8
37 1011111110 8
40 1111110101 8
51 1111111111 a
62 1101100111 7
73 0110111001 6

05 1111011110 8
16 1010111110 7
27 1011011110 7
30 1011101111 8
41 1111110111 9
52 1100101111 7
63 0101010101 5
74 0110101011 6

06 1111111110 9
17 1001111110 7
20 1011111101 8
31 1111111111 a
42 1111110111 9
53 0100111101 6
64 0101001111 6
75 1111111011 9

07 1111011110 8
10 1000101101 5
21 1111011111 9
32 1111101111 9
43 1111110101 8
54 0100101111 6
65 1111010111 8
76 1110111011 8

Matching output
0 absent
1 absent
2 absent
3 absent
4 absent
5 absent
6 absent
7 absent

Left
none
Best: none

Right
none
Best: none

XOR-NOT
01 1000001101 4
12 1100001111 6
23 0111001101 6
34 1011100101 6
45 0100100110 4
56 1110010111 7
67 1100010011 5
70 1110001000 4

02 1011111101 8
13 0100111101 6
24 0011010111 6
35 0000111100 4
46 0101001110 5
57 1101111011 8
60 1101100100 5
71 1001111010 6

03 0011001111 6
14 0000100111 4
25 1000001110 4
36 0001010100 3
47 0110100010 4
50 1100001100 4
61 1010010110 5
72 1010001010 4

04 0111010101 6
15 1011111110 8
26 1001100110 5
37 0010111000 4
40 0111010101 6
51 1011111110 8
62 1001100110 5
73 0010111000 4

05 1100001100 4
16 1010010110 5
27 1010001010 4
30 0011001111 6
41 0000100111 4
52 1000001110 4
63 0001010100 3
74 0110100010 4

06 1101100100 5
17 1001111010 6
20 1011111101 8
31 0100111101 6
42 0011010111 6
53 0000111100 4
64 0101001110 5
75 1101111011 8

07 1110001000 4
10 1000001101 4
21 1100001111 6
32 0111001101 6
43 1011100101 6
54 0100100110 4
65 1110010111 7
76 1100010011 5

Matching output
0 absent
1 absent
2 absent
3 absent
4 absent
5 absent
6 absent
7 absent

Left
none
Best: none

Right
none
Best: none

Selecting

Lefts
Identity none
NOT none
Constant none
AND none
OR none
XOR XOR13: 1
AND-NOT AND-NOT35 46 57: 3
OR-NOT none
XOR-NOT none

Rights
Identity I2 1 0 7 6: 5
NOT none
Constant none
AND AND02: 1
OR none
XOR none
AND-NOT none
OR-NOT none
XOR-NOT none

Left longest: 3
Right longest: 5

Right winner: Identity yes, NOT no, Constant no, AND no, OR no, XOR no, AND-NOT no, OR-NOT no, XOR-NOT no
Left winner: Identity no, NOT no, Constant no, AND no, OR no, XOR no, AND-NOT yes, OR-NOT no, XOR-NOT no

Best right: I2 1 0 7 6: 5
Best left: AND-NOT35 46 57: 3

Truncated right: I2 1 0 7 6: 5
Truncated left: AND-NOT35 46 57: 3

Tentative from right
7 I2
6 I1
5 I0
4 I7
3 I6
2 pending
1 pending
0 pending

Tentative
0 AND-NOT35
1 AND-NOT46
2 AND-NOT57
3 I6
4 I7
5 I0
6 I1
7 I2

Preferred from right
7 I2
6 I1
5 I0
4 I7
3 I6
2 AND-NOT57
1 AND-NOT46
0 AND-NOT35

Preferred from left
0 AND-NOT35
1 AND-NOT46
2 AND-NOT57
3 I6
4 I7
5 I0
6 I1
7 I2

Preferred
0 AND-NOT35
1 AND-NOT46
2 AND-NOT57
3 I6
4 I7
5 I0
6 I1
7 I2

Matching
0 AND-NOT35
1 AND-NOT46
2 AND-NOT57
3 I6
4 I7
5 I0
6 I1
7 I2

Perfect match
Identity no
NOT no
Constant no
AND no
OR no
XOR no
AND-NOT no
OR-NOT no
XOR-NOT no

Matched
0 AND-NOT35
1 AND-NOT46
2 AND-NOT57
3 I6
4 I7
5 I0
6 I1
7 I2

Selected
0 AND-NOT35
1 AND-NOT46
2 AND-NOT57
3 I6
4 I7
5 I0
6 I1
7 I2

Applying to 11110111
Input
0 1
1 1
2 1
3 1
4 0
5 1
6 1
7 1
Output
0 AND-NOT35 = AND(1,NOT(1)) = 0
1 AND-NOT46 = AND(0,NOT(1)) = 0
2 AND-NOT57 = AND(1,NOT(1)) = 0
3 I6 = 1
4 I7 = 1
5 I0 = 1
6 I1 = 1
7 I2 = 1

I will now return the answer in \boxed{}
The answer in \boxed{–} is \boxed{00011111}