We need to deduce the transformation by matching the example outputs.
I will put my final answer inside \boxed{}.

Output 0: 11111100
0 1
1 1
2 1
3 1
4 1
5 1
6 0
7 0

Output 1: 11111110
0 1
1 1
2 1
3 1
4 1
5 1
6 1
7 0

Output 2: 11111111
0 1
1 1
2 1
3 1
4 1
5 1
6 1
7 1

Output 3: 11111101
0 1
1 1
2 1
3 1
4 1
5 1
6 0
7 1

Output 4: 11111111
0 1
1 1
2 1
3 1
4 1
5 1
6 1
7 1

Output 5: 11111111
0 1
1 1
2 1
3 1
4 1
5 1
6 1
7 1

Output 6: 11111110
0 1
1 1
2 1
3 1
4 1
5 1
6 1
7 0

Output bit columns (with bitsum as hash)
0 1111111 a
1 1111111 a
2 1111111 a
3 1111111 a
4 1111111 a
5 1111111 a
6 0110111 5
7 0011110 4

Input 0: 11100101
0 1
1 1
2 1
3 0
4 0
5 1
6 0
7 1

Input 1: 01100010
0 0
1 1
2 1
3 0
4 0
5 0
6 1
7 0

Input 2: 00001100
0 0
1 0
2 0
3 0
4 1
5 1
6 0
7 0

Input 3: 11001010
0 1
1 1
2 0
3 0
4 1
5 0
6 1
7 0

Input 4: 00000000
0 0
1 0
2 0
3 0
4 0
5 0
6 0
7 0

Input 5: 10110110
0 1
1 0
2 1
3 1
4 0
5 1
6 1
7 0

Input 6: 11110011
0 1
1 1
2 1
3 1
4 0
5 0
6 1
7 1

When matching output
x: not in operator
y: wrong position

Identity
0 1001011 4
1 1101001 4
2 1100011 4
3 0000011 2
4 0011000 2
5 1010010 3
6 0101011 4
7 1000001 2

Matching output
0 absent
1 absent
2 absent
3 absent
4 absent
5 absent
6 absent
7 absent

Left
none
Best: none

Right
none
Best: none

NOT
0 0110100 3
1 0010110 3
2 0011100 3
3 1111100 5
4 1100111 5
5 0101101 4
6 1010100 3
7 0111110 5

Matching output
0 absent
1 absent
2 absent
3 absent
4 absent
5 absent
6 absent
7 absent

Left
none
Best: none

Right
none
Best: none

Constant
0 0000000 a
1 1111111 a match 0 1 2 3 4 5

Matching output
0 C1
1 C1
2 C1
3 C1
4 C1
5 C1
6 absent
7 absent

Left
1 1 1 1 1 1
Best: C1 1 1 1 1 1: 6

Right
none
Best: none

AND
01 10 1001001 3
12 21 1100001 3
23 32 0000011 2
34 43 0000000 a
45 54 0010000 1
56 65 0000010 1
67 76 0000001 1
70 07 1000001 2

02 20 1000011 3
13 31 0000001 1
24 42 0000000 a
35 53 0000010 1
46 64 0001000 1
57 75 1000000 1
60 06 0001011 3
71 17 1000001 2

03 30 0000011 2
14 41 0001000 1
25 52 1000010 2
36 63 0000011 2
47 74 0000000 a
50 05 1000010 2
61 16 0101001 3
72 27 1000001 2

04 40 0001000 1
15 51 1000000 1
26 62 0100011 3
37 73 0000001 1

Matching output
0 absent
1 absent
2 absent
3 absent
4 absent
5 absent
6 absent
7 absent

Left
none
Best: none

Right
none
Best: none

OR
01 10 1101011 5
12 21 1101011 5
23 32 1100011 4
34 43 0011011 4
45 54 1011010 4
56 65 1111011 6
67 76 1101011 5
70 07 1001011 4

02 20 1101011 5
13 31 1101011 5
24 42 1111011 6
35 53 1010011 4
46 64 0111011 5
57 75 1010011 4
60 06 1101011 5
71 17 1101001 4

03 30 1001011 4
14 41 1111001 5
25 52 1110011 5
36 63 0101011 4
47 74 1011001 4
50 05 1011011 5
61 16 1101011 5
72 27 1100011 4

04 40 1011011 5
15 51 1111011 6
26 62 1101011 5
37 73 1000011 3

Matching output
0 absent
1 absent
2 absent
3 absent
4 absent
5 absent
6 absent
7 absent

Left
none
Best: none

Right
none
Best: none

XOR
01 10 0100010 2
12 21 0001010 2
23 32 1100000 2
34 43 0011011 4
45 54 1001010 3
56 65 1111001 5
67 76 1101010 4
70 07 0001010 2

02 20 0101000 2
13 31 1101010 4
24 42 1111011 6
35 53 1010001 3
46 64 0110011 4
57 75 0010011 3
60 06 1100000 2
71 17 0101000 2

03 30 1001000 2
14 41 1110001 4
25 52 0110001 3
36 63 0101000 2
47 74 1011001 4
50 05 0011001 3
61 16 1000010 2
72 27 0100010 2

04 40 1010011 4
15 51 0111011 5
26 62 1001000 2
37 73 1000010 2

Matching output
0 absent
1 absent
2 absent
3 absent
4 absent
5 absent
6 absent
7 absent

Left
none
Best: none

Right
none
Best: none

AND-NOT
01 0000010 1
12 0001000 1
23 1100000 2
34 0000011 2
45 0001000 1
56 1010000 2
67 0101010 3
70 0000000 a

02 0001000 1
13 1101000 3
24 1100011 4
35 0000001 1
46 0010000 1
57 0010010 2
60 0100000 1
71 0000000 a

03 1001000 2
14 1100001 3
25 0100001 2
36 0000000 a
47 0011000 2
50 0010000 1
61 0000010 1
72 0000000 a

04 1000011 3
15 0101001 3
26 1000000 1
37 0000010 1
40 0010000 1
51 0010010 2
62 0001000 1
73 1000000 1

05 0001001 2
16 1000000 1
27 0100010 2
30 0000000 a
41 0010000 1
52 0010000 1
63 0101000 2
74 1000001 2

06 1000000 1
17 0101000 2
20 0100000 1
31 0000010 1
42 0011000 2
53 1010000 2
64 0100011 3
75 0000001 1

07 0001010 2
10 0100000 1
21 0000010 1
32 0000000 a
43 0011000 2
54 1000010 2
65 0101001 3
76 1000000 1

Matching output
0 absent
1 absent
2 absent
3 absent
4 absent
5 absent
6 absent
7 absent

Left
none
Best: none

Right
none
Best: none

OR-NOT
01 1011111 6
12 1111101 6
23 1111111 a match 0 1 2 3 4 5
34 1100111 5
45 0111101 5
56 1010110 4
67 0111111 6
70 1110101 5

02 1011111 6
13 1111101 6
24 1100111 5
35 0101111 5
46 1011100 4
57 1111110 6
60 0111111 6
71 1010111 5

03 1111111 a match 0 1 2 3 4 5
14 1101111 6
25 1101111 6
36 1010111 5
47 0111110 5
50 1110110 5
61 0111111 6
72 1011101 5

04 1101111 6
15 1101101 5
26 1110111 6
37 0111111 6
40 0111100 4
51 1010110 4
62 0111111 6
73 1111101 6

05 1101111 6
16 1111101 6
27 1111111 a match 0 1 2 3 4 5
30 0110111 5 match 6
41 0011110 4 match 7
52 1011110 5
63 1111111 a match 0 1 2 3 4 5
74 1100111 5

06 1011111 6
17 1111111 a match 0 1 2 3 4 5
20 1110111 6
31 0010111 4
42 0011100 3
53 1111110 6
64 1101111 6
75 1101101 5

07 1111111 a match 0 1 2 3 4 5
10 1111101 6
21 1110111 6
32 0011111 5
43 1111100 5
54 1110111 6
65 0101111 5
76 1010101 4

Matching output
0 23 03 27 63 17 07
1 23 03 27 63 17 07
2 23 03 27 63 17 07
3 23 03 27 63 17 07
4 23 03 27 63 17 07
5 23 03 27 63 17 07
6 30
7 41

Left
23 34x
03 14x
27 30y
63 74x
17 20x
07 10x
Best: OR-NOT23: 1

Right
41 30 27 16x
Best: OR-NOT41 30 27: 3

XOR-NOT
01 1011101 5
12 1110101 5
23 0011111 5
34 1100100 3
45 0110101 4
56 0000110 2
67 0010101 3
70 1110101 5

02 1010111 5
13 0010101 3
24 0000100 1
35 0101110 4
46 1001100 3
57 1101100 4
60 0011111 5
71 1010111 5

03 0110111 5 match 6
14 0001110 3
25 1001110 4
36 1010111 5
47 0100110 3
50 1100110 4
61 0111101 5
72 1011101 5

04 0101100 3
15 1000100 2
26 0110111 5 match 6
37 0111101 5
40 0101100 3
51 1000100 2
62 0110111 5 match 6
73 0111101 5

05 1100110 4
16 0111101 5
27 1011101 5
30 0110111 5 match 6
41 0001110 3
52 1001110 4
63 1010111 5
74 0100110 3

06 0011111 5
17 1010111 5
20 1010111 5
31 0010101 3
42 0000100 1
53 0101110 4
64 1001100 3
75 1101100 4

07 1110101 5
10 1011101 5
21 1110101 5
32 0011111 5
43 1100100 3
54 0110101 4
65 0000110 2
76 0010101 3

Matching output
0 absent
1 absent
2 absent
3 absent
4 absent
5 absent
6 03 26 62 30
7 absent

Left
none
Best: none

Right
none
Best: none

Selecting

Lefts
Identity none
NOT none
Constant C1 1 1 1 1 1: 6
AND none
OR none
XOR none
AND-NOT none
OR-NOT OR-NOT23: 1
XOR-NOT none

Rights
Identity none
NOT none
Constant none
AND none
OR none
XOR none
AND-NOT none
OR-NOT OR-NOT41 30 27: 3
XOR-NOT none

Left longest: 6
Right longest: 3

Left winner: Identity no, NOT no, Constant yes, AND no, OR no, XOR no, AND-NOT no, OR-NOT no, XOR-NOT no
Right winner: Identity no, NOT no, Constant no, AND no, OR no, XOR no, AND-NOT no, OR-NOT yes, XOR-NOT no

Best left: C1 1 1 1 1 1: 6
Best right: OR-NOT41 30 27: 3

Truncated left: C1 1 1 1 1 1: 6
Truncated right: OR-NOT41 30: 2 truncated

Tentative from right
7 OR-NOT41
6 OR-NOT30
5 pending
4 pending
3 pending
2 pending
1 pending
0 pending

Tentative
0 C1
1 C1
2 C1
3 C1
4 C1
5 C1
6 OR-NOT30
7 OR-NOT41

Preferred from left
0 C1
1 C1
2 C1
3 C1
4 C1
5 C1
6 OR-NOT30
7 OR-NOT41

Preferred from right
7 OR-NOT41
6 OR-NOT30
5 C1
4 C1
3 C1
2 C1
1 C1
0 C1

Preferred
0 C1
1 C1
2 C1
3 C1
4 C1
5 C1
6 OR-NOT30
7 OR-NOT41

Matching
0 C1
1 C1
2 C1
3 C1
4 C1
5 C1
6 OR-NOT30
7 OR-NOT41

Perfect match
Identity no
NOT no
Constant no
AND no
OR no
XOR no
AND-NOT no
OR-NOT no
XOR-NOT no

Matched
0 C1
1 C1
2 C1
3 C1
4 C1
5 C1
6 OR-NOT30
7 OR-NOT41

Selected
0 C1
1 C1
2 C1
3 C1
4 C1
5 C1
6 OR-NOT30
7 OR-NOT41

Applying to 01000010
Input
0 0
1 1
2 0
3 0
4 0
5 0
6 1
7 0
Output
0 C1 = 1
1 C1 = 1
2 C1 = 1
3 C1 = 1
4 C1 = 1
5 C1 = 1
6 OR-NOT30 = OR(0,NOT(0)) = 1
7 OR-NOT41 = OR(0,NOT(1)) = 0

I will now return the answer in \boxed{}
The answer in \boxed{–} is \boxed{11111110}