We need to deduce the transformation by matching the example outputs.
I will put my final answer inside \boxed{}.

Output 0: 01101110
0 0
1 1
2 1
3 0
4 1
5 1
6 1
7 0

Output 1: 10100000
0 1
1 0
2 1
3 0
4 0
5 0
6 0
7 0

Output 2: 00000110
0 0
1 0
2 0
3 0
4 0
5 1
6 1
7 0

Output 3: 10001010
0 1
1 0
2 0
3 0
4 1
5 0
6 1
7 0

Output 4: 11010011
0 1
1 1
2 0
3 1
4 0
5 0
6 1
7 1

Output 5: 00100000
0 0
1 0
2 1
3 0
4 0
5 0
6 0
7 0

Output 6: 00100011
0 0
1 0
2 1
3 0
4 0
5 0
6 1
7 1

Output 7: 01000111
0 0
1 1
2 0
3 0
4 0
5 1
6 1
7 1

Output 8: 10101001
0 1
1 0
2 1
3 0
4 1
5 0
6 0
7 1

Output 9: 00011100
0 0
1 0
2 0
3 1
4 1
5 1
6 0
7 0

Output bit columns (with bitsum as hash)
0 0101100010 4
1 1000100100 3
2 1100011010 5
3 0000100001 2
4 1001000011 4
5 1010000101 4
6 1011101100 6
7 0000101110 4

Input 0: 01101100
0 0
1 1
2 1
3 0
4 1
5 1
6 0
7 0

Input 1: 01010101
0 0
1 1
2 0
3 1
4 0
5 1
6 0
7 1

Input 2: 11000011
0 1
1 1
2 0
3 0
4 0
5 0
6 1
7 1

Input 3: 00010001
0 0
1 0
2 0
3 1
4 0
5 0
6 0
7 1

Input 4: 00011010
0 0
1 0
2 0
3 1
4 1
5 0
6 1
7 0

Input 5: 00000100
0 0
1 0
2 0
3 0
4 0
5 1
6 0
7 0

Input 6: 11100111
0 1
1 1
2 1
3 0
4 0
5 1
6 1
7 1

Input 7: 11001011
0 1
1 1
2 0
3 0
4 1
5 0
6 1
7 1

Input 8: 11110110
0 1
1 1
2 1
3 1
4 0
5 1
6 1
7 0

Input 9: 10000001
0 1
1 0
2 0
3 0
4 0
5 0
6 0
7 1

When matching output
x: not in operator
y: wrong position

Identity
0 0010001111 5
1 1110001110 6
2 1000001010 3
3 0101100010 4 match 0
4 1000100100 3 match 1
5 1100011010 5 match 2
6 0010101110 5
7 0111001101 6

Matching output
0 3
1 4
2 5
3 absent
4 absent
5 absent
6 absent
7 absent

Left
3 4 5 6x
Best: I3 4 5: 3

Right
none
Best: none

NOT
0 1101110000 5
1 0001110001 4
2 0111110101 7
3 1010011101 6
4 0111011011 7
5 0011100101 5
6 1101010001 5
7 1000110010 4

Matching output
0 absent
1 absent
2 absent
3 absent
4 absent
5 absent
6 absent
7 absent

Left
none
Best: none

Right
none
Best: none

Constant
0 0000000000 a
1 1111111111 a

Matching output
0 absent
1 absent
2 absent
3 absent
4 absent
5 absent
6 absent
7 absent

Left
none
Best: none

Right
none
Best: none

AND
01 10 0010001110 4
12 21 1000001010 3
23 32 0000000010 1
34 43 0000100000 1
45 54 1000000000 1
56 65 0000001010 2
67 76 0010001100 3
70 07 0010001101 4

02 20 0000001010 2
13 31 0100000010 2
24 42 1000000000 1
35 53 0100000010 2
46 64 0000100100 2
57 75 0100001000 2
60 06 0010001110 4
71 17 0110001100 4

03 30 0000000010 1
14 41 1000000100 2
25 52 1000001010 3
36 63 0000100010 2
47 74 0000000100 1
50 05 0000001010 2
61 16 0010001110 4
72 27 0000001000 1

04 40 0000000100 1
15 51 1100001010 4
26 62 0000001010 2
37 73 0101000000 2

Matching output
0 absent
1 absent
2 absent
3 absent
4 absent
5 absent
6 absent
7 absent

Left
none
Best: none

Right
none
Best: none

OR
01 10 1110001111 7
12 21 1110001110 6
23 32 1101101010 6
34 43 1101100110 6
45 54 1100111110 7
56 65 1110111110 8
67 76 0111101111 8
70 07 0111001111 7

02 20 1010001111 6
13 31 1111101110 8
24 42 1000101110 5
35 53 1101111010 7
46 64 1010101110 6
57 75 1111011111 9
60 06 0010101111 6
71 17 1111001111 8

03 30 0111101111 8
14 41 1110101110 7
25 52 1100011010 5 match 2
36 63 0111101110 7
47 74 1111101101 8
50 05 1110011111 8
61 16 1110101110 7
72 27 1111001111 8

04 40 1010101111 7
15 51 1110011110 7
26 62 1010101110 6
37 73 0111101111 8

Matching output
0 absent
1 absent
2 25 52
3 absent
4 absent
5 absent
6 absent
7 absent

Left
none
Best: none

Right
none
Best: none

XOR
01 10 1100000001 3
12 21 0110000100 3
23 32 1101101000 5
34 43 1101000110 5
45 54 0100111110 6
56 65 1110110100 6
67 76 0101100011 5
70 07 0101000010 3

02 20 1010000101 4 match 5
13 31 1011101100 6 match 6
24 42 0000101110 4 match 7
35 53 1001111000 5
46 64 1010001010 4
57 75 1011010111 7
60 06 0000100001 2 match 3
71 17 1001000011 4 match 4

03 30 0111101101 7
14 41 0110101010 5
25 52 0100010000 2
36 63 0111001100 5
47 74 1111101001 7
50 05 1110010101 6
61 16 1100100000 3
72 27 1111000111 7

04 40 1010101011 6
15 51 0010010100 3
26 62 1010100100 4
37 73 0010101111 6

Matching output
0 absent
1 absent
2 absent
3 60 06
4 71 17
5 02 20
6 13 31
7 24 42

Left
none
Best: none

Right
24 13 02 71 60 57x
42 31 20 17 06 75x
Best: XOR24 13 02 71 60: 5

AND-NOT
01 0000000001 1
12 0110000100 3
23 1000001000 2
34 0101000010 3
45 0000100100 2
56 1100010000 3
67 0000100010 2
70 0101000000 2

02 0010000101 3
13 1010001100 4
24 0000001010 2
35 0001100000 2
46 1000000000 1
57 1000010010 3
60 0000100000 1
71 0001000001 2

03 0010001101 4
14 0110001010 4
25 0000000000 a
36 0101000000 2
47 1000100000 2
50 1100010000 3
61 0000100000 1
72 0111000101 5

04 0010001011 4
15 0010000100 2
26 1000000000 1
37 0000100010 2
40 1000100000 2
51 0000010000 1
62 0010100100 3
73 0010001101 4

05 0010000101 3
16 1100000000 2
27 1000000010 2
30 0101100000 3
41 0000100000 1
52 0100010000 2
63 0010001100 3
74 0111001001 5

06 0000000001 1
17 1000000010 2
20 1000000000 1
31 0001100000 2
42 0000100100 2
53 1000011000 3
64 0010001010 3
75 0011000101 4

07 0000000010 1
10 1100000000 2
21 0000000000 a
32 0101100000 3
43 1000000100 2
54 0100011010 4
65 0010100100 3
76 0101000001 3

Matching output
0 absent
1 absent
2 absent
3 absent
4 absent
5 absent
6 absent
7 absent

Left
none
Best: none

Right
none
Best: none

OR-NOT
01 0011111111 8
12 1111111111 a
23 1010011111 7
34 0111111011 8
45 1011100101 6
56 1101011011 7
67 1010111110 7
70 1111111101 9

02 0111111111 9
13 1110011111 8
24 1111011011 8
35 0111100111 7
46 1101110101 7
57 1100111010 6
60 1111111110 9
71 0111111101 8

03 1010011111 7
14 1111011111 9
25 1011101111 8
36 1101110011 7
47 1000110110 5
50 1101111010 7
61 0011111111 8
72 0111111101 8

04 0111011111 8
15 1111101111 9
26 1101011011 7
37 1101110010 6
40 1101110100 6
51 1101111011 8
62 0111111111 9
73 1111011101 8

05 0011101111 7
16 1111011111 9
27 1000111010 5
30 1101110010 6
41 1001110101 6
52 1111111111 a
63 1010111111 8
74 0111011111 8

06 1111011111 9
17 1110111110 8
20 1101111010 7
31 0101110011 6
42 1111110101 8
53 1110011111 8
64 0111111111 9
75 0111101101 7

07 1010111111 8
10 1111111110 9
21 1001111011 7
32 0111110111 8
43 1010111101 7
54 1111011011 8
65 0011101111 7
76 1111011101 8

Matching output
0 absent
1 absent
2 absent
3 absent
4 absent
5 absent
6 absent
7 absent

Left
none
Best: none

Right
none
Best: none

XOR-NOT
01 0011111110 7
12 1001111011 7
23 0010010111 5
34 0010111001 5
45 1011000001 4
56 0001001011 4
67 1010011100 5
70 1010111101 7

02 0101111010 6
13 0100010011 4
24 1111010001 6
35 0110000111 5
46 0101110101 6
57 0100101000 3
60 1111011110 8
71 0110111100 6

03 1000010010 3
14 1001010101 5
25 1011101111 8
36 1000110011 5
47 0000010110 3
50 0001101010 4
61 0011011111 7
72 0000111000 3

04 0101010100 4
15 1101101011 7
26 0101011011 6
37 1101010000 4
40 0101010100 4
51 1101101011 7
62 0101011011 6
73 1101010000 4

05 0001101010 4
16 0011011111 7
27 0000111000 3
30 1000010010 3
41 1001010101 5
52 1011101111 8
63 1000110011 5
74 0000010110 3

06 1111011110 8
17 0110111100 6
20 0101111010 6
31 0100010011 4
42 1111010001 6
53 0110000111 5
64 0101110101 6
75 0100101000 3

07 1010111101 7
10 0011111110 7
21 1001111011 7
32 0010010111 5
43 0010111001 5
54 1011000001 4
65 0001001011 4
76 1010011100 5

Matching output
0 absent
1 absent
2 absent
3 absent
4 absent
5 absent
6 absent
7 absent

Left
none
Best: none

Right
none
Best: none

Selecting

Lefts
Identity I3 4 5: 3
NOT none
Constant none
AND none
OR none
XOR none
AND-NOT none
OR-NOT none
XOR-NOT none

Rights
Identity none
NOT none
Constant none
AND none
OR none
XOR XOR24 13 02 71 60: 5
AND-NOT none
OR-NOT none
XOR-NOT none

Left longest: 3
Right longest: 5

Right winner: Identity no, NOT no, Constant no, AND no, OR no, XOR yes, AND-NOT no, OR-NOT no, XOR-NOT no
Left winner: Identity yes, NOT no, Constant no, AND no, OR no, XOR no, AND-NOT no, OR-NOT no, XOR-NOT no

Best right: XOR24 13 02 71 60: 5
Best left: I3 4 5: 3

Truncated right: XOR24 13 02 71 60: 5
Truncated left: I3 4 5: 3

Tentative from right
7 XOR24
6 XOR13
5 XOR02
4 XOR71
3 XOR60
2 pending
1 pending
0 pending

Tentative
0 I3
1 I4
2 I5
3 XOR60
4 XOR71
5 XOR02
6 XOR13
7 XOR24

Preferred from right
7 XOR24
6 XOR13
5 XOR02
4 XOR71
3 XOR60
2 I5
1 I4
0 I3

Preferred from left
0 I3
1 I4
2 I5
3 XOR60
4 XOR71
5 XOR02
6 XOR13
7 XOR24

Preferred
0 I3
1 I4
2 I5
3 XOR60
4 XOR71
5 XOR02
6 XOR13
7 XOR24

Matching
0 I3
1 I4
2 I5
3 XOR60
4 XOR71
5 XOR02
6 XOR13
7 XOR24

Perfect match
Identity no
NOT no
Constant no
AND no
OR no
XOR no
AND-NOT no
OR-NOT no
XOR-NOT no

Matched
0 I3
1 I4
2 I5
3 XOR60
4 XOR71
5 XOR02
6 XOR13
7 XOR24

Selected
0 I3
1 I4
2 I5
3 XOR60
4 XOR71
5 XOR02
6 XOR13
7 XOR24

Applying to 00101011
Input
0 0
1 0
2 1
3 0
4 1
5 0
6 1
7 1
Output
0 I3 = 0
1 I4 = 1
2 I5 = 0
3 XOR60 = XOR(1,0) = 1
4 XOR71 = XOR(1,0) = 1
5 XOR02 = XOR(0,1) = 1
6 XOR13 = XOR(0,0) = 0
7 XOR24 = XOR(1,1) = 0

I will now return the answer in \boxed{}
The answer in \boxed{–} is \boxed{01011100}