We need to deduce the transformation by matching the example outputs.
I will put my final answer inside \boxed{}.

Output 0: 00011000
0 0
1 0
2 0
3 1
4 1
5 0
6 0
7 0

Output 1: 11110011
0 1
1 1
2 1
3 1
4 0
5 0
6 1
7 1

Output 2: 01110100
0 0
1 1
2 1
3 1
4 0
5 1
6 0
7 0

Output 3: 10011111
0 1
1 0
2 0
3 1
4 1
5 1
6 1
7 1

Output 4: 00010010
0 0
1 0
2 0
3 1
4 0
5 0
6 1
7 0

Output 5: 01110010
0 0
1 1
2 1
3 1
4 0
5 0
6 1
7 0

Output 6: 01011010
0 0
1 1
2 0
3 1
4 1
5 0
6 1
7 0

Output 7: 01111010
0 0
1 1
2 1
3 1
4 1
5 0
6 1
7 0

Output 8: 11100101
0 1
1 1
2 1
3 0
4 0
5 1
6 0
7 1

Output bit columns (with bitsum as hash)
0 010100001 3
1 011001111 6
2 011001011 5
3 111111110 8
4 100100110 4
5 001100001 3
6 010111110 6
7 010100001 3

Input 0: 10000010
0 1
1 0
2 0
3 0
4 0
5 0
6 1
7 0

Input 1: 10111111
0 1
1 0
2 1
3 1
4 1
5 1
6 1
7 1

Input 2: 01001110
0 0
1 1
2 0
3 0
4 1
5 1
6 1
7 0

Input 3: 11110010
0 1
1 1
2 1
3 1
4 0
5 0
6 1
7 0

Input 4: 00100010
0 0
1 0
2 1
3 0
4 0
5 0
6 1
7 0

Input 5: 00101110
0 0
1 0
2 1
3 0
4 1
5 1
6 1
7 0

Input 6: 00101011
0 0
1 0
2 1
3 0
4 1
5 0
6 1
7 1

Input 7: 00101111
0 0
1 0
2 1
3 0
4 1
5 1
6 1
7 1

Input 8: 11011101
0 1
1 1
2 0
3 1
4 1
5 1
6 0
7 1

When matching output
x: not in operator
y: wrong position

Identity
0 110100001 4
1 001100001 3 match 5
2 010111110 6 match 6
3 010100001 3 match 0 7
4 011001111 6 match 1
5 011001011 5 match 2
6 111111110 8 match 3
7 010000111 4

Matching output
0 3
1 4
2 5
3 6
4 absent
5 1
6 2
7 3

Left
3 4 5 6 7x
Best: I3 4 5 6: 4

Right
3 2 1 0x
Best: I3 2 1: 3

NOT
0 001011110 5
1 110011110 6
2 101000001 3
3 101011110 6
4 100110000 3
5 100110100 4
6 000000001 1
7 101111000 5

Matching output
0 absent
1 absent
2 absent
3 absent
4 absent
5 absent
6 absent
7 absent

Left
none
Best: none

Right
none
Best: none

Constant
0 000000000 a
1 111111111 a

Matching output
0 absent
1 absent
2 absent
3 absent
4 absent
5 absent
6 absent
7 absent

Left
none
Best: none

Right
none
Best: none

AND
01 10 000100001 2
12 21 000100000 1
23 32 010100000 2
34 43 010000001 2
45 54 011001011 5 match 2
56 65 011001010 4
67 76 010000110 3
70 07 010000001 2

02 20 010100000 2
13 31 000100001 2
24 42 010001110 4
35 53 010000001 2
46 64 011001110 5
57 75 010000011 3
60 06 110100000 3
71 17 000000001 1

03 30 010100001 3 match 0 7
14 41 001000001 2
25 52 010001010 3
36 63 010100000 2
47 74 010000111 4
50 05 010000001 2
61 16 001100000 2
72 27 010000110 3

04 40 010000001 2
15 51 001000001 2
26 62 010111110 6 match 6
37 73 010000001 2

Matching output
0 03 30
1 absent
2 45 54
3 absent
4 absent
5 absent
6 26 62
7 03 30

Left
03 14x
30 41x
Best: AND03: 1

Right
03 72x
30 27x
Best: AND03: 1

OR
01 10 111100001 5
12 21 011111111 8
23 32 010111111 7
34 43 011101111 7
45 54 011001111 6 match 1
56 65 111111111 a
67 76 111111111 a
70 07 110100111 6

02 20 110111111 8
13 31 011100001 4
24 42 011111111 8
35 53 011101011 6
46 64 111111111 a
57 75 011001111 6 match 1
60 06 111111111 a
71 17 011100111 6

03 30 110100001 4
14 41 011101111 7
25 52 011111111 8
36 63 111111111 a
47 74 011001111 6 match 1
50 05 111101011 7
61 16 111111111 a
72 27 010111111 7

04 40 111101111 8
15 51 011101011 6
26 62 111111110 8 match 3
37 73 010100111 5

Matching output
0 absent
1 45 54 57 75 47 74
2 absent
3 26 62
4 absent
5 absent
6 absent
7 absent

Left
none
Best: none

Right
none
Best: none

XOR
01 10 111000000 3
12 21 011011111 7
23 32 000011111 5
34 43 001101110 5
45 54 000000100 1
56 65 100110101 5
67 76 101111001 6
70 07 100100110 4 match 4

02 20 100011111 6
13 31 011000000 2
24 42 001110001 4
35 53 001101010 4
46 64 100110001 4
57 75 001001100 3
60 06 001011111 6
71 17 011100110 5

03 30 100000000 1
14 41 010101110 5
25 52 001110101 5
36 63 101011111 7
47 74 001001000 2
50 05 101101010 5
61 16 110011111 7
72 27 000111001 4

04 40 101101110 6
15 51 010101010 4
26 62 101000000 2
37 73 000100110 3

Matching output
0 absent
1 absent
2 absent
3 absent
4 70 07
5 absent
6 absent
7 absent

Left
none
Best: none

Right
none
Best: none

AND-NOT
01 110000000 2
12 001000001 2
23 000011110 4
34 000100000 1
45 000000100 1
56 000000001 1
67 101111000 5
70 000000110 2

02 100000001 2
13 001000000 1
24 000110000 2
35 000100000 1
46 000000001 1
57 001001000 2
60 001011110 5
71 010000110 3

03 100000000 1
14 000100000 1
25 000110100 3
36 000000001 1
47 001001000 2
50 001001010 3
61 110011110 6
72 000000001 1

04 100100000 2
15 000100000 1
26 000000000 a
37 000100000 1
40 001001110 4
51 010001010 3
62 101000000 2
73 000000110 2

05 100100000 2
16 000000001 1
27 000111000 3
30 000000000 a
41 010001110 4
52 001000001 2
63 101011110 6
74 000000000 a

06 000000001 1
17 001100000 2
20 000011110 4
31 010000000 1
42 001000001 2
53 001001010 3
64 100110000 3
75 000000100 1

07 100100000 2
10 001000000 1
21 010011110 5
32 000000001 1
43 001001110 4
54 000000000 a
65 100110100 4
76 000000001 1

Matching output
0 absent
1 absent
2 absent
3 absent
4 absent
5 absent
6 absent
7 absent

Left
none
Best: none

Right
none
Best: none

OR-NOT
01 110111111 8
12 101100001 4
23 111111110 8 match 3
34 110110001 5
45 111111111 a
56 011001011 5 match 2
67 111111110 8 match 3
70 011011111 7

02 111100001 5
13 101111111 8
24 110111110 7
35 110110101 6
46 011001111 6 match 1
57 111111011 8
60 111111110 8 match 3
71 110011111 7

03 111111111 a
14 101110001 5
25 110111110 7
36 010100001 3 match 0 7
47 111111111 a
50 011011111 7
61 111111110 8 match 3
72 111000111 6

04 110110001 5
15 101110101 6
26 010111111 7
37 111111001 7
40 011011111 7
51 111011111 8
62 111111111 a
73 111011111 8

05 110110101 6
16 001100001 3 match 5
27 111111110 8 match 3
30 011111111 8
41 111011111 8
52 111001011 6
63 111111110 8 match 3
74 110110111 7

06 110100001 4
17 101111001 6
20 011111110 7
31 110111111 8
42 111001111 7
53 111011111 8
64 111111110 8 match 3
75 110110111 7

07 111111001 7
10 001111111 7
21 110111110 7
32 111100001 5
43 111011111 8
54 111111011 8
65 111111110 8 match 3
76 010000111 4

Matching output
0 36
1 46
2 56
3 23 67 60 61 27 63 64 65
4 absent
5 16
6 absent
7 36

Left
36 47x
Best: OR-NOT36: 1

Right
36 25x
Best: OR-NOT36: 1

XOR-NOT
01 000111111 6
12 100100000 2
23 111100000 4
34 110010001 4
45 111111011 8
56 011001010 4
67 010000110 3
70 011011001 5

02 011100000 3
13 100111111 7
24 110001110 5
35 110010101 5
46 011001110 5
57 110110011 6
60 110100000 3
71 100011001 4

03 011111111 8
14 101010001 4
25 110001010 4
36 010100000 2
47 110110111 7
50 010010101 4
61 001100000 2
72 111000110 5

04 010010001 3
15 101010101 5
26 010111111 7
37 111011001 6
40 010010001 3
51 101010101 5
62 010111111 7
73 111011001 6

05 010010101 4
16 001100000 2
27 111000110 5
30 011111111 8
41 101010001 4
52 110001010 4
63 010100000 2
74 110110111 7

06 110100000 3
17 100011001 4
20 011100000 3
31 100111111 7
42 110001110 5
53 110010101 5
64 011001110 5
75 110110011 6

07 011011001 5
10 000111111 6
21 100100000 2
32 111100000 4
43 110010001 4
54 111111011 8
65 011001010 4
76 010000110 3

Matching output
0 absent
1 absent
2 absent
3 absent
4 absent
5 absent
6 absent
7 absent

Left
none
Best: none

Right
none
Best: none

Selecting

Lefts
Identity I3 4 5 6: 4
NOT none
Constant none
AND AND03: 1
OR none
XOR none
AND-NOT none
OR-NOT OR-NOT36: 1
XOR-NOT none

Rights
Identity I3 2 1: 3
NOT none
Constant none
AND AND03: 1
OR none
XOR none
AND-NOT none
OR-NOT OR-NOT36: 1
XOR-NOT none

Left longest: 4
Right longest: 3

Left winner: Identity yes, NOT no, Constant no, AND no, OR no, XOR no, AND-NOT no, OR-NOT no, XOR-NOT no
Right winner: Identity yes, NOT no, Constant no, AND no, OR no, XOR no, AND-NOT no, OR-NOT no, XOR-NOT no

Best left: I3 4 5 6: 4
Best right: I3 2 1: 3

Truncated left: I3 4 5 6: 4
Truncated right: I3 2 1: 3

Tentative from right
7 I3
6 I2
5 I1
4 pending
3 pending
2 pending
1 pending
0 pending

Tentative
0 I3
1 I4
2 I5
3 I6
4 pending
5 I1
6 I2
7 I3

Preferred from left
0 I3
1 I4
2 I5
3 I6
4 ?7?
5 I1
6 I2
7 I3

Preferred from right
7 I3
6 I2
5 I1
4 ?70
3 I6
2 I5
1 I4
0 I3

Preferred
0 I3
1 I4
2 I5
3 I6
4 ?70 ?07
5 I1
6 I2
7 I3

Matching
0 I3
1 I4
2 I5
3 I6
4 ?70 ?07 - Identity absent, NOT absent, Constant absent, AND absent, OR absent, XOR70, AND-NOT absent, OR-NOT absent, XOR-NOT absent
5 I1
6 I2
7 I3

Perfect match
Identity no
NOT no
Constant no
AND no
OR no
XOR yes
AND-NOT no
OR-NOT no
XOR-NOT no

Matched
0 I3
1 I4
2 I5
3 I6
4 XOR70
5 I1
6 I2
7 I3

Selected
0 I3
1 I4
2 I5
3 I6
4 XOR70
5 I1
6 I2
7 I3

Applying to 00110001
Input
0 0
1 0
2 1
3 1
4 0
5 0
6 0
7 1
Output
0 I3 = 1
1 I4 = 0
2 I5 = 0
3 I6 = 0
4 XOR70 = XOR(1,0) = 1
5 I1 = 0
6 I2 = 1
7 I3 = 1

I will now return the answer in \boxed{}
The answer in \boxed{–} is \boxed{10001011}