We need to deduce the transformation by matching the example outputs.
I will put my final answer inside \boxed{}.

Output 0: 10000111
0 1
1 0
2 0
3 0
4 0
5 1
6 1
7 1

Output 1: 00010110
0 0
1 0
2 0
3 1
4 0
5 1
6 1
7 0

Output 2: 00000010
0 0
1 0
2 0
3 0
4 0
5 0
6 1
7 0

Output 3: 00000000
0 0
1 0
2 0
3 0
4 0
5 0
6 0
7 0

Output 4: 00000010
0 0
1 0
2 0
3 0
4 0
5 0
6 1
7 0

Output 5: 00101000
0 0
1 0
2 1
3 0
4 1
5 0
6 0
7 0

Output 6: 00000010
0 0
1 0
2 0
3 0
4 0
5 0
6 1
7 0

Output 7: 00010000
0 0
1 0
2 0
3 1
4 0
5 0
6 0
7 0

Output bit columns (with bitsum as hash)
0 10000000 1
1 00000000 a
2 00000100 1
3 01000001 2
4 00000100 1
5 11000000 2
6 11101010 5
7 10000000 1

Input 0: 11110010
0 1
1 1
2 1
3 1
4 0
5 0
6 1
7 0

Input 1: 10011011
0 1
1 0
2 0
3 1
4 1
5 0
6 1
7 1

Input 2: 10011001
0 1
1 0
2 0
3 1
4 1
5 0
6 0
7 1

Input 3: 00000011
0 0
1 0
2 0
3 0
4 0
5 0
6 1
7 1

Input 4: 11000100
0 1
1 1
2 0
3 0
4 0
5 1
6 0
7 0

Input 5: 00010101
0 0
1 0
2 0
3 1
4 0
5 1
6 0
7 1

Input 6: 10110001
0 1
1 0
2 1
3 1
4 0
5 0
6 0
7 1

Input 7: 01001010
0 0
1 1
2 0
3 0
4 1
5 0
6 1
7 0

When matching output
x: not in operator
y: wrong position

Identity
0 11101010 5 match 6
1 10001001 3
2 10000010 2
3 11100110 5
4 01100001 3
5 00001100 2
6 11010001 4
7 01110110 5

Matching output
0 absent
1 absent
2 absent
3 absent
4 absent
5 absent
6 0
7 absent

Left
none
Best: none

Right
none
Best: none

NOT
0 00010101 3
1 01110110 5
2 01111101 6
3 00011001 3
4 10011110 5
5 11110011 6
6 00101110 4
7 10001001 3

Matching output
0 absent
1 absent
2 absent
3 absent
4 absent
5 absent
6 absent
7 absent

Left
none
Best: none

Right
none
Best: none

Constant
0 00000000 a match 1
1 11111111 a

Matching output
0 absent
1 C0
2 absent
3 absent
4 absent
5 absent
6 absent
7 absent

Left
none
Best: none

Right
none
Best: none

AND
01 10 10001000 2
12 21 10000000 1 match 0 7
23 32 10000010 2
34 43 01100000 2
45 54 00000000 a match 1
56 65 00000000 a match 1
67 76 01010000 2
70 07 01100010 3

02 20 10000010 2
13 31 10000000 1 match 0 7
24 42 00000000 a match 1
35 53 00000100 1 match 2 4
46 64 01000001 2 match 3
57 75 00000100 1 match 2 4
60 06 11000000 2 match 5
71 17 00000000 a match 1

03 30 11100010 4
14 41 00000001 1
25 52 00000000 a match 1
36 63 11000000 2 match 5
47 74 01100000 2
50 05 00001000 1
61 16 10000001 2
72 27 00000010 1

04 40 01100000 2
15 51 00001000 1
26 62 10000000 1 match 0 7
37 73 01100110 4

Matching output
0 12 21 13 31 26 62
1 45 54 56 65 24 42 71 17 25 52
2 35 53 57 75
3 46 64
4 35 53 57 75
5 60 06 36 63
6 absent
7 12 21 13 31 26 62

Left
12 23x
21 32x
13 24 35 46 57 60 71y
31 42 53 64 75 06 17y
26 37x
62 73x
Best: AND13 24 35 46 57 60: 6

Right
12 01x
21 10x
13 02x
31 20x
26 15x
62 51x
Best: AND12: 1

OR
01 10 11101011 6
12 21 10001011 4
23 32 11100110 5
34 43 11100111 6
45 54 01101101 5
56 65 11011101 6
67 76 11110111 7
70 07 11111110 7

02 20 11101010 5 match 6
13 31 11101111 7
24 42 11100011 5
35 53 11101110 6
46 64 11110001 5
57 75 01111110 6
60 06 11111011 7
71 17 11111111 a

03 30 11101110 6
14 41 11101001 5
25 52 10001110 4
36 63 11110111 7
47 74 01110111 6
50 05 11101110 6
61 16 11011001 5
72 27 11110110 6

04 40 11101011 6
15 51 10001101 4
26 62 11010011 5
37 73 11110110 6

Matching output
0 absent
1 absent
2 absent
3 absent
4 absent
5 absent
6 02 20
7 absent

Left
none
Best: none

Right
none
Best: none

XOR
01 10 01100011 4
12 21 00001011 3
23 32 01100100 3
34 43 10000111 4
45 54 01101101 5
56 65 11011101 6
67 76 10100111 5
70 07 10011100 4

02 20 01101000 3
13 31 01101111 6
24 42 11100011 5
35 53 11101010 5 match 6
46 64 10110000 3
57 75 01111010 5
60 06 00111011 5
71 17 11111111 a

03 30 00001100 2
14 41 11101000 4
25 52 10001110 4
36 63 00110111 5
47 74 00010111 4
50 05 11100110 5
61 16 01011000 3
72 27 11110100 5

04 40 10001011 4
15 51 10000101 3
26 62 01010011 4
37 73 10010000 2

Matching output
0 absent
1 absent
2 absent
3 absent
4 absent
5 absent
6 35 53
7 absent

Left
none
Best: none

Right
none
Best: none

AND-NOT
01 01100010 3
12 00001001 2
23 00000000 a match 1
34 10000110 3
45 01100001 3
56 00001100 2
67 10000001 2
70 00010100 2

02 01101000 3
13 00001001 2
24 10000010 2
35 11100010 4
46 00100000 1
57 00001000 1
60 00010001 2
71 01110110 5

03 00001000 1
14 10001000 2
25 10000010 2
36 00100110 3
47 00000001 1
50 00000100 1 match 2 4
61 01010000 2
72 01110100 4

04 10001010 3
15 10000001 2
26 00000010 1
37 10000000 1 match 0 7
40 00000001 1
51 00000100 1 match 2 4
62 01010001 3
73 00010000 1

05 11100010 4
16 00001000 1
27 10000000 1 match 0 7
30 00000100 1 match 2 4
41 01100000 2
52 00001100 2
63 00010001 2
74 00010110 3

06 00101010 3
17 10001001 3
20 00000000 a match 1
31 01100110 4
42 01100001 3
53 00001000 1
64 10010000 2
75 01110010 4

07 10001000 2
10 00000001 1
21 00000010 1
32 01100100 3
43 00000001 1
54 00001100 2
65 11010001 4
76 00100110 3

Matching output
0 37 27
1 23 20
2 50 51 30
3 absent
4 50 51 30
5 absent
6 absent
7 37 27

Left
37 40x
27 30y
Best: AND-NOT37: 1

Right
37 26x
27 16x
Best: AND-NOT37: 1

OR-NOT
01 11111110 7
12 11111101 7
23 10011011 5
34 11111110 7
45 11110011 6
56 00101110 4
67 11011001 5
70 01110111 6

02 11111111 a
13 10011001 4
24 10011110 5
35 11110111 7
46 01101111 6
57 10001101 4
60 11010101 5
71 01110110 5

03 11111011 7
14 10011111 6
25 11110011 6
36 11101110 6
47 11101001 5
50 00011101 4
61 11110111 7
72 01111111 7

04 11111110 7
15 11111011 7
26 10101110 5
37 11101111 7
40 01110101 5
51 01111110 6
62 11111101 7
73 01111111 7

05 11111011 7
16 10101111 6
27 10001011 4
30 11110111 7
41 01110111 6
52 01111101 6
63 11011001 5
74 11111110 7

06 11101110 6
17 10001001 3
20 10010111 5
31 11110110 6
42 01111101 6
53 00011101 4
64 11011111 7
75 11110111 7

07 11101011 6
10 10011101 5
21 11110110 6
32 11111111 a
43 01111001 5
54 10011110 5
65 11110011 6
76 01111110 6

Matching output
0 absent
1 absent
2 absent
3 absent
4 absent
5 absent
6 absent
7 absent

Left
none
Best: none

Right
none
Best: none

XOR-NOT
01 10011100 4
12 11110100 5
23 10011011 5
34 01111000 4
45 10010010 3
56 00100010 2
67 01011000 3
70 01100011 4

02 10010111 5
13 10010000 2
24 00011100 3
35 00010101 3
46 01001111 5
57 10000101 3
60 11000100 3
71 00000000 a match 1

03 11110011 6
14 00010111 4
25 01110001 4
36 11001000 3
47 11101000 4
50 00011001 3
61 10100111 5
72 00001011 3

04 01110100 4
15 01111010 5
26 10101100 4
37 01101111 6
40 01110100 4
51 01111010 5
62 10101100 4
73 01101111 6

05 00011001 3
16 10100111 5
27 00001011 3
30 11110011 6
41 00010111 4
52 01110001 4
63 11001000 3
74 11101000 4

06 11000100 3
17 00000000 a match 1
20 10010111 5
31 10010000 2
42 00011100 3
53 00010101 3
64 01001111 5
75 10000101 3

07 01100011 4
10 10011100 4
21 11110100 5
32 10011011 5
43 01111000 4
54 10010010 3
65 00100010 2
76 01011000 3

Matching output
0 absent
1 71 17
2 absent
3 absent
4 absent
5 absent
6 absent
7 absent

Left
none
Best: none

Right
none
Best: none

Selecting

Lefts
Identity none
NOT none
Constant none
AND AND13 24 35 46 57 60: 6
OR none
XOR none
AND-NOT AND-NOT37: 1
OR-NOT none
XOR-NOT none

Rights
Identity none
NOT none
Constant none
AND AND12: 1
OR none
XOR none
AND-NOT AND-NOT37: 1
OR-NOT none
XOR-NOT none

Left longest: 6
Right longest: 1

Left winner: Identity no, NOT no, Constant no, AND yes, OR no, XOR no, AND-NOT no, OR-NOT no, XOR-NOT no
Right winner: Identity no, NOT no, Constant no, AND yes, OR no, XOR no, AND-NOT no, OR-NOT no, XOR-NOT no

Best left: AND13 24 35 46 57 60: 6
Best right: AND12: 1

Truncated left: AND13 24 35 46 57 60: 6
Truncated right: AND12: 1

Tentative from right
7 AND12
6 pending
5 pending
4 pending
3 pending
2 pending
1 pending
0 pending

Tentative
0 AND13
1 AND24
2 AND35
3 AND46
4 AND57
5 AND60
6 pending
7 AND12

Preferred from left
0 AND13
1 AND24
2 AND35
3 AND46
4 AND57
5 AND60
6 ?71
7 AND12

Preferred from right
7 AND12
6 ?71
5 AND60
4 AND57
3 AND46
2 AND35
1 AND24
0 AND13

Preferred
0 AND13
1 AND24
2 AND35
3 AND46
4 AND57
5 AND60
6 ?71 ?17
7 AND12

Matching
0 AND13
1 AND24
2 AND35
3 AND46
4 AND57
5 AND60
6 ?71 ?17 - Identity absent, NOT absent, Constant absent, AND absent, OR absent, XOR absent, AND-NOT absent, OR-NOT absent, XOR-NOT absent
7 AND12

Perfect match
Identity no
NOT no
Constant no
AND no
OR no
XOR no
AND-NOT no
OR-NOT no
XOR-NOT no

Matched
0 AND13
1 AND24
2 AND35
3 AND46
4 AND57
5 AND60
6 none
7 AND12

Selected
0 AND13
1 AND24
2 AND35
3 AND46
4 AND57
5 AND60
6 default 1
7 AND12

Applying to 11110001
Input
0 1
1 1
2 1
3 1
4 0
5 0
6 0
7 1
Output
0 AND13 = AND(1,1) = 1
1 AND24 = AND(1,0) = 0
2 AND35 = AND(1,0) = 0
3 AND46 = AND(0,0) = 0
4 AND57 = AND(0,1) = 0
5 AND60 = AND(0,1) = 0
6 default 1 = 1
7 AND12 = AND(1,1) = 1

I will now return the answer in \boxed{}
The answer in \boxed{–} is \boxed{10000011}