We need to deduce the transformation by matching the example outputs.
I will put my final answer inside \boxed{}.

Output 0: 10011001
0 1
1 0
2 0
3 1
4 1
5 0
6 0
7 1

Output 1: 11110101
0 1
1 1
2 1
3 1
4 0
5 1
6 0
7 1

Output 2: 01010000
0 0
1 1
2 0
3 1
4 0
5 0
6 0
7 0

Output 3: 11011011
0 1
1 1
2 0
3 1
4 1
5 0
6 1
7 1

Output 4: 10111011
0 1
1 0
2 1
3 1
4 1
5 0
6 1
7 1

Output 5: 01100100
0 0
1 1
2 1
3 0
4 0
5 1
6 0
7 0

Output 6: 10011011
0 1
1 0
2 0
3 1
4 1
5 0
6 1
7 1

Output 7: 11000111
0 1
1 1
2 0
3 0
4 0
5 1
6 1
7 1

Output 8: 11100001
0 1
1 1
2 1
3 0
4 0
5 0
6 0
7 1

Output bit columns (with bitsum as hash)
0 110110111 7
1 011101011 6
2 010011001 4
3 111110100 6
4 100110100 4
5 010001010 3
6 000110110 4
7 110110111 7

Input 0: 11001101
0 1
1 1
2 0
3 0
4 1
5 1
6 0
7 1

Input 1: 01111010
0 0
1 1
2 1
3 1
4 1
5 0
6 1
7 0

Input 2: 00101000
0 0
1 0
2 1
3 0
4 1
5 0
6 0
7 0

Input 3: 01101101
0 0
1 1
2 1
3 0
4 1
5 1
6 0
7 1

Input 4: 11011100
0 1
1 1
2 0
3 1
4 1
5 1
6 0
7 0

Input 5: 00110010
0 0
1 0
2 1
3 1
4 0
5 0
6 1
7 0

Input 6: 01001101
0 0
1 1
2 0
3 0
4 1
5 1
6 0
7 1

Input 7: 11100010
0 1
1 1
2 1
3 0
4 0
5 0
6 1
7 0

Input 8: 11110001
0 1
1 1
2 1
3 1
4 0
5 0
6 0
7 1

When matching output
x: not in operator
y: wrong position

Identity
0 100010011 4
1 110110111 7 match 0 7
2 011101011 6 match 1
3 010011001 4 match 2
4 111110100 6 match 3
5 100110100 4 match 4
6 010001010 3 match 5
7 100100101 4

Matching output
0 1
1 2
2 3
3 4
4 5
5 6
6 absent
7 1

Left
1 2 3 4 5 6 7x
Best: I1 2 3 4 5 6: 6

Right
1 0x
Best: I1: 1

NOT
0 011101100 5
1 001001000 2
2 100010100 3
3 101100110 5
4 000001011 3
5 011001011 5
6 101110101 6
7 011011010 5

Matching output
0 absent
1 absent
2 absent
3 absent
4 absent
5 absent
6 absent
7 absent

Left
none
Best: none

Right
none
Best: none

Constant
0 000000000 a
1 111111111 a

Matching output
0 absent
1 absent
2 absent
3 absent
4 absent
5 absent
6 absent
7 absent

Left
none
Best: none

Right
none
Best: none

AND
01 10 100010011 4
12 21 010100011 4
23 32 010001001 3
34 43 010010000 2
45 54 100110100 4 match 4
56 65 000000000 a
67 76 000000000 a
70 07 100000001 2

02 20 000000011 2
13 31 010010001 3
24 42 011100000 3
35 53 000010000 1
46 64 010000000 1
57 75 100100100 3
60 06 000000010 1
71 17 100100101 4

03 30 000010001 2
14 41 110110100 5
25 52 000100000 1
36 63 010001000 2
47 74 100100100 3
50 05 100010000 2
61 16 010000010 2
72 27 000100001 2

04 40 100010000 2
15 51 100110100 4 match 4
26 62 010001010 3 match 5
37 73 000000001 1

Matching output
0 absent
1 absent
2 absent
3 absent
4 45 54 15 51
5 26 62
6 absent
7 absent

Left
none
Best: none

Right
none
Best: none

OR
01 10 110110111 7 match 0 7
12 21 111111111 a
23 32 011111011 7
34 43 111111101 8
45 54 111110100 6 match 3
56 65 110111110 7
67 76 110101111 7
70 07 100110111 6

02 20 111111011 8
13 31 110111111 8
24 42 111111111 a
35 53 110111101 7
46 64 111111110 8
57 75 100110101 5
60 06 110011011 6
71 17 110110111 7 match 0 7

03 30 110011011 6
14 41 111110111 8
25 52 111111111 a
36 63 010011011 5
47 74 111110101 7
50 05 100110111 6
61 16 110111111 8
72 27 111101111 8

04 40 111110111 8
15 51 110110111 7 match 0 7
26 62 011101011 6 match 1
37 73 110111101 7

Matching output
0 01 10 71 17 15 51
1 26 62
2 absent
3 45 54
4 absent
5 absent
6 absent
7 01 10 71 17 15 51

Left
01 12x
10 21x
71 02x
17 20x
15 26 37x
51 62 73x
Best: OR15 26: 2

Right
01 70x
10 07x
71 60x
17 06x
15 04x
51 40x
Best: OR01: 1

XOR
01 10 010100100 3
12 21 101011100 5
23 32 001110010 4
34 43 101101101 6
45 54 011000000 2
56 65 110111110 7
67 76 110101111 7
70 07 000110110 4 match 6

02 20 111111000 6
13 31 100101110 5
24 42 100011111 6
35 53 110101101 6
46 64 101111110 7
57 75 000010001 2
60 06 110011001 5
71 17 010010010 3

03 30 110001010 4
14 41 001000011 3
25 52 111011111 8
36 63 000010011 3
47 74 011010001 4
50 05 000100111 4
61 16 100111101 6
72 27 111001110 6

04 40 011100111 6
15 51 010000011 3
26 62 001100001 3
37 73 110111100 6

Matching output
0 absent
1 absent
2 absent
3 absent
4 absent
5 absent
6 70 07
7 absent

Left
none
Best: none

Right
none
Best: none

AND-NOT
01 000000000 a
12 100010100 3
23 001100010 3
34 000001001 2
45 011000000 2
56 100110100 4 match 4
67 010001010 3 match 5
70 000100100 2

02 100010000 2
13 100100110 4
24 000001011 3
35 010001001 3
46 101110100 5
57 000010000 1
60 010001000 2
71 000000000 a

03 100000010 2
14 000000011 2
25 011001011 5
36 000010001 2
47 011010000 3
50 000100100 2
61 000001000 1
72 100000100 2

04 000000011 2
15 010000011 3
26 001100001 3
37 010011000 3
40 011100100 4
51 000000000 a
62 000000000 a
73 100100100 3

05 000000011 2
16 100110101 5
27 011001010 4
30 010001000 2
41 001000000 1
52 100010100 3
63 000000010 1
74 000000001 1

06 100010001 3
17 010010010 3
20 011101000 4
31 000001000 1
42 100010100 3
53 100100100 3
64 000001010 2
75 000000001 1

07 000010010 2
10 010100100 3
21 001001000 2
32 000010000 1
43 101100100 4
54 000000000 a
65 010001010 3 match 5
76 100100101 4

Matching output
0 absent
1 absent
2 absent
3 absent
4 56
5 67 65
6 absent
7 absent

Left
none
Best: none

Right
none
Best: none

OR-NOT
01 101011011 6
12 110110111 7 match 0 7
23 111101111 8
34 010011011 5
45 111111111 a
56 101110101 6
67 011011010 5
70 111101101 7

02 100010111 5
13 111110111 8
24 011101011 6 match 1
35 011011011 6
46 111110101 7
57 111111110 8
60 011101110 6
71 101101101 6

03 101110111 7
14 110111111 8
25 011101011 6 match 1
36 111111101 8
47 111111110 8
50 111111100 7
61 011001010 4
72 100110101 5

04 100011011 5
15 111111111 a
26 111111111 a
37 011011011 6
40 111111100 7
51 101111100 6
62 110011110 6
73 101100111 6

05 111011011 7
16 111110111 8
27 011111011 7
30 011111101 7
41 111111100 7
52 100110100 4 match 4
63 111101110 7
74 100101111 6

06 101110111 7
17 111111111 a
20 011101111 7
31 011011001 5
42 111110100 6 match 3
53 101110110 6
64 010001011 4
75 111101111 8

07 111011011 7
10 111111111 a
21 011101011 6 match 1
32 110011101 6
43 111110110 7
54 100111111 7
65 011001011 5
76 101110101 6

Matching output
0 12
1 24 25 21
2 absent
3 42
4 52
5 absent
6 absent
7 12

Left
12 23x
Best: OR-NOT12: 1

Right
12 01x
Best: OR-NOT12: 1

XOR-NOT
01 101011011 6
12 010100011 4
23 110001101 5
34 010010010 3
45 100111111 7
56 001000001 2
67 001010000 2
70 111001001 5

02 000000111 3
13 011010001 4
24 011100000 3
35 001010010 3
46 010000001 2
57 111101110 7
60 001100110 4
71 101101101 6

03 001110101 5
14 110111100 6
25 000100000 1
36 111101100 6
47 100101110 5
50 111011000 5
61 011000010 3
72 000110001 3

04 100011000 3
15 101111100 6
26 110011110 6
37 001000011 3
40 100011000 3
51 101111100 6
62 110011110 6
73 001000011 3

05 111011000 5
16 011000010 3
27 000110001 3
30 001110101 5
41 110111100 6
52 000100000 1
63 111101100 6
74 100101110 5

06 001100110 4
17 101101101 6
20 000000111 3
31 011010001 4
42 011100000 3
53 001010010 3
64 010000001 2
75 111101110 7

07 111001001 5
10 101011011 6
21 010100011 4
32 110001101 5
43 010010010 3
54 100111111 7
65 001000001 2
76 001010000 2

Matching output
0 absent
1 absent
2 absent
3 absent
4 absent
5 absent
6 absent
7 absent

Left
none
Best: none

Right
none
Best: none

Selecting

Lefts
Identity I1 2 3 4 5 6: 6
NOT none
Constant none
AND none
OR OR15 26: 2
XOR none
AND-NOT none
OR-NOT OR-NOT12: 1
XOR-NOT none

Rights
Identity I1: 1
NOT none
Constant none
AND none
OR OR01: 1
XOR none
AND-NOT none
OR-NOT OR-NOT12: 1
XOR-NOT none

Left longest: 6
Right longest: 1

Left winner: Identity yes, NOT no, Constant no, AND no, OR no, XOR no, AND-NOT no, OR-NOT no, XOR-NOT no
Right winner: Identity yes, NOT no, Constant no, AND no, OR no, XOR no, AND-NOT no, OR-NOT no, XOR-NOT no

Best left: I1 2 3 4 5 6: 6
Best right: I1: 1

Truncated left: I1 2 3 4 5 6: 6
Truncated right: I1: 1

Tentative from right
7 I1
6 pending
5 pending
4 pending
3 pending
2 pending
1 pending
0 pending

Tentative
0 I1
1 I2
2 I3
3 I4
4 I5
5 I6
6 pending
7 I1

Preferred from left
0 I1
1 I2
2 I3
3 I4
4 I5
5 I6
6 ?7?
7 I1

Preferred from right
7 I1
6 ?70
5 I6
4 I5
3 I4
2 I3
1 I2
0 I1

Preferred
0 I1
1 I2
2 I3
3 I4
4 I5
5 I6
6 ?70 ?07
7 I1

Matching
0 I1
1 I2
2 I3
3 I4
4 I5
5 I6
6 ?70 ?07 - Identity absent, NOT absent, Constant absent, AND absent, OR absent, XOR70, AND-NOT absent, OR-NOT absent, XOR-NOT absent
7 I1

Perfect match
Identity no
NOT no
Constant no
AND no
OR no
XOR yes
AND-NOT no
OR-NOT no
XOR-NOT no

Matched
0 I1
1 I2
2 I3
3 I4
4 I5
5 I6
6 XOR70
7 I1

Selected
0 I1
1 I2
2 I3
3 I4
4 I5
5 I6
6 XOR70
7 I1

Applying to 01111101
Input
0 0
1 1
2 1
3 1
4 1
5 1
6 0
7 1
Output
0 I1 = 1
1 I2 = 1
2 I3 = 1
3 I4 = 1
4 I5 = 1
5 I6 = 0
6 XOR70 = XOR(1,0) = 1
7 I1 = 1

I will now return the answer in \boxed{}
The answer in \boxed{–} is \boxed{11111011}