We need to deduce the transformation by matching the example outputs.
I will put my final answer inside \boxed{}.

Output 0: 00000000
0 0
1 0
2 0
3 0
4 0
5 0
6 0
7 0

Output 1: 00000000
0 0
1 0
2 0
3 0
4 0
5 0
6 0
7 0

Output 2: 00000001
0 0
1 0
2 0
3 0
4 0
5 0
6 0
7 1

Output 3: 00000000
0 0
1 0
2 0
3 0
4 0
5 0
6 0
7 0

Output 4: 00000001
0 0
1 0
2 0
3 0
4 0
5 0
6 0
7 1

Output 5: 00000000
0 0
1 0
2 0
3 0
4 0
5 0
6 0
7 0

Output 6: 00000001
0 0
1 0
2 0
3 0
4 0
5 0
6 0
7 1

Output 7: 00000000
0 0
1 0
2 0
3 0
4 0
5 0
6 0
7 0

Output 8: 00000000
0 0
1 0
2 0
3 0
4 0
5 0
6 0
7 0

Output bit columns (with bitsum as hash)
0 000000000 a
1 000000000 a
2 000000000 a
3 000000000 a
4 000000000 a
5 000000000 a
6 000000000 a
7 001010100 3

Input 0: 01000101
0 0
1 1
2 0
3 0
4 0
5 1
6 0
7 1

Input 1: 01000100
0 0
1 1
2 0
3 0
4 0
5 1
6 0
7 0

Input 2: 11111011
0 1
1 1
2 1
3 1
4 1
5 0
6 1
7 1

Input 3: 01101000
0 0
1 1
2 1
3 0
4 1
5 0
6 0
7 0

Input 4: 10000001
0 1
1 0
2 0
3 0
4 0
5 0
6 0
7 1

Input 5: 01100101
0 0
1 1
2 1
3 0
4 0
5 1
6 0
7 1

Input 6: 10000101
0 1
1 0
2 0
3 0
4 0
5 1
6 0
7 1

Input 7: 01001010
0 0
1 1
2 0
3 0
4 1
5 0
6 1
7 0

Input 8: 01101011
0 0
1 1
2 1
3 0
4 1
5 0
6 1
7 1

When matching output
x: not in operator
y: wrong position

Identity
0 001010100 3 match 7
1 111101011 7
2 001101001 4
3 001000000 1
4 001100011 4
5 110001100 4
6 001000011 3
7 101011101 6

Matching output
0 absent
1 absent
2 absent
3 absent
4 absent
5 absent
6 absent
7 0

Left
none
Best: none

Right
0 7x
Best: I0: 1

NOT
0 110101011 6
1 000010100 2
2 110010110 5
3 110111111 8
4 110011100 5
5 001110011 5
6 110111100 6
7 010100010 3

Matching output
0 absent
1 absent
2 absent
3 absent
4 absent
5 absent
6 absent
7 absent

Left
none
Best: none

Right
none
Best: none

Constant
0 000000000 a match 0 1 2 3 4 5 6
1 111111111 a

Matching output
0 C0
1 C0
2 C0
3 C0
4 C0
5 C0
6 C0
7 absent

Left
0 0 0 0 0 0 0
Best: C0 0 0 0 0 0 0: 7

Right
none
Best: none

AND
01 10 001000000 1
12 21 001101001 4
23 32 001000000 1
34 43 001000000 1
45 54 000000000 a match 0 1 2 3 4 5 6
56 65 000000000 a match 0 1 2 3 4 5 6
67 76 001000001 2
70 07 001010100 3 match 7

02 20 001000000 1
13 31 001000000 1
24 42 001100001 3
35 53 000000000 a match 0 1 2 3 4 5 6
46 64 001000011 3
57 75 100001100 3
60 06 001000000 1
71 17 101001001 4

03 30 001000000 1
14 41 001100011 4
25 52 000001000 1
36 63 001000000 1
47 74 001000001 2
50 05 000000100 1
61 16 001000011 3
72 27 001001001 3

04 40 001000000 1
15 51 110001000 3
26 62 001000001 2
37 73 001000000 1

Matching output
0 45 54 56 65 35 53
1 45 54 56 65 35 53
2 45 54 56 65 35 53
3 45 54 56 65 35 53
4 45 54 56 65 35 53
5 45 54 56 65 35 53
6 45 54 56 65 35 53
7 70 07

Left
45 56 67x
54 65 76x
56 67x
65 76x
35 46x
53 64x
Best: AND45 56: 2

Right
70 67x
07 76x
Best: AND70: 1

OR
01 10 111111111 a
12 21 111101011 7
23 32 001101001 4
34 43 001100011 4
45 54 111101111 8
56 65 111001111 7
67 76 101011111 7
70 07 101011101 6

02 20 001111101 6
13 31 111101011 7
24 42 001101011 5
35 53 111001100 5
46 64 001100011 4
57 75 111011101 7
60 06 001010111 5
71 17 111111111 a

03 30 001010100 3 match 7
14 41 111101011 7
25 52 111101101 7
36 63 001000011 3
47 74 101111111 8
50 05 111011100 6
61 16 111101011 7
72 27 101111101 7

04 40 001110111 6
15 51 111101111 8
26 62 001101011 5
37 73 101011101 6

Matching output
0 absent
1 absent
2 absent
3 absent
4 absent
5 absent
6 absent
7 03 30

Left
none
Best: none

Right
03 72x
30 27x
Best: OR03: 1

XOR
01 10 110111111 8
12 21 110000010 3
23 32 000101001 3
34 43 000100011 3
45 54 111101111 8
56 65 111001111 7
67 76 100011110 5
70 07 100001001 3

02 20 000111101 5
13 31 110101011 6
24 42 000001010 2
35 53 111001100 5
46 64 000100000 1
57 75 011010001 4
60 06 000010111 4
71 17 010110110 5

03 30 000010100 2
14 41 110001000 3
25 52 111100101 6
36 63 000000011 2
47 74 100111110 6
50 05 111011000 5
61 16 110101000 4
72 27 100110100 4

04 40 000110111 5
15 51 001100111 5
26 62 000101010 3
37 73 100011101 5

Matching output
0 absent
1 absent
2 absent
3 absent
4 absent
5 absent
6 absent
7 absent

Left
none
Best: none

Right
none
Best: none

AND-NOT
01 000010100 2
12 110000010 3
23 000101001 3
34 000000000 a match 0 1 2 3 4 5 6
45 001100011 4
56 110001100 4
67 000000010 1
70 100001001 3

02 000010100 2
13 110101011 6
24 000001000 1
35 001000000 1
46 000100000 1
57 010000000 1
60 000000011 2
71 000010100 2

03 000010100 2
14 110001000 3
25 001100001 3
36 000000000 a match 0 1 2 3 4 5 6
47 000100010 2
50 110001000 3
61 000000000 a match 0 1 2 3 4 5 6
72 100010100 3

04 000010100 2
15 001100011 4
26 000101000 2
37 000000000 a match 0 1 2 3 4 5 6
40 000100011 3
51 000000100 1
62 000000010 1
73 100011101 5

05 001010000 2
16 110101000 4
27 000100000 1
30 000000000 a match 0 1 2 3 4 5 6
41 000000000 a match 0 1 2 3 4 5 6
52 110000100 3
63 000000011 2
74 100011100 4

06 000010100 2
17 010100010 3
20 000101001 3
31 000000000 a match 0 1 2 3 4 5 6
42 000000010 1
53 110001100 4
64 000000000 a match 0 1 2 3 4 5 6
75 001010001 3

07 000000000 a match 0 1 2 3 4 5 6
10 110101011 6
21 000000000 a match 0 1 2 3 4 5 6
32 000000000 a match 0 1 2 3 4 5 6
43 000100011 3
54 110001100 4
65 001000011 3
76 100011100 4

Matching output
0 34 36 61 37 30 41 31 64 07 21 32
1 34 36 61 37 30 41 31 64 07 21 32
2 34 36 61 37 30 41 31 64 07 21 32
3 34 36 61 37 30 41 31 64 07 21 32
4 34 36 61 37 30 41 31 64 07 21 32
5 34 36 61 37 30 41 31 64 07 21 32
6 34 36 61 37 30 41 31 64 07 21 32
7 absent

Left
34 45x
36 47x
61 72x
37 40x
30 41 52x
41 52x
31 42x
64 75x
07 10x
21 32 43x
32 43x
Best: AND-NOT30 41: 2

Right
none
Best: none

OR-NOT
01 001010100 3 match 7
12 111111111 a
23 111111111 a
34 111011100 6
45 001110011 5
56 110111100 6
67 011100011 5
70 111111111 a

02 111010110 6
13 111111111 a
24 111111101 8
35 001110011 5
46 111111111 a
57 110101110 6
60 111101011 7
71 101011101 6

03 111111111 a
14 111111111 a
25 001111011 6
36 111111100 7
47 011100011 5
50 110101111 7
61 001010111 5
72 111011111 8

04 111011100 6
15 111111011 8
26 111111101 8
37 011100010 4
40 111101011 7
51 110011100 5
62 111010111 7
73 111111111 a

05 001110111 6
16 111111111 a
27 011101011 6
30 111101011 7
41 001110111 6
52 110011110 6
63 111111111 a
74 111011101 7

06 111111100 7
17 111101011 7
20 111101011 7
31 001010100 3 match 7
42 111110111 8
53 110111111 8
64 111011111 8
75 101111111 8

07 011110110 6
10 111101011 7
21 001111101 6
32 111010110 6
43 111111111 a
54 110011100 5
65 001110011 5
76 111111101 8

Matching output
0 absent
1 absent
2 absent
3 absent
4 absent
5 absent
6 absent
7 01 31

Left
none
Best: none

Right
01 70x
31 20x
Best: OR-NOT01: 1

XOR-NOT
01 001000000 1
12 001111101 6
23 111010110 6
34 111011100 6
45 000010000 1
56 000110000 2
67 011100001 4
70 011110110 6

02 111000010 4
13 001010100 3 match 7
24 111110101 7
35 000110011 4
46 111011111 8
57 100101110 5
60 111101000 5
71 101001001 4

03 111101011 7
14 001110111 6
25 000011010 3
36 111111100 7
47 011000001 3
50 000100111 4
61 001010111 5
72 011001011 5

04 111001000 4
15 110011000 4
26 111010101 6
37 011100010 4
40 111001000 4
51 110011000 4
62 111010101 6
73 011100010 4

05 000100111 4
16 001010111 5
27 011001011 5
30 111101011 7
41 001110111 6
52 000011010 3
63 111111100 7
74 011000001 3

06 111101000 5
17 101001001 4
20 111000010 4
31 001010100 3 match 7
42 111110101 7
53 000110011 4
64 111011111 8
75 100101110 5

07 011110110 6
10 001000000 1
21 001111101 6
32 111010110 6
43 111011100 6
54 000010000 1
65 000110000 2
76 011100001 4

Matching output
0 absent
1 absent
2 absent
3 absent
4 absent
5 absent
6 absent
7 13 31

Left
none
Best: none

Right
13 02x
31 20x
Best: XOR-NOT13: 1

Selecting

Lefts
Identity none
NOT none
Constant C0 0 0 0 0 0 0: 7
AND AND45 56: 2
OR none
XOR none
AND-NOT AND-NOT30 41: 2
OR-NOT none
XOR-NOT none

Rights
Identity I0: 1
NOT none
Constant none
AND AND70: 1
OR OR03: 1
XOR none
AND-NOT none
OR-NOT OR-NOT01: 1
XOR-NOT XOR-NOT13: 1

Left longest: 7
Right longest: 1

Left winner: Identity no, NOT no, Constant yes, AND no, OR no, XOR no, AND-NOT no, OR-NOT no, XOR-NOT no
Right winner: Identity yes, NOT no, Constant no, AND no, OR no, XOR no, AND-NOT no, OR-NOT no, XOR-NOT no

Best left: C0 0 0 0 0 0 0: 7
Best right: I0: 1

Truncated left: C0 0 0 0 0 0 0: 7
Truncated right: I0: 1

Tentative from right
7 I0
6 pending
5 pending
4 pending
3 pending
2 pending
1 pending
0 pending

Tentative
0 C0
1 C0
2 C0
3 C0
4 C0
5 C0
6 C0
7 I0

Preferred from left
0 C0
1 C0
2 C0
3 C0
4 C0
5 C0
6 C0
7 I0

Preferred from right
7 I0
6 C0
5 C0
4 C0
3 C0
2 C0
1 C0
0 C0

Preferred
0 C0
1 C0
2 C0
3 C0
4 C0
5 C0
6 C0
7 I0

Matching
0 C0
1 C0
2 C0
3 C0
4 C0
5 C0
6 C0
7 I0

Perfect match
Identity no
NOT no
Constant no
AND no
OR no
XOR no
AND-NOT no
OR-NOT no
XOR-NOT no

Matched
0 C0
1 C0
2 C0
3 C0
4 C0
5 C0
6 C0
7 I0

Selected
0 C0
1 C0
2 C0
3 C0
4 C0
5 C0
6 C0
7 I0

Applying to 01011000
Input
0 0
1 1
2 0
3 1
4 1
5 0
6 0
7 0
Output
0 C0 = 0
1 C0 = 0
2 C0 = 0
3 C0 = 0
4 C0 = 0
5 C0 = 0
6 C0 = 0
7 I0 = 0

I will now return the answer in \boxed{}
The answer in \boxed{–} is \boxed{00000000}