We need to deduce the transformation by matching the example outputs.
I will put my final answer inside \boxed{}.

Output 0: 00100011
0 0
1 0
2 1
3 0
4 0
5 0
6 1
7 1

Output 1: 00111110
0 0
1 0
2 1
3 1
4 1
5 1
6 1
7 0

Output 2: 00100110
0 0
1 0
2 1
3 0
4 0
5 1
6 1
7 0

Output 3: 00010000
0 0
1 0
2 0
3 1
4 0
5 0
6 0
7 0

Output 4: 01001100
0 0
1 1
2 0
3 0
4 1
5 1
6 0
7 0

Output 5: 11001100
0 1
1 1
2 0
3 0
4 1
5 1
6 0
7 0

Output 6: 10000101
0 1
1 0
2 0
3 0
4 0
5 1
6 0
7 1

Output 7: 01000110
0 0
1 1
2 0
3 0
4 0
5 1
6 1
7 0

Output bit columns (with bitsum as hash)
0 00000110 2
1 00001101 3
2 11100000 3
3 01010000 2
4 01001100 3
5 01101111 6
6 11100001 4
7 10000010 2

Input 0: 00110010
0 0
1 0
2 1
3 1
4 0
5 0
6 1
7 0

Input 1: 11100011
0 1
1 1
2 1
3 0
4 0
5 0
6 1
7 1

Input 2: 01100010
0 0
1 1
2 1
3 0
4 0
5 0
6 1
7 0

Input 3: 00000001
0 0
1 0
2 0
3 0
4 0
5 0
6 0
7 1

Input 4: 11000100
0 1
1 1
2 0
3 0
4 0
5 1
6 0
7 0

Input 5: 11001110
0 1
1 1
2 0
3 0
4 1
5 1
6 1
7 0

Input 6: 01011101
0 0
1 1
2 0
3 1
4 1
5 1
6 0
7 1

Input 7: 01101101
0 0
1 1
2 1
3 0
4 1
5 1
6 0
7 1

When matching output
x: not in operator
y: wrong position

Identity
0 01001100 3 match 4
1 01101111 6 match 5
2 11100001 4 match 6
3 10000010 2 match 7
4 00000111 3
5 00001111 4
6 11100100 4
7 01010011 4

Matching output
0 absent
1 absent
2 absent
3 absent
4 0
5 1
6 2
7 3

Left
none
Best: none

Right
3 2 1 0 7x
Best: I3 2 1 0: 4

NOT
0 10110011 5
1 10010000 2
2 00011110 4
3 01111101 6
4 11111000 5
5 11110000 4
6 00011011 4
7 10101100 4

Matching output
0 absent
1 absent
2 absent
3 absent
4 absent
5 absent
6 absent
7 absent

Left
none
Best: none

Right
none
Best: none

Constant
0 00000000 a
1 11111111 a

Matching output
0 absent
1 absent
2 absent
3 absent
4 absent
5 absent
6 absent
7 absent

Left
none
Best: none

Right
none
Best: none

AND
01 10 01001100 3 match 4
12 21 01100001 3
23 32 10000000 1
34 43 00000010 1
45 54 00000111 3
56 65 00000100 1
67 76 01000000 1
70 07 01000000 1

02 20 01000000 1
13 31 00000010 1
24 42 00000001 1
35 53 00000010 1
46 64 00000100 1
57 75 00000011 2
60 06 01000100 2
71 17 01000011 3

03 30 00000000 a
14 41 00000111 3
25 52 00000001 1
36 63 10000000 1
47 74 00000011 2
50 05 00001100 2
61 16 01100100 3
72 27 01000001 2

04 40 00000100 1
15 51 00001111 4
26 62 11100000 3 match 2
37 73 00000010 1

Matching output
0 absent
1 absent
2 26 62
3 absent
4 01 10
5 absent
6 absent
7 absent

Left
none
Best: none

Right
none
Best: none

OR
01 10 01101111 6 match 5
12 21 11101111 7
23 32 11100011 5
34 43 10000111 4
45 54 00001111 4
56 65 11101111 7
67 76 11110111 7
70 07 01011111 6

02 20 11101101 6
13 31 11101111 7
24 42 11100111 6
35 53 10001111 5
46 64 11100111 6
57 75 01011111 6
60 06 11101100 5
71 17 01111111 7

03 30 11001110 5
14 41 01101111 6 match 5
25 52 11101111 7
36 63 11100110 5
47 74 01010111 5
50 05 01001111 5
61 16 11101111 7
72 27 11110011 6

04 40 01001111 5
15 51 01101111 6 match 5
26 62 11100101 5
37 73 11010011 5

Matching output
0 absent
1 absent
2 absent
3 absent
4 absent
5 01 10 14 41 15 51
6 absent
7 absent

Left
none
Best: none

Right
none
Best: none

XOR
01 10 00100011 3
12 21 10001110 4
23 32 01100011 4
34 43 10000101 3
45 54 00001000 1
56 65 11101011 6
67 76 10110111 6
70 07 00011111 5

02 20 10101101 5
13 31 11101101 6
24 42 11100110 5
35 53 10001101 4
46 64 11100011 5
57 75 01011100 4
60 06 10101000 3
71 17 00111100 4

03 30 11001110 5
14 41 01101000 3
25 52 11101110 6
36 63 01100110 4
47 74 01010100 3
50 05 01000011 3
61 16 10001011 4
72 27 10110010 4

04 40 01001011 4
15 51 01100000 2
26 62 00000101 2
37 73 11010001 4

Matching output
0 absent
1 absent
2 absent
3 absent
4 absent
5 absent
6 absent
7 absent

Left
none
Best: none

Right
none
Best: none

AND-NOT
01 00000000 a
12 00001110 3
23 01100001 3
34 10000000 1
45 00000000 a
56 00001011 3
67 10100100 3
70 00010011 3

02 00001100 2
13 01101101 5
24 11100000 3 match 2
35 10000000 1
46 00000011 2
57 00001100 2
60 10100000 2
71 00010000 1

03 01001100 3 match 4
14 01101000 3
25 11100000 3 match 2
36 00000010 1
47 00000100 1
50 00000011 2
61 10000000 1
72 00010010 2

04 01001000 2
15 01100000 2
26 00000001 1
37 10000000 1
40 00000011 2
51 00000000 a
62 00000100 1
73 01010001 3

05 01000000 1
16 00001011 3
27 10100000 2
30 10000010 2 match 7
41 00000000 a
52 00001110 3
63 01100100 3
74 01010000 2 match 3

06 00001000 1
17 00101100 3
20 10100001 3
31 10000000 1
42 00000110 2 match 0
53 00001101 3 match 1
64 11100000 3 match 2
75 01010000 2 match 3

07 00001100 2
10 00100011 3
21 10000000 1
32 00000010 1
43 00000101 2
54 00001000 1
65 11100000 3 match 2
76 00010011 3

Matching output
0 42
1 53
2 24 25 64 65
3 74 75
4 03
5 absent
6 absent
7 30

Left
42 53 64 75 06x
Best: AND-NOT42 53 64 75: 4

Right
30 27x
Best: AND-NOT30: 1

OR-NOT
01 11011100 5
12 01111111 7
23 11111101 7
34 11111010 6
45 11110111 7
56 00011111 5
67 11101100 5
70 11110011 6

02 01011110 5
13 01111111 7
24 11111001 6
35 11110010 5
46 00011111 5
57 10101111 6
60 11110111 7
71 11010011 5

03 01111101 6
14 11111111 a
25 11110001 5
36 10011011 5
47 10101111 6
50 10111111 7
61 11110100 5
72 01011111 6

04 11111100 6
15 11111111 a
26 11111011 7
37 10101110 5
40 10110111 6
51 10011111 6
62 11111110 7
73 01111111 7

05 11111100 6
16 01111111 7
27 11101101 6
30 10110011 5
41 10010111 5
52 00011111 5
63 11111101 7
74 11111011 7

06 01011111 6
17 11101111 7
20 11110011 6
31 10010010 3
42 00011111 5
53 01111111 7
64 11111100 6
75 11110011 6

07 11101100 5
10 11111111 a
21 11110001 5
32 10011110 5
43 01111111 7
54 11111111 a
65 11110100 5
76 01011011 5

Matching output
0 absent
1 absent
2 absent
3 absent
4 absent
5 absent
6 absent
7 absent

Left
none
Best: none

Right
none
Best: none

XOR-NOT
01 11011100 5
12 01110001 4
23 10011100 4
34 01111010 5
45 11110111 7
56 00010100 2
67 01001000 2
70 11100000 3 match 2

02 01010010 3
13 00010010 2
24 00011001 3
35 01110010 4
46 00011100 3
57 10100011 4
60 01010111 5
71 11000011 4

03 00110001 3
14 10010111 5
25 00010001 2
36 10011001 4
47 10101011 5
50 10111100 5
61 01110100 4
72 01001101 4

04 10110100 4
15 10011111 6
26 11111010 6
37 00101110 4
40 10110100 4
51 10011111 6
62 11111010 6
73 00101110 4

05 10111100 5
16 01110100 4
27 01001101 4
30 00110001 3
41 10010111 5
52 00010001 2
63 10011001 4
74 10101011 5

06 01010111 5
17 11000011 4
20 01010010 3
31 00010010 2
42 00011001 3
53 01110010 4
64 00011100 3
75 10100011 4

07 11100000 3 match 2
10 11011100 5
21 01110001 4
32 10011100 4
43 01111010 5
54 11110111 7
65 00010100 2
76 01001000 2

Matching output
0 absent
1 absent
2 70 07
3 absent
4 absent
5 absent
6 absent
7 absent

Left
none
Best: none

Right
none
Best: none

Selecting

Lefts
Identity none
NOT none
Constant none
AND none
OR none
XOR none
AND-NOT AND-NOT42 53 64 75: 4
OR-NOT none
XOR-NOT none

Rights
Identity I3 2 1 0: 4
NOT none
Constant none
AND none
OR none
XOR none
AND-NOT AND-NOT30: 1
OR-NOT none
XOR-NOT none

Left longest: 4
Right longest: 4

Left winner: Identity no, NOT no, Constant no, AND no, OR no, XOR no, AND-NOT yes, OR-NOT no, XOR-NOT no
Right winner: Identity yes, NOT no, Constant no, AND no, OR no, XOR no, AND-NOT no, OR-NOT no, XOR-NOT no

Best left: AND-NOT42 53 64 75: 4
Best right: I3 2 1 0: 4

Truncated left: AND-NOT42 53 64 75: 4
Truncated right: I3 2 1 0: 4

Tentative from right
7 I3
6 I2
5 I1
4 I0
3 pending
2 pending
1 pending
0 pending

Tentative
0 AND-NOT42
1 AND-NOT53
2 AND-NOT64
3 AND-NOT75
4 I0
5 I1
6 I2
7 I3

Preferred from left
0 AND-NOT42
1 AND-NOT53
2 AND-NOT64
3 AND-NOT75
4 I0
5 I1
6 I2
7 I3

Preferred from right
7 I3
6 I2
5 I1
4 I0
3 AND-NOT75
2 AND-NOT64
1 AND-NOT53
0 AND-NOT42

Preferred
0 AND-NOT42
1 AND-NOT53
2 AND-NOT64
3 AND-NOT75
4 I0
5 I1
6 I2
7 I3

Matching
0 AND-NOT42
1 AND-NOT53
2 AND-NOT64
3 AND-NOT75
4 I0
5 I1
6 I2
7 I3

Perfect match
Identity no
NOT no
Constant no
AND no
OR no
XOR no
AND-NOT no
OR-NOT no
XOR-NOT no

Matched
0 AND-NOT42
1 AND-NOT53
2 AND-NOT64
3 AND-NOT75
4 I0
5 I1
6 I2
7 I3

Selected
0 AND-NOT42
1 AND-NOT53
2 AND-NOT64
3 AND-NOT75
4 I0
5 I1
6 I2
7 I3

Applying to 00101100
Input
0 0
1 0
2 1
3 0
4 1
5 1
6 0
7 0
Output
0 AND-NOT42 = AND(1,NOT(1)) = 0
1 AND-NOT53 = AND(1,NOT(0)) = 1
2 AND-NOT64 = AND(0,NOT(1)) = 0
3 AND-NOT75 = AND(0,NOT(1)) = 0
4 I0 = 0
5 I1 = 0
6 I2 = 1
7 I3 = 0

I will now return the answer in \boxed{}
The answer in \boxed{–} is \boxed{01000010}