We need to deduce the transformation by matching the example outputs.
I will put my final answer inside \boxed{}.

Output 0: 11111100
0 1
1 1
2 1
3 1
4 1
5 1
6 0
7 0

Output 1: 11010110
0 1
1 1
2 0
3 1
4 0
5 1
6 1
7 0

Output 2: 11111100
0 1
1 1
2 1
3 1
4 1
5 1
6 0
7 0

Output 3: 11111110
0 1
1 1
2 1
3 1
4 1
5 1
6 1
7 0

Output 4: 10111100
0 1
1 0
2 1
3 1
4 1
5 1
6 0
7 0

Output 5: 01110010
0 0
1 1
2 1
3 1
4 0
5 0
6 1
7 0

Output 6: 01101010
0 0
1 1
2 1
3 0
4 1
5 0
6 1
7 0

Output 7: 10000100
0 1
1 0
2 0
3 0
4 0
5 1
6 0
7 0

Output 8: 01001010
0 0
1 1
2 0
3 0
4 1
5 0
6 1
7 0

Output bit columns (with bitsum as hash)
0 111110010 6
1 111101101 7
2 101111100 6
3 111111000 6
4 101110101 6
5 111110010 6
6 010101101 5
7 000000000 a

Input 0: 11110011
0 1
1 1
2 1
3 1
4 0
5 0
6 1
7 1

Input 1: 00011010
0 0
1 0
2 0
3 1
4 1
5 0
6 1
7 0

Input 2: 11010001
0 1
1 1
2 0
3 1
4 0
5 0
6 0
7 1

Input 3: 11111001
0 1
1 1
2 1
3 1
4 1
5 0
6 0
7 1

Input 4: 10110010
0 1
1 0
2 1
3 1
4 0
5 0
6 1
7 0

Input 5: 11001000
0 1
1 1
2 0
3 0
4 1
5 0
6 0
7 0

Input 6: 10101000
0 1
1 0
2 1
3 0
4 1
5 0
6 0
7 0

Input 7: 00010000
0 0
1 0
2 0
3 1
4 0
5 0
6 0
7 0

Input 8: 00001001
0 0
1 0
2 0
3 0
4 1
5 0
6 0
7 1

When matching output
x: not in operator
y: wrong position

Identity
0 101111100 6 match 2
1 101101000 4
2 100110100 4
3 111110010 6 match 0 5
4 010101101 5 match 6
5 000000000 a match 7
6 110010000 3
7 101100001 4

Matching output
0 3
1 absent
2 0
3 absent
4 absent
5 3
6 4
7 5

Left
3 4y
Best: I3: 1

Right
5 4 3 2x
Best: I5 4 3: 3

NOT
0 010000011 3
1 010010111 5
2 011001011 5
3 000001101 3
4 101010010 4
5 111111111 a
6 001101111 6
7 010011110 5

Matching output
0 absent
1 absent
2 absent
3 absent
4 absent
5 absent
6 absent
7 absent

Left
none
Best: none

Right
none
Best: none

Constant
0 000000000 a match 7
1 111111111 a

Matching output
0 absent
1 absent
2 absent
3 absent
4 absent
5 absent
6 absent
7 C0

Left
none
Best: none

Right
0
Best: C0: 1

AND
01 10 101101000 4
12 21 100100000 2
23 32 100110000 3
34 43 010100000 2
45 54 000000000 a match 7
56 65 000000000 a match 7
67 76 100000000 1
70 07 101100000 3

02 20 100110100 4
13 31 101100000 3
24 42 000100100 2
35 53 000000000 a match 7
46 64 010000000 1
57 75 000000000 a match 7
60 06 100010000 2
71 17 101100000 3

03 30 101110000 4
14 41 000101000 2
25 52 000000000 a match 7
36 63 110010000 3
47 74 000100001 2
50 05 000000000 a match 7
61 16 100000000 1
72 27 100100000 2

04 40 000101100 3
15 51 000000000 a match 7
26 62 100010000 2
37 73 101100000 3

Matching output
0 absent
1 absent
2 absent
3 absent
4 absent
5 absent
6 absent
7 45 54 56 65 35 53 57 75 25 52 50 05 15 51

Left
none
Best: none

Right
45 34x
54 43x
56 45y
65 54y
35 24x
53 42x
57 46x
75 64x
25 14x
52 41x
50 47x
05 74x
15 04x
51 40x
Best: AND45: 1

OR
01 10 101111100 6 match 2
12 21 101111100 6 match 2
23 32 111110110 7
34 43 111111111 a
45 54 010101101 5 match 6
56 65 110010000 3
67 76 111110001 6
70 07 101111101 7

02 20 101111100 6 match 2
13 31 111111010 7
24 42 110111101 7
35 53 111110010 6 match 0 5
46 64 110111101 7
57 75 101100001 4
60 06 111111100 7
71 17 101101001 5

03 30 111111110 8
14 41 111101101 7 match 1
25 52 100110100 4
36 63 111110010 6 match 0 5
47 74 111101101 7 match 1
50 05 101111100 6 match 2
61 16 111111000 6 match 3
72 27 101110101 6 match 4

04 40 111111101 8
15 51 101101000 4
26 62 110110100 5
37 73 111110011 7

Matching output
0 35 53 36 63
1 14 41 47 74
2 01 10 12 21 02 20 50 05
3 61 16
4 72 27
5 35 53 36 63
6 45 54
7 absent

Left
35 46x
53 64x
36 47 50 61 72 03x
63 74 05 16 27 30x
Best: OR36 47 50 61 72: 5

Right
none
Best: none

XOR
01 10 000010100 2
12 21 001011100 4
23 32 011000110 4
34 43 101011111 7
45 54 010101101 5 match 6
56 65 110010000 3
67 76 011110001 5
70 07 000011101 4

02 20 001001000 2
13 31 010011010 4
24 42 110011001 5
35 53 111110010 6 match 0 5
46 64 100111101 6
57 75 101100001 4
60 06 011101100 5
71 17 000001001 2

03 30 010001110 4
14 41 111000101 5
25 52 100110100 4
36 63 001100010 3
47 74 111001100 5
50 05 101111100 6 match 2
61 16 011111000 5
72 27 001010101 4

04 40 111010001 5
15 51 101101000 4
26 62 010100100 3
37 73 010010011 4

Matching output
0 35 53
1 absent
2 50 05
3 absent
4 absent
5 35 53
6 45 54
7 absent

Left
35 46x
53 64x
Best: XOR35: 1

Right
none
Best: none

AND-NOT
01 000010100 2
12 001001000 2
23 000000100 1
34 101010010 4
45 010101101 5 match 6
56 000000000 a match 7
67 010010000 2
70 000000001 1

02 001001000 2
13 000001000 1
24 100010000 2
35 111110010 6 match 0 5
46 000101101 4
57 000000000 a match 7
60 010000000 1
71 000000001 1

03 000001100 2
14 101000000 2
25 100110100 4
36 001100010 3
47 010001100 3
50 000000000 a match 7
61 010010000 2
72 001000001 2

04 101010000 3
15 101101000 4
26 000100100 2
37 010010010 3
40 010000001 2
51 000000000 a match 7
62 010000000 1
73 000000001 1

05 101111100 6 match 2
16 001101000 3
27 000010100 2
30 010000010 2
41 010000101 3
52 000000000 a match 7
63 000000000 a match 7
74 101000000 2

06 001101100 4
17 000001000 1
20 000000000 a match 7
31 010010010 3
42 010001001 3
53 000000000 a match 7
64 100010000 2
75 101100001 4

07 000011100 3
10 000000000 a match 7
21 000010100 2
32 011000010 3
43 000001101 3
54 000000000 a match 7
65 110010000 3
76 001100001 3

Matching output
0 35
1 absent
2 05
3 absent
4 absent
5 35
6 45
7 56 57 50 51 52 63 20 53 10 54

Left
35 46x
Best: AND-NOT35: 1

Right
56 45 34x
57 46x
50 47x
51 40x
52 41x
63 52y
20 17x
53 42x
10 07x
54 43x
Best: AND-NOT56 45: 2

OR-NOT
01 111111111 a
12 111101011 7
23 100111101 6
34 111110010 6 match 0 5
45 111111111 a
56 001101111 6
67 110011110 6
70 111100011 6

02 111111111 a
13 101101101 6
24 101110110 6
35 111111111 a
46 011101111 7
57 010011110 5
60 110010011 5
71 111110111 8

03 101111101 7
14 101111010 6
25 111111111 a
36 111111111 a
47 010111111 7
50 010000011 3
61 110010111 6
72 111101011 7

04 101111110 7
15 111111111 a
26 101111111 8
37 111111110 8
40 010101111 6
51 010010111 5
62 111011011 7
73 101101101 6

05 111111111 a
16 101101111 7
27 110111110 7
30 111110011 7
41 010111111 7
52 011001011 5
63 110011101 6
74 101110011 6

06 101111111 8
17 111111110 8
20 110110111 7
31 111110111 8
42 011101111 7
53 000001101 3
64 111010010 5
75 111111111 a

07 111111110 8
10 111101011 7
21 110110111 7
32 111111011 8
43 010101101 5 match 6
54 101010010 4
65 111111111 a
76 101101111 7

Matching output
0 34
1 absent
2 absent
3 absent
4 absent
5 34
6 43
7 absent

Left
34 45x
Best: OR-NOT34: 1

Right
none
Best: none

XOR-NOT
01 111101011 7
12 110100011 5
23 100111001 5
34 010100000 2
45 101010010 4
56 001101111 6
67 100001110 4
70 111100010 5

02 110110111 7
13 101100101 5
24 001100110 4
35 000001101 3
46 011000010 3
57 010011110 5
60 100010011 4
71 111110110 7

03 101110001 5
14 000111010 4
25 011001011 5
36 110011101 6
47 000110011 4
50 010000011 3
61 100000111 4
72 110101010 5

04 000101110 4
15 010010111 5
26 101011011 6
37 101101100 5
40 000101110 4
51 010010111 5
62 101011011 6
73 101101100 5

05 010000011 3
16 100000111 4
27 110101010 5
30 101110001 5
41 000111010 4
52 011001011 5
63 110011101 6
74 000110011 4

06 100010011 4
17 111110110 7
20 110110111 7
31 101100101 5
42 001100110 4
53 000001101 3
64 011000010 3
75 010011110 5

07 111100010 5
10 111101011 7
21 110100011 5
32 100111001 5
43 010100000 2
54 101010010 4
65 001101111 6
76 100001110 4

Matching output
0 absent
1 absent
2 absent
3 absent
4 absent
5 absent
6 absent
7 absent

Left
none
Best: none

Right
none
Best: none

Selecting

Lefts
Identity I3: 1
NOT none
Constant none
AND none
OR OR36 47 50 61 72: 5
XOR XOR35: 1
AND-NOT AND-NOT35: 1
OR-NOT OR-NOT34: 1
XOR-NOT none

Rights
Identity I5 4 3: 3
NOT none
Constant C0: 1
AND AND45: 1
OR none
XOR none
AND-NOT AND-NOT56 45: 2
OR-NOT none
XOR-NOT none

Left longest: 5
Right longest: 3

Left winner: Identity no, NOT no, Constant no, AND no, OR yes, XOR no, AND-NOT no, OR-NOT no, XOR-NOT no
Right winner: Identity yes, NOT no, Constant no, AND no, OR no, XOR no, AND-NOT no, OR-NOT no, XOR-NOT no

Best left: OR36 47 50 61 72: 5
Best right: I5 4 3: 3

Truncated left: OR36 47 50 61 72: 5
Truncated right: I5 4 3: 3

Tentative from right
7 I5
6 I4
5 I3
4 pending
3 pending
2 pending
1 pending
0 pending

Tentative
0 OR36
1 OR47
2 OR50
3 OR61
4 OR72
5 I3
6 I4
7 I5

Preferred from left
0 OR36
1 OR47
2 OR50
3 OR61
4 OR72
5 I3
6 I4
7 I5

Preferred from right
7 I5
6 I4
5 I3
4 OR72
3 OR61
2 OR50
1 OR47
0 OR36

Preferred
0 OR36
1 OR47
2 OR50
3 OR61
4 OR72
5 I3
6 I4
7 I5

Matching
0 OR36
1 OR47
2 OR50
3 OR61
4 OR72
5 I3
6 I4
7 I5

Perfect match
Identity no
NOT no
Constant no
AND no
OR no
XOR no
AND-NOT no
OR-NOT no
XOR-NOT no

Matched
0 OR36
1 OR47
2 OR50
3 OR61
4 OR72
5 I3
6 I4
7 I5

Selected
0 OR36
1 OR47
2 OR50
3 OR61
4 OR72
5 I3
6 I4
7 I5

Applying to 01011101
Input
0 0
1 1
2 0
3 1
4 1
5 1
6 0
7 1
Output
0 OR36 = OR(1,0) = 1
1 OR47 = OR(1,1) = 1
2 OR50 = OR(1,0) = 1
3 OR61 = OR(0,1) = 1
4 OR72 = OR(1,0) = 1
5 I3 = 1
6 I4 = 1
7 I5 = 1

I will now return the answer in \boxed{}
The answer in \boxed{–} is \boxed{11111111}