We need to deduce the transformation by matching the example outputs.
I will put my final answer inside \boxed{}.

Output 0: 01011111
0 0
1 1
2 0
3 1
4 1
5 1
6 1
7 1

Output 1: 11101001
0 1
1 1
2 1
3 0
4 1
5 0
6 0
7 1

Output 2: 00101111
0 0
1 0
2 1
3 0
4 1
5 1
6 1
7 1

Output 3: 00011011
0 0
1 0
2 0
3 1
4 1
5 0
6 1
7 1

Output 4: 01101111
0 0
1 1
2 1
3 0
4 1
5 1
6 1
7 1

Output 5: 00001000
0 0
1 0
2 0
3 0
4 1
5 0
6 0
7 0

Output 6: 10110001
0 1
1 0
2 1
3 1
4 0
5 0
6 0
7 1

Output 7: 10011111
0 1
1 0
2 0
3 1
4 1
5 1
6 1
7 1

Output 8: 10100110
0 1
1 0
2 1
3 0
4 0
5 1
6 1
7 0

Output 9: 10010011
0 1
1 0
2 0
3 1
4 0
5 0
6 1
7 1

Output bit columns (with bitsum as hash)
0 0100001111 5
1 1100100000 3
2 0110101010 5
3 1001001101 5
4 1111110100 7
5 1010100110 5
6 1011100111 7
7 1111101101 8

Input 0: 11101011
0 1
1 1
2 1
3 0
4 1
5 0
6 1
7 1

Input 1: 00111101
0 0
1 0
2 1
3 1
4 1
5 1
6 0
7 1

Input 2: 10100101
0 1
1 0
2 1
3 0
4 0
5 1
6 0
7 1

Input 3: 01100011
0 0
1 1
2 1
3 0
4 0
5 0
6 1
7 1

Input 4: 11001101
0 1
1 1
2 0
3 0
4 1
5 1
6 0
7 1

Input 5: 00000001
0 0
1 0
2 0
3 0
4 0
5 0
6 0
7 1

Input 6: 00110110
0 0
1 0
2 1
3 1
4 0
5 1
6 1
7 0

Input 7: 11110011
0 1
1 1
2 1
3 1
4 0
5 0
6 1
7 1

Input 8: 10010100
0 1
1 0
2 0
3 1
4 0
5 1
6 0
7 0

Input 9: 01110010
0 0
1 1
2 1
3 1
4 0
5 0
6 1
7 0

When matching output
x: not in operator
y: wrong position

Identity
0 1010100110 5 match 5
1 1001100101 5
2 1111001101 7
3 0100001111 5 match 0
4 1100100000 3 match 1
5 0110101010 5 match 2
6 1001001101 5 match 3
7 1111110100 7 match 4

Matching output
0 3
1 4
2 5
3 6
4 7
5 0
6 absent
7 absent

Left
3 4 5 6 7 0 1x
Best: I3 4 5 6 7 0: 6

Right
none
Best: none

NOT
0 0101011001 5
1 0110011010 5
2 0000110010 3
3 1011110000 5
4 0011011111 7
5 1001010101 5
6 0110110010 5
7 0000001011 3

Matching output
0 absent
1 absent
2 absent
3 absent
4 absent
5 absent
6 absent
7 absent

Left
none
Best: none

Right
none
Best: none

Constant
0 0000000000 a
1 1111111111 a

Matching output
0 absent
1 absent
2 absent
3 absent
4 absent
5 absent
6 absent
7 absent

Left
none
Best: none

Right
none
Best: none

AND
01 10 1000100100 3
12 21 1001000101 4
23 32 0100001101 4
34 43 0100000000 1
45 54 0100100000 2
56 65 0000001000 1
67 76 1001000100 3
70 07 1010100100 4

02 20 1010000100 3
13 31 0000000101 2
24 42 1100000000 2
35 53 0100001010 3
46 64 1000000000 1
57 75 0110100000 3
60 06 1000000100 2
71 17 1001100100 4

03 30 0000000110 2
14 41 1000100000 2
25 52 0110001000 3
36 63 0000001101 3
47 74 1100100000 3 match 1
50 05 0010100010 3
61 16 1001000101 4
72 27 1111000100 5

04 40 1000100000 2
15 51 0000100000 1
26 62 1001001101 5 match 3
37 73 0100000100 2

Matching output
0 absent
1 47 74
2 absent
3 26 62
4 absent
5 absent
6 absent
7 absent

Left
none
Best: none

Right
none
Best: none

OR
01 10 1011100111 7 match 6
12 21 1111101101 8 match 7
23 32 1111001111 8
34 43 1100101111 7
45 54 1110101010 6
56 65 1111101111 9
67 76 1111111101 9
70 07 1111110110 8

02 20 1111101111 9
13 31 1101101111 8
24 42 1111101101 8 match 7
35 53 0110101111 7
46 64 1101101101 7
57 75 1111111110 9
60 06 1011101111 8
71 17 1111110101 8

03 30 1110101111 8
14 41 1101100101 6
25 52 1111101111 9
36 63 1101001111 7
47 74 1111110100 7 match 4
50 05 1110101110 7
61 16 1001101101 6
72 27 1111111101 9

04 40 1110100110 6
15 51 1111101111 9
26 62 1111001101 7
37 73 1111111111 a

Matching output
0 absent
1 absent
2 absent
3 absent
4 47 74
5 absent
6 01 10
7 12 21 24 42

Left
none
Best: none

Right
12 01 70x
21 10 07x
24 13x
42 31x
Best: OR12 01: 2

XOR
01 10 0011000011 4
12 21 0110101000 4
23 32 1011000010 4
34 43 1000101111 6
45 54 1010001010 4
56 65 1111100111 8
67 76 0110111001 6
70 07 0101010010 4

02 20 0101101011 6
13 31 1101101010 6
24 42 0011101101 6
35 53 0010100101 4
46 64 0101101101 6
57 75 1001011110 6
60 06 0011101011 6
71 17 0110010001 4

03 30 1110101001 6
14 41 0101000101 4
25 52 1001100111 6
36 63 1101000010 4
47 74 0011010100 4
50 05 1100001100 4
61 16 0000101000 2
72 27 0000111001 4

04 40 0110000110 4
15 51 1111001111 8
26 62 0110000000 2
37 73 1011111011 8

Matching output
0 absent
1 absent
2 absent
3 absent
4 absent
5 absent
6 absent
7 absent

Left
none
Best: none

Right
none
Best: none

AND-NOT
01 0010000010 2
12 0000100000 1
23 1011000000 3
34 0000001111 4
45 1000000000 1
56 0110100010 4
67 0000001001 2
70 0101010000 3

02 0000100010 2
13 1001100000 3
24 0011001101 5
35 0000000101 2
46 0100100000 2
57 0000001010 2
60 0001001001 3
71 0110010000 3

03 1010100000 3
14 0001000101 3
25 1001000101 4
36 0100000010 2
47 0000000000 a
50 0100001000 2
61 0000001000 1
72 0000110000 2

04 0010000110 3
15 1001000101 4
26 0110000000 2
37 0000001011 3
40 0100000000 1
51 0110001010 4
62 0000000000 a
73 1011110000 5

05 1000000100 2
16 0000100000 1
27 0000001001 2
30 0100001001 3
41 0100000000 1
52 0000100010 2
63 1001000000 2
74 0011010100 4

06 0010100010 3
17 0000000001 1
20 0101001001 4
31 0100001010 3
42 0000100000 1
53 0010100000 2
64 0001001101 4
75 1001010100 4

07 0000000010 1
10 0001000001 2
21 0110001000 3
32 0000000010 1
43 1000100000 2
54 0010001010 3
65 1001000101 4
76 0110110000 4

Matching output
0 absent
1 absent
2 absent
3 absent
4 absent
5 absent
6 absent
7 absent

Left
none
Best: none

Right
none
Best: none

OR-NOT
01 1110111110 8
12 1001110111 7
23 1111111101 9
34 0111011111 8
45 1101110101 7
56 0110111010 6
67 1001001111 6
70 1111111101 9

02 1010110110 6
13 1011110101 7
24 1111011111 9
35 1101011111 8
46 1110110010 6
57 0110101011 6
60 1101011101 7
71 1111111110 9

03 1011110110 7
14 1011111111 9
25 1111011101 8
36 0110111111 8
47 1100101011 6
50 0111111011 8
61 1111011111 9
72 1111110110 8

04 1011111111 9
15 1001110101 6
26 1111111111 a
37 0100001111 5 match 0
40 1101111001 7
51 0110111010 6
62 1001111111 8
73 1111110100 7 match 4

05 1011110111 8
16 1111110111 9
27 1111001111 8
30 0101011111 7
41 1110111010 7
52 0110111010 6
63 1011111101 8
74 1111111111 a

06 1110110110 7
17 1001101111 7
20 1111011101 8
31 0110011111 7
42 1100110010 5
53 1111111010 8
64 1011011111 8
75 1111110101 8

07 1010101111 7
10 1101111101 8
21 1111011111 9
32 0100111111 7
43 1111110000 6
54 0111111111 9
65 1001011101 6
76 1111110110 8

Matching output
0 37
1 absent
2 absent
3 absent
4 73
5 absent
6 absent
7 absent

Left
37 40x
Best: OR-NOT37: 1

Right
none
Best: none

XOR-NOT
01 1100111100 6
12 1001010111 6
23 0100111101 6
34 0111010000 4
45 0101110101 6
56 0000011000 2
67 1001000110 4
70 1010101101 6

02 1010010100 4
13 0010010101 4
24 1100010010 4
35 1101011010 6
46 1010010010 4
57 0110100001 4
60 1100010100 4
71 1001101110 6

03 0001010110 4
14 1010111010 6
25 0110011000 4
36 0010111101 6
47 1100101011 6
50 0011110011 6
61 1111010111 8
72 1111000110 6

04 1001111001 6
15 0000110000 2
26 1001111111 8
37 0100000100 2
40 1001111001 6
51 0000110000 2
62 1001111111 8
73 0100000100 2

05 0011110011 6
16 1111010111 8
27 1111000110 6
30 0001010110 4
41 1010111010 6
52 0110011000 4
63 0010111101 6
74 1100101011 6

06 1100010100 4
17 1001101110 6
20 1010010100 4
31 0010010101 4
42 1100010010 4
53 1101011010 6
64 1010010010 4
75 0110100001 4

07 1010101101 6
10 1100111100 6
21 1001010111 6
32 0100111101 6
43 0111010000 4
54 0101110101 6
65 0000011000 2
76 1001000110 4

Matching output
0 absent
1 absent
2 absent
3 absent
4 absent
5 absent
6 absent
7 absent

Left
none
Best: none

Right
none
Best: none

Selecting

Lefts
Identity I3 4 5 6 7 0: 6
NOT none
Constant none
AND none
OR none
XOR none
AND-NOT none
OR-NOT OR-NOT37: 1
XOR-NOT none

Rights
Identity none
NOT none
Constant none
AND none
OR OR12 01: 2
XOR none
AND-NOT none
OR-NOT none
XOR-NOT none

Left longest: 6
Right longest: 2

Left winner: Identity yes, NOT no, Constant no, AND no, OR no, XOR no, AND-NOT no, OR-NOT no, XOR-NOT no
Right winner: Identity no, NOT no, Constant no, AND no, OR yes, XOR no, AND-NOT no, OR-NOT no, XOR-NOT no

Best left: I3 4 5 6 7 0: 6
Best right: OR12 01: 2

Truncated left: I3 4 5 6 7 0: 6
Truncated right: OR12 01: 2

Tentative from right
7 OR12
6 OR01
5 pending
4 pending
3 pending
2 pending
1 pending
0 pending

Tentative
0 I3
1 I4
2 I5
3 I6
4 I7
5 I0
6 OR01
7 OR12

Preferred from left
0 I3
1 I4
2 I5
3 I6
4 I7
5 I0
6 OR01
7 OR12

Preferred from right
7 OR12
6 OR01
5 I0
4 I7
3 I6
2 I5
1 I4
0 I3

Preferred
0 I3
1 I4
2 I5
3 I6
4 I7
5 I0
6 OR01
7 OR12

Matching
0 I3
1 I4
2 I5
3 I6
4 I7
5 I0
6 OR01
7 OR12

Perfect match
Identity no
NOT no
Constant no
AND no
OR no
XOR no
AND-NOT no
OR-NOT no
XOR-NOT no

Matched
0 I3
1 I4
2 I5
3 I6
4 I7
5 I0
6 OR01
7 OR12

Selected
0 I3
1 I4
2 I5
3 I6
4 I7
5 I0
6 OR01
7 OR12

Applying to 00001010
Input
0 0
1 0
2 0
3 0
4 1
5 0
6 1
7 0
Output
0 I3 = 0
1 I4 = 1
2 I5 = 0
3 I6 = 1
4 I7 = 0
5 I0 = 0
6 OR01 = OR(0,0) = 0
7 OR12 = OR(0,0) = 0

I will now return the answer in \boxed{}
The answer in \boxed{–} is \boxed{01010000}