We need to deduce the transformation by matching the example outputs.
I will put my final answer inside \boxed{}.

Output 0: 11100000
0 1
1 1
2 1
3 0
4 0
5 0
6 0
7 0

Output 1: 01100001
0 0
1 1
2 1
3 0
4 0
5 0
6 0
7 1

Output 2: 10100000
0 1
1 0
2 1
3 0
4 0
5 0
6 0
7 0

Output 3: 01000000
0 0
1 1
2 0
3 0
4 0
5 0
6 0
7 0

Output 4: 10000000
0 1
1 0
2 0
3 0
4 0
5 0
6 0
7 0

Output 5: 00100001
0 0
1 0
2 1
3 0
4 0
5 0
6 0
7 1

Output 6: 10000001
0 1
1 0
2 0
3 0
4 0
5 0
6 0
7 1

Output 7: 11100001
0 1
1 1
2 1
3 0
4 0
5 0
6 0
7 1

Output 8: 00100001
0 0
1 0
2 1
3 0
4 0
5 0
6 0
7 1

Output 9: 10100000
0 1
1 0
2 1
3 0
4 0
5 0
6 0
7 0

Output bit columns (with bitsum as hash)
0 1010101101 6
1 1101000100 4
2 1110010111 7
3 0000000000 a
4 0000000000 a
5 0000000000 a
6 0000000000 a
7 0100011110 5

Input 0: 00101111
0 0
1 0
2 1
3 0
4 1
5 1
6 1
7 1

Input 1: 10001011
0 1
1 0
2 0
3 0
4 1
5 0
6 1
7 1

Input 2: 00101101
0 0
1 0
2 1
3 0
4 1
5 1
6 0
7 1

Input 3: 00010010
0 0
1 0
2 0
3 1
4 0
5 0
6 1
7 0

Input 4: 00010100
0 0
1 0
2 0
3 1
4 0
5 1
6 0
7 0

Input 5: 10100001
0 1
1 0
2 1
3 0
4 0
5 0
6 0
7 1

Input 6: 11101100
0 1
1 1
2 1
3 0
4 1
5 1
6 0
7 0

Input 7: 10100111
0 1
1 0
2 1
3 0
4 0
5 1
6 1
7 1

Input 8: 10001001
0 1
1 0
2 0
3 0
4 1
5 0
6 0
7 1

Input 9: 00100101
0 0
1 0
2 1
3 0
4 0
5 1
6 0
7 1

When matching output
x: not in operator
y: wrong position

Identity
0 0100011110 5 match 7
1 0000001000 1
2 1010011101 6
3 0001100000 2
4 1110001010 5
5 1010101101 6 match 0
6 1101000100 4 match 1
7 1110010111 7 match 2

Matching output
0 5
1 6
2 7
3 absent
4 absent
5 absent
6 absent
7 0

Left
5 6 7 0y
Best: I5 6 7: 3

Right
0 7y
Best: I0: 1

NOT
0 1011100001 5
1 1111110111 9
2 0101100010 4
3 1110011111 8
4 0001110101 5
5 0101010010 4
6 0010111011 6
7 0001101000 3

Matching output
0 absent
1 absent
2 absent
3 absent
4 absent
5 absent
6 absent
7 absent

Left
none
Best: none

Right
none
Best: none

Constant
0 0000000000 a match 3 4 5 6
1 1111111111 a

Matching output
0 absent
1 absent
2 absent
3 C0
4 C0
5 C0
6 C0
7 absent

Left
none
Best: none

Right
none
Best: none

AND
01 10 0000001000 1
12 21 0000001000 1
23 32 0000000000 a match 3 4 5 6
34 43 0000000000 a match 3 4 5 6
45 54 1010001000 3
56 65 1000000100 2
67 76 1100000100 3
70 07 0100010110 4

02 20 0000011100 3
13 31 0000000000 a match 3 4 5 6
24 42 1010001000 3
35 53 0000100000 1
46 64 1100000000 2
57 75 1010000101 4
60 06 0100000100 2
71 17 0000000000 a match 3 4 5 6

03 30 0000000000 a match 3 4 5 6
14 41 0000001000 1
25 52 1010001101 5
36 63 0001000000 1
47 74 1110000010 4
50 05 0000001100 2
61 16 0000000000 a match 3 4 5 6
72 27 1010010101 5

04 40 0100001010 3
15 51 0000001000 1
26 62 1000000100 2
37 73 0000000000 a match 3 4 5 6

Matching output
0 absent
1 absent
2 absent
3 23 32 34 43 13 31 71 17 03 30 61 16 37 73
4 23 32 34 43 13 31 71 17 03 30 61 16 37 73
5 23 32 34 43 13 31 71 17 03 30 61 16 37 73
6 23 32 34 43 13 31 71 17 03 30 61 16 37 73
7 absent

Left
none
Best: none

Right
none
Best: none

OR
01 10 0100011110 5 match 7
12 21 1010011101 6
23 32 1011111101 8
34 43 1111101010 7
45 54 1110101111 8
56 65 1111101101 8
67 76 1111010111 8
70 07 1110011111 8

02 20 1110011111 8
13 31 0001101000 3
24 42 1110011111 8
35 53 1011101101 7
46 64 1111001110 7
57 75 1110111111 9
60 06 1101011110 7
71 17 1110011111 8

03 30 0101111110 7
14 41 1110001010 5
25 52 1010111101 7
36 63 1101100100 5
47 74 1110011111 8
50 05 1110111111 9
61 16 1101001100 5
72 27 1110011111 8

04 40 1110011110 7
15 51 1010101101 6 match 0
26 62 1111011101 8
37 73 1111110111 9

Matching output
0 15 51
1 absent
2 absent
3 absent
4 absent
5 absent
6 absent
7 01 10

Left
15 26x
51 62x
Best: OR15: 1

Right
01 70x
10 07x
Best: OR01: 1

XOR
01 10 0100010110 4
12 21 1010010101 5
23 32 1011111101 8
34 43 1111101010 7
45 54 0100100111 5
56 65 0111101001 6
67 76 0011010011 5
70 07 1010001001 4

02 20 1110000011 5
13 31 0001101000 3
24 42 0100010111 5
35 53 1011001101 6
46 64 0011001110 5
57 75 0100111010 5
60 06 1001011010 5
71 17 1110011111 8

03 30 0101111110 7
14 41 1110000010 4
25 52 0000110000 2
36 63 1100100100 4
47 74 0000011101 4
50 05 1110110011 7
61 16 1101001100 5
72 27 0100001010 3

04 40 1010010100 4
15 51 1010100101 5
26 62 0111011001 6
37 73 1111110111 9

Matching output
0 absent
1 absent
2 absent
3 absent
4 absent
5 absent
6 absent
7 absent

Left
none
Best: none

Right
none
Best: none

AND-NOT
01 0100010110 4
12 0000000000 a match 3 4 5 6
23 1010011101 6
34 0001100000 2
45 0100000010 2
56 0010101001 4
67 0001000000 1
70 1010000001 3

02 0100000010 2
13 0000001000 1
24 0000010101 3
35 0001000000 1
46 0010001010 3
57 0000101000 2
60 1001000000 2
71 1110010111 7 match 2

03 0100011110 5 match 7
14 0000000000 a match 3 4 5 6
25 0000010000 1
36 0000100000 1
47 0000001000 1
50 1010100001 4
61 1101000100 4 match 1
72 0100000010 2

04 0000010100 2
15 0000000000 a match 3 4 5 6
26 0010011001 4
37 0001100000 2
40 1010000000 2
51 1010100101 5
62 0101000000 2
73 1110010111 7 match 2

05 0100010010 3
16 0000001000 1
27 0000001000 1
30 0001100000 2
41 1110000010 4
52 0000100000 1
63 1100000100 3
74 0000010101 3

06 0000011010 3
17 0000001000 1
20 1010000001 3
31 0001100000 2
42 0100000010 2
53 1010001101 5
64 0001000100 2
75 0100010010 3

07 0000001000 1
10 0000000000 a match 3 4 5 6
21 1010010101 5
32 0001100000 2
43 1110001010 5
54 0000100101 3
65 0101000000 2
76 0010010011 4

Matching output
0 absent
1 61
2 71 73
3 12 14 15 10
4 12 14 15 10
5 12 14 15 10
6 12 14 15 10
7 03

Left
none
Best: none

Right
03 72x
Best: AND-NOT03: 1

OR-NOT
01 1111111111 a
12 0101101010 5
23 1110011111 8
34 0001110101 5
45 1111011010 7
56 1010111111 8
67 1101101100 6
70 1111110111 9

02 0101111110 7
13 1110011111 8
24 1011111101 8
35 0101110010 5
46 1110111011 8
57 1011101101 7
60 1111100101 7
71 1111110111 9

03 1110011111 8
14 0001111101 6
25 1111011111 9
36 0011111011 7
47 1111101010 7
50 1011101101 7
61 1111110111 9
72 1111110111 9

04 0101111111 8
15 0101011010 5
26 1010111111 8
37 0001101000 3
40 1111101011 8
51 1111111111 a
62 1101100110 6
73 1110011111 8

05 0101011110 6
16 0010111011 6
27 1011111101 8
30 1011100001 5
41 1111111111 a
52 1111101111 9
63 1111011111 9
74 1111110111 9

06 0110111111 8
17 0001101000 3
20 1011111101 8
31 1111110111 9
42 1111101010 7
53 1110111111 9
64 1101110101 7
75 1111010111 8

07 0101111110 7
10 1011101001 6
21 1111111111 a
32 0101100010 4
43 1110011111 8
54 1011111101 8
65 1101010110 6
76 1110111111 9

Matching output
0 absent
1 absent
2 absent
3 absent
4 absent
5 absent
6 absent
7 absent

Left
none
Best: none

Right
none
Best: none

XOR-NOT
01 1011101001 6
12 0101101010 5
23 0100000010 2
34 0000010101 3
45 1011011000 5
56 1000010110 4
67 1100101100 5
70 0101110110 6

02 0001111100 5
13 1110010111 7 match 2
24 1011101000 5
35 0100110010 4
46 1100110001 5
57 1011000101 5
60 0110100101 5
71 0001100000 2

03 1010000001 3
14 0001111101 6
25 1111001111 8
36 0011011011 6
47 1111100010 6
50 0001001100 3
61 0010110011 5
72 1011110101 7

04 0101101011 6
15 0101011010 5
26 1000100110 4
37 0000001000 1
40 0101101011 6
51 0101011010 5
62 1000100110 4
73 0000001000 1

05 0001001100 3
16 0010110011 5
27 1011110101 7
30 1010000001 3
41 0001111101 6
52 1111001111 8
63 0011011011 6
74 1111100010 6

06 0110100101 5
17 0001100000 2
20 0001111100 5
31 1110010111 7 match 2
42 1011101000 5
53 0100110010 4
64 1100110001 5
75 1011000101 5

07 0101110110 6
10 1011101001 6
21 0101101010 5
32 0100000010 2
43 0000010101 3
54 1011011000 5
65 1000010110 4
76 1100101100 5

Matching output
0 absent
1 absent
2 13 31
3 absent
4 absent
5 absent
6 absent
7 absent

Left
none
Best: none

Right
none
Best: none

Selecting

Lefts
Identity I5 6 7: 3
NOT none
Constant none
AND none
OR OR15: 1
XOR none
AND-NOT none
OR-NOT none
XOR-NOT none

Rights
Identity I0: 1
NOT none
Constant none
AND none
OR OR01: 1
XOR none
AND-NOT AND-NOT03: 1
OR-NOT none
XOR-NOT none

Left longest: 3
Right longest: 1

Left winner: Identity yes, NOT no, Constant no, AND no, OR no, XOR no, AND-NOT no, OR-NOT no, XOR-NOT no
Right winner: Identity yes, NOT no, Constant no, AND no, OR no, XOR no, AND-NOT no, OR-NOT no, XOR-NOT no

Best left: I5 6 7: 3
Best right: I0: 1

Truncated left: I5 6 7: 3
Truncated right: I0: 1

Tentative from right
7 I0
6 pending
5 pending
4 pending
3 pending
2 pending
1 pending
0 pending

Tentative
0 I5
1 I6
2 I7
3 pending
4 pending
5 pending
6 pending
7 I0

Preferred from left
0 I5
1 I6
2 I7
3 ?0?
4 ?1?
5 ?2?
6 ?3?
7 I0

Preferred from right
7 I0
6 ?37
5 ?26
4 ?15
3 ?04
2 I7
1 I6
0 I5

Preferred
0 I5
1 I6
2 I7
3 ?04 ?40
4 ?15 ?51
5 ?26 ?62
6 ?37 ?73
7 I0

Matching
0 I5
1 I6
2 I7
3 ?04 ?40 - Identity absent, NOT absent, Constant C0, AND absent, OR absent, XOR absent, AND-NOT absent, OR-NOT absent, XOR-NOT absent
4 ?15 ?51 - Identity absent, NOT absent, Constant C0, AND absent, OR absent, XOR absent, AND-NOT15, OR-NOT absent, XOR-NOT absent
5 ?26 ?62 - Identity absent, NOT absent, Constant C0, AND absent, OR absent, XOR absent, AND-NOT absent, OR-NOT absent, XOR-NOT absent
6 ?37 ?73 - Identity absent, NOT absent, Constant C0, AND37, OR absent, XOR absent, AND-NOT absent, OR-NOT absent, XOR-NOT absent
7 I0

Perfect match
Identity no
NOT no
Constant yes
AND no
OR no
XOR no
AND-NOT no
OR-NOT no
XOR-NOT no

Matched
0 I5
1 I6
2 I7
3 C0
4 C0
5 C0
6 C0
7 I0

Selected
0 I5
1 I6
2 I7
3 C0
4 C0
5 C0
6 C0
7 I0

Applying to 11100111
Input
0 1
1 1
2 1
3 0
4 0
5 1
6 1
7 1
Output
0 I5 = 1
1 I6 = 1
2 I7 = 1
3 C0 = 0
4 C0 = 0
5 C0 = 0
6 C0 = 0
7 I0 = 1

I will now return the answer in \boxed{}
The answer in \boxed{–} is \boxed{11100001}