We need to deduce the transformation by matching the example outputs.
I will put my final answer inside \boxed{}.

Output 0: 00100100
0 0
1 0
2 1
3 0
4 0
5 1
6 0
7 0

Output 1: 01000100
0 0
1 1
2 0
3 0
4 0
5 1
6 0
7 0

Output 2: 00000000
0 0
1 0
2 0
3 0
4 0
5 0
6 0
7 0

Output 3: 00000100
0 0
1 0
2 0
3 0
4 0
5 1
6 0
7 0

Output 4: 01010110
0 0
1 1
2 0
3 1
4 0
5 1
6 1
7 0

Output 5: 00000000
0 0
1 0
2 0
3 0
4 0
5 0
6 0
7 0

Output 6: 00010010
0 0
1 0
2 0
3 1
4 0
5 0
6 1
7 0

Output 7: 00000000
0 0
1 0
2 0
3 0
4 0
5 0
6 0
7 0

Output 8: 10001100
0 1
1 0
2 0
3 0
4 1
5 1
6 0
7 0

Output 9: 00100110
0 0
1 0
2 1
3 0
4 0
5 1
6 1
7 0

Output bit columns (with bitsum as hash)
0 0000000010 1
1 0100100000 2
2 1000000001 2
3 0000101000 2
4 0000000010 1
5 1101100011 6
6 0000101001 3
7 0000000000 a

Input 0: 10011100
0 1
1 0
2 0
3 1
4 1
5 1
6 0
7 0

Input 1: 00010001
0 0
1 0
2 0
3 1
4 0
5 0
6 0
7 1

Input 2: 00111000
0 0
1 0
2 1
3 1
4 1
5 0
6 0
7 0

Input 3: 10000101
0 1
1 0
2 0
3 0
4 0
5 1
6 0
7 1

Input 4: 01011101
0 0
1 1
2 0
3 1
4 1
5 1
6 0
7 1

Input 5: 00000011
0 0
1 0
2 0
3 0
4 0
5 0
6 1
7 1

Input 6: 01011100
0 0
1 1
2 0
3 1
4 1
5 1
6 0
7 0

Input 7: 11000000
0 1
1 1
2 0
3 0
4 0
5 0
6 0
7 0

Input 8: 10110010
0 1
1 0
2 1
3 1
4 0
5 0
6 1
7 0

Input 9: 11011010
0 1
1 1
2 0
3 1
4 1
5 0
6 1
7 0

When matching output
x: not in operator
y: wrong position

Identity
0 1001000111 5
1 0000101101 4
2 0010000010 2
3 1110101011 7
4 1010101001 5
5 1001101000 4
6 0000010011 3
7 0101110000 4

Matching output
0 absent
1 absent
2 absent
3 absent
4 absent
5 absent
6 absent
7 absent

Left
none
Best: none

Right
none
Best: none

NOT
0 0110111000 5
1 1111010010 6
2 1101111101 8
3 0001010100 3
4 0101010110 5
5 0110010111 6
6 1111101100 7
7 1010001111 6

Matching output
0 absent
1 absent
2 absent
3 absent
4 absent
5 absent
6 absent
7 absent

Left
none
Best: none

Right
none
Best: none

Constant
0 0000000000 a match 7
1 1111111111 a

Matching output
0 absent
1 absent
2 absent
3 absent
4 absent
5 absent
6 absent
7 C0

Left
none
Best: none

Right
0
Best: C0: 1

AND
01 10 0000000101 2
12 21 0000000000 a match 7
23 32 0010000010 2
34 43 1010101001 5
45 54 1000101000 3
56 65 0000000000 a match 7
67 76 0000010000 1
70 07 0001000000 1

02 20 0000000010 1 match 0 4
13 31 0000101001 3 match 6
24 42 0010000000 1
35 53 1000101000 3
46 64 0000000001 1
57 75 0001100000 2
60 06 0000000011 2
71 17 0000100000 1

03 30 1000000011 3
14 41 0000101001 3 match 6
25 52 0000000000 a match 7
36 63 0000000011 2
47 74 0000100000 1
50 05 1001000000 2
61 16 0000000001 1
72 27 0000000000 a match 7

04 40 1000000001 2 match 2
15 51 0000101000 2 match 3
26 62 0000000010 1 match 0 4
37 73 0100100000 2 match 1

Matching output
0 02 20 26 62
1 37 73
2 04 40
3 15 51
4 02 20 26 62
5 absent
6 13 31 14 41
7 12 21 56 65 25 52 72 27

Left
02 13y
20 31y
26 37 40 51 62 73y
62 73 04 15 26 37y
Best: AND26 37 40 51 62: 5

Right
12 01x
21 10x
56 45x
65 54x
25 14 03x
52 41 30x
72 61x
27 16x
Best: AND25 14: 2

OR
01 10 1001101111 7
12 21 0010101111 6
23 32 1110101011 7
34 43 1110101011 7
45 54 1011101001 6
56 65 1001111011 7
67 76 0101110011 6
70 07 1101110111 8

02 20 1011000111 6
13 31 1110101111 8
24 42 1010101011 6
35 53 1111101011 8
46 64 1010111011 7
57 75 1101111000 6
60 06 1001010111 6
71 17 0101111101 7

03 30 1111101111 9
14 41 1010101101 6
25 52 1011101010 6
36 63 1110111011 8
47 74 1111111001 8
50 05 1001101111 7
61 16 0000111111 6
72 27 0111110010 6

04 40 1011101111 8
15 51 1001101101 6
26 62 0010010011 4
37 73 1111111011 9

Matching output
0 absent
1 absent
2 absent
3 absent
4 absent
5 absent
6 absent
7 absent

Left
none
Best: none

Right
none
Best: none

XOR
01 10 1001101010 5
12 21 0010101111 6
23 32 1100101001 5
34 43 0100000010 2
45 54 0011000001 3
56 65 1001111011 7
67 76 0101100011 5
70 07 1100110111 7

02 20 1011000101 5
13 31 1110000110 5
24 42 1000101011 5
35 53 0111000011 5
46 64 1010111010 6
57 75 1100011000 4
60 06 1001010100 4
71 17 0101011101 6

03 30 0111101100 6
14 41 1010000100 3
25 52 1011101010 6
36 63 1110111000 6
47 74 1111011001 7
50 05 0000101111 5
61 16 0000111110 5
72 27 0111110010 6

04 40 0011101110 6
15 51 1001000101 4
26 62 0010010001 3
37 73 1011011011 7

Matching output
0 absent
1 absent
2 absent
3 absent
4 absent
5 absent
6 absent
7 absent

Left
none
Best: none

Right
none
Best: none

AND-NOT
01 1001000010 3
12 0000101101 4
23 0000000000 a match 7
34 0100000010 2
45 0010000001 2
56 1001101000 4
67 0000000011 2
70 0100110000 3

02 1001000101 4
13 0000000100 1
24 0000000010 1 match 0 4
35 0110000011 4
46 1010101000 4
57 1000001000 2
60 0000010000 1
71 0101010000 3

03 0001000100 2
14 0000000100 1
25 0010000010 2
36 1110101000 5
47 1010001001 4
50 0000101000 2 match 3
61 0000010010 2
72 0101110000 4

04 0001000110 3
15 0000000101 2
26 0010000000 1
37 1010001011 5
40 0010101000 3
51 1001000000 2
62 0000010001 2
73 0001010000 2

05 0000000111 3
16 0000101100 3
27 0010000010 2
30 0110101000 4
41 1010000000 2
52 1001101000 4
63 0000010000 1
74 0101010000 3

06 1001000100 3
17 0000001101 3
20 0010000000 1
31 1110000010 4
42 1000101001 4
53 0001000000 1
64 0000010010 2
75 0100010000 2

07 1000000111 4
10 0000101000 2 match 3
21 0010000010 2
32 1100101001 5
43 0000000000 a match 7
54 0001000000 1
65 0000010011 3
76 0101100000 3

Matching output
0 24
1 absent
2 absent
3 50 10
4 24
5 absent
6 absent
7 23 43

Left
24 35x
Best: AND-NOT24: 1

Right
23 12x
43 32x
Best: AND-NOT23: 1

OR-NOT
01 1111010111 8
12 1101111101 8
23 0011010110 5
34 1111111111 a
45 1110111111 9
56 1111101100 7
67 1010011111 7
70 0111111000 6

02 1101111111 9
13 0001111101 6
24 0111010110 6
35 1110111111 9
46 1111101101 8
57 1011101111 8
60 0110111011 7
71 1111110010 7

03 1001010111 6
14 0101111111 8
25 0110010111 6
36 1111101111 9
47 1010101111 7
50 1111111000 7
61 1111010011 7
72 1101111101 8

04 1101010111 7
15 0110111111 8
26 1111101110 8
37 1110101111 8
40 1110111001 7
51 1111111010 8
62 1101111111 9
73 0101110100 5

05 1111010111 8
16 1111101101 8
27 1010001111 6
30 1110111011 8
41 1111111011 9
52 1101111101 8
63 0001010111 5
74 0101110110 6

06 1111101111 9
17 1010101111 7
20 0110111010 6
31 1111111011 9
42 1111111101 9
53 1001111100 6
64 0101010111 6
75 0111110111 8

07 1011001111 7
10 0110111101 7
21 1111010010 6
32 1111111111 a
43 1011111101 8
54 1101111110 8
65 0110010111 6
76 1111111100 8

Matching output
0 absent
1 absent
2 absent
3 absent
4 absent
5 absent
6 absent
7 absent

Left
none
Best: none

Right
none
Best: none

XOR-NOT
01 0110010101 5
12 1101010000 4
23 0011010110 5
34 1011111101 8
45 1100111110 7
56 0110000100 3
67 1010011100 5
70 0011001000 3

02 0100111010 5
13 0001111001 5
24 0111010100 5
35 1000111100 5
46 0101000101 4
57 0011100111 6
60 0110101011 6
71 1010100010 4

03 1000010011 4
14 0101111011 7
25 0100010101 4
36 0001000111 4
47 0000100110 3
50 1111010000 5
61 1111000001 5
72 1000001101 4

04 1100010001 4
15 0110111010 6
26 1101101110 7
37 0100100100 3
40 1100010001 4
51 0110111010 6
62 1101101110 7
73 0100100100 3

05 1111010000 5
16 1111000001 5
27 1000001101 4
30 1000010011 4
41 0101111011 7
52 0100010101 4
63 0001000111 4
74 0000100110 3

06 0110101011 6
17 1010100010 4
20 0100111010 5
31 0001111001 5
42 0111010100 5
53 1000111100 5
64 0101000101 4
75 0011100111 6

07 0011001000 3
10 0110010101 5
21 1101010000 4
32 0011010110 5
43 1011111101 8
54 1100111110 7
65 0110000100 3
76 1010011100 5

Matching output
0 absent
1 absent
2 absent
3 absent
4 absent
5 absent
6 absent
7 absent

Left
none
Best: none

Right
none
Best: none

Selecting

Lefts
Identity none
NOT none
Constant none
AND AND26 37 40 51 62: 5
OR none
XOR none
AND-NOT AND-NOT24: 1
OR-NOT none
XOR-NOT none

Rights
Identity none
NOT none
Constant C0: 1
AND AND25 14: 2
OR none
XOR none
AND-NOT AND-NOT23: 1
OR-NOT none
XOR-NOT none

Left longest: 5
Right longest: 2

Left winner: Identity no, NOT no, Constant no, AND yes, OR no, XOR no, AND-NOT no, OR-NOT no, XOR-NOT no
Right winner: Identity no, NOT no, Constant no, AND yes, OR no, XOR no, AND-NOT no, OR-NOT no, XOR-NOT no

Best left: AND26 37 40 51 62: 5
Best right: AND25 14: 2

Truncated left: AND26 37 40 51 62: 5
Truncated right: AND25 14: 2

Tentative from right
7 AND25
6 AND14
5 pending
4 pending
3 pending
2 pending
1 pending
0 pending

Tentative
0 AND26
1 AND37
2 AND40
3 AND51
4 AND62
5 pending
6 AND14
7 AND25

Preferred from left
0 AND26
1 AND37
2 AND40
3 AND51
4 AND62
5 ?73
6 AND14
7 AND25

Preferred from right
7 AND25
6 AND14
5 ?73
4 AND62
3 AND51
2 AND40
1 AND37
0 AND26

Preferred
0 AND26
1 AND37
2 AND40
3 AND51
4 AND62
5 ?73 ?37
6 AND14
7 AND25

Matching
0 AND26
1 AND37
2 AND40
3 AND51
4 AND62
5 ?73 ?37 - Identity absent, NOT absent, Constant absent, AND absent, OR absent, XOR absent, AND-NOT absent, OR-NOT absent, XOR-NOT absent
6 AND14
7 AND25

Perfect match
Identity no
NOT no
Constant no
AND no
OR no
XOR no
AND-NOT no
OR-NOT no
XOR-NOT no

Matched
0 AND26
1 AND37
2 AND40
3 AND51
4 AND62
5 none
6 AND14
7 AND25

Selected
0 AND26
1 AND37
2 AND40
3 AND51
4 AND62
5 default 1
6 AND14
7 AND25

Applying to 01100000
Input
0 0
1 1
2 1
3 0
4 0
5 0
6 0
7 0
Output
0 AND26 = AND(1,0) = 0
1 AND37 = AND(0,0) = 0
2 AND40 = AND(0,0) = 0
3 AND51 = AND(0,1) = 0
4 AND62 = AND(0,1) = 0
5 default 1 = 1
6 AND14 = AND(1,0) = 0
7 AND25 = AND(1,0) = 0

I will now return the answer in \boxed{}
The answer in \boxed{–} is \boxed{00000100}