We need to deduce the transformation by matching the example outputs.
I will put my final answer inside \boxed{}.

Output 0: 01010111
0 0
1 1
2 0
3 1
4 0
5 1
6 1
7 1

Output 1: 10010011
0 1
1 0
2 0
3 1
4 0
5 0
6 1
7 1

Output 2: 01101110
0 0
1 1
2 1
3 0
4 1
5 1
6 1
7 0

Output 3: 01001011
0 0
1 1
2 0
3 0
4 1
5 0
6 1
7 1

Output 4: 11011111
0 1
1 1
2 0
3 1
4 1
5 1
6 1
7 1

Output 5: 10000001
0 1
1 0
2 0
3 0
4 0
5 0
6 0
7 1

Output 6: 00110011
0 0
1 0
2 1
3 1
4 0
5 0
6 1
7 1

Output 7: 11000011
0 1
1 1
2 0
3 0
4 0
5 0
6 1
7 1

Output bit columns (with bitsum as hash)
0 01001101 4
1 10111001 5
2 00100010 2
3 11001010 4
4 00111000 3
5 10101000 3
6 11111011 7
7 11011111 7

Input 0: 10001100
0 1
1 0
2 0
3 0
4 1
5 1
6 0
7 0

Input 1: 11000100
0 1
1 1
2 0
3 0
4 0
5 1
6 0
7 0

Input 2: 10010001
0 1
1 0
2 0
3 1
4 0
5 0
6 0
7 1

Input 3: 11001101
0 1
1 1
2 0
3 0
4 1
5 1
6 0
7 1

Input 4: 10000011
0 1
1 0
2 0
3 0
4 0
5 0
6 1
7 1

Input 5: 01100101
0 0
1 1
2 1
3 0
4 0
5 1
6 0
7 1

Input 6: 11001000
0 1
1 1
2 0
3 0
4 1
5 0
6 0
7 0

Input 7: 01011101
0 0
1 1
2 0
3 1
4 1
5 1
6 0
7 1

When matching output
x: not in operator
y: wrong position

Identity
0 11111010 6
1 01010111 5
2 00000100 1
3 00100001 2
4 10010011 4
5 11010101 5
6 00001000 1
7 00111101 5

Matching output
0 absent
1 absent
2 absent
3 absent
4 absent
5 absent
6 absent
7 absent

Left
none
Best: none

Right
none
Best: none

NOT
0 00000101 2
1 10101000 3 match 5
2 11111011 7 match 6
3 11011110 6
4 01101100 4
5 00101010 3
6 11110111 7
7 11000010 3

Matching output
0 absent
1 absent
2 absent
3 absent
4 absent
5 1
6 2
7 absent

Left
none
Best: none

Right
none
Best: none

Constant
0 00000000 a
1 11111111 a

Matching output
0 absent
1 absent
2 absent
3 absent
4 absent
5 absent
6 absent
7 absent

Left
none
Best: none

Right
none
Best: none

AND
01 10 01010010 3
12 21 00000100 1
23 32 00000000 a
34 43 00000001 1
45 54 10010001 3
56 65 00000000 a
67 76 00001000 1
70 07 00111000 3 match 4

02 20 00000000 a
13 31 00000001 1
24 42 00000000 a
35 53 00000001 1
46 64 00000000 a
57 75 00010101 3
60 06 00001000 1
71 17 00010101 3

03 30 00100000 1
14 41 00010011 3
25 52 00000100 1
36 63 00000000 a
47 74 00010001 2
50 05 11010000 3
61 16 00000000 a
72 27 00000100 1

04 40 10010010 3
15 51 01010101 4
26 62 00000000 a
37 73 00100001 2

Matching output
0 absent
1 absent
2 absent
3 absent
4 70 07
5 absent
6 absent
7 absent

Left
none
Best: none

Right
none
Best: none

OR
01 10 11111111 a
12 21 01010111 5
23 32 00100101 3
34 43 10110011 5
45 54 11010111 6
56 65 11011101 6
67 76 00111101 5
70 07 11111111 a

02 20 11111110 7
13 31 01110111 6
24 42 10010111 5
35 53 11110101 6
46 64 10011011 5
57 75 11111101 7
60 06 11111010 6
71 17 01111111 7

03 30 11111011 7 match 6
14 41 11010111 6
25 52 11010101 5
36 63 00101001 3
47 74 10111111 7
50 05 11111111 a
61 16 01011111 6
72 27 00111101 5

04 40 11111011 7 match 6
15 51 11010111 6
26 62 00001100 2
37 73 00111101 5

Matching output
0 absent
1 absent
2 absent
3 absent
4 absent
5 absent
6 03 30 04 40
7 absent

Left
none
Best: none

Right
none
Best: none

XOR
01 10 10101101 5
12 21 01010011 4
23 32 00100101 3
34 43 10110010 4
45 54 01000110 3
56 65 11011101 6
67 76 00110101 4
70 07 11000111 5

02 20 11111110 7
13 31 01110110 5
24 42 10010111 5
35 53 11110100 5
46 64 10011011 5
57 75 11101000 4
60 06 11110010 5
71 17 01101010 4

03 30 11011011 6
14 41 11000100 3
25 52 11010001 4
36 63 00101001 3
47 74 10101110 5
50 05 00101111 5
61 16 01011111 6
72 27 00111001 4

04 40 01101001 4
15 51 10000010 2
26 62 00001100 2
37 73 00011100 3

Matching output
0 absent
1 absent
2 absent
3 absent
4 absent
5 absent
6 absent
7 absent

Left
none
Best: none

Right
none
Best: none

AND-NOT
01 10101000 3 match 5
12 01010011 4
23 00000100 1
34 00100000 1
45 00000010 1
56 11010101 5
67 00000000 a
70 00000101 2

02 11111010 6
13 01010110 4
24 00000100 1
35 00100000 1
46 10010011 4
57 11000000 2
60 00000000 a
71 00101000 2

03 11011010 5
14 01000100 2
25 00000000 a
36 00100001 2
47 10000010 2
50 00000101 2
61 00001000 1
72 00111001 4

04 01101000 3
15 00000010 1
26 00000100 1
37 00000000 a
40 00000001 1
51 10000000 1
62 00001000 1
73 00011100 3

05 00101010 3
16 01010111 5
27 00000000 a
30 00000001 1
41 10000000 1
52 11010001 4
63 00001000 1
74 00101100 3

06 11110010 5
17 01000010 2
20 00000100 1
31 00100000 1
42 10010011 4
53 11010100 4
64 00001000 1
75 00101000 2

07 11000010 3
10 00000101 2
21 00000000 a
32 00100001 2
43 10010010 3
54 01000100 2
65 00001000 1
76 00110101 4

Matching output
0 absent
1 absent
2 absent
3 absent
4 absent
5 01
6 absent
7 absent

Left
none
Best: none

Right
none
Best: none

OR-NOT
01 11111010 6
12 11111111 a
23 11011110 6
34 01101101 5
45 10111011 6
56 11110111 7
67 11001010 4 match 3
70 00111101 5

02 11111011 7 match 6
13 11011111 7 match 7
24 01101100 4
35 00101011 4
46 11110111 7
57 11010111 6
60 00001101 3
71 10111101 6

03 11111110 7
14 01111111 7
25 00101110 4
36 11110111 7
47 11010011 5
50 11010101 5
61 10101000 3 match 5
72 11111111 a

04 11111110 7
15 01111111 7
26 11110111 7
37 11100011 5
40 10010111 5
51 11111101 7
62 11111011 7 match 6
73 11111111 a

05 11111010 6
16 11110111 7
27 11000110 4
30 00100101 3
41 10111011 6
52 11111111 a
63 11011110 6
74 01111101 6

06 11111111 a
17 11010111 6
20 00000101 2
31 10101001 4
42 11111011 7 match 6
53 11011111 7 match 7
64 01101100 4
75 00111111 6

07 11111010 6
10 01010111 5
21 10101100 4
32 11111011 7 match 6
43 11011111 7 match 7
54 11111101 7
65 00101010 3
76 11111111 a

Matching output
0 absent
1 absent
2 absent
3 67
4 absent
5 61
6 02 62 42 32
7 13 53 43

Left
none
Best: none

Right
13 02 71x
53 42 31x
43 32 21x
Best: OR-NOT13 02: 2

XOR-NOT
01 01010010 3
12 10101100 4
23 11011010 5
34 01001101 4 match 0
45 10111001 5 match 1
56 00100010 2 match 2
67 11001010 4 match 3
70 00111000 3 match 4

02 00000001 1
13 10001001 3
24 01101000 3
35 00001011 3
46 01100100 3
57 00010111 4
60 00001101 3
71 10010101 4

03 00100100 2
14 00111011 5
25 00101110 4
36 11010110 5
47 01010001 3
50 11010000 3
61 10100000 2
72 11000110 4

04 10010110 4
15 01111101 6
26 11110011 6
37 11100011 5
40 10010110 4
51 01111101 6
62 11110011 6
73 11100011 5

05 11010000 3
16 10100000 2
27 11000110 4
30 00100100 2
41 00111011 5
52 00101110 4
63 11010110 5
74 01010001 3

06 00001101 3
17 10010101 4
20 00000001 1
31 10001001 3
42 01101000 3
53 00001011 3
64 01100100 3
75 00010111 4

07 00111000 3 match 4
10 01010010 3
21 10101100 4
32 11011010 5
43 01001101 4 match 0
54 10111001 5 match 1
65 00100010 2 match 2
76 11001010 4 match 3

Matching output
0 34 43
1 45 54
2 56 65
3 67 76
4 70 07
5 absent
6 absent
7 absent

Left
34 45 56 67 70 01x
43 54 65 76 07 10x
Best: XOR-NOT34 45 56 67 70: 5

Right
none
Best: none

Selecting

Lefts
Identity none
NOT none
Constant none
AND none
OR none
XOR none
AND-NOT none
OR-NOT none
XOR-NOT XOR-NOT34 45 56 67 70: 5

Rights
Identity none
NOT none
Constant none
AND none
OR none
XOR none
AND-NOT none
OR-NOT OR-NOT13 02: 2
XOR-NOT none

Left longest: 5
Right longest: 2

Left winner: Identity no, NOT no, Constant no, AND no, OR no, XOR no, AND-NOT no, OR-NOT no, XOR-NOT yes
Right winner: Identity no, NOT no, Constant no, AND no, OR no, XOR no, AND-NOT no, OR-NOT yes, XOR-NOT no

Best left: XOR-NOT34 45 56 67 70: 5
Best right: OR-NOT13 02: 2

Truncated left: XOR-NOT34 45 56 67 70: 5
Truncated right: OR-NOT13 02: 2

Tentative from right
7 OR-NOT13
6 OR-NOT02
5 pending
4 pending
3 pending
2 pending
1 pending
0 pending

Tentative
0 XOR-NOT34
1 XOR-NOT45
2 XOR-NOT56
3 XOR-NOT67
4 XOR-NOT70
5 pending
6 OR-NOT02
7 OR-NOT13

Preferred from left
0 XOR-NOT34
1 XOR-NOT45
2 XOR-NOT56
3 XOR-NOT67
4 XOR-NOT70
5 ?01
6 OR-NOT02
7 OR-NOT13

Preferred from right
7 OR-NOT13
6 OR-NOT02
5 ?01
4 XOR-NOT70
3 XOR-NOT67
2 XOR-NOT56
1 XOR-NOT45
0 XOR-NOT34

Preferred
0 XOR-NOT34
1 XOR-NOT45
2 XOR-NOT56
3 XOR-NOT67
4 XOR-NOT70
5 ?01 ?10
6 OR-NOT02
7 OR-NOT13

Matching
0 XOR-NOT34
1 XOR-NOT45
2 XOR-NOT56
3 XOR-NOT67
4 XOR-NOT70
5 ?01 ?10 - Identity absent, NOT NOT1, Constant absent, AND absent, OR absent, XOR absent, AND-NOT01, OR-NOT absent, XOR-NOT absent
6 OR-NOT02
7 OR-NOT13

Perfect match
Identity no
NOT yes
Constant no
AND no
OR no
XOR no
AND-NOT no
OR-NOT no
XOR-NOT no

Matched
0 XOR-NOT34
1 XOR-NOT45
2 XOR-NOT56
3 XOR-NOT67
4 XOR-NOT70
5 NOT1
6 OR-NOT02
7 OR-NOT13

Selected
0 XOR-NOT34
1 XOR-NOT45
2 XOR-NOT56
3 XOR-NOT67
4 XOR-NOT70
5 NOT1
6 OR-NOT02
7 OR-NOT13

Applying to 11011111
Input
0 1
1 1
2 0
3 1
4 1
5 1
6 1
7 1
Output
0 XOR-NOT34 = XOR(1,NOT(1)) = 1
1 XOR-NOT45 = XOR(1,NOT(1)) = 1
2 XOR-NOT56 = XOR(1,NOT(1)) = 1
3 XOR-NOT67 = XOR(1,NOT(1)) = 1
4 XOR-NOT70 = XOR(1,NOT(1)) = 1
5 NOT1 = NOT(1) = 0
6 OR-NOT02 = OR(1,NOT(0)) = 1
7 OR-NOT13 = OR(1,NOT(1)) = 1

I will now return the answer in \boxed{}
The answer in \boxed{–} is \boxed{11111011}