We need to deduce the transformation by matching the example outputs.
I will put my final answer inside \boxed{}.

Output 0: 00101010
0 0
1 0
2 1
3 0
4 1
5 0
6 1
7 0

Output 1: 00001110
0 0
1 0
2 0
3 0
4 1
5 1
6 1
7 0

Output 2: 00011000
0 0
1 0
2 0
3 1
4 1
5 0
6 0
7 0

Output 3: 01100000
0 0
1 1
2 1
3 0
4 0
5 0
6 0
7 0

Output 4: 00101110
0 0
1 0
2 1
3 0
4 1
5 1
6 1
7 0

Output 5: 11100101
0 1
1 1
2 1
3 0
4 0
5 1
6 0
7 1

Output 6: 11111001
0 1
1 1
2 1
3 1
4 1
5 0
6 0
7 1

Output 7: 10000111
0 1
1 0
2 0
3 0
4 0
5 1
6 1
7 1

Output 8: 01110110
0 0
1 1
2 1
3 1
4 0
5 1
6 1
7 0

Output bit columns (with bitsum as hash)
0 000001110 3
1 000101101 4
2 100111101 6
3 001000101 3
4 111010100 5
5 010011011 5
6 110010011 5
7 000001110 3

Input 0: 11010011
0 1
1 1
2 0
3 1
4 0
5 0
6 1
7 1

Input 1: 01110000
0 0
1 1
2 1
3 1
4 0
5 0
6 0
7 0

Input 2: 11000000
0 1
1 1
2 0
3 0
4 0
5 0
6 0
7 0

Input 3: 00000110
0 0
1 0
2 0
3 0
4 0
5 1
6 1
7 0

Input 4: 11110011
0 1
1 1
2 1
3 1
4 0
5 0
6 1
7 1

Input 5: 10101111
0 1
1 0
2 1
3 0
4 1
5 1
6 1
7 1

Input 6: 01001111
0 0
1 1
2 0
3 0
4 1
5 1
6 1
7 1

Input 7: 10111001
0 1
1 0
2 1
3 1
4 1
5 0
6 0
7 1

Input 8: 10110110
0 1
1 0
2 1
3 1
4 0
5 1
6 1
7 0

When matching output
x: not in operator
y: wrong position

Identity
0 101011011 6
1 111010100 5 match 4
2 010011011 5 match 5
3 110010011 5 match 6
4 000001110 3 match 0 7
5 000101101 4 match 1
6 100111101 6 match 2
7 100011110 5

Matching output
0 4
1 5
2 6
3 absent
4 1
5 2
6 3
7 4

Left
4 5 6 7x
Best: I4 5 6: 3

Right
4 3 2 1 0x
Best: I4 3 2 1: 4

NOT
0 010100100 3
1 000101011 4
2 101100100 4
3 001101100 4
4 111110001 6
5 111010010 5
6 011000010 3
7 011100001 4

Matching output
0 absent
1 absent
2 absent
3 absent
4 absent
5 absent
6 absent
7 absent

Left
none
Best: none

Right
none
Best: none

Constant
0 000000000 a
1 111111111 a

Matching output
0 absent
1 absent
2 absent
3 absent
4 absent
5 absent
6 absent
7 absent

Left
none
Best: none

Right
none
Best: none

AND
01 10 101010000 3
12 21 010010000 2
23 32 010010011 4
34 43 000000010 1
45 54 000001100 2
56 65 000101101 4 match 1
67 76 100011100 4
70 07 100011010 4

02 20 000011011 4
13 31 110010000 3
24 42 000001010 2
35 53 000000001 1
46 64 000001100 2
57 75 000001100 2
60 06 100011001 4
71 17 100010100 3

03 30 100010011 4
14 41 000000100 1
25 52 000001001 2
36 63 100010001 3
47 74 000001110 3 match 0 7
50 05 000001001 2
61 16 100010100 3
72 27 000011010 3

04 40 000001010 2
15 51 000000100 1
26 62 000011001 3
37 73 100010010 3

Matching output
0 47 74
1 56 65
2 absent
3 absent
4 absent
5 absent
6 absent
7 47 74

Left
47 50x
74 05x
Best: AND47: 1

Right
47 36x
74 63x
Best: AND47: 1

OR
01 10 111011111 8
12 21 111011111 8
23 32 110011011 6
34 43 110011111 7
45 54 000101111 5
56 65 100111101 6 match 2
67 76 100111111 7
70 07 101011111 7

02 20 111011011 7
13 31 111010111 7
24 42 010011111 6
35 53 110111111 8
46 64 100111111 7
57 75 100111111 7
60 06 101111111 8
71 17 111011110 7

03 30 111011011 7
14 41 111011110 7
25 52 010111111 7
36 63 110111111 8
47 74 100011110 5
50 05 101111111 8
61 16 111111101 8
72 27 110011111 7

04 40 101011111 7
15 51 111111101 8
26 62 110111111 8
37 73 110011111 7

Matching output
0 absent
1 absent
2 56 65
3 absent
4 absent
5 absent
6 absent
7 absent

Left
none
Best: none

Right
none
Best: none

XOR
01 10 010001111 5
12 21 101001111 6
23 32 100001000 2
34 43 110011101 6
45 54 000100011 3
56 65 100010000 2
67 76 000100011 3
70 07 001000101 3 match 3

02 20 111000000 3
13 31 001000111 4
24 42 010010101 4
35 53 110111110 7
46 64 100110011 5
57 75 100110011 5
60 06 001100110 4
71 17 011001010 4

03 30 011001000 3
14 41 111011010 6
25 52 010110110 5
36 63 010101110 5
47 74 100010000 2
50 05 101110110 6
61 16 011101001 5
72 27 110000101 4

04 40 101010101 5
15 51 111111001 7
26 62 110100110 5
37 73 010001101 4

Matching output
0 absent
1 absent
2 absent
3 70 07
4 absent
5 absent
6 absent
7 absent

Left
none
Best: none

Right
none
Best: none

AND-NOT
01 000001011 3
12 101000100 3
23 000001000 1
34 110010001 4
45 000000010 1
56 000000000 a
67 000100001 2
70 000000100 1

02 101000000 2
13 001000100 2
24 010010001 3
35 110010010 4
46 000000010 1
57 000100001 2
60 000100100 2
71 000001010 2

03 001001000 2
14 111010000 4
25 010010010 3
36 010000010 2
47 000000000 a
50 000100100 2
61 000101001 3
72 100000100 2

04 101010001 4
15 111010000 4
26 010000010 2
37 010000001 2
40 000000100 1
51 000101001 3
62 100100100 3
73 000001100 2

05 101010010 4
16 011000000 2
27 010000001 2
30 010000000 1
41 000001010 2
52 000100100 2
63 000101100 3
74 100010000 2

06 001000010 2
17 011000000 2
20 010000000 1
31 000000011 2
42 000000100 1
53 000101100 3
64 100110001 4
75 100010010 3

07 001000001 2
10 010000100 2
21 000001011 3
32 100000000 1
43 000001100 2
54 000100001 2
65 100010000 2
76 000000010 1

Matching output
0 absent
1 absent
2 absent
3 absent
4 absent
5 absent
6 absent
7 absent

Left
none
Best: none

Right
none
Best: none

OR-NOT
01 101111011 7
12 111110100 6
23 011111111 8
34 111110011 7
45 111011110 7
56 011101111 7
67 111111101 8
70 110111110 7

02 101111111 8
13 111111100 7
24 111111011 8
35 111010011 6
46 011001110 5
57 011101101 6
60 110111101 7
71 100111111 7

03 101111111 8
14 111110101 7
25 111011011 7
36 111010011 6
47 011101111 7
50 010101101 5
61 100111111 7
72 101111110 7

04 111111011 8
15 111010110 6
26 011011011 6
37 111110011 7
40 010101110 5
51 000101111 5
62 101111101 7
73 101111110 7

05 111011011 7
16 111010110 6
27 011111011 7
30 110110111 7
41 000101111 5
52 101101101 6
63 101111101 7
74 111111111 a

06 111011011 7
17 111110101 7
20 010111111 7
31 110111011 7
42 101101110 6
53 001101101 5
64 111111101 8
75 111011110 7

07 111111011 8
10 111110100 6
21 010111011 6
32 111110111 8
43 001101110 5
54 111111101 8
65 111111111 a
76 111011110 7

Matching output
0 absent
1 absent
2 absent
3 absent
4 absent
5 absent
6 absent
7 absent

Left
none
Best: none

Right
none
Best: none

XOR-NOT
01 101110000 4
12 010110000 3
23 011110111 7
34 001100010 3
45 111011100 6
56 011101111 7
67 111011100 6
70 110111010 6

02 000111111 6
13 110111000 5
24 101101010 5
35 001000001 2
46 011001100 4
57 011001100 4
60 110011001 5
71 100110101 5

03 100110111 6
14 000100101 3
25 101001001 4
36 101010001 4
47 011101111 7
50 010001001 3
61 100010110 4
72 001111010 5

04 010101010 4
15 000000110 2
26 001011001 4
37 101110010 5
40 010101010 4
51 000000110 2
62 001011001 4
73 101110010 5

05 010001001 3
16 100010110 4
27 001111010 5
30 100110111 6
41 000100101 3
52 101001001 4
63 101010001 4
74 011101111 7

06 110011001 5
17 100110101 5
20 000111111 6
31 110111000 5
42 101101010 5
53 001000001 2
64 011001100 4
75 011001100 4

07 110111010 6
10 101110000 4
21 010110000 3
32 011110111 7
43 001100010 3
54 111011100 6
65 011101111 7
76 111011100 6

Matching output
0 absent
1 absent
2 absent
3 absent
4 absent
5 absent
6 absent
7 absent

Left
none
Best: none

Right
none
Best: none

Selecting

Lefts
Identity I4 5 6: 3
NOT none
Constant none
AND AND47: 1
OR none
XOR none
AND-NOT none
OR-NOT none
XOR-NOT none

Rights
Identity I4 3 2 1: 4
NOT none
Constant none
AND AND47: 1
OR none
XOR none
AND-NOT none
OR-NOT none
XOR-NOT none

Left longest: 3
Right longest: 4

Right winner: Identity yes, NOT no, Constant no, AND no, OR no, XOR no, AND-NOT no, OR-NOT no, XOR-NOT no
Left winner: Identity yes, NOT no, Constant no, AND no, OR no, XOR no, AND-NOT no, OR-NOT no, XOR-NOT no

Best right: I4 3 2 1: 4
Best left: I4 5 6: 3

Truncated right: I4 3 2 1: 4
Truncated left: I4 5 6: 3

Tentative from right
7 I4
6 I3
5 I2
4 I1
3 pending
2 pending
1 pending
0 pending

Tentative
0 I4
1 I5
2 I6
3 pending
4 I1
5 I2
6 I3
7 I4

Preferred from right
7 I4
6 I3
5 I2
4 I1
3 ??0
2 I6
1 I5
0 I4

Preferred from left
0 I4
1 I5
2 I6
3 ?70
4 I1
5 I2
6 I3
7 I4

Preferred
0 I4
1 I5
2 I6
3 ?70 ?07
4 I1
5 I2
6 I3
7 I4

Matching
0 I4
1 I5
2 I6
3 ?70 ?07 - Identity absent, NOT absent, Constant absent, AND absent, OR absent, XOR70, AND-NOT absent, OR-NOT absent, XOR-NOT absent
4 I1
5 I2
6 I3
7 I4

Perfect match
Identity no
NOT no
Constant no
AND no
OR no
XOR yes
AND-NOT no
OR-NOT no
XOR-NOT no

Matched
0 I4
1 I5
2 I6
3 XOR70
4 I1
5 I2
6 I3
7 I4

Selected
0 I4
1 I5
2 I6
3 XOR70
4 I1
5 I2
6 I3
7 I4

Applying to 01011101
Input
0 0
1 1
2 0
3 1
4 1
5 1
6 0
7 1
Output
0 I4 = 1
1 I5 = 1
2 I6 = 0
3 XOR70 = XOR(1,0) = 1
4 I1 = 1
5 I2 = 0
6 I3 = 1
7 I4 = 1

I will now return the answer in \boxed{}
The answer in \boxed{–} is \boxed{11011011}