We need to deduce the transformation by matching the example outputs.
I will put my final answer inside \boxed{}.

Output 0: 01101001
0 0
1 1
2 1
3 0
4 1
5 0
6 0
7 1

Output 1: 01011111
0 0
1 1
2 0
3 1
4 1
5 1
6 1
7 1

Output 2: 00101011
0 0
1 0
2 1
3 0
4 1
5 0
6 1
7 1

Output 3: 00001001
0 0
1 0
2 0
3 0
4 1
5 0
6 0
7 1

Output 4: 10000001
0 1
1 0
2 0
3 0
4 0
5 0
6 0
7 1

Output 5: 00000101
0 0
1 0
2 0
3 0
4 0
5 1
6 0
7 1

Output 6: 00001110
0 0
1 0
2 0
3 0
4 1
5 1
6 1
7 0

Output bit columns (with bitsum as hash)
0 0000100 1
1 1100000 2
2 1010000 2
3 0100000 1
4 1111001 5
5 0100011 3
6 0110001 3
7 1111110 6

Input 0: 10110100
0 1
1 0
2 1
3 1
4 0
5 1
6 0
7 0

Input 1: 11101111
0 1
1 1
2 1
3 0
4 1
5 1
6 1
7 1

Input 2: 11010101
0 1
1 1
2 0
3 1
4 0
5 1
6 0
7 1

Input 3: 10000100
0 1
1 0
2 0
3 0
4 0
5 1
6 0
7 0

Input 4: 11000000
0 1
1 1
2 0
3 0
4 0
5 0
6 0
7 0

Input 5: 10000010
0 1
1 0
2 0
3 0
4 0
5 0
6 1
7 0

Input 6: 00000111
0 0
1 0
2 0
3 0
4 0
5 1
6 1
7 1

When matching output
x: not in operator
y: wrong position

Identity
0 1111110 6 match 7
1 0110100 3
2 1100000 2 match 1
3 1010000 2 match 2
4 0100000 1 match 3
5 1111001 5 match 4
6 0100011 3 match 5
7 0110001 3 match 6

Matching output
0 absent
1 2
2 3
3 4
4 5
5 6
6 7
7 0

Left
none
Best: none

Right
0 7 6 5 4 3 2 1x
Best: I0 7 6 5 4 3 2: 7

NOT
0 0000001 1
1 1001011 4
2 0011111 5
3 0101111 5
4 1011111 6
5 0000110 2
6 1011100 4
7 1001110 4

Matching output
0 absent
1 absent
2 absent
3 absent
4 absent
5 absent
6 absent
7 absent

Left
none
Best: none

Right
none
Best: none

Constant
0 0000000 a
1 1111111 a

Matching output
0 absent
1 absent
2 absent
3 absent
4 absent
5 absent
6 absent
7 absent

Left
none
Best: none

Right
none
Best: none

AND
01 10 0110100 3
12 21 0100000 1 match 3
23 32 1000000 1
34 43 0000000 a
45 54 0100000 1 match 3
56 65 0100001 2
67 76 0100001 2
70 07 0110000 2

02 20 1100000 2 match 1
13 31 0010000 1
24 42 0100000 1 match 3
35 53 1010000 2 match 2
46 64 0100000 1 match 3
57 75 0110001 3 match 6
60 06 0100010 2
71 17 0110000 2

03 30 1010000 2 match 2
14 41 0100000 1 match 3
25 52 1100000 2 match 1
36 63 0000000 a
47 74 0100000 1 match 3
50 05 1111000 4
61 16 0100000 1 match 3
72 27 0100000 1 match 3

04 40 0100000 1 match 3
15 51 0110000 2
26 62 0100000 1 match 3
37 73 0010000 1

Matching output
0 absent
1 02 20 25 52
2 35 53 03 30
3 12 21 45 54 24 42 46 64 14 41 47 74 61 16 72 27 04 40 26 62
4 absent
5 absent
6 57 75
7 absent

Left
none
Best: none

Right
none
Best: none

OR
01 10 1111110 6 match 7
12 21 1110100 4
23 32 1110000 3
34 43 1110000 3
45 54 1111001 5 match 4
56 65 1111011 6
67 76 0110011 4
70 07 1111111 a

02 20 1111110 6 match 7
13 31 1110100 4
24 42 1100000 2 match 1
35 53 1111001 5 match 4
46 64 0100011 3 match 5
57 75 1111001 5 match 4
60 06 1111111 a
71 17 0110101 4

03 30 1111110 6 match 7
14 41 0110100 3
25 52 1111001 5 match 4
36 63 1110011 5
47 74 0110001 3 match 6
50 05 1111111 a
61 16 0110111 5
72 27 1110001 4

04 40 1111110 6 match 7
15 51 1111101 6
26 62 1100011 4
37 73 1110001 4

Matching output
0 absent
1 24 42
2 absent
3 absent
4 45 54 35 53 57 75 25 52
5 46 64
6 47 74
7 01 10 02 20 03 30 04 40

Left
none
Best: none

Right
01 70x
10 07x
02 71x
20 17x
03 72x
30 27x
04 73x
40 37x
Best: OR01: 1

XOR
01 10 1001010 3
12 21 1010100 3
23 32 0110000 2
34 43 1110000 3
45 54 1011001 4
56 65 1011010 4
67 76 0010010 2
70 07 1001111 5

02 20 0011110 4
13 31 1100100 3
24 42 1000000 1
35 53 0101001 3
46 64 0000011 2
57 75 1001000 2
60 06 1011101 5
71 17 0000101 2

03 30 0101110 4
14 41 0010100 2
25 52 0011001 3
36 63 1110011 5
47 74 0010001 2
50 05 0000111 3
61 16 0010111 4
72 27 1010001 3

04 40 1011110 5
15 51 1001101 4
26 62 1000011 3
37 73 1100001 3

Matching output
0 absent
1 absent
2 absent
3 absent
4 absent
5 absent
6 absent
7 absent

Left
none
Best: none

Right
none
Best: none

AND-NOT
01 1001010 3
12 0010100 2
23 0100000 1 match 3
34 1010000 2 match 2
45 0000000 a
56 1011000 3
67 0000010 1
70 0000001 1

02 0011110 4
13 0100100 2
24 1000000 1
35 0000000 a
46 0000000 a
57 1001000 2
60 0000001 1
71 0000001 1

03 0101110 4
14 0010100 2
25 0000000 a
36 1010000 2 match 2
47 0000000 a
50 0000001 1
61 0000011 2
72 0010001 2

04 1011110 5
15 0000100 1 match 0
26 1000000 1
37 1000000 1
40 0000000 a
51 1001001 3
62 0000011 2
73 0100001 2

05 0000110 2
16 0010100 2
27 1000000 1
30 0000000 a
41 0000000 a
52 0011001 3
63 0100011 3 match 5
74 0010001 2

06 1011100 4
17 0000100 1 match 0
20 0000000 a
31 1000000 1
42 0000000 a
53 0101001 3
64 0000011 2
75 0000000 a

07 1001110 4
10 0000000 a
21 1000000 1
32 0010000 1
43 0100000 1 match 3
54 1011001 4
65 0000010 1
76 0010000 1

Matching output
0 15 17
1 absent
2 34 36
3 23 43
4 absent
5 63
6 absent
7 absent

Left
15 26x
17 20x
Best: AND-NOT15: 1

Right
none
Best: none

OR-NOT
01 1111111 a
12 0111111 6
23 1101111 6
34 1011111 6
45 0100110 3
56 1111101 6
67 1101111 6
70 0110001 3 match 6

02 1111111 a
13 0111111 6
24 1111111 a
35 1010110 4
46 1111100 5
57 1111111 a
60 0100011 3 match 5
71 1111011 6

03 1111111 a
14 1111111 a
25 1100110 4
36 1011100 4
47 1101110 5
50 1111001 5 match 4
61 1101011 5
72 0111111 6

04 1111111 a
15 0110110 4
26 1111100 5
37 1011110 5
40 0100001 2
51 1111011 6
62 0111111 6
73 0111111 6

05 1111110 6 match 7
16 1111100 5
27 1101110 5
30 1010001 3
41 1101011 5
52 1111111 a
63 0101111 5
74 1111111 a

06 1111110 6 match 7
17 1111110 6 match 7
20 1100001 3
31 1011011 5
42 0111111 6
53 1111111 a
64 1111111 a
75 0110111 5

07 1111110 6 match 7
10 0110101 4
21 1101011 5
32 1011111 6
43 0101111 5
54 1111111 a
65 0100111 4
76 1111101 6

Matching output
0 absent
1 absent
2 absent
3 absent
4 50
5 60
6 70
7 05 06 17 07

Left
none
Best: none

Right
05 74x
06 75x
17 06y
07 76x
Best: OR-NOT05: 1

XOR-NOT
01 0110101 4
12 0101011 4
23 1001111 5
34 0001111 4
45 0100110 3
56 0100101 3
67 1101101 5
70 0110000 2

02 1100001 3
13 0011011 4
24 0111111 6
35 1010110 4
46 1111100 5
57 0110111 5
60 0100010 2
71 1111010 5

03 1010001 3
14 1101011 5
25 1100110 4
36 0001100 2
47 1101110 5
50 1111000 4
61 1101000 3
72 0101110 4

04 0100001 2
15 0110010 3
26 0111100 4
37 0011110 4
40 0100001 2
51 0110010 3
62 0111100 4
73 0011110 4

05 1111000 4
16 1101000 3
27 0101110 4
30 1010001 3
41 1101011 5
52 1100110 4
63 0001100 2
74 1101110 5

06 0100010 2
17 1111010 5
20 1100001 3
31 0011011 4
42 0111111 6
53 1010110 4
64 1111100 5
75 0110111 5

07 0110000 2
10 0110101 4
21 0101011 4
32 1001111 5
43 0001111 4
54 0100110 3
65 0100101 3
76 1101101 5

Matching output
0 absent
1 absent
2 absent
3 absent
4 absent
5 absent
6 absent
7 absent

Left
none
Best: none

Right
none
Best: none

Selecting

Lefts
Identity none
NOT none
Constant none
AND none
OR none
XOR none
AND-NOT AND-NOT15: 1
OR-NOT none
XOR-NOT none

Rights
Identity I0 7 6 5 4 3 2: 7
NOT none
Constant none
AND none
OR OR01: 1
XOR none
AND-NOT none
OR-NOT OR-NOT05: 1
XOR-NOT none

Left longest: 1
Right longest: 7

Right winner: Identity yes, NOT no, Constant no, AND no, OR no, XOR no, AND-NOT no, OR-NOT no, XOR-NOT no
Left winner: Identity no, NOT no, Constant no, AND no, OR no, XOR no, AND-NOT yes, OR-NOT no, XOR-NOT no

Best right: I0 7 6 5 4 3 2: 7
Best left: AND-NOT15: 1

Truncated right: I0 7 6 5 4 3 2: 7
Truncated left: AND-NOT15: 1

Tentative from right
7 I0
6 I7
5 I6
4 I5
3 I4
2 I3
1 I2
0 pending

Tentative
0 AND-NOT15
1 I2
2 I3
3 I4
4 I5
5 I6
6 I7
7 I0

Preferred from right
7 I0
6 I7
5 I6
4 I5
3 I4
2 I3
1 I2
0 AND-NOT15

Preferred from left
0 AND-NOT15
1 I2
2 I3
3 I4
4 I5
5 I6
6 I7
7 I0

Preferred
0 AND-NOT15
1 I2
2 I3
3 I4
4 I5
5 I6
6 I7
7 I0

Matching
0 AND-NOT15
1 I2
2 I3
3 I4
4 I5
5 I6
6 I7
7 I0

Perfect match
Identity no
NOT no
Constant no
AND no
OR no
XOR no
AND-NOT no
OR-NOT no
XOR-NOT no

Matched
0 AND-NOT15
1 I2
2 I3
3 I4
4 I5
5 I6
6 I7
7 I0

Selected
0 AND-NOT15
1 I2
2 I3
3 I4
4 I5
5 I6
6 I7
7 I0

Applying to 00100001
Input
0 0
1 0
2 1
3 0
4 0
5 0
6 0
7 1
Output
0 AND-NOT15 = AND(0,NOT(0)) = 0
1 I2 = 1
2 I3 = 0
3 I4 = 0
4 I5 = 0
5 I6 = 0
6 I7 = 1
7 I0 = 0

I will now return the answer in \boxed{}
The answer in \boxed{–} is \boxed{01000010}