We need to deduce the transformation by matching the example outputs.
I will put my final answer inside \boxed{}.

Output 0: 11000011
0 1
1 1
2 0
3 0
4 0
5 0
6 1
7 1

Output 1: 10000011
0 1
1 0
2 0
3 0
4 0
5 0
6 1
7 1

Output 2: 10000000
0 1
1 0
2 0
3 0
4 0
5 0
6 0
7 0

Output 3: 11000001
0 1
1 1
2 0
3 0
4 0
5 0
6 0
7 1

Output 4: 10000011
0 1
1 0
2 0
3 0
4 0
5 0
6 1
7 1

Output 5: 11100001
0 1
1 1
2 1
3 0
4 0
5 0
6 0
7 1

Output 6: 00000010
0 0
1 0
2 0
3 0
4 0
5 0
6 1
7 0

Output bit columns (with bitsum as hash)
0 1111110 6
1 1001010 3
2 0000010 1
3 0000000 a
4 0000000 a
5 0000000 a
6 1100101 4
7 1101110 5

Input 0: 11011110
0 1
1 1
2 0
3 1
4 1
5 1
6 1
7 0

Input 1: 11000100
0 1
1 1
2 0
3 0
4 0
5 1
6 0
7 0

Input 2: 00001100
0 0
1 0
2 0
3 0
4 1
5 1
6 0
7 0

Input 3: 01110110
0 0
1 1
2 1
3 1
4 0
5 1
6 1
7 0

Input 4: 11010100
0 1
1 1
2 0
3 1
4 0
5 1
6 0
7 0

Input 5: 01110111
0 0
1 1
2 1
3 1
4 0
5 1
6 1
7 1

Input 6: 10001000
0 1
1 0
2 0
3 0
4 1
5 0
6 0
7 0

When matching output
x: not in operator
y: wrong position

Identity
0 1100101 4 match 6
1 1101110 5 match 7
2 0001010 2
3 1001110 4
4 1010001 3
5 1111110 6 match 0
6 1001010 3 match 1
7 0000010 1 match 2

Matching output
0 5
1 6
2 7
3 absent
4 absent
5 absent
6 0
7 1

Left
5 6 7 0y
Best: I5 6 7: 3

Right
1 0 7y
Best: I1 0: 2

NOT
0 0011010 3
1 0010001 2
2 1110101 5
3 0110001 3
4 0101110 4
5 0000001 1
6 0110101 4
7 1111101 6

Matching output
0 absent
1 absent
2 absent
3 absent
4 absent
5 absent
6 absent
7 absent

Left
none
Best: none

Right
none
Best: none

Constant
0 0000000 a match 3 4 5
1 1111111 a

Matching output
0 absent
1 absent
2 absent
3 C0
4 C0
5 C0
6 absent
7 absent

Left
none
Best: none

Right
none
Best: none

AND
01 10 1100100 3
12 21 0001010 2
23 32 0001010 2
34 43 1000000 1
45 54 1010000 2
56 65 1001010 3 match 1
67 76 0000010 1 match 2
70 07 0000000 a match 3 4 5

02 20 0000000 a match 3 4 5
13 31 1001110 4
24 42 0000000 a match 3 4 5
35 53 1001110 4
46 64 1000000 1
57 75 0000010 1 match 2
60 06 1000000 1
71 17 0000010 1 match 2

03 30 1000100 2
14 41 1000000 1
25 52 0001010 2
36 63 1001010 3 match 1
47 74 0000000 a match 3 4 5
50 05 1100100 3
61 16 1001010 3 match 1
72 27 0000010 1 match 2

04 40 1000001 2
15 51 1101110 5 match 7
26 62 0001010 2
37 73 0000010 1 match 2

Matching output
0 absent
1 56 65 36 63 61 16
2 67 76 57 75 71 17 72 27 37 73
3 70 07 02 20 24 42 47 74
4 70 07 02 20 24 42 47 74
5 70 07 02 20 24 42 47 74
6 absent
7 15 51

Left
none
Best: none

Right
15 04x
51 40x
Best: AND15: 1

OR
01 10 1101111 6
12 21 1101110 5 match 7
23 32 1001110 4
34 43 1011111 6
45 54 1111111 a
56 65 1111110 6 match 0
67 76 1001010 3 match 1
70 07 1100111 5

02 20 1101111 6
13 31 1101110 5 match 7
24 42 1011011 5
35 53 1111110 6 match 0
46 64 1011011 5
57 75 1111110 6 match 0
60 06 1101111 6
71 17 1101110 5 match 7

03 30 1101111 6
14 41 1111111 a
25 52 1111110 6 match 0
36 63 1001110 4
47 74 1010011 4
50 05 1111111 a
61 16 1101110 5 match 7
72 27 0001010 2

04 40 1110101 5
15 51 1111110 6 match 0
26 62 1001010 3 match 1
37 73 1001110 4

Matching output
0 56 65 35 53 57 75 25 52 15 51
1 67 76 26 62
2 absent
3 absent
4 absent
5 absent
6 absent
7 12 21 13 31 71 17 61 16

Left
56 67 70x
65 76 07x
35 46x
53 64x
57 60x
75 06x
25 36x
52 63x
15 26 37x
51 62 73x
Best: OR56 67: 2

Right
12 01x
21 10x
13 02x
31 20x
71 60x
17 06x
61 50x
16 05x
Best: OR12: 1

XOR
01 10 0001011 3
12 21 1100100 3
23 32 1000100 2
34 43 0011111 5
45 54 0101111 5
56 65 0110100 3
67 76 1001000 2
70 07 1100111 5

02 20 1101111 6
13 31 0100000 1
24 42 1011011 5
35 53 0110000 2
46 64 0011011 4
57 75 1111100 5
60 06 0101111 5
71 17 1101100 4

03 30 0101011 4
14 41 0111111 6
25 52 1110100 4
36 63 0000100 1
47 74 1010011 4
50 05 0011011 4
61 16 0100100 2
72 27 0001000 1

04 40 0110100 3
15 51 0010000 1
26 62 1000000 1
37 73 1001100 3

Matching output
0 absent
1 absent
2 absent
3 absent
4 absent
5 absent
6 absent
7 absent

Left
none
Best: none

Right
none
Best: none

AND-NOT
01 0000001 1
12 1100100 3
23 0000000 a match 3 4 5
34 0001110 3
45 0000001 1
56 0110100 3
67 1001000 2
70 0000010 1 match 2

02 1100101 4 match 6
13 0100000 1
24 0001010 2
35 0000000 a match 3 4 5
46 0010001 2
57 1111100 5
60 0001010 2
71 0000000 a match 3 4 5

03 0100001 2
14 0101110 4
25 0000000 a match 3 4 5
36 0000100 1
47 1010001 3
50 0011010 3
61 0000000 a match 3 4 5
72 0000000 a match 3 4 5

04 0100100 2
15 0000000 a match 3 4 5
26 0000000 a match 3 4 5
37 1001100 3
40 0010000 1
51 0010000 1
62 1000000 1
73 0000000 a match 3 4 5

05 0000001 1
16 0100100 2
27 0001000 1
30 0001010 2
41 0010001 2
52 1110100 4
63 0000000 a match 3 4 5
74 0000010 1 match 2

06 0100101 3
17 1101100 4
20 0001010 2
31 0000000 a match 3 4 5
42 1010001 3
53 0110000 2
64 0001010 2
75 0000000 a match 3 4 5

07 1100101 4 match 6
10 0001010 2
21 0000000 a match 3 4 5
32 1000100 2
43 0010001 2
54 0101110 4
65 0000000 a match 3 4 5
76 0000000 a match 3 4 5

Matching output
0 absent
1 absent
2 70 74
3 23 35 71 25 61 72 15 26 73 63 31 75 21 65 76
4 23 35 71 25 61 72 15 26 73 63 31 75 21 65 76
5 23 35 71 25 61 72 15 26 73 63 31 75 21 65 76
6 02 07
7 absent

Left
none
Best: none

Right
none
Best: none

OR-NOT
01 1110101 5
12 1111111 a
23 0111011 5
34 1101110 5 match 7
45 1010001 3
56 1111111 a
67 1111111 a
70 0011010 3

02 1110101 5
13 1111111 a
24 0101110 4
35 1001111 5
46 1110101 5
57 1111111 a
60 1011010 4
71 0010011 3

03 1110101 5
14 1101110 5 match 7
25 0001011 3
36 1111111 a
47 1111101 6
50 1111110 6 match 0
61 1011011 5
72 1110111 6

04 1101111 6
15 1101111 6
26 0111111 6
37 1111111 a
40 1011011 5
51 1111111 a
62 1111111 a
73 0110011 4

05 1100101 4 match 6
16 1111111 a
27 1111111 a
30 1011110 5
41 1010001 3
52 1111111 a
63 1111011 6
74 0101110 4

06 1110101 5
17 1111111 a
20 0011010 3
31 1011111 6
42 1110101 5
53 1111111 a
64 1101110 5 match 7
75 0000011 2

07 1111101 6
10 1111110 6 match 0
21 0011011 4
32 1111111 a
43 1110001 4
54 1111110 6 match 0
65 1001011 4
76 0110111 5

Matching output
0 50 10 54
1 absent
2 absent
3 absent
4 absent
5 absent
6 05
7 34 14 64

Left
50 61x
10 21x
54 65x
Best: OR-NOT50: 1

Right
34 23x
14 03x
64 53x
Best: OR-NOT34: 1

XOR-NOT
01 1110100 4
12 0011011 4
23 0111011 5
34 1100000 2
45 1010000 2
56 1001011 4
67 0110111 5
70 0011000 2

02 0010000 1
13 1011111 6
24 0100100 2
35 1001111 5
46 1100100 3
57 0000011 2
60 1010000 2
71 0010011 3

03 1010100 3
14 1000000 1
25 0001011 3
36 1111011 6
47 0101100 3
50 1100100 3
61 1011011 5
72 1110111 6

04 1001011 4
15 1101111 6
26 0111111 6
37 0110011 4
40 1001011 4
51 1101111 6
62 0111111 6
73 0110011 4

05 1100100 3
16 1011011 5
27 1110111 6
30 1010100 3
41 1000000 1
52 0001011 3
63 1111011 6
74 0101100 3

06 1010000 2
17 0010011 3
20 0010000 1
31 1011111 6
42 0100100 2
53 1001111 5
64 1100100 3
75 0000011 2

07 0011000 2
10 1110100 4
21 0011011 4
32 0111011 5
43 1100000 2
54 1010000 2
65 1001011 4
76 0110111 5

Matching output
0 absent
1 absent
2 absent
3 absent
4 absent
5 absent
6 absent
7 absent

Left
none
Best: none

Right
none
Best: none

Selecting

Lefts
Identity I5 6 7: 3
NOT none
Constant none
AND none
OR OR56 67: 2
XOR none
AND-NOT none
OR-NOT OR-NOT50: 1
XOR-NOT none

Rights
Identity I1 0: 2
NOT none
Constant none
AND AND15: 1
OR OR12: 1
XOR none
AND-NOT none
OR-NOT OR-NOT34: 1
XOR-NOT none

Left longest: 3
Right longest: 2

Left winner: Identity yes, NOT no, Constant no, AND no, OR no, XOR no, AND-NOT no, OR-NOT no, XOR-NOT no
Right winner: Identity yes, NOT no, Constant no, AND no, OR no, XOR no, AND-NOT no, OR-NOT no, XOR-NOT no

Best left: I5 6 7: 3
Best right: I1 0: 2

Truncated left: I5 6 7: 3
Truncated right: I1 0: 2

Tentative from right
7 I1
6 I0
5 pending
4 pending
3 pending
2 pending
1 pending
0 pending

Tentative
0 I5
1 I6
2 I7
3 pending
4 pending
5 pending
6 I0
7 I1

Preferred from left
0 I5
1 I6
2 I7
3 ?0?
4 ?1?
5 ?2?
6 I0
7 I1

Preferred from right
7 I1
6 I0
5 ?27
4 ?16
3 ?05
2 I7
1 I6
0 I5

Preferred
0 I5
1 I6
2 I7
3 ?05 ?50
4 ?16 ?61
5 ?27 ?72
6 I0
7 I1

Matching
0 I5
1 I6
2 I7
3 ?05 ?50 - Identity absent, NOT absent, Constant C0, AND absent, OR absent, XOR absent, AND-NOT absent, OR-NOT absent, XOR-NOT absent
4 ?16 ?61 - Identity absent, NOT absent, Constant C0, AND absent, OR absent, XOR absent, AND-NOT61, OR-NOT absent, XOR-NOT absent
5 ?27 ?72 - Identity absent, NOT absent, Constant C0, AND absent, OR absent, XOR absent, AND-NOT72, OR-NOT absent, XOR-NOT absent
6 I0
7 I1

Perfect match
Identity no
NOT no
Constant yes
AND no
OR no
XOR no
AND-NOT no
OR-NOT no
XOR-NOT no

Matched
0 I5
1 I6
2 I7
3 C0
4 C0
5 C0
6 I0
7 I1

Selected
0 I5
1 I6
2 I7
3 C0
4 C0
5 C0
6 I0
7 I1

Applying to 00000110
Input
0 0
1 0
2 0
3 0
4 0
5 1
6 1
7 0
Output
0 I5 = 1
1 I6 = 1
2 I7 = 0
3 C0 = 0
4 C0 = 0
5 C0 = 0
6 I0 = 0
7 I1 = 0

I will now return the answer in \boxed{}
The answer in \boxed{–} is \boxed{11000000}