We need to deduce the transformation by matching the example outputs.
I will put my final answer inside \boxed{}.

Output 0: 00110010
0 0
1 0
2 1
3 1
4 0
5 0
6 1
7 0

Output 1: 10011001
0 1
1 0
2 0
3 1
4 1
5 0
6 0
7 1

Output 2: 00111010
0 0
1 0
2 1
3 1
4 1
5 0
6 1
7 0

Output 3: 10110101
0 1
1 0
2 1
3 1
4 0
5 1
6 0
7 1

Output 4: 01000101
0 0
1 1
2 0
3 0
4 0
5 1
6 0
7 1

Output 5: 00000101
0 0
1 0
2 0
3 0
4 0
5 1
6 0
7 1

Output 6: 11000110
0 1
1 1
2 0
3 0
4 0
5 1
6 1
7 0

Output 7: 01011111
0 0
1 1
2 0
3 1
4 1
5 1
6 1
7 1

Output bit columns (with bitsum as hash)
0 01010010 3
1 00001011 3
2 10110000 3
3 11110001 5
4 01100001 3
5 00011111 5
6 10100011 4
7 01011101 5

Input 0: 00001101
0 0
1 0
2 0
3 0
4 1
5 1
6 0
7 1

Input 1: 01101011
0 0
1 1
2 1
3 0
4 1
5 0
6 1
7 1

Input 2: 11010100
0 1
1 1
2 0
3 1
4 0
5 1
6 0
7 0

Input 3: 10111010
0 1
1 0
2 1
3 1
4 1
5 0
6 1
7 0

Input 4: 00010011
0 0
1 0
2 0
3 1
4 0
5 0
6 1
7 1

Input 5: 11011010
0 1
1 1
2 0
3 1
4 1
5 0
6 1
7 0

Input 6: 11101100
0 1
1 1
2 1
3 0
4 1
5 1
6 0
7 0

Input 7: 11001110
0 1
1 1
2 0
3 0
4 1
5 1
6 1
7 0

When matching output
x: not in operator
y: wrong position

Identity
0 00110111 5
1 01100111 5
2 01010010 3 match 0
3 00111100 4
4 11010111 6
5 10100011 4 match 6
6 01011101 5 match 7
7 11001000 3

Matching output
0 2
1 absent
2 absent
3 absent
4 absent
5 absent
6 5
7 6

Left
2 3x
Best: I2: 1

Right
6 5 4x
Best: I6 5: 2

NOT
0 11001000 3
1 10011000 3
2 10101101 5
3 11000011 4
4 00101000 2
5 01011100 4
6 10100010 3
7 00110111 5

Matching output
0 absent
1 absent
2 absent
3 absent
4 absent
5 absent
6 absent
7 absent

Left
none
Best: none

Right
none
Best: none

Constant
0 00000000 a
1 11111111 a

Matching output
0 absent
1 absent
2 absent
3 absent
4 absent
5 absent
6 absent
7 absent

Left
none
Best: none

Right
none
Best: none

AND
01 10 00100111 4
12 21 01000010 2
23 32 00010000 1
34 43 00010100 2
45 54 10000011 3
56 65 00000001 1
67 76 01001000 2
70 07 00000000 a

02 20 00010010 2
13 31 00100100 2
24 42 01010010 3 match 0
35 53 00100000 1
46 64 01010101 4
57 75 10000000 1
60 06 00010101 3
71 17 01000000 1

03 30 00110100 3
14 41 01000111 4
25 52 00000010 1
36 63 00011100 3
47 74 11000000 2
50 05 00100011 3
61 16 01000101 3
72 27 01000000 1

04 40 00010111 4
15 51 00100011 3
26 62 01010000 2
37 73 00001000 1

Matching output
0 24 42
1 absent
2 absent
3 absent
4 absent
5 absent
6 absent
7 absent

Left
24 35x
42 53x
Best: AND24: 1

Right
none
Best: none

OR
01 10 01110111 6
12 21 01110111 6
23 32 01111110 6
34 43 11111111 a
45 54 11110111 7
56 65 11111111 a
67 76 11011101 6
70 07 11111111 a

02 20 01110111 6
13 31 01111111 7
24 42 11010111 6
35 53 10111111 7
46 64 11011111 7
57 75 11101011 6
60 06 01111111 7
71 17 11101111 7

03 30 00111111 6
14 41 11110111 7
25 52 11110011 6
36 63 01111101 6
47 74 11011111 7
50 05 10110111 6
61 16 01111111 7
72 27 11011010 5

04 40 11110111 7
15 51 11100111 6
26 62 01011111 6
37 73 11111100 6

Matching output
0 absent
1 absent
2 absent
3 absent
4 absent
5 absent
6 absent
7 absent

Left
none
Best: none

Right
none
Best: none

XOR
01 10 01010000 2
12 21 00110101 4
23 32 01101110 5
34 43 11101011 6
45 54 01110100 4
56 65 11111110 7
67 76 10010101 4
70 07 11111111 a

02 20 01100101 4
13 31 01011011 5
24 42 10000101 3
35 53 10011111 6
46 64 10001010 3
57 75 01101011 5
60 06 01101010 4
71 17 10101111 6

03 30 00001011 3 match 1
14 41 10110000 3 match 2
25 52 11110001 5 match 3
36 63 01100001 3 match 4
47 74 00011111 5 match 5
50 05 10010100 3
61 16 00111010 4
72 27 10011010 4

04 40 11100000 3
15 51 11000100 3
26 62 00001111 4
37 73 11110100 5

Matching output
0 absent
1 03 30
2 14 41
3 25 52
4 36 63
5 47 74
6 absent
7 absent

Left
none
Best: none

Right
none
Best: none

AND-NOT
01 00010000 1
12 00100101 3
23 01000010 2
34 00101000 2
45 01010100 3
56 10100010 3
67 00010101 3
70 11001000 3

02 00100101 3
13 01000011 3
24 00000000 a
35 00011100 3
46 10000010 2
57 00100011 3
60 01001000 2
71 10001000 2

03 00000011 2
14 00100000 1
25 01010000 2
36 00100000 1
47 00010111 4
50 10000000 1
61 00011000 2
72 10001000 2

04 00100000 1
15 01000100 2
26 00000010 1
37 00110100 3
40 11000000 2
51 10000000 1
62 00001101 3
73 11000000 2

05 00010100 2
16 00100010 2
27 00010010 2
30 00001000 1
41 10010000 2
52 10100001 3
63 01000001 2
74 00001000 1

06 00100010 2
17 00100111 4
20 01000000 1
31 00011000 2
42 10000101 3
53 10000011 3
64 00001000 1
75 01001000 2

07 00110111 5
10 01000000 1
21 00010000 1
32 00101100 3
43 11000011 4
54 00100000 1
65 01011100 4
76 10000000 1

Matching output
0 absent
1 absent
2 absent
3 absent
4 absent
5 absent
6 absent
7 absent

Left
none
Best: none

Right
none
Best: none

OR-NOT
01 10111111 7
12 11101111 7
23 11010011 5
34 00111100 4
45 11011111 7
56 10100011 4 match 6
67 01111111 7
70 11001000 3

02 10111111 7
13 11100111 6
24 01111010 5
35 01111100 5
46 11110111 7
57 10110111 6
60 11011101 6
71 11011000 4

03 11110111 7
14 01101111 6
25 01011110 5
36 10111110 6
47 11110111 7
50 11101011 6
61 11011101 6
72 11101101 6

04 00111111 6
15 01111111 7
26 11110010 5
37 00111111 6
40 11011111 7
51 10111011 6
62 11111101 7
73 11001011 5

05 01111111 7
16 11100111 6
27 01110111 6
30 11111100 6
41 11011111 7
52 10101111 6
63 11011111 7
74 11101000 4

06 10110111 6
17 01110111 6
20 11011010 5
31 10111100 5
42 11111111 a
53 11100011 5
64 01111101 6
75 11011100 5

07 00110111 5
10 11101111 7
21 11011010 5
32 10111101 6
43 11010111 6
54 10101011 5
65 01011101 5 match 7
76 11101010 5

Matching output
0 absent
1 absent
2 absent
3 absent
4 absent
5 absent
6 56
7 65

Left
none
Best: none

Right
65 54x
Best: OR-NOT65: 1

XOR-NOT
01 10101111 6
12 11001010 4
23 10010001 3
34 00010100 2
45 10001011 4
56 00000001 1
67 01101010 4
70 00000000 a

02 10011010 4
13 10100100 3
24 01111010 5
35 01100000 2
46 01110101 5
57 10010100 3
60 10010101 4
71 01010000 2

03 11110100 5
14 01001111 5
25 00001110 3
36 10011110 5
47 11100000 3
50 01101011 5
61 11000101 4
72 01100101 4

04 00011111 5 match 5
15 00111011 5
26 11110000 4
37 00001011 3 match 1
40 00011111 5 match 5
51 00111011 5
62 11110000 4
73 00001011 3 match 1

05 01101011 5
16 11000101 4
27 01100101 4
30 11110100 5
41 01001111 5
52 00001110 3
63 10011110 5
74 11100000 3

06 10010101 4
17 01010000 2
20 10011010 4
31 10100100 3
42 01111010 5
53 01100000 2
64 01110101 5
75 10010100 3

07 00000000 a
10 10101111 6
21 11001010 4
32 10010001 3
43 00010100 2
54 10001011 4
65 00000001 1
76 01101010 4

Matching output
0 absent
1 37 73
2 absent
3 absent
4 absent
5 04 40
6 absent
7 absent

Left
none
Best: none

Right
none
Best: none

Selecting

Lefts
Identity I2: 1
NOT none
Constant none
AND AND24: 1
OR none
XOR none
AND-NOT none
OR-NOT none
XOR-NOT none

Rights
Identity I6 5: 2
NOT none
Constant none
AND none
OR none
XOR none
AND-NOT none
OR-NOT OR-NOT65: 1
XOR-NOT none

Left longest: 1
Right longest: 2

Right winner: Identity yes, NOT no, Constant no, AND no, OR no, XOR no, AND-NOT no, OR-NOT no, XOR-NOT no
Left winner: Identity yes, NOT no, Constant no, AND no, OR no, XOR no, AND-NOT no, OR-NOT no, XOR-NOT no

Best right: I6 5: 2
Best left: I2: 1

Truncated right: I6 5: 2
Truncated left: I2: 1

Tentative from right
7 I6
6 I5
5 pending
4 pending
3 pending
2 pending
1 pending
0 pending

Tentative
0 I2
1 pending
2 pending
3 pending
4 pending
5 pending
6 I5
7 I6

Preferred from right
7 I6
6 I5
5 ??4
4 ??3
3 ??2
2 ??1
1 ??0
0 I2

Preferred from left
0 I2
1 ?30
2 ?41
3 ?52
4 ?63
5 ?74
6 I5
7 I6

Preferred
0 I2
1 ?30 ?03
2 ?41 ?14
3 ?52 ?25
4 ?63 ?36
5 ?74 ?47
6 I5
7 I6

Matching
0 I2
1 ?30 ?03 - Identity absent, NOT absent, Constant absent, AND absent, OR absent, XOR30, AND-NOT absent, OR-NOT absent, XOR-NOT absent
2 ?41 ?14 - Identity absent, NOT absent, Constant absent, AND absent, OR absent, XOR41, AND-NOT absent, OR-NOT absent, XOR-NOT absent
3 ?52 ?25 - Identity absent, NOT absent, Constant absent, AND absent, OR absent, XOR52, AND-NOT absent, OR-NOT absent, XOR-NOT absent
4 ?63 ?36 - Identity absent, NOT absent, Constant absent, AND absent, OR absent, XOR63, AND-NOT absent, OR-NOT absent, XOR-NOT absent
5 ?74 ?47 - Identity absent, NOT absent, Constant absent, AND absent, OR absent, XOR74, AND-NOT absent, OR-NOT absent, XOR-NOT absent
6 I5
7 I6

Perfect match
Identity no
NOT no
Constant no
AND no
OR no
XOR yes
AND-NOT no
OR-NOT no
XOR-NOT no

Matched
0 I2
1 XOR30
2 XOR41
3 XOR52
4 XOR63
5 XOR74
6 I5
7 I6

Selected
0 I2
1 XOR30
2 XOR41
3 XOR52
4 XOR63
5 XOR74
6 I5
7 I6

Applying to 00111100
Input
0 0
1 0
2 1
3 1
4 1
5 1
6 0
7 0
Output
0 I2 = 1
1 XOR30 = XOR(1,0) = 1
2 XOR41 = XOR(1,0) = 1
3 XOR52 = XOR(1,1) = 0
4 XOR63 = XOR(0,1) = 1
5 XOR74 = XOR(0,1) = 1
6 I5 = 1
7 I6 = 0

I will now return the answer in \boxed{}
The answer in \boxed{–} is \boxed{11101110}