We need to deduce the transformation by matching the example outputs.
I will put my final answer inside \boxed{}.

Output 0: 00111011
0 0
1 0
2 1
3 1
4 1
5 0
6 1
7 1

Output 1: 00000000
0 0
1 0
2 0
3 0
4 0
5 0
6 0
7 0

Output 2: 00000101
0 0
1 0
2 0
3 0
4 0
5 1
6 0
7 1

Output 3: 01111010
0 0
1 1
2 1
3 1
4 1
5 0
6 1
7 0

Output 4: 01100000
0 0
1 1
2 1
3 0
4 0
5 0
6 0
7 0

Output 5: 01001101
0 0
1 1
2 0
3 0
4 1
5 1
6 0
7 1

Output 6: 00110101
0 0
1 0
2 1
3 1
4 0
5 1
6 0
7 1

Output 7: 10010001
0 1
1 0
2 0
3 1
4 0
5 0
6 0
7 1

Output 8: 11111110
0 1
1 1
2 1
3 1
4 1
5 1
6 1
7 0

Output 9: 00101101
0 0
1 0
2 1
3 0
4 1
5 1
6 0
7 1

Output bit columns (with bitsum as hash)
0 0000000110 2
1 0001110010 4
2 1001101011 6
3 1001001110 5
4 1001010011 5
5 0010011011 5
6 1001000010 3
7 1010011101 6

Input 0: 11101100
0 1
1 1
2 1
3 0
4 1
5 1
6 0
7 0

Input 1: 00000000
0 0
1 0
2 0
3 0
4 0
5 0
6 0
7 0

Input 2: 00010100
0 0
1 0
2 0
3 1
4 0
5 1
6 0
7 0

Input 3: 11101001
0 1
1 1
2 1
3 0
4 1
5 0
6 0
7 1

Input 4: 10000001
0 1
1 0
2 0
3 0
4 0
5 0
6 0
7 1

Input 5: 00110101
0 0
1 0
2 1
3 1
4 0
5 1
6 0
7 1

Input 6: 11010100
0 1
1 1
2 0
3 1
4 0
5 1
6 0
7 0

Input 7: 01000110
0 0
1 1
2 0
3 0
4 0
5 1
6 1
7 0

Input 8: 11111011
0 1
1 1
2 1
3 1
4 1
5 0
6 1
7 1

Input 9: 10110100
0 1
1 0
2 1
3 1
4 0
5 1
6 0
7 0

When matching output
x: not in operator
y: wrong position

Identity
0 1001101011 6 match 2
1 1001001110 5 match 3
2 1001010011 5 match 4
3 0010011011 5 match 5
4 1001000010 3 match 6
5 1010011101 6 match 7
6 0000000110 2 match 0
7 0001110010 4 match 1

Matching output
0 6
1 7
2 0
3 1
4 2
5 3
6 4
7 5

Left
6 7 0 1 2 3 4 5
Best: I6 7 0 1 2 3 4 5: 8

Right
5 4 3 2 1 0 7 6
Best: I5 4 3 2 1 0 7 6: 8

NOT
0 0110010100 4
1 0110110001 5
2 0110101100 5
3 1101100100 5
4 0110111101 7
5 0101100010 4
6 1111111001 8
7 1110001101 6

Matching output
0 absent
1 absent
2 absent
3 absent
4 absent
5 absent
6 absent
7 absent

Left
none
Best: none

Right
none
Best: none

Constant
0 0000000000 a
1 1111111111 a

Matching output
0 absent
1 absent
2 absent
3 absent
4 absent
5 absent
6 absent
7 absent

Left
none
Best: none

Right
none
Best: none

AND
01 10 1001001010 4
12 21 1001000010 3 match 6
23 32 0000010011 3
34 43 0000000010 1
45 54 1000000000 1
56 65 0000000100 1
67 76 0000000010 1
70 07 0001100010 3

02 20 1001000011 4
13 31 0000001010 2
24 42 1001000010 3 match 6
35 53 0010011001 4
46 64 0000000010 1
57 75 0000010000 1
60 06 0000000010 1
71 17 0001000010 2

03 30 0000001011 3
14 41 1001000010 3 match 6
25 52 1000010001 3
36 63 0000000010 1
47 74 0001000010 2
50 05 1000001001 3
61 16 0000000110 2 match 0
72 27 0001010010 3

04 40 1001000010 3 match 6
15 51 1000001100 3
26 62 0000000010 1
37 73 0000010010 2

Matching output
0 61 16
1 absent
2 absent
3 absent
4 absent
5 absent
6 12 21 24 42 14 41 04 40
7 absent

Left
61 72x
16 27x
Best: AND61: 1

Right
none
Best: none

OR
01 10 1001101111 7
12 21 1001011111 7
23 32 1011011011 7
34 43 1011011011 7
45 54 1011011111 8
56 65 1010011111 7
67 76 0001110110 5
70 07 1001111011 7

02 20 1001111011 7
13 31 1011011111 8
24 42 1001010011 5 match 4
35 53 1010011111 7
46 64 1001000110 4
57 75 1011111111 9
60 06 1001101111 7
71 17 1001111110 7

03 30 1011111011 8
14 41 1001001110 5 match 3
25 52 1011011111 8
36 63 0010011111 6
47 74 1001110010 5
50 05 1011111111 9
61 16 1001001110 5 match 3
72 27 1001110011 6

04 40 1001101011 6 match 2
15 51 1011011111 8
26 62 1001010111 6
37 73 0011111011 7

Matching output
0 absent
1 absent
2 04 40
3 14 41 61 16
4 24 42
5 absent
6 absent
7 absent

Left
none
Best: none

Right
none
Best: none

XOR
01 10 0000100101 3
12 21 0000011101 4
23 32 1011001000 4
34 43 1011011001 6
45 54 0011011111 7
56 65 1010011011 6
67 76 0001110100 4
70 07 1000011001 4

02 20 0000111000 3
13 31 1011010101 6
24 42 0000010001 2
35 53 1000000110 3
46 64 1001000100 3
57 75 1011101111 8
60 06 1001101101 6
71 17 1000111100 5

03 30 1011110000 5
14 41 0000001100 2
25 52 0011001110 5
36 63 0010011101 5
47 74 1000110000 3
50 05 0011110110 6
61 16 1001001000 3
72 27 1000100001 3

04 40 0000101001 3
15 51 0011010011 5
26 62 1001010101 5
37 73 0011101001 5

Matching output
0 absent
1 absent
2 absent
3 absent
4 absent
5 absent
6 absent
7 absent

Left
none
Best: none

Right
none
Best: none

AND-NOT
01 0000100001 2
12 0000001100 2
23 1001000000 2
34 0010011001 4
45 0001000010 2
56 1010011001 5
67 0000000100 1
70 0000010000 1

02 0000101000 2
13 1001000100 3
24 0000010001 2
35 0000000010 1
46 1001000000 2
57 1010001101 5
60 0000000100 1
71 0000110000 2

03 1001100000 3
14 0000001100 2
25 0001000010 2
36 0010011001 4
47 1000000000 1
50 0010010100 3
61 0000000000 a
72 0000100000 1

04 0000101001 3
15 0001000010 2
26 1001010001 4
37 0010001001 3
40 0000000000 a
51 0010010001 3
62 0000000100 1
73 0001100000 2

05 0001100010 3
16 1001001000 3
27 1000000001 2
30 0010010000 2
41 0000000000 a
52 0010001100 3
63 0000000100 1
74 0000110000 2

06 1001101001 5
17 1000001100 3
20 0000010000 1
31 0010010001 3
42 0000000000 a
53 1000000100 2
64 0000000100 1
75 0001100010 3

07 1000001001 3
10 0000000100 1
21 0000010001 2
32 0010001000 2
43 1001000000 2
54 0010011101 5
65 0000000010 1
76 0001110000 3

Matching output
0 absent
1 absent
2 absent
3 absent
4 absent
5 absent
6 absent
7 absent

Left
none
Best: none

Right
none
Best: none

OR-NOT
01 1111111011 9
12 1111101110 8
23 1101110111 8
34 0110111111 8
45 1101100010 5
56 1111111101 9
67 1110001111 7
70 0111110110 7

02 1111101111 9
13 1101101110 7
24 1111111111 a
35 0111111011 8
46 1111111011 9
57 1110011101 7
60 0110010110 5
71 0111110011 7

03 1101101111 8
14 1111111111 a
25 1101110011 7
36 1111111011 9
47 1111001111 8
50 1110011101 7
61 0110110111 7
72 0111111110 8

04 1111111111 a
15 1101101110 7
26 1111111011 9
37 1110011111 8
40 1111010110 7
51 1110111101 8
62 0110101110 6
73 1101110110 7

05 1101101011 7
16 1111111111 a
27 1111011111 9
30 0110011111 7
41 1111110011 8
52 1110111101 8
63 1101100110 6
74 0111111111 9

06 1111111011 9
17 1111001111 8
20 1111010111 8
31 0110111011 7
42 1111101110 8
53 1111111101 9
64 0110111111 8
75 0101110010 5

07 1111101111 9
10 1111011110 8
21 1111110011 8
32 0110111111 8
43 1101100110 6
54 1110111101 8
65 0101100110 5
76 1111111011 9

Matching output
0 absent
1 absent
2 absent
3 absent
4 absent
5 absent
6 absent
7 absent

Left
none
Best: none

Right
none
Best: none

XOR-NOT
01 1111011010 7
12 1111100010 6
23 0100110111 6
34 0100100110 4
45 1100100000 3
56 0101100100 4
67 1110001011 6
70 0111100110 6

02 1111000111 7
13 0100101010 4
24 1111101110 8
35 0111111001 7
46 0110111011 7
57 0100010000 2
60 0110010010 4
71 0111000011 5

03 0100001111 5
14 1111110011 8
25 1100110001 5
36 1101100010 5
47 0111001111 7
50 1100001001 4
61 0110110111 7
72 0111011110 7

04 1111010110 7
15 1100101100 5
26 0110101010 5
37 1100010110 5
40 1111010110 7
51 1100101100 5
62 0110101010 5
73 1100010110 5

05 1100001001 4
16 0110110111 7
27 0111011110 7
30 0100001111 5
41 1111110011 8
52 1100110001 5
63 1101100010 5
74 0111001111 7

06 0110010010 4
17 0111000011 5
20 1111000111 7
31 0100101010 4
42 1111101110 8
53 0111111001 7
64 0110111011 7
75 0100010000 2

07 0111100110 6
10 1111011010 7
21 1111100010 6
32 0100110111 6
43 0100100110 4
54 1100100000 3
65 0101100100 4
76 1110001011 6

Matching output
0 absent
1 absent
2 absent
3 absent
4 absent
5 absent
6 absent
7 absent

Left
none
Best: none

Right
none
Best: none

Selecting

Lefts
Identity I6 7 0 1 2 3 4 5: 8
NOT none
Constant none
AND AND61: 1
OR none
XOR none
AND-NOT none
OR-NOT none
XOR-NOT none

Rights
Identity I5 4 3 2 1 0 7 6: 8
NOT none
Constant none
AND none
OR none
XOR none
AND-NOT none
OR-NOT none
XOR-NOT none

Left longest: 8
Right longest: 8

Left winner: Identity yes, NOT no, Constant no, AND no, OR no, XOR no, AND-NOT no, OR-NOT no, XOR-NOT no
Right winner: Identity yes, NOT no, Constant no, AND no, OR no, XOR no, AND-NOT no, OR-NOT no, XOR-NOT no

Best left: I6 7 0 1 2 3 4 5: 8
Best right: I5 4 3 2 1 0 7 6: 8

Truncated left: I6 7 0 1 2 3 4 5: 8
Truncated right: none truncated

Tentative from right
7 pending
6 pending
5 pending
4 pending
3 pending
2 pending
1 pending
0 pending

Tentative
0 I6
1 I7
2 I0
3 I1
4 I2
5 I3
6 I4
7 I5

Preferred from left
0 I6
1 I7
2 I0
3 I1
4 I2
5 I3
6 I4
7 I5

Preferred from right
7 I5
6 I4
5 I3
4 I2
3 I1
2 I0
1 I7
0 I6

Preferred
0 I6
1 I7
2 I0
3 I1
4 I2
5 I3
6 I4
7 I5

Matching
0 I6
1 I7
2 I0
3 I1
4 I2
5 I3
6 I4
7 I5

Perfect match
Identity no
NOT no
Constant no
AND no
OR no
XOR no
AND-NOT no
OR-NOT no
XOR-NOT no

Matched
0 I6
1 I7
2 I0
3 I1
4 I2
5 I3
6 I4
7 I5

Selected
0 I6
1 I7
2 I0
3 I1
4 I2
5 I3
6 I4
7 I5

Applying to 11111010
Input
0 1
1 1
2 1
3 1
4 1
5 0
6 1
7 0
Output
0 I6 = 1
1 I7 = 0
2 I0 = 1
3 I1 = 1
4 I2 = 1
5 I3 = 1
6 I4 = 1
7 I5 = 0

I will now return the answer in \boxed{}
The answer in \boxed{–} is \boxed{10111110}