We need to deduce the transformation by matching the example outputs.
I will put my final answer inside \boxed{}.

Output 0: 00000100
0 0
1 0
2 0
3 0
4 0
5 1
6 0
7 0

Output 1: 00010011
0 0
1 0
2 0
3 1
4 0
5 0
6 1
7 1

Output 2: 00010010
0 0
1 0
2 0
3 1
4 0
5 0
6 1
7 0

Output 3: 10000111
0 1
1 0
2 0
3 0
4 0
5 1
6 1
7 1

Output 4: 00000000
0 0
1 0
2 0
3 0
4 0
5 0
6 0
7 0

Output 5: 10000001
0 1
1 0
2 0
3 0
4 0
5 0
6 0
7 1

Output 6: 10010011
0 1
1 0
2 0
3 1
4 0
5 0
6 1
7 1

Output 7: 00111100
0 0
1 0
2 1
3 1
4 1
5 1
6 0
7 0

Output 8: 00111001
0 0
1 0
2 1
3 1
4 1
5 0
6 0
7 1

Output bit columns (with bitsum as hash)
0 000101100 3
1 000000000 a
2 000000011 2
3 011000111 5
4 000000011 2
5 100100010 3
6 011100100 4
7 010101101 5

Input 0: 01010011
0 0
1 1
2 0
3 1
4 0
5 0
6 1
7 1

Input 1: 11001101
0 1
1 1
2 0
3 0
4 1
5 1
6 0
7 1

Input 2: 10001101
0 1
1 0
2 0
3 0
4 1
5 1
6 0
7 1

Input 3: 11100011
0 1
1 1
2 1
3 0
4 0
5 0
6 1
7 1

Input 4: 10010000
0 1
1 0
2 0
3 1
4 0
5 0
6 0
7 0

Input 5: 11100000
0 1
1 1
2 1
3 0
4 0
5 0
6 0
7 0

Input 6: 11101101
0 1
1 1
2 1
3 0
4 1
5 1
6 0
7 1

Input 7: 00011111
0 0
1 0
2 0
3 1
4 1
5 1
6 1
7 1

Input 8: 11011110
0 1
1 1
2 0
3 1
4 1
5 1
6 1
7 0

When matching output
x: not in operator
y: wrong position

Identity
0 011111101 7
1 110101101 6
2 000101100 3 match 0
3 100010011 4
4 011000111 5 match 3
5 011000111 5 match 3
6 100100011 4
7 111100110 6

Matching output
0 2
1 absent
2 absent
3 4 5
4 absent
5 absent
6 absent
7 absent

Left
2 3x
Best: I2: 1

Right
none
Best: none

NOT
0 100000010 2
1 001010010 3
2 111010011 6
3 011101100 5
4 100111000 4
5 100111000 4
6 011011100 5
7 000011001 3

Matching output
0 absent
1 absent
2 absent
3 absent
4 absent
5 absent
6 absent
7 absent

Left
none
Best: none

Right
none
Best: none

Constant
0 000000000 a match 1
1 111111111 a

Matching output
0 absent
1 C0
2 absent
3 absent
4 absent
5 absent
6 absent
7 absent

Left
none
Best: none

Right
none
Best: none

AND
01 10 010101101 5 match 7
12 21 000101100 3 match 0
23 32 000000000 a match 1
34 43 000000011 2 match 2 4
45 54 011000111 5 match 3
56 65 000000011 2 match 2 4
67 76 100100010 3 match 5
70 07 011100100 4 match 6

02 20 000101100 3 match 0
13 31 100000001 2
24 42 000000100 1
35 53 000000011 2 match 2 4
46 64 000000011 2 match 2 4
57 75 011000110 4
60 06 000100001 2
71 17 110100100 4

03 30 000010001 2
14 41 010000101 3
25 52 000000100 1
36 63 100000011 3
47 74 011000110 4
50 05 011000101 4
61 16 100100001 3
72 27 000100100 2

04 40 011000101 4
15 51 010000101 3
26 62 000100000 1
37 73 100000010 2

Matching output
0 12 21 02 20
1 23 32
2 34 43 56 65 35 53 46 64
3 45 54
4 34 43 56 65 35 53 46 64
5 67 76
6 70 07
7 01 10

Left
12 23 34 45 56 67 70 01
21 32 43 54 65 76 07 10
02 13x
20 31x
Best: AND12 23 34 45 56 67 70 01: 8

Right
01 70 67 56 45 34 23 12
10 07 76 65 54 43 32 21
Best: AND01 70 67 56 45 34 23 12: 8

OR
01 10 111111101 8
12 21 110101101 6
23 32 100111111 7
34 43 111010111 7
45 54 011000111 5 match 3
56 65 111100111 7
67 76 111100111 7
70 07 111111111 a

02 20 011111101 7
13 31 110111111 8
24 42 011101111 7
35 53 111010111 7
46 64 111100111 7
57 75 111100111 7
60 06 111111111 a
71 17 111101111 8

03 30 111111111 a
14 41 111101111 8
25 52 011101111 7
36 63 100110011 5
47 74 111100111 7
50 05 011111111 8
61 16 110101111 7
72 27 111101110 7

04 40 011111111 8
15 51 111101111 8
26 62 100101111 6
37 73 111110111 8

Matching output
0 absent
1 absent
2 absent
3 45 54
4 absent
5 absent
6 absent
7 absent

Left
none
Best: none

Right
none
Best: none

XOR
01 10 101010000 3
12 21 110000001 3
23 32 100111111 7
34 43 111010100 5
45 54 000000000 a match 1
56 65 111100100 5
67 76 011000101 4
70 07 100011011 5

02 20 011010001 4
13 31 010111110 6
24 42 011101011 6
35 53 111010100 5
46 64 111100100 5
57 75 100100001 3
60 06 111011110 7
71 17 001001011 4

03 30 111101110 7
14 41 101101010 5
25 52 011101011 6
36 63 000110000 2
47 74 100100001 3
50 05 000111010 4
61 16 010001110 4
72 27 111001010 5

04 40 000111010 4
15 51 101101010 5
26 62 100001111 5
37 73 011110101 6

Matching output
0 absent
1 45 54
2 absent
3 absent
4 absent
5 absent
6 absent
7 absent

Left
none
Best: none

Right
none
Best: none

AND-NOT
01 001010000 2
12 110000001 3
23 000101100 3 match 0
34 100010000 2
45 000000000 a match 1
56 011000100 3
67 000000001 1
70 100000010 2

02 011010001 4
13 010101100 4
24 000101000 2
35 100010000 2
46 011000100 3
57 000000001 1
60 100000010 2
71 001000010 2

03 011101100 5
14 100101000 3
25 000101000 2
36 000010000 1
47 000000001 1
50 000000010 1
61 000000010 1
72 111000010 4

04 000111000 3
15 100101000 3
26 000001100 2
37 000010001 2
40 000000010 1
51 001000010 2
62 100000011 3
73 011100100 4 match 6

05 000111000 3
16 010001100 3
27 000001000 1
30 100000010 2
41 001000010 2
52 011000011 4
63 000100000 1
74 100100000 2

06 011011100 5
17 000001001 2
20 000000000 a match 1
31 000010010 2
42 011000011 4
53 011000100 3
64 100100000 2
75 100100000 2

07 000011001 3
10 100000000 1
21 000000000 a match 1
32 100010011 4
43 011000100 3
54 000000000 a match 1
65 100100000 2
76 011000100 3

Matching output
0 23
1 45 20 21 54
2 absent
3 absent
4 absent
5 absent
6 73
7 absent

Left
23 34x
Best: AND-NOT23: 1

Right
none
Best: none

OR-NOT
01 011111111 8
12 111111111 a
23 011101100 5
34 100111011 6
45 111111111 a
56 011011111 7
67 100111011 6
70 111100110 6

02 111111111 a
13 111101101 7
24 100111100 5
35 100111011 6
46 011011111 7
57 011011111 7
60 100100011 4
71 111110110 7

03 011111101 7
14 110111101 7
25 100111100 5
36 111011111 8
47 011011111 7
50 111000111 6
61 101110011 6
72 111110111 8

04 111111101 8
15 110111101 7
26 011111100 6
37 100011011 5
40 111000111 6
51 011010111 6
62 111110011 7
73 111101110 7

05 111111101 8
16 111111101 8
27 000111101 5
30 100010011 4
41 011010111 6
52 111010111 7
63 111101111 8
74 111111110 8

06 011111101 7
17 110111101 7
20 100101110 5
31 101010011 5
42 111010111 7
53 011101111 7
64 100111011 6
75 111111110 8

07 011111101 7
10 110101111 7
21 001111110 6
32 111010011 6
43 011101111 7
54 111111111 a
65 100111011 6
76 111111110 8

Matching output
0 absent
1 absent
2 absent
3 absent
4 absent
5 absent
6 absent
7 absent

Left
none
Best: none

Right
none
Best: none

XOR-NOT
01 010101111 6
12 001111110 6
23 011000000 2
34 000101011 4
45 111111111 a
56 000011011 4
67 100111010 5
70 011100100 4 match 6

02 100101110 5
13 101000001 3
24 100010100 3
35 000101011 4
46 000011011 4
57 011011110 6
60 000100001 2
71 110110100 5

03 000010001 2
14 010010101 4
25 100010100 3
36 111001111 7
47 011011110 6
50 111000101 5
61 101110001 5
72 000110101 4

04 111000101 5
15 010010101 4
26 011110000 4
37 100001010 3
40 111000101 5
51 010010101 4
62 011110000 4
73 100001010 3

05 111000101 5
16 101110001 5
27 000110101 4
30 000010001 2
41 010010101 4
52 100010100 3
63 111001111 7
74 011011110 6

06 000100001 2
17 110110100 5
20 100101110 5
31 101000001 3
42 100010100 3
53 000101011 4
64 000011011 4
75 011011110 6

07 011100100 4 match 6
10 010101111 6
21 001111110 6
32 011000000 2
43 000101011 4
54 111111111 a
65 000011011 4
76 100111010 5

Matching output
0 absent
1 absent
2 absent
3 absent
4 absent
5 absent
6 70 07
7 absent

Left
none
Best: none

Right
none
Best: none

Selecting

Lefts
Identity I2: 1
NOT none
Constant none
AND AND12 23 34 45 56 67 70 01: 8
OR none
XOR none
AND-NOT AND-NOT23: 1
OR-NOT none
XOR-NOT none

Rights
Identity none
NOT none
Constant none
AND AND01 70 67 56 45 34 23 12: 8
OR none
XOR none
AND-NOT none
OR-NOT none
XOR-NOT none

Left longest: 8
Right longest: 8

Left winner: Identity no, NOT no, Constant no, AND yes, OR no, XOR no, AND-NOT no, OR-NOT no, XOR-NOT no
Right winner: Identity no, NOT no, Constant no, AND yes, OR no, XOR no, AND-NOT no, OR-NOT no, XOR-NOT no

Best left: AND12 23 34 45 56 67 70 01: 8
Best right: AND01 70 67 56 45 34 23 12: 8

Truncated left: AND12 23 34 45 56 67 70 01: 8
Truncated right: none truncated

Tentative from right
7 pending
6 pending
5 pending
4 pending
3 pending
2 pending
1 pending
0 pending

Tentative
0 AND12
1 AND23
2 AND34
3 AND45
4 AND56
5 AND67
6 AND70
7 AND01

Preferred from left
0 AND12
1 AND23
2 AND34
3 AND45
4 AND56
5 AND67
6 AND70
7 AND01

Preferred from right
7 AND01
6 AND70
5 AND67
4 AND56
3 AND45
2 AND34
1 AND23
0 AND12

Preferred
0 AND12
1 AND23
2 AND34
3 AND45
4 AND56
5 AND67
6 AND70
7 AND01

Matching
0 AND12
1 AND23
2 AND34
3 AND45
4 AND56
5 AND67
6 AND70
7 AND01

Perfect match
Identity no
NOT no
Constant no
AND no
OR no
XOR no
AND-NOT no
OR-NOT no
XOR-NOT no

Matched
0 AND12
1 AND23
2 AND34
3 AND45
4 AND56
5 AND67
6 AND70
7 AND01

Selected
0 AND12
1 AND23
2 AND34
3 AND45
4 AND56
5 AND67
6 AND70
7 AND01

Applying to 11000011
Input
0 1
1 1
2 0
3 0
4 0
5 0
6 1
7 1
Output
0 AND12 = AND(1,0) = 0
1 AND23 = AND(0,0) = 0
2 AND34 = AND(0,0) = 0
3 AND45 = AND(0,0) = 0
4 AND56 = AND(0,1) = 0
5 AND67 = AND(1,1) = 1
6 AND70 = AND(1,1) = 1
7 AND01 = AND(1,1) = 1

I will now return the answer in \boxed{}
The answer in \boxed{–} is \boxed{00000111}