We need to deduce the transformation by matching the example outputs.
I will put my final answer inside \boxed{}.

Output 0: 00000000
0 0
1 0
2 0
3 0
4 0
5 0
6 0
7 0

Output 1: 00110000
0 0
1 0
2 1
3 1
4 0
5 0
6 0
7 0

Output 2: 00000000
0 0
1 0
2 0
3 0
4 0
5 0
6 0
7 0

Output 3: 01111000
0 0
1 1
2 1
3 1
4 1
5 0
6 0
7 0

Output 4: 11001001
0 1
1 1
2 0
3 0
4 1
5 0
6 0
7 1

Output 5: 11000000
0 1
1 1
2 0
3 0
4 0
5 0
6 0
7 0

Output 6: 00000000
0 0
1 0
2 0
3 0
4 0
5 0
6 0
7 0

Output 7: 11000000
0 1
1 1
2 0
3 0
4 0
5 0
6 0
7 0

Output bit columns (with bitsum as hash)
0 00001101 3
1 00011101 4
2 01010000 2
3 01010000 2
4 00011000 2
5 00000000 a
6 00000000 a
7 00001000 1

Input 0: 01010101
0 0
1 1
2 0
3 1
4 0
5 1
6 0
7 1

Input 1: 01100111
0 0
1 1
2 1
3 0
4 0
5 1
6 1
7 1

Input 2: 01100100
0 0
1 1
2 1
3 0
4 0
5 1
6 0
7 0

Input 3: 10101111
0 1
1 0
2 1
3 0
4 1
5 1
6 1
7 1

Input 4: 10011101
0 1
1 0
2 0
3 1
4 1
5 1
6 0
7 1

Input 5: 01011101
0 0
1 1
2 0
3 1
4 1
5 1
6 0
7 1

Input 6: 10100100
0 1
1 0
2 1
3 0
4 0
5 1
6 0
7 0

Input 7: 00111101
0 0
1 0
2 1
3 1
4 1
5 1
6 0
7 1

When matching output
x: not in operator
y: wrong position

Identity
0 00011010 3
1 11100100 4
2 01110011 5
3 10001101 4
4 00011101 4 match 1
5 11111111 a
6 01010000 2 match 2 3
7 11011101 6

Matching output
0 absent
1 4
2 6
3 6
4 absent
5 absent
6 absent
7 absent

Left
none
Best: none

Right
none
Best: none

NOT
0 11100101 5
1 00011011 4
2 10001100 3
3 01110010 4
4 11100010 4
5 00000000 a match 5 6
6 10101111 6
7 00100010 2

Matching output
0 absent
1 absent
2 absent
3 absent
4 absent
5 5
6 5
7 absent

Left
none
Best: none

Right
none
Best: none

Constant
0 00000000 a match 5 6
1 11111111 a

Matching output
0 absent
1 absent
2 absent
3 absent
4 absent
5 C0
6 C0
7 absent

Left
none
Best: none

Right
none
Best: none

AND
01 10 00000000 a match 5 6
12 21 01100000 2
23 32 00000001 1
34 43 00001101 3 match 0
45 54 00011101 4 match 1
56 65 01010000 2 match 2 3
67 76 01010000 2 match 2 3
70 07 00011000 2 match 4

02 20 00010010 2
13 31 10000100 2
24 42 00010001 2
35 53 10001101 4
46 64 00010000 1
57 75 11011101 6
60 06 00010000 1
71 17 11000100 3

03 30 00001000 1 match 7
14 41 00000100 1
25 52 01110011 5
36 63 00000000 a match 5 6
47 74 00011101 4 match 1
50 05 00011010 3
61 16 01000000 1
72 27 01010001 3

04 40 00011000 2 match 4
15 51 11100100 4
26 62 01010000 2 match 2 3
37 73 10001101 4

Matching output
0 34 43
1 45 54 47 74
2 56 65 67 76 26 62
3 56 65 67 76 26 62
4 70 07 04 40
5 01 10 36 63
6 01 10 36 63
7 03 30

Left
34 45 56 67 70 01 12x
43 54 65 76 07 10 21x
Best: AND34 45 56 67 70 01: 6

Right
03 72x
30 27x
Best: AND03: 1

OR
01 10 11111110 7
12 21 11110111 7
23 32 11111111 a
34 43 10011101 5
45 54 11111111 a
56 65 11111111 a
67 76 11011101 6
70 07 11011111 7

02 20 01111011 6
13 31 11101101 6
24 42 01111111 7
35 53 11111111 a
46 64 01011101 5
57 75 11111111 a
60 06 01011010 4
71 17 11111101 7

03 30 10011111 6
14 41 11111101 7
25 52 11111111 a
36 63 11011101 6
47 74 11011101 6
50 05 11111111 a
61 16 11110100 5
72 27 11111111 a

04 40 00011111 5
15 51 11111111 a
26 62 01110011 5
37 73 11011101 6

Matching output
0 absent
1 absent
2 absent
3 absent
4 absent
5 absent
6 absent
7 absent

Left
none
Best: none

Right
none
Best: none

XOR
01 10 11111110 7
12 21 10010111 5
23 32 11111110 7
34 43 10010000 2
45 54 11100010 4
56 65 10101111 6
67 76 10001101 4
70 07 11000111 5

02 20 01101001 4
13 31 01101001 4
24 42 01101110 5
35 53 01110010 4
46 64 01001101 4
57 75 00100010 2
60 06 01001010 3
71 17 00111001 4

03 30 10010111 5
14 41 11111001 6
25 52 10001100 3
36 63 11011101 6
47 74 11000000 2
50 05 11100101 5
61 16 10110100 4
72 27 10101110 5

04 40 00000111 3
15 51 00011011 4
26 62 00100011 3
37 73 01010000 2 match 2 3

Matching output
0 absent
1 absent
2 37 73
3 37 73
4 absent
5 absent
6 absent
7 absent

Left
none
Best: none

Right
none
Best: none

AND-NOT
01 00011010 3
12 10000100 2
23 01110010 4
34 10000000 1
45 00000000 a match 5 6
56 10101111 6
67 00000000 a match 5 6
70 11000101 4

02 00001000 1 match 7
13 01100000 2
24 01100010 3
35 00000000 a match 5 6
46 00001101 3 match 0
57 00100010 2
60 01000000 1
71 00011001 3

03 00010010 2
14 11100000 3
25 00000000 a match 5 6
36 10001101 4
47 00000000 a match 5 6
50 11100101 5
61 00010000 1
72 10001100 3

04 00000010 1
15 00000000 a match 5 6
26 00100011 3
37 00000000 a match 5 6
40 00000101 2
51 00011011 4
62 00000000 a match 5 6
73 01010000 2 match 2 3

05 00000000 a match 5 6
16 10100100 3
27 00100010 2
30 10000101 3
41 00011001 3
52 10001100 3
63 01010000 2 match 2 3
74 11000000 2

06 00001010 2
17 00100000 1
20 01100001 3
31 00001001 2
42 00001100 2
53 01110010 4
64 01000000 1
75 00000000 a match 5 6

07 00000010 1
10 11100100 4
21 00010011 3
32 10001100 3
43 00010000 1
54 11100010 4
65 00000000 a match 5 6
76 10001101 4

Matching output
0 46
1 absent
2 73 63
3 73 63
4 absent
5 45 67 35 25 47 15 37 62 05 75 65
6 45 67 35 25 47 15 37 62 05 75 65
7 02

Left
46 57x
Best: AND-NOT46: 1

Right
02 71x
Best: AND-NOT02: 1

OR-NOT
01 00011011 4
12 11101100 5
23 01110011 5
34 11101111 7
45 00011101 4 match 1
56 11111111 a
67 01110010 4
70 11111101 7

02 10011110 5
13 11110110 6
24 11110011 6
35 10001101 4
46 10111111 7
57 11111111 a
60 11110101 6
71 11011111 7

03 01111010 5
14 11100110 5
25 01110011 5
36 10101111 6
47 00111111 6
50 11111111 a
61 01011011 5
72 11011101 6

04 11111010 6
15 11100100 4
26 11111111 a
37 10101111 6
40 11111101 7
51 11111111 a
62 11011100 5
73 11111111 a

05 00011010 3
16 11101111 7
27 01110011 5
30 11101101 6
41 00011111 5
52 11111111 a
63 01110010 4
74 11111111 a

06 10111111 7
17 11100110 5
20 11110111 7
31 10011111 6
42 10011101 5
53 11111111 a
64 11110010 5
75 11011101 6

07 00111010 4
10 11100101 5
21 01111011 6
32 10001101 4
43 01111111 7
54 11111111 a
65 01010000 2 match 2 3
76 11111111 a

Matching output
0 absent
1 45
2 65
3 65
4 absent
5 absent
6 absent
7 absent

Left
none
Best: none

Right
none
Best: none

XOR-NOT
01 00000001 1
12 01101000 3
23 00000001 1
34 01101111 6
45 00011101 4 match 1
56 01010000 2 match 2 3
67 01110010 4
70 00111000 3

02 10010110 4
13 10010110 4
24 10010001 3
35 10001101 4
46 10110010 4
57 11011101 6
60 10110101 5
71 11000110 4

03 01101000 3
14 00000110 2
25 01110011 5
36 00100010 2
47 00111111 6
50 00011010 3
61 01001011 4
72 01010001 3

04 11111000 5
15 11100100 4
26 11011100 5
37 10101111 6
40 11111000 5
51 11100100 4
62 11011100 5
73 10101111 6

05 00011010 3
16 01001011 4
27 01010001 3
30 01101000 3
41 00000110 2
52 01110011 5
63 00100010 2
74 00111111 6

06 10110101 5
17 11000110 4
20 10010110 4
31 10010110 4
42 10010001 3
53 10001101 4
64 10110010 4
75 11011101 6

07 00111000 3
10 00000001 1
21 01101000 3
32 00000001 1
43 01101111 6
54 00011101 4 match 1
65 01010000 2 match 2 3
76 01110010 4

Matching output
0 absent
1 45 54
2 56 65
3 56 65
4 absent
5 absent
6 absent
7 absent

Left
none
Best: none

Right
none
Best: none

Selecting

Lefts
Identity none
NOT none
Constant none
AND AND34 45 56 67 70 01: 6
OR none
XOR none
AND-NOT AND-NOT46: 1
OR-NOT none
XOR-NOT none

Rights
Identity none
NOT none
Constant none
AND AND03: 1
OR none
XOR none
AND-NOT AND-NOT02: 1
OR-NOT none
XOR-NOT none

Left longest: 6
Right longest: 1

Left winner: Identity no, NOT no, Constant no, AND yes, OR no, XOR no, AND-NOT no, OR-NOT no, XOR-NOT no
Right winner: Identity no, NOT no, Constant no, AND yes, OR no, XOR no, AND-NOT no, OR-NOT no, XOR-NOT no

Best left: AND34 45 56 67 70 01: 6
Best right: AND03: 1

Truncated left: AND34 45 56 67 70 01: 6
Truncated right: AND03: 1

Tentative from right
7 AND03
6 pending
5 pending
4 pending
3 pending
2 pending
1 pending
0 pending

Tentative
0 AND34
1 AND45
2 AND56
3 AND67
4 AND70
5 AND01
6 pending
7 AND03

Preferred from left
0 AND34
1 AND45
2 AND56
3 AND67
4 AND70
5 AND01
6 ?12
7 AND03

Preferred from right
7 AND03
6 ?12
5 AND01
4 AND70
3 AND67
2 AND56
1 AND45
0 AND34

Preferred
0 AND34
1 AND45
2 AND56
3 AND67
4 AND70
5 AND01
6 ?12 ?21
7 AND03

Matching
0 AND34
1 AND45
2 AND56
3 AND67
4 AND70
5 AND01
6 ?12 ?21 - Identity absent, NOT absent, Constant C0, AND absent, OR absent, XOR absent, AND-NOT absent, OR-NOT absent, XOR-NOT absent
7 AND03

Perfect match
Identity no
NOT no
Constant yes
AND no
OR no
XOR no
AND-NOT no
OR-NOT no
XOR-NOT no

Matched
0 AND34
1 AND45
2 AND56
3 AND67
4 AND70
5 AND01
6 C0
7 AND03

Selected
0 AND34
1 AND45
2 AND56
3 AND67
4 AND70
5 AND01
6 C0
7 AND03

Applying to 10001010
Input
0 1
1 0
2 0
3 0
4 1
5 0
6 1
7 0
Output
0 AND34 = AND(0,1) = 0
1 AND45 = AND(1,0) = 0
2 AND56 = AND(0,1) = 0
3 AND67 = AND(1,0) = 0
4 AND70 = AND(0,1) = 0
5 AND01 = AND(1,0) = 0
6 C0 = 0
7 AND03 = AND(1,0) = 0

I will now return the answer in \boxed{}
The answer in \boxed{–} is \boxed{00000000}