We need to deduce the transformation by matching the example outputs.
I will put my final answer inside \boxed{}.

Output 0: 10001001
0 1
1 0
2 0
3 0
4 1
5 0
6 0
7 1

Output 1: 00100000
0 0
1 0
2 1
3 0
4 0
5 0
6 0
7 0

Output 2: 00000011
0 0
1 0
2 0
3 0
4 0
5 0
6 1
7 1

Output 3: 11100011
0 1
1 1
2 1
3 0
4 0
5 0
6 1
7 1

Output 4: 00000000
0 0
1 0
2 0
3 0
4 0
5 0
6 0
7 0

Output 5: 00010001
0 0
1 0
2 0
3 1
4 0
5 0
6 0
7 1

Output 6: 00100000
0 0
1 0
2 1
3 0
4 0
5 0
6 0
7 0

Output 7: 00001110
0 0
1 0
2 0
3 0
4 1
5 1
6 1
7 0

Output bit columns (with bitsum as hash)
0 10010000 2
1 00010000 1
2 01010010 3
3 00000100 1
4 10000001 2
5 00000001 1
6 00110001 3
7 10110100 4

Input 0: 01110011
0 0
1 1
2 1
3 1
4 0
5 0
6 1
7 1

Input 1: 10101100
0 1
1 0
2 1
3 0
4 1
5 1
6 0
7 0

Input 2: 11100100
0 1
1 1
2 1
3 0
4 0
5 1
6 0
7 0

Input 3: 11111100
0 1
1 1
2 1
3 1
4 1
5 1
6 0
7 0

Input 4: 01000000
0 0
1 1
2 0
3 0
4 0
5 0
6 0
7 0

Input 5: 01100110
0 0
1 1
2 1
3 0
4 0
5 1
6 1
7 0

Input 6: 00001101
0 0
1 0
2 0
3 0
4 1
5 1
6 0
7 1

Input 7: 11010011
0 1
1 1
2 0
3 1
4 0
5 0
6 1
7 1

When matching output
x: not in operator
y: wrong position

Identity
0 01110001 4
1 10111101 6
2 11110100 5
3 10010001 3
4 01010010 3 match 2
5 01110110 5
6 10000101 3
7 10000011 3

Matching output
0 absent
1 absent
2 4
3 absent
4 absent
5 absent
6 absent
7 absent

Left
none
Best: none

Right
none
Best: none

NOT
0 10001110 4
1 01000010 2
2 00001011 3
3 01101110 5
4 10101101 5
5 10001001 3
6 01111010 5
7 01111100 5

Matching output
0 absent
1 absent
2 absent
3 absent
4 absent
5 absent
6 absent
7 absent

Left
none
Best: none

Right
none
Best: none

Constant
0 00000000 a
1 11111111 a

Matching output
0 absent
1 absent
2 absent
3 absent
4 absent
5 absent
6 absent
7 absent

Left
none
Best: none

Right
none
Best: none

AND
01 10 00110001 3 match 6
12 21 10110100 4 match 7
23 32 10010000 2 match 0
34 43 00010000 1 match 1
45 54 01010010 3 match 2
56 65 00000100 1 match 3
67 76 10000001 2 match 4
70 07 00000001 1 match 5

02 20 01110000 3
13 31 10010001 3
24 42 01010000 2
35 53 00010000 1 match 1
46 64 00000000 a
57 75 00000010 1
60 06 00000001 1 match 5
71 17 10000001 2 match 4

03 30 00010001 2
14 41 00010000 1 match 1
25 52 01110100 4
36 63 10000001 2 match 4
47 74 00000010 1
50 05 01110000 3
61 16 10000101 3
72 27 10000000 1

04 40 01010000 2
15 51 00110100 3
26 62 10000100 2
37 73 10000001 2 match 4

Matching output
0 23 32
1 34 43 35 53 14 41
2 45 54
3 56 65
4 67 76 71 17 36 63 37 73
5 70 07 60 06
6 01 10
7 12 21

Left
23 34 45 56 67 70 01 12
32 43 54 65 76 07 10 21
Best: AND23 34 45 56 67 70 01 12: 8

Right
12 01 70 67 56 45 34 23
21 10 07 76 65 54 43 32
Best: AND12 01 70 67 56 45 34 23: 8

OR
01 10 11111101 7
12 21 11111101 7
23 32 11110101 6
34 43 11010011 5
45 54 01110110 5
56 65 11110111 7
67 76 10000111 4
70 07 11110011 6

02 20 11110101 6
13 31 10111101 6
24 42 11110110 6
35 53 11110111 7
46 64 11010111 6
57 75 11110111 7
60 06 11110101 6
71 17 10111111 7

03 30 11110001 5
14 41 11111111 a
25 52 11110110 6
36 63 10010101 4
47 74 11010011 5
50 05 01110111 6
61 16 10111101 6
72 27 11110111 7

04 40 01110011 5
15 51 11111111 a
26 62 11110101 6
37 73 10010011 4

Matching output
0 absent
1 absent
2 absent
3 absent
4 absent
5 absent
6 absent
7 absent

Left
none
Best: none

Right
none
Best: none

XOR
01 10 11001100 4
12 21 01001001 3
23 32 01100101 4
34 43 11000011 4
45 54 00100100 2
56 65 11110011 6
67 76 00000110 2
70 07 11110010 5

02 20 10000101 3
13 31 00101100 3
24 42 10100110 4
35 53 11100111 6
46 64 11010111 6
57 75 11110101 6
60 06 11110100 5
71 17 00111110 5

03 30 11100000 3
14 41 11101111 7
25 52 10000010 2
36 63 00010100 2
47 74 11010001 4
50 05 00000111 3
61 16 00111000 3
72 27 01110111 6

04 40 00100011 3
15 51 11001011 5
26 62 01110001 4
37 73 00010010 2

Matching output
0 absent
1 absent
2 absent
3 absent
4 absent
5 absent
6 absent
7 absent

Left
none
Best: none

Right
none
Best: none

AND-NOT
01 01000000 1
12 00001001 2
23 01100100 3
34 10000001 2 match 4
45 00000000 a
56 01110010 4
67 00000100 1 match 3
70 10000010 2

02 00000001 1 match 5
13 00101100 3
24 10100100 3
35 10000001 2 match 4
46 01010010 3 match 2
57 01110100 4
60 10000100 2
71 00000010 1

03 01100000 2
14 10101101 5
25 10000000 1
36 00010000 1 match 1
47 01010000 2
50 00000110 2
61 00000000 a
72 00000011 2

04 00100001 2
15 10001001 3
26 01110000 3
37 00010000 1 match 1
40 00000010 1
51 01000010 2
62 00000001 1 match 5
73 00000010 1

05 00000001 1 match 5
16 00111000 3
27 01110100 4
30 10000000 1
41 01000010 2
52 00000010 1
63 00000100 1 match 3
74 10000001 2 match 4

06 01110000 3
17 00111100 4
20 10000100 2
31 00000000 a
42 00000010 1
53 01100110 4
64 10000101 3
75 10000001 2 match 4

07 01110000 3
10 10001100 3
21 01000000 1
32 00000001 1 match 5
43 01000010 2
54 00100100 2
65 10000001 2 match 4
76 00000010 1

Matching output
0 absent
1 36 37
2 46
3 67 63
4 34 35 74 75 65
5 02 62 05 32
6 absent
7 absent

Left
none
Best: none

Right
none
Best: none

OR-NOT
01 01110011 5
12 10111111 7
23 11111110 7
34 10111101 6
45 11011011 6
56 01111110 6
67 11111101 7
70 10001111 5

02 01111011 6
13 11111111 a
24 11111101 7
35 10011001 4
46 01111010 5
57 01111110 6
60 10001111 5
71 11000011 4

03 01111111 7
14 10111101 6
25 11111101 7
36 11111011 7
47 01111110 6
50 11111110 7
61 11000111 5
72 10001011 4

04 11111101 7
15 10111101 6
26 11111110 7
37 11111101 7
40 11011110 6
51 01110110 5
62 10001111 5
73 11101111 7

05 11111001 6
16 11111111 a
27 11111100 6
30 10011111 6
41 01010010 3 match 2
52 01111111 7
63 11101111 7
74 10101111 6

06 01111011 6
17 11111101 7
20 11111110 7
31 11010011 5
42 01011011 5
53 01111110 6
64 10101101 5
75 10001011 4

07 01111101 6
10 10111111 7
21 11110110 6
32 10011011 5
43 01111110 6
54 11111111 a
65 10001101 4
76 11111011 7

Matching output
0 absent
1 absent
2 41
3 absent
4 absent
5 absent
6 absent
7 absent

Left
none
Best: none

Right
none
Best: none

XOR-NOT
01 00110011 4
12 10110110 5
23 10011010 4
34 00111100 4
45 11011011 6
56 00001100 2
67 11111001 6
70 00001101 3

02 01111010 5
13 11010011 5
24 01011001 4
35 00011000 2
46 00101000 2
57 00001010 2
60 00001011 3
71 11000001 3

03 00011111 5
14 00010000 1 match 1
25 01111101 6
36 11101011 6
47 00101110 4
50 11111000 5
61 11000111 5
72 10001000 2

04 11011100 5
15 00110100 3
26 10001110 4
37 11101101 6
40 11011100 5
51 00110100 3
62 10001110 4
73 11101101 6

05 11111000 5
16 11000111 5
27 10001000 2
30 00011111 5
41 00010000 1 match 1
52 01111101 6
63 11101011 6
74 00101110 4

06 00001011 3
17 11000001 3
20 01111010 5
31 11010011 5
42 01011001 4
53 00011000 2
64 00101000 2
75 00001010 2

07 00001101 3
10 00110011 4
21 10110110 5
32 10011010 4
43 00111100 4
54 11011011 6
65 00001100 2
76 11111001 6

Matching output
0 absent
1 14 41
2 absent
3 absent
4 absent
5 absent
6 absent
7 absent

Left
none
Best: none

Right
none
Best: none

Selecting

Lefts
Identity none
NOT none
Constant none
AND AND23 34 45 56 67 70 01 12: 8
OR none
XOR none
AND-NOT none
OR-NOT none
XOR-NOT none

Rights
Identity none
NOT none
Constant none
AND AND12 01 70 67 56 45 34 23: 8
OR none
XOR none
AND-NOT none
OR-NOT none
XOR-NOT none

Left longest: 8
Right longest: 8

Left winner: Identity no, NOT no, Constant no, AND yes, OR no, XOR no, AND-NOT no, OR-NOT no, XOR-NOT no
Right winner: Identity no, NOT no, Constant no, AND yes, OR no, XOR no, AND-NOT no, OR-NOT no, XOR-NOT no

Best left: AND23 34 45 56 67 70 01 12: 8
Best right: AND12 01 70 67 56 45 34 23: 8

Truncated left: AND23 34 45 56 67 70 01 12: 8
Truncated right: none truncated

Tentative from right
7 pending
6 pending
5 pending
4 pending
3 pending
2 pending
1 pending
0 pending

Tentative
0 AND23
1 AND34
2 AND45
3 AND56
4 AND67
5 AND70
6 AND01
7 AND12

Preferred from left
0 AND23
1 AND34
2 AND45
3 AND56
4 AND67
5 AND70
6 AND01
7 AND12

Preferred from right
7 AND12
6 AND01
5 AND70
4 AND67
3 AND56
2 AND45
1 AND34
0 AND23

Preferred
0 AND23
1 AND34
2 AND45
3 AND56
4 AND67
5 AND70
6 AND01
7 AND12

Matching
0 AND23
1 AND34
2 AND45
3 AND56
4 AND67
5 AND70
6 AND01
7 AND12

Perfect match
Identity no
NOT no
Constant no
AND no
OR no
XOR no
AND-NOT no
OR-NOT no
XOR-NOT no

Matched
0 AND23
1 AND34
2 AND45
3 AND56
4 AND67
5 AND70
6 AND01
7 AND12

Selected
0 AND23
1 AND34
2 AND45
3 AND56
4 AND67
5 AND70
6 AND01
7 AND12

Applying to 01101001
Input
0 0
1 1
2 1
3 0
4 1
5 0
6 0
7 1
Output
0 AND23 = AND(1,0) = 0
1 AND34 = AND(0,1) = 0
2 AND45 = AND(1,0) = 0
3 AND56 = AND(0,0) = 0
4 AND67 = AND(0,1) = 0
5 AND70 = AND(1,0) = 0
6 AND01 = AND(0,1) = 0
7 AND12 = AND(1,1) = 1

I will now return the answer in \boxed{}
The answer in \boxed{–} is \boxed{00000001}