We need to deduce the transformation by matching the example outputs.
I will put my final answer inside \boxed{}.

Output 0: 11111111
0 1
1 1
2 1
3 1
4 1
5 1
6 1
7 1

Output 1: 11111111
0 1
1 1
2 1
3 1
4 1
5 1
6 1
7 1

Output 2: 11111111
0 1
1 1
2 1
3 1
4 1
5 1
6 1
7 1

Output 3: 11111110
0 1
1 1
2 1
3 1
4 1
5 1
6 1
7 0

Output 4: 11111111
0 1
1 1
2 1
3 1
4 1
5 1
6 1
7 1

Output 5: 11111101
0 1
1 1
2 1
3 1
4 1
5 1
6 0
7 1

Output 6: 11111111
0 1
1 1
2 1
3 1
4 1
5 1
6 1
7 1

Output bit columns (with bitsum as hash)
0 1111111 a
1 1111111 a
2 1111111 a
3 1111111 a
4 1111111 a
5 1111111 a
6 1111101 6
7 1110111 6

Input 0: 00101000
0 0
1 0
2 1
3 0
4 1
5 0
6 0
7 0

Input 1: 11110100
0 1
1 1
2 1
3 1
4 0
5 1
6 0
7 0

Input 2: 00100100
0 0
1 0
2 1
3 0
4 0
5 1
6 0
7 0

Input 3: 01001000
0 0
1 1
2 0
3 0
4 1
5 0
6 0
7 0

Input 4: 00001100
0 0
1 0
2 0
3 0
4 1
5 1
6 0
7 0

Input 5: 10011000
0 1
1 0
2 0
3 1
4 1
5 0
6 0
7 0

Input 6: 01110001
0 0
1 1
2 1
3 1
4 0
5 0
6 0
7 1

When matching output
x: not in operator
y: wrong position

Identity
0 0100010 2
1 0101001 3
2 1110001 4
3 0100011 3
4 1001110 4
5 0110100 3
6 0000000 a
7 0000001 1

Matching output
0 absent
1 absent
2 absent
3 absent
4 absent
5 absent
6 absent
7 absent

Left
none
Best: none

Right
none
Best: none

NOT
0 1011101 5
1 1010110 4
2 0001110 3
3 1011100 4
4 0110001 3
5 1001011 4
6 1111111 a match 0 1 2 3 4 5
7 1111110 6

Matching output
0 6
1 6
2 6
3 6
4 6
5 6
6 absent
7 absent

Left
6 7x
Best: NOT6: 1

Right
none
Best: none

Constant
0 0000000 a
1 1111111 a match 0 1 2 3 4 5

Matching output
0 C1
1 C1
2 C1
3 C1
4 C1
5 C1
6 absent
7 absent

Left
1 1 1 1 1 1
Best: C1 1 1 1 1 1: 6

Right
none
Best: none

AND
01 10 0100000 1
12 21 0100001 2
23 32 0100001 2
34 43 0000010 1
45 54 0000100 1
56 65 0000000 a
67 76 0000000 a
70 07 0000000 a

02 20 0100000 1
13 31 0100001 2
24 42 1000000 1
35 53 0100000 1
46 64 0000000 a
57 75 0000000 a
60 06 0000000 a
71 17 0000001 1

03 30 0100010 2
14 41 0001000 1
25 52 0110000 2
36 63 0000000 a
47 74 0000000 a
50 05 0100000 1
61 16 0000000 a
72 27 0000001 1

04 40 0000010 1
15 51 0100000 1
26 62 0000000 a
37 73 0000001 1

Matching output
0 absent
1 absent
2 absent
3 absent
4 absent
5 absent
6 absent
7 absent

Left
none
Best: none

Right
none
Best: none

OR
01 10 0101011 4
12 21 1111001 5
23 32 1110011 5
34 43 1101111 6
45 54 1111110 6
56 65 0110100 3
67 76 0000001 1
70 07 0100011 3

02 20 1110011 5
13 31 0101011 4
24 42 1111111 a match 0 1 2 3 4 5
35 53 0110111 5
46 64 1001110 4
57 75 0110101 4
60 06 0100010 2
71 17 0101001 3

03 30 0100011 3
14 41 1101111 6
25 52 1110101 5
36 63 0100011 3
47 74 1001111 5
50 05 0110110 4
61 16 0101001 3
72 27 1110001 4

04 40 1101110 5
15 51 0111101 5
26 62 1110001 4
37 73 0100011 3

Matching output
0 24 42
1 24 42
2 24 42
3 24 42
4 24 42
5 24 42
6 absent
7 absent

Left
24 35x
42 53x
Best: OR24: 1

Right
none
Best: none

XOR
01 10 0001011 3
12 21 1011000 3
23 32 1010010 3
34 43 1101101 5
45 54 1111010 5
56 65 0110100 3
67 76 0000001 1
70 07 0100011 3

02 20 1010011 4
13 31 0001010 2
24 42 0111111 6
35 53 0010111 4
46 64 1001110 4
57 75 0110101 4
60 06 0100010 2
71 17 0101000 2

03 30 0000001 1
14 41 1100111 5
25 52 1000101 3
36 63 0100011 3
47 74 1001111 5
50 05 0010110 3
61 16 0101001 3
72 27 1110000 3

04 40 1101100 4
15 51 0011101 4
26 62 1110001 4
37 73 0100010 2

Matching output
0 absent
1 absent
2 absent
3 absent
4 absent
5 absent
6 absent
7 absent

Left
none
Best: none

Right
none
Best: none

AND-NOT
01 0000010 1
12 0001000 1
23 1010000 2
34 0100001 2
45 1001010 3
56 0110100 3
67 0000000 a
70 0000001 1

02 0000010 1
13 0001000 1
24 0110001 3
35 0000011 2
46 1001110 4
57 0110100 3
60 0000000 a
71 0000000 a

03 0000000 a
14 0100001 2
25 1000001 2
36 0100011 3
47 1001110 4
50 0010100 2
61 0000000 a
72 0000000 a

04 0100000 1
15 0001001 2
26 1110001 4
37 0100010 2
40 1001100 3
51 0010100 2
62 0000000 a
73 0000000 a

05 0000010 1
16 0101001 3
27 1110000 3
30 0000001 1
41 1000110 3
52 0000100 1
63 0000000 a
74 0000001 1

06 0100010 2
17 0101000 2
20 1010001 3
31 0000010 1
42 0001110 3
53 0010100 2
64 0000000 a
75 0000001 1

07 0100010 2
10 0001001 2
21 1010000 2
32 0000010 1
43 1001100 3
54 0110000 2
65 0000000 a
76 0000001 1

Matching output
0 absent
1 absent
2 absent
3 absent
4 absent
5 absent
6 absent
7 absent

Left
none
Best: none

Right
none
Best: none

OR-NOT
01 1110110 5
12 0101111 5
23 1111101 6 match 6
34 0110011 4
45 1001111 5
56 1111111 a match 0 1 2 3 4 5
67 1111110 6
70 1011101 5

02 0101110 4
13 1111101 6 match 6
24 1110001 4
35 1101011 5
46 1111111 a match 0 1 2 3 4 5
57 1111110 6
60 1011101 5
71 1010111 5

03 1111110 6
14 0111001 4
25 1111011 6
36 1111111 a match 0 1 2 3 4 5
47 1111110 6
50 1111101 6 match 6
61 1010110 4
72 0001111 4

04 0110011 4
15 1101011 5
26 1111111 a match 0 1 2 3 4 5
37 1111111 a match 0 1 2 3 4 5
40 1011111 6
51 1110110 5
62 0001110 3
73 1011101 5

05 1101011 5
16 1111111 a match 0 1 2 3 4 5
27 1111111 a match 0 1 2 3 4 5
30 1111111 a match 0 1 2 3 4 5
41 1011110 5
52 0111110 5
63 1011100 4
74 0110001 3

06 1111111 a match 0 1 2 3 4 5
17 1111111 a match 0 1 2 3 4 5
20 1111101 6 match 6
31 1110111 6 match 7
42 1001110 4
53 1111100 5
64 0110001 3
75 1001011 4

07 1111110 6
10 1111101 6 match 6
21 1110111 6 match 7
32 0101111 5
43 1011110 5
54 0110101 4
65 1001011 4
76 1111111 a match 0 1 2 3 4 5

Matching output
0 56 46 36 26 37 16 27 30 06 17 76
1 56 46 36 26 37 16 27 30 06 17 76
2 56 46 36 26 37 16 27 30 06 17 76
3 56 46 36 26 37 16 27 30 06 17 76
4 56 46 36 26 37 16 27 30 06 17 76
5 56 46 36 26 37 16 27 30 06 17 76
6 23 13 50 20 10
7 31 21

Left
56 67x
46 57x
36 47x
26 37 40x
37 40x
16 27 30 41x
27 30 41x
30 41x
06 17 20y
17 20y
76 07x
Best: OR-NOT16 27 30: 3

Right
31 20 17 06 75x
21 10 07x
Best: OR-NOT31 20 17 06: 4

XOR-NOT
01 1110100 4
12 0100111 4
23 0101101 4
34 0010010 2
45 0000101 2
56 1001011 4
67 1111110 6
70 1011100 4

02 0101100 3
13 1110101 5
24 1000000 1
35 1101000 3
46 0110001 3
57 1001010 3
60 1011101 5
71 1010111 5

03 1111110 6
14 0011000 2
25 0111010 4
36 1011100 4
47 0110000 2
50 1101001 4
61 1010110 4
72 0001111 4

04 0010011 3
15 1100010 3
26 0001110 3
37 1011101 5
40 0010011 3
51 1100010 3
62 0001110 3
73 1011101 5

05 1101001 4
16 1010110 4
27 0001111 4
30 1111110 6
41 0011000 2
52 0111010 4
63 1011100 4
74 0110000 2

06 1011101 5
17 1010111 5
20 0101100 3
31 1110101 5
42 1000000 1
53 1101000 3
64 0110001 3
75 1001010 3

07 1011100 4
10 1110100 4
21 0100111 4
32 0101101 4
43 0010010 2
54 0000101 2
65 1001011 4
76 1111110 6

Matching output
0 absent
1 absent
2 absent
3 absent
4 absent
5 absent
6 absent
7 absent

Left
none
Best: none

Right
none
Best: none

Selecting

Lefts
Identity none
NOT NOT6: 1
Constant C1 1 1 1 1 1: 6
AND none
OR OR24: 1
XOR none
AND-NOT none
OR-NOT OR-NOT16 27 30: 3
XOR-NOT none

Rights
Identity none
NOT none
Constant none
AND none
OR none
XOR none
AND-NOT none
OR-NOT OR-NOT31 20 17 06: 4
XOR-NOT none

Left longest: 6
Right longest: 4

Left winner: Identity no, NOT no, Constant yes, AND no, OR no, XOR no, AND-NOT no, OR-NOT no, XOR-NOT no
Right winner: Identity no, NOT no, Constant no, AND no, OR no, XOR no, AND-NOT no, OR-NOT yes, XOR-NOT no

Best left: C1 1 1 1 1 1: 6
Best right: OR-NOT31 20 17 06: 4

Truncated left: C1 1 1 1 1 1: 6
Truncated right: OR-NOT31 20: 2 truncated

Tentative from right
7 OR-NOT31
6 OR-NOT20
5 pending
4 pending
3 pending
2 pending
1 pending
0 pending

Tentative
0 C1
1 C1
2 C1
3 C1
4 C1
5 C1
6 OR-NOT20
7 OR-NOT31

Preferred from left
0 C1
1 C1
2 C1
3 C1
4 C1
5 C1
6 OR-NOT20
7 OR-NOT31

Preferred from right
7 OR-NOT31
6 OR-NOT20
5 C1
4 C1
3 C1
2 C1
1 C1
0 C1

Preferred
0 C1
1 C1
2 C1
3 C1
4 C1
5 C1
6 OR-NOT20
7 OR-NOT31

Matching
0 C1
1 C1
2 C1
3 C1
4 C1
5 C1
6 OR-NOT20
7 OR-NOT31

Perfect match
Identity no
NOT no
Constant no
AND no
OR no
XOR no
AND-NOT no
OR-NOT no
XOR-NOT no

Matched
0 C1
1 C1
2 C1
3 C1
4 C1
5 C1
6 OR-NOT20
7 OR-NOT31

Selected
0 C1
1 C1
2 C1
3 C1
4 C1
5 C1
6 OR-NOT20
7 OR-NOT31

Applying to 01010011
Input
0 0
1 1
2 0
3 1
4 0
5 0
6 1
7 1
Output
0 C1 = 1
1 C1 = 1
2 C1 = 1
3 C1 = 1
4 C1 = 1
5 C1 = 1
6 OR-NOT20 = OR(0,NOT(0)) = 1
7 OR-NOT31 = OR(1,NOT(1)) = 1

I will now return the answer in \boxed{}
The answer in \boxed{–} is \boxed{11111111}