We need to deduce the transformation by matching the example outputs.
I will put my final answer inside \boxed{}.

Output 0: 01101100
0 0
1 1
2 1
3 0
4 1
5 1
6 0
7 0

Output 1: 01010010
0 0
1 1
2 0
3 1
4 0
5 0
6 1
7 0

Output 2: 00111000
0 0
1 0
2 1
3 1
4 1
5 0
6 0
7 0

Output 3: 00101010
0 0
1 0
2 1
3 0
4 1
5 0
6 1
7 0

Output 4: 00010011
0 0
1 0
2 0
3 1
4 0
5 0
6 1
7 1

Output 5: 00111110
0 0
1 0
2 1
3 1
4 1
5 1
6 1
7 0

Output 6: 01011011
0 0
1 1
2 0
3 1
4 1
5 0
6 1
7 1

Output 7: 01101001
0 0
1 1
2 1
3 0
4 1
5 0
6 0
7 1

Output 8: 00011110
0 0
1 0
2 0
3 1
4 1
5 1
6 1
7 0

Output 9: 00110101
0 0
1 0
2 1
3 1
4 0
5 1
6 0
7 1

Output bit columns (with bitsum as hash)
0 0000000000 a
1 1100001100 4
2 1011010101 6
3 0110111011 7
4 1011011110 7
5 1000010011 4
6 0101111010 6
7 0000101101 4

Input 0: 11011001
0 1
1 1
2 0
3 1
4 1
5 0
6 0
7 1

Input 1: 10100100
0 1
1 0
2 1
3 0
4 0
5 1
6 0
7 0

Input 2: 01110001
0 0
1 1
2 1
3 1
4 0
5 0
6 0
7 1

Input 3: 01010100
0 0
1 1
2 0
3 1
4 0
5 1
6 0
7 0

Input 4: 00100111
0 0
1 0
2 1
3 0
4 0
5 1
6 1
7 1

Input 5: 01111100
0 0
1 1
2 1
3 1
4 1
5 1
6 0
7 0

Input 6: 10110110
0 1
1 0
2 1
3 1
4 0
5 1
6 1
7 0

Input 7: 11010010
0 1
1 1
2 0
3 1
4 0
5 0
6 1
7 0

Input 8: 00111100
0 0
1 0
2 1
3 1
4 1
5 1
6 0
7 0

Input 9: 01101011
0 0
1 1
2 1
3 0
4 1
5 0
6 1
7 1

When matching output
x: not in operator
y: wrong position

Identity
0 1100001100 4 match 1
1 1011010101 6 match 2
2 0110111011 7 match 3
3 1011011110 7 match 4
4 1000010011 4 match 5
5 0101111010 6 match 6
6 0000101101 4 match 7
7 1010100001 4

Matching output
0 absent
1 0
2 1
3 2
4 3
5 4
6 5
7 6

Left
none
Best: none

Right
6 5 4 3 2 1 0 7x
Best: I6 5 4 3 2 1 0: 7

NOT
0 0011110011 6
1 0100101010 4
2 1001000100 3
3 0100100001 3
4 0111101100 6
5 1010000101 4
6 1111010010 6
7 0101011110 6

Matching output
0 absent
1 absent
2 absent
3 absent
4 absent
5 absent
6 absent
7 absent

Left
none
Best: none

Right
none
Best: none

Constant
0 0000000000 a match 0
1 1111111111 a

Matching output
0 C0
1 absent
2 absent
3 absent
4 absent
5 absent
6 absent
7 absent

Left
0
Best: C0: 1

Right
none
Best: none

AND
01 10 1000000100 2
12 21 0010010001 3
23 32 0010011010 4
34 43 1000010010 3
45 54 0000010010 2
56 65 0000101000 2
67 76 0000100001 2
70 07 1000000000 1

02 20 0100001000 2
13 31 1011010100 5
24 42 0000010011 3
35 53 0001011010 4
46 64 0000000001 1
57 75 0000100000 1
60 06 0000001100 2
71 17 1010000001 3

03 30 1000001100 3
14 41 1000010001 3
25 52 0100111010 5
36 63 0000001100 2
47 74 1000000001 2
50 05 0100001000 2
61 16 0000000101 2
72 27 0010100001 3

04 40 1000000000 1
15 51 0001010000 2
26 62 0000101001 3
37 73 1010000000 2

Matching output
0 absent
1 absent
2 absent
3 absent
4 absent
5 absent
6 absent
7 absent

Left
none
Best: none

Right
none
Best: none

OR
01 10 1111011101 8
12 21 1111111111 a
23 32 1111111111 a
34 43 1011011111 8
45 54 1101111011 8
56 65 0101111111 8
67 76 1010101101 6
70 07 1110101101 7

02 20 1110111111 9
13 31 1011011111 8
24 42 1110111011 8
35 53 1111111110 9
46 64 1000111111 7
57 75 1111111011 9
60 06 1100101101 6
71 17 1011110101 7

03 30 1111011110 8
14 41 1011010111 7
25 52 0111111011 8
36 63 1011111111 9
47 74 1010110011 6
50 05 1101111110 8
61 16 1011111101 8
72 27 1110111011 8

04 40 1100011111 7
15 51 1111111111 a
26 62 0110111111 8
37 73 1011111111 9

Matching output
0 absent
1 absent
2 absent
3 absent
4 absent
5 absent
6 absent
7 absent

Left
none
Best: none

Right
none
Best: none

XOR
01 10 0111011001 6
12 21 1101101110 7
23 32 1101100101 6
34 43 0011001101 5
45 54 1101101001 6
56 65 0101010111 6
67 76 1010001100 4
70 07 0110101101 6

02 20 1010110111 7
13 31 0000001011 3
24 42 1110101000 5
35 53 1110100100 5
46 64 1000111110 6
57 75 1111011011 8
60 06 1100100001 4
71 17 0001110100 4

03 30 0111010010 5
14 41 0011000110 4
25 52 0011000001 3
36 63 1011110011 7
47 74 0010110010 4
50 05 1001110110 6
61 16 1011111000 6
72 27 1100011010 5

04 40 0100011111 6
15 51 1110101111 8
26 62 0110010110 5
37 73 0001111111 7

Matching output
0 absent
1 absent
2 absent
3 absent
4 absent
5 absent
6 absent
7 absent

Left
none
Best: none

Right
none
Best: none

AND-NOT
01 0100001000 2
12 1001000100 3
23 0100100001 3
34 0011001100 4
45 1000000001 2
56 0101010010 4
67 0000001100 2
70 0010100001 3

02 1000000100 2
13 0000000001 1
24 0110101000 4
35 1010000100 3
46 1000010010 3
57 0101011010 5
60 0000100001 2
71 0000100000 1

03 0100000000 1
14 0011000100 3
25 0010000001 2
36 1011010010 5
47 0000010010 2
50 0001110010 4
61 0000101000 2
72 1000000000 1

04 0100001100 3
15 1010000101 4
26 0110010010 4
37 0001011110 5
40 0000010011 3
51 0100101010 4
62 0000000100 1
73 0000100001 2

05 1000000100 2
16 1011010000 4
27 0100011010 4
30 0011010010 4
41 0000000010 1
52 0001000000 1
63 0000100001 2
74 0010100000 2

06 1100000000 2
17 0001010100 3
20 0010110011 5
31 0000001010 2
42 1000000000 1
53 0100100000 2
64 0000101100 3
75 1010000001 3

07 0100001100 3
10 0011010001 4
21 0100101010 4
32 1001000100 3
43 0000000001 1
54 0101101000 4
65 0000000101 2
76 1010000000 2

Matching output
0 absent
1 absent
2 absent
3 absent
4 absent
5 absent
6 absent
7 absent

Left
none
Best: none

Right
none
Best: none

OR-NOT
01 1100101110 6
12 1011010101 6 match 2
23 0110111011 7 match 3
34 1111111110 9
45 1010010111 6
56 1111111010 8
67 0101111111 8
70 1011110011 7

02 1101001100 5
13 1111110101 8
24 0111111111 9
35 1011011111 8
46 1111010011 7
57 0101111110 7
60 0011111111 8
71 1110101011 7

03 1100101101 6
14 1111111101 9
25 1110111111 9
36 1111011110 8
47 1101011111 8
50 0111111011 8
61 0100101111 6
72 1011100101 6

04 1111101100 7
15 1011010101 6 match 2
26 1111111011 9
37 1111011110 8
40 1011110011 7
51 0101111010 6 match 6
62 1001101101 6
73 1110100001 5

05 1110001101 6
16 1111010111 8
27 0111111111 9
30 1011111111 9
41 1100111011 7
52 1101111110 8
63 0100101101 5
74 1111101101 8

06 1111011110 8
17 1111011111 9
20 0111111011 8
31 1111111110 9
42 1001010111 6
53 0101111011 7
64 0111101101 7
75 1010100101 5

07 1101011110 7
10 1011110111 8
21 0110111011 7 match 3
32 1011011110 7 match 4
43 1100110011 6
54 0111111110 8
65 1010101101 6
76 1111110011 8

Matching output
0 absent
1 absent
2 12 15
3 23 21
4 32
5 absent
6 51
7 absent

Left
none
Best: none

Right
none
Best: none

XOR-NOT
01 1000100110 4
12 0010010001 3
23 0010011010 4
34 1100110010 5
45 0010010110 4
56 1010101000 4
67 0101110011 6
70 1001010010 4

02 0101001000 3
13 1111110100 7
24 0001010111 5
35 0001011011 5
46 0111000001 4
57 0000100100 2
60 0011011110 6
71 1110001011 6

03 1000101101 5
14 1100111001 6
25 1100111110 7
36 0100001100 3
47 1101001101 6
50 0110001001 4
61 0100000111 4
72 0011100101 5

04 1011100000 4
15 0001010000 2
26 1001101001 5
37 1110000000 3
40 1011100000 4
51 0001010000 2
62 1001101001 5
73 1110000000 3

05 0110001001 4
16 0100000111 4
27 0011100101 5
30 1000101101 5
41 1100111001 6
52 1100111110 7
63 0100001100 3
74 1101001101 6

06 0011011110 6
17 1110001011 6
20 0101001000 3
31 1111110100 7
42 0001010111 5
53 0001011011 5
64 0111000001 4
75 0000100100 2

07 1001010010 4
10 1000100110 4
21 0010010001 3
32 0010011010 4
43 1100110010 5
54 0010010110 4
65 1010101000 4
76 0101110011 6

Matching output
0 absent
1 absent
2 absent
3 absent
4 absent
5 absent
6 absent
7 absent

Left
none
Best: none

Right
none
Best: none

Selecting

Lefts
Identity none
NOT none
Constant C0: 1
AND none
OR none
XOR none
AND-NOT none
OR-NOT none
XOR-NOT none

Rights
Identity I6 5 4 3 2 1 0: 7
NOT none
Constant none
AND none
OR none
XOR none
AND-NOT none
OR-NOT none
XOR-NOT none

Left longest: 1
Right longest: 7

Right winner: Identity yes, NOT no, Constant no, AND no, OR no, XOR no, AND-NOT no, OR-NOT no, XOR-NOT no
Left winner: Identity no, NOT no, Constant yes, AND no, OR no, XOR no, AND-NOT no, OR-NOT no, XOR-NOT no

Best right: I6 5 4 3 2 1 0: 7
Best left: C0: 1

Truncated right: I6 5 4 3 2 1 0: 7
Truncated left: C0: 1

Tentative from right
7 I6
6 I5
5 I4
4 I3
3 I2
2 I1
1 I0
0 pending

Tentative
0 C0
1 I0
2 I1
3 I2
4 I3
5 I4
6 I5
7 I6

Preferred from right
7 I6
6 I5
5 I4
4 I3
3 I2
2 I1
1 I0
0 C0

Preferred from left
0 C0
1 I0
2 I1
3 I2
4 I3
5 I4
6 I5
7 I6

Preferred
0 C0
1 I0
2 I1
3 I2
4 I3
5 I4
6 I5
7 I6

Matching
0 C0
1 I0
2 I1
3 I2
4 I3
5 I4
6 I5
7 I6

Perfect match
Identity no
NOT no
Constant no
AND no
OR no
XOR no
AND-NOT no
OR-NOT no
XOR-NOT no

Matched
0 C0
1 I0
2 I1
3 I2
4 I3
5 I4
6 I5
7 I6

Selected
0 C0
1 I0
2 I1
3 I2
4 I3
5 I4
6 I5
7 I6

Applying to 00011010
Input
0 0
1 0
2 0
3 1
4 1
5 0
6 1
7 0
Output
0 C0 = 0
1 I0 = 0
2 I1 = 0
3 I2 = 0
4 I3 = 1
5 I4 = 1
6 I5 = 0
7 I6 = 1

I will now return the answer in \boxed{}
The answer in \boxed{–} is \boxed{00001101}