We need to deduce the transformation by matching the example outputs.
I will put my final answer inside \boxed{}.

Output 0: 00100000
0 0
1 0
2 1
3 0
4 0
5 0
6 0
7 0

Output 1: 01001111
0 0
1 1
2 0
3 0
4 1
5 1
6 1
7 1

Output 2: 10111001
0 1
1 0
2 1
3 1
4 1
5 0
6 0
7 1

Output 3: 11011010
0 1
1 1
2 0
3 1
4 1
5 0
6 1
7 0

Output 4: 11001010
0 1
1 1
2 0
3 0
4 1
5 0
6 1
7 0

Output 5: 10101000
0 1
1 0
2 1
3 0
4 1
5 0
6 0
7 0

Output 6: 10011010
0 1
1 0
2 0
3 1
4 1
5 0
6 1
7 0

Output 7: 10100110
0 1
1 0
2 1
3 0
4 0
5 1
6 1
7 0

Output 8: 11011111
0 1
1 1
2 0
3 1
4 1
5 1
6 1
7 1

Output bit columns (with bitsum as hash)
0 001111111 7
1 010110001 4
2 101001010 4
3 001100101 4
4 011111101 7
5 010000011 3
6 010110111 6
7 011000001 3

Input 0: 00001000
0 0
1 0
2 0
3 0
4 1
5 0
6 0
7 0

Input 1: 11010011
0 1
1 1
2 0
3 1
4 0
5 0
6 1
7 1

Input 2: 01101110
0 0
1 1
2 1
3 0
4 1
5 1
6 1
7 0

Input 3: 10110110
0 1
1 0
2 1
3 1
4 0
5 1
6 1
7 0

Input 4: 10110010
0 1
1 0
2 1
3 1
4 0
5 0
6 1
7 0

Input 5: 00101010
0 0
1 0
2 1
3 0
4 1
5 0
6 1
7 0

Input 6: 10100110
0 1
1 0
2 1
3 0
4 0
5 1
6 1
7 0

Input 7: 10101001
0 1
1 0
2 1
3 0
4 1
5 0
6 0
7 1

Input 8: 11110111
0 1
1 1
2 1
3 1
4 0
5 1
6 1
7 1

When matching output
x: not in operator
y: wrong position

Identity
0 010110111 6 match 6
1 011000001 3 match 7
2 001111111 7 match 0
3 010110001 4 match 1
4 101001010 4 match 2
5 001100101 4 match 3
6 011111101 7 match 4
7 010000011 3 match 5

Matching output
0 2
1 3
2 4
3 5
4 6
5 7
6 0
7 1

Left
2 3 4 5 6 7 0 1
Best: I2 3 4 5 6 7 0 1: 8

Right
1 0 7 6 5 4 3 2
Best: I1 0 7 6 5 4 3 2: 8

NOT
0 101001000 3
1 100111110 6
2 110000000 2
3 101001110 5
4 010110101 5
5 110011010 5
6 100000010 2
7 101111100 6

Matching output
0 absent
1 absent
2 absent
3 absent
4 absent
5 absent
6 absent
7 absent

Left
none
Best: none

Right
none
Best: none

Constant
0 000000000 a
1 111111111 a

Matching output
0 absent
1 absent
2 absent
3 absent
4 absent
5 absent
6 absent
7 absent

Left
none
Best: none

Right
none
Best: none

AND
01 10 010000001 2
12 21 001000001 2
23 32 000110001 3
34 43 000000000 a
45 54 001000000 1
56 65 001100101 4 match 3
67 76 010000001 2
70 07 010000011 3 match 5

02 20 000110111 5
13 31 010000001 2
24 42 001001010 3
35 53 000100001 2
46 64 001001000 2
57 75 000000001 1
60 06 010110101 5
71 17 010000001 2

03 30 010110001 4 match 1
14 41 001000000 1
25 52 001100101 4 match 3
36 63 010110001 4 match 1
47 74 000000010 1
50 05 000100101 3
61 16 011000001 3 match 7
72 27 000000011 2

04 40 000000010 1
15 51 001000001 2
26 62 001111101 6
37 73 010000001 2

Matching output
0 absent
1 03 30 36 63
2 absent
3 56 65 25 52
4 absent
5 70 07
6 absent
7 61 16

Left
none
Best: none

Right
61 50x
16 05x
Best: AND61: 1

OR
01 10 011110111 7
12 21 011111111 8
23 32 011111111 8
34 43 111111011 8
45 54 101101111 7
56 65 011111101 7 match 4
67 76 011111111 8
70 07 010110111 6 match 6

02 20 011111111 8
13 31 011110001 5
24 42 101111111 8
35 53 011110101 6
46 64 111111111 a
57 75 011100111 6
60 06 011111111 8
71 17 011000011 4

03 30 010110111 6 match 6
14 41 111001011 6
25 52 001111111 7 match 0
36 63 011111101 7 match 4
47 74 111001011 6
50 05 011110111 7
61 16 011111101 7 match 4
72 27 011111111 8

04 40 111111111 a
15 51 011100101 5
26 62 011111111 8
37 73 010110011 5

Matching output
0 25 52
1 absent
2 absent
3 absent
4 56 65 36 63 61 16
5 absent
6 70 07 03 30
7 absent

Left
25 36y
52 63y
Best: OR25: 1

Right
none
Best: none

XOR
01 10 001110110 5
12 21 010111110 6
23 32 011001110 5
34 43 111111011 8
45 54 100101111 6
56 65 010011000 3
67 76 001111110 6
70 07 000110100 3

02 20 011001000 3
13 31 001110000 3
24 42 100110101 5
35 53 011010100 4
46 64 110110111 7
57 75 011100110 5
60 06 001001010 3
71 17 001000010 2

03 30 000000110 2
14 41 110001011 5
25 52 000011010 3
36 63 001001100 3
47 74 111001001 5
50 05 011010010 4
61 16 000111100 4
72 27 011111100 6

04 40 111111101 8
15 51 010100100 3
26 62 010000010 2
37 73 000110010 3

Matching output
0 absent
1 absent
2 absent
3 absent
4 absent
5 absent
6 absent
7 absent

Left
none
Best: none

Right
none
Best: none

AND-NOT
01 000110110 4
12 010000000 1
23 001001110 4
34 010110001 4 match 1
45 100001010 3
56 000000000 a
67 001111100 5
70 000000000 a

02 010000000 1
13 001000000 1
24 000110101 4
35 010010000 2
46 100000010 2
57 001100100 3
60 001001000 2
71 000000010 1

03 000000110 2
14 010000001 2
25 000011010 3
36 000000000 a
47 101001000 3
50 001000000 1
61 000111100 4
72 010000000 1

04 010110101 5
15 010000000 1
26 000000010 1
37 000110000 2
40 101001000 3
51 000100100 2
62 010000000 1
73 000000010 1

05 010010010 3
16 000000000 a
27 001111100 5
30 000000000 a
41 100001010 3
52 000000000 a
63 001001100 3
74 010000001 2

06 000000010 1
17 001000000 1
20 001001000 2
31 000110000 2
42 100000000 1
53 001000100 2
64 010110101 5
75 010000010 2

07 000110100 3
10 001000000 1
21 000111110 5
32 010000000 1
43 101001010 4 match 2
54 000100101 3
65 010011000 3
76 000000010 1

Matching output
0 absent
1 34
2 43
3 absent
4 absent
5 absent
6 absent
7 absent

Left
none
Best: none

Right
none
Best: none

OR-NOT
01 110111111 8
12 111000001 4
23 101111111 8
34 010110101 5
45 111011010 6
56 101100111 6
67 111111101 8
70 111001011 6

02 110110111 7
13 111001111 7
24 011111111 8
35 110111011 7
46 101001010 4 match 2
57 101111101 7
60 111111101 8
71 110111111 8

03 111111111 a
14 011110101 6
25 111111111 a
36 110110011 6
47 101111110 7
50 101101101 6
61 111111111 a
72 110000011 4

04 010110111 6 match 6
15 111011011 7
26 101111111 8
37 111111101 8
40 101001010 4 match 2
51 101111111 8
62 111111101 8
73 111001111 7

05 110111111 8
16 111000011 5
27 101111111 8
30 111111001 7
41 101111110 7
52 111100101 6
63 111111111 a
74 010110111 6 match 6

06 110110111 7
17 111111101 8
20 101111111 8
31 110111111 8
42 111001010 5
53 101101111 7
64 011111101 7 match 4
75 110011011 6

07 111111111 a
10 111001001 5
21 101111111 8
32 110110001 5
43 101001110 5
54 011110101 6
65 111111111 a
76 110000011 4

Matching output
0 absent
1 absent
2 46 40
3 absent
4 64
5 absent
6 04 74
7 absent

Left
none
Best: none

Right
none
Best: none

XOR-NOT
01 110001001 4
12 101000001 3
23 100110001 4
34 000000100 1
45 011010000 3
56 101100111 6
67 110000001 3
70 111001011 6

02 100110111 6
13 110001111 6
24 011001010 4
35 100101011 5
46 001001000 2
57 100011001 4
60 110110101 6
71 110111101 7

03 111111001 7
14 001110100 4
25 111100101 6
36 110110011 6
47 000110110 4
50 100101101 5
61 111000011 5
72 100000011 3

04 000000010 1
15 101011011 6
26 101111101 7
37 111001101 6
40 000000010 1
51 101011011 6
62 101111101 7
73 111001101 6

05 100101101 5
16 111000011 5
27 100000011 3
30 111111001 7
41 001110100 4
52 111100101 6
63 110110011 6
74 000110110 4

06 110110101 6
17 110111101 7
20 100110111 6
31 110001111 6
42 011001010 4
53 100101011 5
64 001001000 2
75 100011001 4

07 111001011 6
10 110001001 4
21 101000001 3
32 100110001 4
43 000000100 1
54 011010000 3
65 101100111 6
76 110000001 3

Matching output
0 absent
1 absent
2 absent
3 absent
4 absent
5 absent
6 absent
7 absent

Left
none
Best: none

Right
none
Best: none

Selecting

Lefts
Identity I2 3 4 5 6 7 0 1: 8
NOT none
Constant none
AND none
OR OR25: 1
XOR none
AND-NOT none
OR-NOT none
XOR-NOT none

Rights
Identity I1 0 7 6 5 4 3 2: 8
NOT none
Constant none
AND AND61: 1
OR none
XOR none
AND-NOT none
OR-NOT none
XOR-NOT none

Left longest: 8
Right longest: 8

Left winner: Identity yes, NOT no, Constant no, AND no, OR no, XOR no, AND-NOT no, OR-NOT no, XOR-NOT no
Right winner: Identity yes, NOT no, Constant no, AND no, OR no, XOR no, AND-NOT no, OR-NOT no, XOR-NOT no

Best left: I2 3 4 5 6 7 0 1: 8
Best right: I1 0 7 6 5 4 3 2: 8

Truncated left: I2 3 4 5 6 7 0 1: 8
Truncated right: none truncated

Tentative from right
7 pending
6 pending
5 pending
4 pending
3 pending
2 pending
1 pending
0 pending

Tentative
0 I2
1 I3
2 I4
3 I5
4 I6
5 I7
6 I0
7 I1

Preferred from left
0 I2
1 I3
2 I4
3 I5
4 I6
5 I7
6 I0
7 I1

Preferred from right
7 I1
6 I0
5 I7
4 I6
3 I5
2 I4
1 I3
0 I2

Preferred
0 I2
1 I3
2 I4
3 I5
4 I6
5 I7
6 I0
7 I1

Matching
0 I2
1 I3
2 I4
3 I5
4 I6
5 I7
6 I0
7 I1

Perfect match
Identity no
NOT no
Constant no
AND no
OR no
XOR no
AND-NOT no
OR-NOT no
XOR-NOT no

Matched
0 I2
1 I3
2 I4
3 I5
4 I6
5 I7
6 I0
7 I1

Selected
0 I2
1 I3
2 I4
3 I5
4 I6
5 I7
6 I0
7 I1

Applying to 10011101
Input
0 1
1 0
2 0
3 1
4 1
5 1
6 0
7 1
Output
0 I2 = 0
1 I3 = 1
2 I4 = 1
3 I5 = 1
4 I6 = 0
5 I7 = 1
6 I0 = 1
7 I1 = 0

I will now return the answer in \boxed{}
The answer in \boxed{–} is \boxed{01110110}