We need to deduce the transformation by matching the example outputs.
I will put my final answer inside \boxed{}.

Output 0: 11110010
0 1
1 1
2 1
3 1
4 0
5 0
6 1
7 0

Output 1: 01000100
0 0
1 1
2 0
3 0
4 0
5 1
6 0
7 0

Output 2: 10001100
0 1
1 0
2 0
3 0
4 1
5 1
6 0
7 0

Output 3: 10011010
0 1
1 0
2 0
3 1
4 1
5 0
6 1
7 0

Output 4: 10011010
0 1
1 0
2 0
3 1
4 1
5 0
6 1
7 0

Output 5: 10110010
0 1
1 0
2 1
3 1
4 0
5 0
6 1
7 0

Output 6: 10101011
0 1
1 0
2 1
3 0
4 1
5 0
6 1
7 1

Output bit columns (with bitsum as hash)
0 1011111 6
1 1100000 2
2 1000011 3
3 1001110 4
4 0011101 4
5 0110000 2
6 1001111 5
7 0000001 1

Input 0: 00111001
0 0
1 0
2 1
3 1
4 1
5 0
6 0
7 1

Input 1: 00100010
0 0
1 0
2 1
3 0
4 0
5 0
6 1
7 0

Input 2: 01000110
0 0
1 1
2 0
3 0
4 0
5 1
6 1
7 0

Input 3: 01001101
0 0
1 1
2 0
3 0
4 1
5 1
6 0
7 1

Input 4: 00001101
0 0
1 0
2 0
3 0
4 1
5 1
6 0
7 1

Input 5: 00011001
0 0
1 0
2 0
3 1
4 1
5 0
6 0
7 1

Input 6: 10010101
0 1
1 0
2 0
3 1
4 0
5 1
6 0
7 1

When matching output
x: not in operator
y: wrong position

Identity
0 0000001 1 match 7
1 0011000 2
2 1100000 2 match 1
3 1000011 3 match 2
4 1001110 4 match 3
5 0011101 4 match 4
6 0110000 2 match 5
7 1001111 5 match 6

Matching output
0 absent
1 2
2 3
3 4
4 5
5 6
6 7
7 0

Left
none
Best: none

Right
0 7 6 5 4 3 2 1x
Best: I0 7 6 5 4 3 2: 7

NOT
0 1111110 6
1 1100111 5
2 0011111 5
3 0111100 4
4 0110001 3
5 1100010 3
6 1001111 5 match 6
7 0110000 2 match 5

Matching output
0 absent
1 absent
2 absent
3 absent
4 absent
5 7
6 6
7 absent

Left
none
Best: none

Right
none
Best: none

Constant
0 0000000 a
1 1111111 a

Matching output
0 absent
1 absent
2 absent
3 absent
4 absent
5 absent
6 absent
7 absent

Left
none
Best: none

Right
none
Best: none

AND
01 10 0000000 a
12 21 0000000 a
23 32 1000000 1
34 43 1000010 2
45 54 0001100 2
56 65 0010000 1
67 76 0000000 a
70 07 0000001 1 match 7

02 20 0000000 a
13 31 0000000 a
24 42 1000000 1
35 53 0000001 1 match 7
46 64 0000000 a
57 75 0001101 3
60 06 0000000 a
71 17 0001000 1

03 30 0000001 1 match 7
14 41 0001000 1
25 52 0000000 a
36 63 0000000 a
47 74 1001110 4 match 3
50 05 0000001 1 match 7
61 16 0010000 1
72 27 1000000 1

04 40 0000000 a
15 51 0011000 2
26 62 0100000 1
37 73 1000011 3 match 2

Matching output
0 absent
1 absent
2 37 73
3 47 74
4 absent
5 absent
6 absent
7 70 07 35 53 03 30 50 05

Left
none
Best: none

Right
70 67x
07 76x
35 24x
53 42x
03 72x
30 27x
50 47y
05 74y
Best: AND70: 1

OR
01 10 0011001 3
12 21 1111000 4
23 32 1100011 4
34 43 1001111 5 match 6
45 54 1011111 6 match 0
56 65 0111101 5
67 76 1111111 a
70 07 1001111 5 match 6

02 20 1100001 3
13 31 1011011 5
24 42 1101110 5
35 53 1011111 6 match 0
46 64 1111110 6
57 75 1011111 6 match 0
60 06 0110001 3
71 17 1011111 6 match 0

03 30 1000011 3 match 2
14 41 1011110 5
25 52 1111101 6
36 63 1110011 5
47 74 1001111 5 match 6
50 05 0011101 4 match 4
61 16 0111000 3
72 27 1101111 6

04 40 1001111 5 match 6
15 51 0011101 4 match 4
26 62 1110000 3
37 73 1001111 5 match 6

Matching output
0 45 54 35 53 57 75 71 17
1 absent
2 03 30
3 absent
4 50 05 15 51
5 absent
6 34 43 70 07 47 74 04 40 37 73
7 absent

Left
45 56x
54 65x
35 46x
53 64x
57 60x
75 06x
71 02x
17 20x
Best: OR45: 1

Right
none
Best: none

XOR
01 10 0011001 3
12 21 1111000 4
23 32 0100011 3
34 43 0001101 3
45 54 1010011 4
56 65 0101101 4
67 76 1111111 a
70 07 1001110 4 match 3

02 20 1100001 3
13 31 1011011 5
24 42 0101110 4
35 53 1011110 5
46 64 1111110 6
57 75 1010010 3
60 06 0110001 3
71 17 1010111 5

03 30 1000010 2
14 41 1010110 4
25 52 1111101 6
36 63 1110011 5
47 74 0000001 1 match 7
50 05 0011100 3
61 16 0101000 2
72 27 0101111 5

04 40 1001111 5 match 6
15 51 0000101 2
26 62 1010000 2
37 73 0001100 2

Matching output
0 absent
1 absent
2 absent
3 70 07
4 absent
5 absent
6 04 40
7 47 74

Left
none
Best: none

Right
47 36x
74 63x
Best: XOR47: 1

AND-NOT
01 0000001 1 match 7
12 0011000 2
23 0100000 1
34 0000001 1 match 7
45 1000010 2
56 0001101 3
67 0110000 2 match 5
70 1001110 4 match 3

02 0000001 1 match 7
13 0011000 2
24 0100000 1
35 1000010 2
46 1001110 4 match 3
57 0010000 1
60 0110000 2 match 5
71 1000111 4

03 0000000 a
14 0010000 1
25 1100000 2 match 1
36 1000011 3 match 2
47 0000000 a
50 0011100 3
61 0100000 1
72 0001111 4

04 0000001 1 match 7
15 0000000 a
26 1000000 1
37 0000000 a
40 1001110 4 match 3
51 0000101 2
62 0010000 1
73 0001100 2

05 0000000 a
16 0001000 1
27 0100000 1
30 1000010 2
41 1000110 3
52 0011101 4 match 4
63 0110000 2 match 5
74 0000001 1 match 7

06 0000001 1 match 7
17 0010000 1
20 1100000 2 match 1
31 1000011 3 match 2
42 0001110 3
53 0011100 3
64 0110000 2 match 5
75 1000010 2

07 0000000 a
10 0011000 2
21 1100000 2 match 1
32 0000011 2
43 0001100 2
54 0010001 2
65 0100000 1
76 1001111 5 match 6

Matching output
0 absent
1 25 20 21
2 36 31
3 70 46 40
4 52
5 67 60 63 64
6 76
7 01 34 02 04 74 06

Left
none
Best: none

Right
01 70y
34 23x
02 71x
04 73x
74 63y
06 75x
Best: AND-NOT01: 1

OR-NOT
01 1100111 5
12 0011111 5
23 1111100 5
34 1110011 5
45 1101110 5
56 1011111 6 match 0
67 0110000 2 match 5
70 1111111 a

02 0011111 5
13 0111100 4
24 1110001 4
35 1100011 4
46 1001111 5 match 6
57 0111101 5
60 1111110 6
71 1101111 6

03 0111101 5
14 0111001 4
25 1100010 3
36 1001111 5 match 6
47 1111110 6
50 1111111 a
61 1110111 6
72 1011111 6 match 0

04 0110001 3
15 1111010 5
26 1101111 6
37 1110011 5
40 1111110 6
51 1111111 a
62 0111111 6
73 1111111 a

05 1100011 4
16 1011111 6 match 0
27 1110000 3
30 1111111 a
41 1101111 6
52 0011111 5
63 0111100 4
74 1111111 a

06 1001111 5 match 6
17 0111000 3
20 1111110 6
31 1100111 5
42 1011111 6 match 0
53 0111101 5
64 0110001 3
75 1101111 6

07 0110001 3
10 1111110 6
21 1100111 5
32 1011111 6 match 0
43 1111110 6
54 0111101 5
65 1110010 4
76 1001111 5 match 6

Matching output
0 56 72 16 42 32
1 absent
2 absent
3 absent
4 absent
5 67
6 46 36 06 76
7 absent

Left
56 67y
72 03x
16 27x
42 53x
32 43x
Best: OR-NOT56: 1

Right
none
Best: none

XOR-NOT
01 1100110 4
12 0000111 3
23 1011100 4
34 1110010 4
45 0101100 3
56 1010010 3
67 0000000 a
70 0110001 3

02 0011110 4
13 0100100 2
24 1010001 3
35 0100001 2
46 0000001 1 match 7
57 0101101 4
60 1001110 4 match 3
71 0101000 2

03 0111101 5
14 0101001 3
25 0000010 1
36 0001100 2
47 1111110 6
50 1100011 4
61 1010111 5
72 1010000 2

04 0110000 2 match 5
15 1111010 5
26 0101111 5
37 1110011 5
40 0110000 2 match 5
51 1111010 5
62 0101111 5
73 1110011 5

05 1100011 4
16 1010111 5
27 1010000 2
30 0111101 5
41 0101001 3
52 0000010 1
63 0001100 2
74 1111110 6

06 1001110 4 match 3
17 0101000 2
20 0011110 4
31 0100100 2
42 1010001 3
53 0100001 2
64 0000001 1 match 7
75 0101101 4

07 0110001 3
10 1100110 4
21 0000111 3
32 1011100 4
43 1110010 4
54 0101100 3
65 1010010 3
76 0000000 a

Matching output
0 absent
1 absent
2 absent
3 60 06
4 absent
5 04 40
6 absent
7 46 64

Left
none
Best: none

Right
46 35x
64 53x
Best: XOR-NOT46: 1

Selecting

Lefts
Identity none
NOT none
Constant none
AND none
OR OR45: 1
XOR none
AND-NOT none
OR-NOT OR-NOT56: 1
XOR-NOT none

Rights
Identity I0 7 6 5 4 3 2: 7
NOT none
Constant none
AND AND70: 1
OR none
XOR XOR47: 1
AND-NOT AND-NOT01: 1
OR-NOT none
XOR-NOT XOR-NOT46: 1

Left longest: 1
Right longest: 7

Right winner: Identity yes, NOT no, Constant no, AND no, OR no, XOR no, AND-NOT no, OR-NOT no, XOR-NOT no
Left winner: Identity no, NOT no, Constant no, AND no, OR yes, XOR no, AND-NOT no, OR-NOT no, XOR-NOT no

Best right: I0 7 6 5 4 3 2: 7
Best left: OR45: 1

Truncated right: I0 7 6 5 4 3 2: 7
Truncated left: OR45: 1

Tentative from right
7 I0
6 I7
5 I6
4 I5
3 I4
2 I3
1 I2
0 pending

Tentative
0 OR45
1 I2
2 I3
3 I4
4 I5
5 I6
6 I7
7 I0

Preferred from right
7 I0
6 I7
5 I6
4 I5
3 I4
2 I3
1 I2
0 OR45

Preferred from left
0 OR45
1 I2
2 I3
3 I4
4 I5
5 I6
6 I7
7 I0

Preferred
0 OR45
1 I2
2 I3
3 I4
4 I5
5 I6
6 I7
7 I0

Matching
0 OR45
1 I2
2 I3
3 I4
4 I5
5 I6
6 I7
7 I0

Perfect match
Identity no
NOT no
Constant no
AND no
OR no
XOR no
AND-NOT no
OR-NOT no
XOR-NOT no

Matched
0 OR45
1 I2
2 I3
3 I4
4 I5
5 I6
6 I7
7 I0

Selected
0 OR45
1 I2
2 I3
3 I4
4 I5
5 I6
6 I7
7 I0

Applying to 10001001
Input
0 1
1 0
2 0
3 0
4 1
5 0
6 0
7 1
Output
0 OR45 = OR(1,0) = 1
1 I2 = 0
2 I3 = 0
3 I4 = 1
4 I5 = 0
5 I6 = 0
6 I7 = 1
7 I0 = 1

I will now return the answer in \boxed{}
The answer in \boxed{–} is \boxed{10010011}