We need to deduce the transformation by matching the example outputs.
I will put my final answer inside \boxed{}.

Output 0: 00000000
0 0
1 0
2 0
3 0
4 0
5 0
6 0
7 0

Output 1: 00010000
0 0
1 0
2 0
3 1
4 0
5 0
6 0
7 0

Output 2: 01100100
0 0
1 1
2 1
3 0
4 0
5 1
6 0
7 0

Output 3: 00100101
0 0
1 0
2 1
3 0
4 0
5 1
6 0
7 1

Output 4: 01000000
0 0
1 1
2 0
3 0
4 0
5 0
6 0
7 0

Output 5: 00100000
0 0
1 0
2 1
3 0
4 0
5 0
6 0
7 0

Output 6: 00010011
0 0
1 0
2 0
3 1
4 0
5 0
6 1
7 1

Output 7: 01001000
0 0
1 1
2 0
3 0
4 1
5 0
6 0
7 0

Output 8: 00000000
0 0
1 0
2 0
3 0
4 0
5 0
6 0
7 0

Output 9: 00010001
0 0
1 0
2 0
3 1
4 0
5 0
6 0
7 1

Output bit columns (with bitsum as hash)
0 0000000000 a
1 0010100100 3
2 0011010000 3
3 0100001001 3
4 0000000100 1
5 0011000000 2
6 0000001000 1
7 0001001001 3

Input 0: 01010001
0 0
1 1
2 0
3 1
4 0
5 0
6 0
7 1

Input 1: 00100110
0 0
1 0
2 1
3 0
4 0
5 1
6 1
7 0

Input 2: 11111001
0 1
1 1
2 1
3 1
4 1
5 0
6 0
7 1

Input 3: 01001111
0 0
1 1
2 0
3 0
4 1
5 1
6 1
7 1

Input 4: 10110001
0 1
1 0
2 1
3 1
4 0
5 0
6 0
7 1

Input 5: 11001000
0 1
1 1
2 0
3 0
4 1
5 0
6 0
7 0

Input 6: 11100110
0 1
1 1
2 1
3 0
4 0
5 1
6 1
7 0

Input 7: 10110010
0 1
1 0
2 1
3 1
4 0
5 0
6 1
7 0

Input 8: 00001010
0 0
1 0
2 0
3 0
4 1
5 0
6 1
7 0

Input 9: 01100111
0 0
1 1
2 1
3 0
4 0
5 1
6 1
7 1

When matching output
x: not in operator
y: wrong position

Identity
0 0010111100 5
1 1011011001 6
2 0110101101 6
3 1010100100 4
4 0011010010 4
5 0101001001 4
6 0101001111 6
7 1011100001 5

Matching output
0 absent
1 absent
2 absent
3 absent
4 absent
5 absent
6 absent
7 absent

Left
none
Best: none

Right
none
Best: none

NOT
0 1101000011 5
1 0100100110 4
2 1001010010 4
3 0101011011 6
4 1100101101 6
5 1010110110 6
6 1010110000 4
7 0100011110 5

Matching output
0 absent
1 absent
2 absent
3 absent
4 absent
5 absent
6 absent
7 absent

Left
none
Best: none

Right
none
Best: none

Constant
0 0000000000 a match 0
1 1111111111 a

Matching output
0 C0
1 absent
2 absent
3 absent
4 absent
5 absent
6 absent
7 absent

Left
0
Best: C0: 1

Right
none
Best: none

AND
01 10 0010011000 3
12 21 0010001001 3
23 32 0010100100 3 match 1
34 43 0010000000 1
45 54 0001000000 1
56 65 0101001001 4
67 76 0001000001 2
70 07 0010100000 2

02 20 0010101100 4
13 31 1010000000 2
24 42 0010000000 1
35 53 0000000000 a match 0
46 64 0001000010 2
57 75 0001000001 2
60 06 0000001100 2
71 17 1011000001 4

03 30 0010100100 3 match 1
14 41 0011010000 3 match 2
25 52 0100001001 3 match 3
36 63 0000000100 1 match 4
47 74 0011000000 2 match 5
50 05 0000001000 1 match 6
61 16 0001001001 3 match 7
72 27 0010100001 3

04 40 0010010000 2
15 51 0001001001 3 match 7
26 62 0100001101 4
37 73 1010100000 3

Matching output
0 35 53
1 23 32 03 30
2 14 41
3 25 52
4 36 63
5 47 74
6 50 05
7 61 16 15 51

Left
35 46x
53 64x
Best: AND35: 1

Right
61 50 47 36 25 14 03 72x
16 05 74 63 52 41 30 27x
15 04x
51 40x
Best: AND61 50 47 36 25 14 03: 7

OR
01 10 1011111101 8
12 21 1111111101 9
23 32 1110101101 7
34 43 1011110110 7
45 54 0111011011 7
56 65 0101001111 6
67 76 1111101111 9
70 07 1011111101 8

02 20 0110111101 7
13 31 1011111101 8
24 42 0111111111 9
35 53 1111101101 8
46 64 0111011111 8
57 75 1111101001 7
60 06 0111111111 9
71 17 1011111001 7

03 30 1010111100 6
14 41 1011011011 7
25 52 0111101101 7
36 63 1111101111 9
47 74 1011110011 7
50 05 0111111101 8
61 16 1111011111 9
72 27 1111101101 8

04 40 0011111110 7
15 51 1111011001 7
26 62 0111101111 8
37 73 1011100101 6

Matching output
0 absent
1 absent
2 absent
3 absent
4 absent
5 absent
6 absent
7 absent

Left
none
Best: none

Right
none
Best: none

XOR
01 10 1001100101 5
12 21 1101110100 6
23 32 1100001001 4
34 43 1001110110 6
45 54 0110011011 6
56 65 0000000110 2
67 76 1110101110 7
70 07 1001011101 6

02 20 0100010001 3
13 31 0001111101 6
24 42 0101111111 8
35 53 1111101101 8
46 64 0110011101 6
57 75 1110101000 5
60 06 0111110011 7
71 17 0000111000 3

03 30 1000011000 3
14 41 1000001011 4
25 52 0011100100 4
36 63 1111101011 8
47 74 1000110011 5
50 05 0111110101 7
61 16 1110010110 6
72 27 1101001100 5

04 40 0001101110 5
15 51 1110010000 4
26 62 0011100010 4
37 73 0001000101 3

Matching output
0 absent
1 absent
2 absent
3 absent
4 absent
5 absent
6 absent
7 absent

Left
none
Best: none

Right
none
Best: none

AND-NOT
01 0000100100 2
12 1001010000 3
23 0100001001 3 match 3
34 1000100100 3
45 0010010010 3
56 0000000000 a match 0
67 0100001110 4
70 1001000001 3

02 0000010000 1
13 0001011001 4
24 0100101101 5
35 1010100100 4
46 0010010000 2
57 0100001000 2
60 0101000011 4
71 0000100000 1

03 0000011000 2
14 1000001001 3
25 0010100100 3 match 1
36 1010100000 3
47 0000010010 2
50 0101000001 3
61 0100000110 3
72 1001000000 2

04 0000101100 3
15 1010010000 3
26 0010100000 2
37 0000000100 1 match 4
40 0001000010 2
51 0100000000 1
62 0001000010 2
73 0001000001 2

05 0010110100 4
16 1010010000 3
27 0100001100 3
30 1000000000 1
41 0000000010 1
52 0001000000 1
63 0101001011 5
74 1000100001 3

06 0010110000 3
17 0000011000 2
20 0100000001 2
31 0000100100 2
42 0001010010 3
53 0101001001 4
64 0100001101 4
75 1010100000 3

07 0000011100 3
10 1001000001 3
21 0100100100 3
32 1000000000 1
43 0001010010 3
54 0100001001 3 match 3
65 0000000110 2
76 1010100000 3

Matching output
0 56
1 25
2 absent
3 23 54
4 37
5 absent
6 absent
7 absent

Left
56 67x
Best: AND-NOT56: 1

Right
none
Best: none

OR-NOT
01 0110111110 7
12 1011011011 7
23 0111111111 9
34 1110101101 7
45 1011110110 7
56 1111111001 8
67 0101011111 7
70 1111100011 7

02 1011111110 8
13 1111011011 8
24 1110101101 7
35 1010110110 6
46 1011110010 6
57 0101011111 7
60 1101001111 7
71 1111100111 8

03 0111111111 9
14 1111111101 9
25 1110111111 9
36 1010110100 5
47 0111011110 7
50 1101001011 6
61 0101101111 7
72 1011110011 7

04 1110111101 8
15 1011111111 9
26 1110111101 8
37 1110111110 8
40 1111010011 7
51 0101101111 7
62 1101011111 8
73 1111111011 9

05 1010111110 7
16 1011111001 7
27 0110111111 8
30 1111100111 8
41 0111110110 7
52 1101011011 7
63 0101011111 7
74 1111101101 8

06 1010111100 6
17 1111011111 9
20 1111101111 9
31 1110100110 6
42 1011010010 5
53 0101011011 6
64 1101101111 8
75 1011110111 8

07 0110111110 7
10 1111011011 8
21 0110101111 7
32 1011110110 7
43 0111011011 7
54 1101101101 7
65 1111111111 a
76 1011110001 6

Matching output
0 absent
1 absent
2 absent
3 absent
4 absent
5 absent
6 absent
7 absent

Left
none
Best: none

Right
none
Best: none

XOR-NOT
01 0110011010 5
12 0010001011 4
23 0011110110 6
34 0110001001 4
45 1001100100 4
56 1111111001 8
67 0001010001 3
70 0110100010 4

02 1011101110 7
13 1110000010 4
24 1010000000 2
35 0000010010 2
46 1001100010 4
57 0001010111 5
60 1000001100 3
71 1111000111 7

03 0111100111 7
14 0111110100 6
25 1100011011 6
36 0000010100 2
47 0111001100 5
50 1000001010 3
61 0001101001 4
72 0010110011 5

04 1110010001 5
15 0001101111 6
26 1100011101 6
37 1110111010 7
40 1110010001 5
51 0001101111 6
62 1100011101 6
73 1110111010 7

05 1000001010 3
16 0001101001 4
27 0010110011 5
30 0111100111 7
41 0111110100 6
52 1100011011 6
63 0000010100 2
74 0111001100 5

06 1000001100 3
17 1111000111 7
20 1011101110 7
31 1110000010 4
42 1010000000 2
53 0000010010 2
64 1001100010 4
75 0001010111 5

07 0110100010 4
10 0110011010 5
21 0010001011 4
32 0011110110 6
43 0110001001 4
54 1001100100 4
65 1111111001 8
76 0001010001 3

Matching output
0 absent
1 absent
2 absent
3 absent
4 absent
5 absent
6 absent
7 absent

Left
none
Best: none

Right
none
Best: none

Selecting

Lefts
Identity none
NOT none
Constant C0: 1
AND AND35: 1
OR none
XOR none
AND-NOT AND-NOT56: 1
OR-NOT none
XOR-NOT none

Rights
Identity none
NOT none
Constant none
AND AND61 50 47 36 25 14 03: 7
OR none
XOR none
AND-NOT none
OR-NOT none
XOR-NOT none

Left longest: 1
Right longest: 7

Right winner: Identity no, NOT no, Constant no, AND yes, OR no, XOR no, AND-NOT no, OR-NOT no, XOR-NOT no
Left winner: Identity no, NOT no, Constant yes, AND no, OR no, XOR no, AND-NOT no, OR-NOT no, XOR-NOT no

Best right: AND61 50 47 36 25 14 03: 7
Best left: C0: 1

Truncated right: AND61 50 47 36 25 14 03: 7
Truncated left: C0: 1

Tentative from right
7 AND61
6 AND50
5 AND47
4 AND36
3 AND25
2 AND14
1 AND03
0 pending

Tentative
0 C0
1 AND03
2 AND14
3 AND25
4 AND36
5 AND47
6 AND50
7 AND61

Preferred from right
7 AND61
6 AND50
5 AND47
4 AND36
3 AND25
2 AND14
1 AND03
0 C0

Preferred from left
0 C0
1 AND03
2 AND14
3 AND25
4 AND36
5 AND47
6 AND50
7 AND61

Preferred
0 C0
1 AND03
2 AND14
3 AND25
4 AND36
5 AND47
6 AND50
7 AND61

Matching
0 C0
1 AND03
2 AND14
3 AND25
4 AND36
5 AND47
6 AND50
7 AND61

Perfect match
Identity no
NOT no
Constant no
AND no
OR no
XOR no
AND-NOT no
OR-NOT no
XOR-NOT no

Matched
0 C0
1 AND03
2 AND14
3 AND25
4 AND36
5 AND47
6 AND50
7 AND61

Selected
0 C0
1 AND03
2 AND14
3 AND25
4 AND36
5 AND47
6 AND50
7 AND61

Applying to 10000100
Input
0 1
1 0
2 0
3 0
4 0
5 1
6 0
7 0
Output
0 C0 = 0
1 AND03 = AND(1,0) = 0
2 AND14 = AND(0,0) = 0
3 AND25 = AND(0,1) = 0
4 AND36 = AND(0,0) = 0
5 AND47 = AND(0,0) = 0
6 AND50 = AND(1,1) = 1
7 AND61 = AND(0,0) = 0

I will now return the answer in \boxed{}
The answer in \boxed{–} is \boxed{00000010}