We need to deduce the transformation by matching the example outputs.
I will put my final answer inside \boxed{}.

Output 0: 11101010
0 1
1 1
2 1
3 0
4 1
5 0
6 1
7 0

Output 1: 10100000
0 1
1 0
2 1
3 0
4 0
5 0
6 0
7 0

Output 2: 10101111
0 1
1 0
2 1
3 0
4 1
5 1
6 1
7 1

Output 3: 01100000
0 0
1 1
2 1
3 0
4 0
5 0
6 0
7 0

Output 4: 10111001
0 1
1 0
2 1
3 1
4 1
5 0
6 0
7 1

Output 5: 00010010
0 0
1 0
2 0
3 1
4 0
5 0
6 1
7 0

Output 6: 01111101
0 0
1 1
2 1
3 1
4 1
5 1
6 0
7 1

Output 7: 00110101
0 0
1 0
2 1
3 1
4 0
5 1
6 0
7 1

Output 8: 00111000
0 0
1 0
2 1
3 1
4 1
5 0
6 0
7 0

Output bit columns (with bitsum as hash)
0 111010000 4
1 100100100 3
2 111110111 8
3 000011111 5
4 101010101 5
5 001000110 3
6 101001000 3
7 001010110 4

Input 0: 01011101
0 0
1 1
2 0
3 1
4 1
5 1
6 0
7 1

Input 1: 00010100
0 0
1 0
2 0
3 1
4 0
5 1
6 0
7 0

Input 2: 11110101
0 1
1 1
2 1
3 1
4 0
5 1
6 0
7 1

Input 3: 00001100
0 0
1 0
2 0
3 0
4 1
5 1
6 0
7 0

Input 4: 00110111
0 0
1 0
2 1
3 1
4 0
5 1
6 1
7 1

Input 5: 01000010
0 0
1 1
2 0
3 0
4 0
5 0
6 1
7 0

Input 6: 10101111
0 1
1 0
2 1
3 0
4 1
5 1
6 1
7 1

Input 7: 10100110
0 1
1 0
2 1
3 0
4 0
5 1
6 1
7 0

Input 8: 00000111
0 0
1 0
2 0
3 0
4 0
5 1
6 1
7 1

When matching output
x: not in operator
y: wrong position

Identity
0 001000110 3 match 5
1 101001000 3 match 6
2 001010110 4 match 7
3 111010000 4 match 0
4 100100100 3 match 1
5 111110111 8 match 2
6 000011111 5 match 3
7 101010101 5 match 4

Matching output
0 3
1 4
2 5
3 6
4 7
5 0
6 1
7 2

Left
3 4 5 6 7 0 1 2
Best: I3 4 5 6 7 0 1 2: 8

Right
2 1 0 7 6 5 4 3
Best: I2 1 0 7 6 5 4 3: 8

NOT
0 110111001 6
1 010110111 6
2 110101001 5
3 000101111 5
4 011011011 6
5 000001000 1
6 111100000 4
7 010101010 4

Matching output
0 absent
1 absent
2 absent
3 absent
4 absent
5 absent
6 absent
7 absent

Left
none
Best: none

Right
none
Best: none

Constant
0 000000000 a
1 111111111 a

Matching output
0 absent
1 absent
2 absent
3 absent
4 absent
5 absent
6 absent
7 absent

Left
none
Best: none

Right
none
Best: none

AND
01 10 001000000 1
12 21 001000000 1
23 32 001010000 2
34 43 100000000 1
45 54 100100100 3 match 1
56 65 000010111 4
67 76 000010101 3
70 07 001000100 2

02 20 001000110 3 match 5
13 31 101000000 2
24 42 000000100 1
35 53 111010000 4 match 0
46 64 000000100 1
57 75 101010101 5 match 4
60 06 000000110 2
71 17 101000000 2

03 30 001000000 1
14 41 100000000 1
25 52 001010110 4 match 7
36 63 000010000 1
47 74 100000100 2
50 05 001000110 3 match 5
61 16 000001000 1
72 27 001010100 3

04 40 000000100 1
15 51 101000000 2
26 62 000010110 3
37 73 101010000 3

Matching output
0 35 53
1 45 54
2 absent
3 absent
4 57 75
5 02 20 50 05
6 absent
7 25 52

Left
35 46x
53 64x
Best: AND35: 1

Right
25 14x
52 41x
Best: AND25: 1

OR
01 10 101001110 5
12 21 101011110 6
23 32 111010110 6
34 43 111110100 6
45 54 111110111 8 match 2
56 65 111111111 a
67 76 101011111 7
70 07 101010111 6

02 20 001010110 4 match 7
13 31 111011000 5
24 42 101110110 6
35 53 111110111 8 match 2
46 64 100111111 7
57 75 111110111 8 match 2
60 06 001011111 6
71 17 101011101 6

03 30 111010110 6
14 41 101101100 5
25 52 111110111 8 match 2
36 63 111011111 8
47 74 101110101 6
50 05 111110111 8 match 2
61 16 101011111 7
72 27 101010111 6

04 40 101100110 5
15 51 111111111 a
26 62 001011111 6
37 73 111010101 6

Matching output
0 absent
1 absent
2 45 54 35 53 57 75 25 52 50 05
3 absent
4 absent
5 absent
6 absent
7 02 20

Left
none
Best: none

Right
02 71x
20 17x
Best: OR02: 1

XOR
01 10 100001110 4
12 21 100011110 5
23 32 110000110 4
34 43 011110100 5
45 54 011010011 5
56 65 111101000 5
67 76 101001010 4
70 07 100010011 4

02 20 000010000 1
13 31 010011000 3
24 42 101110010 5
35 53 000100111 4
46 64 100111011 6
57 75 010100010 3
60 06 001011001 4
71 17 000011101 4

03 30 110010110 5
14 41 001101100 4
25 52 110100001 4
36 63 111001111 7
47 74 001110001 4
50 05 110110001 5
61 16 101010111 6
72 27 100000011 3

04 40 101100010 4
15 51 010111111 7
26 62 001001001 3
37 73 010000101 3

Matching output
0 absent
1 absent
2 absent
3 absent
4 absent
5 absent
6 absent
7 absent

Left
none
Best: none

Right
none
Best: none

AND-NOT
01 000000110 2
12 100001000 2
23 000000110 2
34 011010000 3
45 000000000 a
56 111100000 4
67 000001010 2
70 100010001 3

02 000000000 a
13 000001000 1
24 001010010 3
35 000000000 a
46 100100000 2
57 010100010 3
60 000011001 3
71 000010101 3

03 000000110 2
14 001001000 2
25 000000000 a
36 111000000 3
47 000100000 1
50 110110001 5
61 000010111 4
72 100000001 2

04 001000010 2
15 000001000 1
26 001000000 1
37 010000000 1
40 100100000 2
51 010110111 6
62 000001001 2
73 000000101 2

05 000000000 a
16 101000000 2
27 000000010 1
30 110010000 3
41 000100100 2
52 110100001 4
63 000001111 4
74 001010001 3

06 001000000 1
17 000001000 1
20 000010000 1
31 010010000 2
42 100100000 2
53 000100111 4
64 000011011 4
75 000000000 a

07 000000010 1
10 100001000 2
21 000010110 3
32 110000000 2
43 000100100 2
54 011010011 5
65 000001000 1
76 101000000 2

Matching output
0 absent
1 absent
2 absent
3 absent
4 absent
5 absent
6 absent
7 absent

Left
none
Best: none

Right
none
Best: none

OR-NOT
01 011110111 7
12 111101001 6
23 001111111 7
34 111011011 7
45 100101100 4
56 111110111 8 match 2
67 010111111 7
70 111111101 8

02 111101111 8
13 101101111 7
24 011011111 7
35 111011000 5
46 111100100 5
57 111111111 a
60 110111111 8
71 111110111 8 match 2

03 001101111 6
14 111011011 7
25 001011110 5
36 111110000 5
47 110101110 6
50 111111111 a
61 010111111 7
72 111111101 8

04 011011111 7
15 101001000 3 match 6
26 111110110 7
37 111111010 7
40 110111101 7
51 111110111 8 match 2
62 110111111 8
73 101111111 8

05 001001110 4
16 111101000 5
27 011111110 7
30 111111001 7
41 110110111 7
52 111111111 a
63 000111111 6
74 111011111 8

06 111100110 6
17 111101010 6
20 111111111 a
31 111110111 8 match 2
42 110101101 6
53 111111111 a
64 011011111 7
75 101011101 6

07 011101110 6
10 111111001 7
21 011110111 7
32 111111001 7
43 100101111 6
54 111111111 a
65 000011111 5 match 3
76 111110101 7

Matching output
0 absent
1 absent
2 56 71 51 31
3 65
4 absent
5 absent
6 15
7 absent

Left
none
Best: none

Right
none
Best: none

XOR-NOT
01 011110001 5
12 011100001 4
23 001111001 5
34 100001011 4
45 100101100 4
56 000010111 4
67 010110101 5
70 011101100 5

02 111101111 8
13 101100111 6
24 010001101 4
35 111011000 5
46 011000100 3
57 101011101 6
60 110100110 5
71 111100010 5

03 001101001 4
14 110010011 5
25 001011110 5
36 000110000 2
47 110001110 5
50 001001110 4
61 010101000 3
72 011111100 6

04 010011101 5
15 101000000 2
26 110110110 6
37 101111010 6
40 010011101 5
51 101000000 2
62 110110110 6
73 101111010 6

05 001001110 4
16 010101000 3
27 011111100 6
30 001101001 4
41 110010011 5
52 001011110 5
63 000110000 2
74 110001110 5

06 110100110 5
17 111100010 5
20 111101111 8
31 101100111 6
42 010001101 4
53 111011000 5
64 011000100 3
75 101011101 6

07 011101100 5
10 011110001 5
21 011100001 4
32 001111001 5
43 100001011 4
54 100101100 4
65 000010111 4
76 010110101 5

Matching output
0 absent
1 absent
2 absent
3 absent
4 absent
5 absent
6 absent
7 absent

Left
none
Best: none

Right
none
Best: none

Selecting

Lefts
Identity I3 4 5 6 7 0 1 2: 8
NOT none
Constant none
AND AND35: 1
OR none
XOR none
AND-NOT none
OR-NOT none
XOR-NOT none

Rights
Identity I2 1 0 7 6 5 4 3: 8
NOT none
Constant none
AND AND25: 1
OR OR02: 1
XOR none
AND-NOT none
OR-NOT none
XOR-NOT none

Left longest: 8
Right longest: 8

Left winner: Identity yes, NOT no, Constant no, AND no, OR no, XOR no, AND-NOT no, OR-NOT no, XOR-NOT no
Right winner: Identity yes, NOT no, Constant no, AND no, OR no, XOR no, AND-NOT no, OR-NOT no, XOR-NOT no

Best left: I3 4 5 6 7 0 1 2: 8
Best right: I2 1 0 7 6 5 4 3: 8

Truncated left: I3 4 5 6 7 0 1 2: 8
Truncated right: none truncated

Tentative from right
7 pending
6 pending
5 pending
4 pending
3 pending
2 pending
1 pending
0 pending

Tentative
0 I3
1 I4
2 I5
3 I6
4 I7
5 I0
6 I1
7 I2

Preferred from left
0 I3
1 I4
2 I5
3 I6
4 I7
5 I0
6 I1
7 I2

Preferred from right
7 I2
6 I1
5 I0
4 I7
3 I6
2 I5
1 I4
0 I3

Preferred
0 I3
1 I4
2 I5
3 I6
4 I7
5 I0
6 I1
7 I2

Matching
0 I3
1 I4
2 I5
3 I6
4 I7
5 I0
6 I1
7 I2

Perfect match
Identity no
NOT no
Constant no
AND no
OR no
XOR no
AND-NOT no
OR-NOT no
XOR-NOT no

Matched
0 I3
1 I4
2 I5
3 I6
4 I7
5 I0
6 I1
7 I2

Selected
0 I3
1 I4
2 I5
3 I6
4 I7
5 I0
6 I1
7 I2

Applying to 01001010
Input
0 0
1 1
2 0
3 0
4 1
5 0
6 1
7 0
Output
0 I3 = 0
1 I4 = 1
2 I5 = 0
3 I6 = 1
4 I7 = 0
5 I0 = 0
6 I1 = 1
7 I2 = 0

I will now return the answer in \boxed{}
The answer in \boxed{–} is \boxed{01010010}