We need to deduce the transformation by matching the example outputs.
I will put my final answer inside \boxed{}.

Output 0: 01110010
0 0
1 1
2 1
3 1
4 0
5 0
6 1
7 0

Output 1: 00001111
0 0
1 0
2 0
3 0
4 1
5 1
6 1
7 1

Output 2: 11011000
0 1
1 1
2 0
3 1
4 1
5 0
6 0
7 0

Output 3: 11100101
0 1
1 1
2 1
3 0
4 0
5 1
6 0
7 1

Output 4: 01111101
0 0
1 1
2 1
3 1
4 1
5 1
6 0
7 1

Output 5: 10111110
0 1
1 0
2 1
3 1
4 1
5 1
6 1
7 0

Output 6: 01001110
0 0
1 1
2 0
3 0
4 1
5 1
6 1
7 0

Output 7: 11111111
0 1
1 1
2 1
3 1
4 1
5 1
6 1
7 1

Output 8: 10101111
0 1
1 0
2 1
3 0
4 1
5 1
6 1
7 1

Output bit columns (with bitsum as hash)
0 001101011 5
1 101110110 6
2 100111011 6
3 101011010 5
4 011011111 7
5 010111111 7
6 110001111 6
7 010110011 5

Input 0: 00111110
0 0
1 0
2 1
3 1
4 1
5 1
6 1
7 0

Input 1: 00011000
0 0
1 0
2 0
3 1
4 1
5 0
6 0
7 0

Input 2: 01111010
0 0
1 1
2 1
3 1
4 1
5 0
6 1
7 0

Input 3: 11010110
0 1
1 1
2 0
3 1
4 0
5 1
6 1
7 0

Input 4: 11101010
0 1
1 1
2 1
3 0
4 1
5 0
6 1
7 0

Input 5: 00100000
0 0
1 0
2 1
3 0
4 0
5 0
6 0
7 0

Input 6: 00111000
0 0
1 0
2 1
3 1
4 1
5 0
6 0
7 0

Input 7: 11111111
0 1
1 1
2 1
3 1
4 1
5 1
6 1
7 1

Input 8: 00001000
0 0
1 0
2 0
3 0
4 1
5 0
6 0
7 0

When matching output
x: not in operator
y: wrong position

Identity
0 000110010 3
1 001110010 4
2 101011110 6
3 111100110 6
4 111010111 7
5 100100010 3
6 101110010 5
7 000000010 1

Matching output
0 absent
1 absent
2 absent
3 absent
4 absent
5 absent
6 absent
7 absent

Left
none
Best: none

Right
none
Best: none

NOT
0 111001101 6
1 110001101 5
2 010100001 3
3 000011001 3
4 000101000 2
5 011011101 6
6 010001101 4
7 111111101 8

Matching output
0 absent
1 absent
2 absent
3 absent
4 absent
5 absent
6 absent
7 absent

Left
none
Best: none

Right
none
Best: none

Constant
0 000000000 a
1 111111111 a

Matching output
0 absent
1 absent
2 absent
3 absent
4 absent
5 absent
6 absent
7 absent

Left
none
Best: none

Right
none
Best: none

AND
01 10 000110010 3
12 21 001010010 3
23 32 101000110 4
34 43 111000110 5
45 54 100000010 2
56 65 100100010 3
67 76 000000010 1
70 07 000000010 1

02 20 000010010 2
13 31 001100010 3
24 42 101010110 5
35 53 100100010 3
46 64 101010010 4
57 75 000000010 1
60 06 000110010 3
71 17 000000010 1

03 30 000100010 2
14 41 001010010 3
25 52 100000010 2
36 63 101100010 4
47 74 000000010 1
50 05 000100010 2
61 16 001110010 4
72 27 000000010 1

04 40 000010010 2
15 51 000100010 2
26 62 101010010 4
37 73 000000010 1

Matching output
0 absent
1 absent
2 absent
3 absent
4 absent
5 absent
6 absent
7 absent

Left
none
Best: none

Right
none
Best: none

OR
01 10 001110010 4
12 21 101111110 7
23 32 111111110 8
34 43 111110111 8
45 54 111110111 8
56 65 101110010 5
67 76 101110010 5
70 07 000110010 3

02 20 101111110 7
13 31 111110110 7
24 42 111011111 8
35 53 111100110 6
46 64 111110111 8
57 75 100100010 3
60 06 101110010 5
71 17 001110010 4

03 30 111110110 7
14 41 111110111 8
25 52 101111110 7
36 63 111110110 7
47 74 111010111 7
50 05 100110010 4
61 16 101110010 5
72 27 101011110 6

04 40 111110111 8
15 51 101110010 5
26 62 101111110 7
37 73 111100110 6

Matching output
0 absent
1 absent
2 absent
3 absent
4 absent
5 absent
6 absent
7 absent

Left
none
Best: none

Right
none
Best: none

XOR
01 10 001000000 1
12 21 100101100 4
23 32 010111000 4
34 43 000110001 3
45 54 011110101 6
56 65 001010000 2
67 76 101110000 4
70 07 000110000 2

02 20 101101100 5
13 31 110010100 4
24 42 010001001 3
35 53 011000100 3
46 64 010100101 4
57 75 100100000 2
60 06 101000000 2
71 17 001110000 3

03 30 111010100 5
14 41 110100101 5
25 52 001111100 5
36 63 010010100 3
47 74 111010101 6
50 05 100010000 2
61 16 100000000 1
72 27 101011100 5

04 40 111100101 6
15 51 101010000 3
26 62 000101100 3
37 73 111100100 5

Matching output
0 absent
1 absent
2 absent
3 absent
4 absent
5 absent
6 absent
7 absent

Left
none
Best: none

Right
none
Best: none

AND-NOT
01 000000000 a
12 000100000 1
23 000011000 2
34 000100000 1
45 011010101 5
56 000000000 a
67 101110000 4
70 000000000 a

02 000100000 1
13 000010000 1
24 000001000 1
35 011000100 3
46 010000101 3
57 100100000 2
60 101000000 2
71 000000000 a

03 000010000 1
14 000100000 1
25 001011100 4
36 010000100 2
47 111010101 6
50 100000000 1
61 100000000 1
72 000000000 a

04 000100000 1
15 001010000 2
26 000001100 2
37 111100100 5
40 111000101 5
51 100000000 1
62 000100000 1
73 000000000 a

05 000010000 1
16 000000000 a
27 101011100 5
30 111000100 4
41 110000101 4
52 000100000 1
63 000010000 1
74 000000000 a

06 000000000 a
17 001110000 3
20 101001100 4
31 110000100 3
42 010000001 2
53 000000000 a
64 000100000 1
75 000000000 a

07 000110000 2
10 001000000 1
21 100001100 3
32 010100000 2
43 000010001 2
54 000100000 1
65 001010000 2
76 000000000 a

Matching output
0 absent
1 absent
2 absent
3 absent
4 absent
5 absent
6 absent
7 absent

Left
none
Best: none

Right
none
Best: none

OR-NOT
01 110111111 8
12 011110011 6
23 101011111 7
34 111101110 7
45 111011111 8
56 110101111 7
67 111111111 a
70 111001111 7

02 010110011 5 match 7
13 001111011 6
24 101111110 7
35 111111111 a
46 111011111 8
57 111111111 a
60 111111111 a
71 110001111 6 match 6

03 000111011 5
14 001111010 5
25 111011111 8
36 111101111 8
47 111111111 a
50 111101111 8
61 111111111 a
72 010100011 4

04 000111010 4
15 011111111 8
26 111011111 8
37 111111111 a
40 111011111 8
51 110101111 7
62 111110011 7
73 000011011 4

05 011111111 8
16 011111111 8
27 111111111 a
30 111101111 8
41 111011111 8
52 110100011 5
63 101111011 7
74 000101010 3

06 010111111 7 match 5
17 111111111 a
20 111011111 8
31 111101111 8
42 111110111 8
53 100111011 6 match 2
64 101111010 6
75 011011111 7 match 4

07 111111111 a
10 111111111 a
21 111011111 8
32 111100111 7
43 111011111 8
54 100101010 4
65 111111111 a
76 010001111 5

Matching output
0 absent
1 absent
2 53
3 absent
4 75
5 06
6 71
7 02

Left
none
Best: none

Right
02 71 60x
Best: OR-NOT02 71: 2

XOR-NOT
01 110111111 8
12 011010011 5
23 101000111 5
34 111001110 6
45 100001010 3
56 110101111 7
67 010001111 5
70 111001111 7

02 010010011 4
13 001101011 5 match 0
24 101110110 6 match 1
35 100111011 6 match 2
46 101011010 5 match 3
57 011011111 7 match 4
60 010111111 7 match 5
71 110001111 6 match 6

03 000101011 4
14 001011010 4
25 110000011 4
36 101101011 6
47 000101010 3
50 011101111 7
61 011111111 8
72 010100011 4

04 000011010 3
15 010101111 6
26 111010011 6
37 000011011 4
40 000011010 3
51 010101111 6
62 111010011 6
73 000011011 4

05 011101111 7
16 011111111 8
27 010100011 4
30 000101011 4
41 001011010 4
52 110000011 4
63 101101011 6
74 000101010 3

06 010111111 7 match 5
17 110001111 6 match 6
20 010010011 4
31 001101011 5 match 0
42 101110110 6 match 1
53 100111011 6 match 2
64 101011010 5 match 3
75 011011111 7 match 4

07 111001111 7
10 110111111 8
21 011010011 5
32 101000111 5
43 111001110 6
54 100001010 3
65 110101111 7
76 010001111 5

Matching output
0 13 31
1 24 42
2 35 53
3 46 64
4 57 75
5 60 06
6 71 17
7 absent

Left
13 24 35 46 57 60 71 02x
31 42 53 64 75 06 17 20x
Best: XOR-NOT13 24 35 46 57 60 71: 7

Right
none
Best: none

Selecting

Lefts
Identity none
NOT none
Constant none
AND none
OR none
XOR none
AND-NOT none
OR-NOT none
XOR-NOT XOR-NOT13 24 35 46 57 60 71: 7

Rights
Identity none
NOT none
Constant none
AND none
OR none
XOR none
AND-NOT none
OR-NOT OR-NOT02 71: 2
XOR-NOT none

Left longest: 7
Right longest: 2

Left winner: Identity no, NOT no, Constant no, AND no, OR no, XOR no, AND-NOT no, OR-NOT no, XOR-NOT yes
Right winner: Identity no, NOT no, Constant no, AND no, OR no, XOR no, AND-NOT no, OR-NOT yes, XOR-NOT no

Best left: XOR-NOT13 24 35 46 57 60 71: 7
Best right: OR-NOT02 71: 2

Truncated left: XOR-NOT13 24 35 46 57 60 71: 7
Truncated right: OR-NOT02: 1 truncated

Tentative from right
7 OR-NOT02
6 pending
5 pending
4 pending
3 pending
2 pending
1 pending
0 pending

Tentative
0 XOR-NOT13
1 XOR-NOT24
2 XOR-NOT35
3 XOR-NOT46
4 XOR-NOT57
5 XOR-NOT60
6 XOR-NOT71
7 OR-NOT02

Preferred from left
0 XOR-NOT13
1 XOR-NOT24
2 XOR-NOT35
3 XOR-NOT46
4 XOR-NOT57
5 XOR-NOT60
6 XOR-NOT71
7 OR-NOT02

Preferred from right
7 OR-NOT02
6 XOR-NOT71
5 XOR-NOT60
4 XOR-NOT57
3 XOR-NOT46
2 XOR-NOT35
1 XOR-NOT24
0 XOR-NOT13

Preferred
0 XOR-NOT13
1 XOR-NOT24
2 XOR-NOT35
3 XOR-NOT46
4 XOR-NOT57
5 XOR-NOT60
6 XOR-NOT71
7 OR-NOT02

Matching
0 XOR-NOT13
1 XOR-NOT24
2 XOR-NOT35
3 XOR-NOT46
4 XOR-NOT57
5 XOR-NOT60
6 XOR-NOT71
7 OR-NOT02

Perfect match
Identity no
NOT no
Constant no
AND no
OR no
XOR no
AND-NOT no
OR-NOT no
XOR-NOT no

Matched
0 XOR-NOT13
1 XOR-NOT24
2 XOR-NOT35
3 XOR-NOT46
4 XOR-NOT57
5 XOR-NOT60
6 XOR-NOT71
7 OR-NOT02

Selected
0 XOR-NOT13
1 XOR-NOT24
2 XOR-NOT35
3 XOR-NOT46
4 XOR-NOT57
5 XOR-NOT60
6 XOR-NOT71
7 OR-NOT02

Applying to 01111011
Input
0 0
1 1
2 1
3 1
4 1
5 0
6 1
7 1
Output
0 XOR-NOT13 = XOR(1,NOT(1)) = 1
1 XOR-NOT24 = XOR(1,NOT(1)) = 1
2 XOR-NOT35 = XOR(1,NOT(0)) = 0
3 XOR-NOT46 = XOR(1,NOT(1)) = 1
4 XOR-NOT57 = XOR(0,NOT(1)) = 0
5 XOR-NOT60 = XOR(1,NOT(0)) = 0
6 XOR-NOT71 = XOR(1,NOT(1)) = 1
7 OR-NOT02 = OR(0,NOT(1)) = 0

I will now return the answer in \boxed{}
The answer in \boxed{–} is \boxed{11010010}