We need to deduce the transformation by matching the example outputs.
I will put my final answer inside \boxed{}.

Output 0: 01010011
0 0
1 1
2 0
3 1
4 0
5 0
6 1
7 1

Output 1: 01101000
0 0
1 1
2 1
3 0
4 1
5 0
6 0
7 0

Output 2: 11110010
0 1
1 1
2 1
3 1
4 0
5 0
6 1
7 0

Output 3: 11101001
0 1
1 1
2 1
3 0
4 1
5 0
6 0
7 1

Output 4: 10101001
0 1
1 0
2 1
3 0
4 1
5 0
6 0
7 1

Output 5: 01011100
0 0
1 1
2 0
3 1
4 1
5 1
6 0
7 0

Output 6: 00100110
0 0
1 0
2 1
3 0
4 0
5 1
6 1
7 0

Output bit columns (with bitsum as hash)
0 0011100 3
1 1111010 5
2 0111101 5
3 1010010 3
4 0101110 4
5 0000011 2
6 1010001 3
7 1001100 3

Input 0: 11110011
0 1
1 1
2 1
3 1
4 0
5 0
6 1
7 1

Input 1: 10001001
0 1
1 0
2 0
3 0
4 1
5 0
6 0
7 1

Input 2: 01010100
0 0
1 1
2 0
3 1
4 0
5 1
6 0
7 0

Input 3: 10101001
0 1
1 0
2 1
3 0
4 1
5 0
6 0
7 1

Input 4: 00100110
0 0
1 0
2 1
3 0
4 0
5 1
6 1
7 0

Input 5: 00001101
0 0
1 0
2 0
3 0
4 1
5 1
6 0
7 1

Input 6: 01000111
0 0
1 1
2 0
3 0
4 0
5 1
6 1
7 1

When matching output
x: not in operator
y: wrong position

Identity
0 1101000 3
1 1010001 3 match 6
2 1001100 3 match 7
3 1010000 2
4 0101010 3
5 0010111 4
6 1000101 3
7 1101011 5

Matching output
0 absent
1 absent
2 absent
3 absent
4 absent
5 absent
6 1
7 2

Left
none
Best: none

Right
2 1 0x
Best: I2 1: 2

NOT
0 0010111 4
1 0101110 4 match 4
2 0110011 4
3 0101111 5
4 1010101 4
5 1101000 3
6 0111010 4
7 0010100 2

Matching output
0 absent
1 absent
2 absent
3 absent
4 1
5 absent
6 absent
7 absent

Left
none
Best: none

Right
none
Best: none

Constant
0 0000000 a
1 1111111 a

Matching output
0 absent
1 absent
2 absent
3 absent
4 absent
5 absent
6 absent
7 absent

Left
none
Best: none

Right
none
Best: none

AND
01 10 1000000 1
12 21 1000000 1
23 32 1000000 1
34 43 0000000 a
45 54 0000010 1
56 65 0000101 2
67 76 1000001 2
70 07 1101000 3

02 20 1001000 2
13 31 1010000 2
24 42 0001000 1
35 53 0010000 1
46 64 0000000 a
57 75 0000011 2 match 5
60 06 1000000 1
71 17 1000001 2

03 30 1000000 1
14 41 0000000 a
25 52 0000100 1
36 63 1000000 1
47 74 0101010 3
50 05 0000000 a
61 16 1000001 2
72 27 1001000 2

04 40 0101000 2
15 51 0010001 2
26 62 1000100 2
37 73 1000000 1

Matching output
0 absent
1 absent
2 absent
3 absent
4 absent
5 57 75
6 absent
7 absent

Left
none
Best: none

Right
none
Best: none

OR
01 10 1111001 5
12 21 1011101 5
23 32 1011100 4
34 43 1111010 5 match 1
45 54 0111111 6
56 65 1010111 5
67 76 1101111 6
70 07 1101011 5

02 20 1101100 4
13 31 1010001 3 match 6
24 42 1101110 5
35 53 1010111 5
46 64 1101111 6
57 75 1111111 a
60 06 1101101 5
71 17 1111011 6

03 30 1111000 4
14 41 1111011 6
25 52 1011111 6
36 63 1010101 4
47 74 1101011 5
50 05 1111111 a
61 16 1010101 4
72 27 1101111 6

04 40 1101010 4
15 51 1010111 5
26 62 1001101 4
37 73 1111011 6

Matching output
0 absent
1 34 43
2 absent
3 absent
4 absent
5 absent
6 13 31
7 absent

Left
none
Best: none

Right
none
Best: none

XOR
01 10 0111001 4
12 21 0011101 4
23 32 0011100 3 match 0
34 43 1111010 5 match 1
45 54 0111101 5 match 2
56 65 1010010 3 match 3
67 76 0101110 4 match 4
70 07 0000011 2 match 5

02 20 0100100 2
13 31 0000001 1
24 42 1100110 4
35 53 1000111 4
46 64 1101111 6
57 75 1111100 5
60 06 0101101 4
71 17 0111010 4

03 30 0111000 3
14 41 1111011 6
25 52 1011011 5
36 63 0010101 3
47 74 1000001 2
50 05 1111111 a
61 16 0010100 2
72 27 0100111 4

04 40 1000010 2
15 51 1000110 3
26 62 0001001 2
37 73 0111011 5

Matching output
0 23 32
1 34 43
2 45 54
3 56 65
4 67 76
5 70 07
6 absent
7 absent

Left
23 34 45 56 67 70 01x
32 43 54 65 76 07 10x
Best: XOR23 34 45 56 67 70: 6

Right
none
Best: none

AND-NOT
01 0101000 2
12 0010001 2
23 0001100 2
34 1010000 2
45 0101000 2
56 0010010 2
67 0000100 1
70 0000011 2 match 5

02 0100000 1
13 0000001 1
24 1000100 2
35 1000000 1
46 0101010 3
57 0010100 2
60 0000101 2
71 0101010 3

03 0101000 2
14 1010001 3 match 6
25 1001000 2
36 0010000 1
47 0000000 a
50 0010111 4
61 0000100 1
72 0100011 3

04 1000000 1
15 1000000 1
26 0001000 1
37 0010000 1
40 0000010 1
51 0000110 2
62 0000001 1
73 0101011 4

05 1101000 3
16 0010000 1
27 0000100 1
30 0010000 1
41 0101010 3
52 0010011 3
63 0000101 2
74 1000001 2

06 0101000 2
17 0010000 1
20 0000100 1
31 0000000 a
42 0100010 2
53 0000111 3
64 1000101 3
75 1101000 3

07 0000000 a
10 0010001 2
21 0001100 2
32 0010000 1
43 0101010 3
54 0010101 3
65 1000000 1
76 0101010 3

Matching output
0 absent
1 absent
2 absent
3 absent
4 absent
5 70
6 14
7 absent

Left
none
Best: none

Right
none
Best: none

OR-NOT
01 1101110 5
12 1110011 5
23 1101111 6
34 1010101 4
45 1101010 4
56 0111111 6
67 1010101 4
70 1111111 a

02 1111011 6
13 1111111 a
24 1011101 5
35 1111000 4
46 0111010 4
57 0010111 4
60 1010111 5
71 1101111 6

03 1101111 6
14 1010101 4
25 1101100 4
36 1111010 5 match 1
47 0111110 5
50 0010111 4
61 1101111 6
72 1111011 6

04 1111101 6
15 1111001 5
26 1111110 6
37 1010100 3
40 0111111 6
51 0111111 6
62 1110111 6
73 1101111 6

05 1101000 3
16 1111011 6
27 1011100 4
30 1010111 5
41 0101110 4 match 4
52 0110111 5
63 1101111 6
74 1111111 a

06 1111010 5 match 1
17 1010101 4
20 1011111 6
31 1111110 6
42 0111011 5
53 0111111 6
64 1010101 4
75 1101011 5

07 1111100 5
10 1010111 5
21 1101110 5
32 1110011 5
43 0101111 5
54 1010111 5
65 1101101 5
76 1111011 6

Matching output
0 absent
1 36 06
2 absent
3 absent
4 41
5 absent
6 absent
7 absent

Left
none
Best: none

Right
none
Best: none

XOR-NOT
01 1000110 3
12 1100010 3
23 1100011 4
34 0000101 2
45 1000010 2
56 0101101 4
67 1010001 3 match 6
70 1111100 5

02 1011011 5
13 1111110 6
24 0011001 3
35 0111000 3
46 0010000 1
57 0000011 2 match 5
60 1010010 3 match 3
71 1000101 3

03 1000111 4
14 0000100 1
25 0100100 2
36 1101010 4
47 0111110 5
50 0000000 a
61 1101011 5
72 1011000 3

04 0111101 5 match 2
15 0111001 4
26 1110110 5
37 1000100 2
40 0111101 5 match 2
51 0111001 4
62 1110110 5
73 1000100 2

05 0000000 a
16 1101011 5
27 1011000 3
30 1000111 4
41 0000100 1
52 0100100 2
63 1101010 4
74 0111110 5

06 1010010 3 match 3
17 1000101 3
20 1011011 5
31 1111110 6
42 0011001 3
53 0111000 3
64 0010000 1
75 0000011 2 match 5

07 1111100 5
10 1000110 3
21 1100010 3
32 1100011 4
43 0000101 2
54 1000010 2
65 0101101 4
76 1010001 3 match 6

Matching output
0 absent
1 absent
2 04 40
3 60 06
4 absent
5 57 75
6 67 76
7 absent

Left
none
Best: none

Right
none
Best: none

Selecting

Lefts
Identity none
NOT none
Constant none
AND none
OR none
XOR XOR23 34 45 56 67 70: 6
AND-NOT none
OR-NOT none
XOR-NOT none

Rights
Identity I2 1: 2
NOT none
Constant none
AND none
OR none
XOR none
AND-NOT none
OR-NOT none
XOR-NOT none

Left longest: 6
Right longest: 2

Left winner: Identity no, NOT no, Constant no, AND no, OR no, XOR yes, AND-NOT no, OR-NOT no, XOR-NOT no
Right winner: Identity yes, NOT no, Constant no, AND no, OR no, XOR no, AND-NOT no, OR-NOT no, XOR-NOT no

Best left: XOR23 34 45 56 67 70: 6
Best right: I2 1: 2

Truncated left: XOR23 34 45 56 67 70: 6
Truncated right: I2 1: 2

Tentative from right
7 I2
6 I1
5 pending
4 pending
3 pending
2 pending
1 pending
0 pending

Tentative
0 XOR23
1 XOR34
2 XOR45
3 XOR56
4 XOR67
5 XOR70
6 I1
7 I2

Preferred from left
0 XOR23
1 XOR34
2 XOR45
3 XOR56
4 XOR67
5 XOR70
6 I1
7 I2

Preferred from right
7 I2
6 I1
5 XOR70
4 XOR67
3 XOR56
2 XOR45
1 XOR34
0 XOR23

Preferred
0 XOR23
1 XOR34
2 XOR45
3 XOR56
4 XOR67
5 XOR70
6 I1
7 I2

Matching
0 XOR23
1 XOR34
2 XOR45
3 XOR56
4 XOR67
5 XOR70
6 I1
7 I2

Perfect match
Identity no
NOT no
Constant no
AND no
OR no
XOR no
AND-NOT no
OR-NOT no
XOR-NOT no

Matched
0 XOR23
1 XOR34
2 XOR45
3 XOR56
4 XOR67
5 XOR70
6 I1
7 I2

Selected
0 XOR23
1 XOR34
2 XOR45
3 XOR56
4 XOR67
5 XOR70
6 I1
7 I2

Applying to 10000011
Input
0 1
1 0
2 0
3 0
4 0
5 0
6 1
7 1
Output
0 XOR23 = XOR(0,0) = 0
1 XOR34 = XOR(0,0) = 0
2 XOR45 = XOR(0,0) = 0
3 XOR56 = XOR(0,1) = 1
4 XOR67 = XOR(1,1) = 0
5 XOR70 = XOR(1,1) = 0
6 I1 = 0
7 I2 = 0

I will now return the answer in \boxed{}
The answer in \boxed{–} is \boxed{00010000}