We need to deduce the transformation by matching the example outputs.
I will put my final answer inside \boxed{}.

Output 0: 10101110
0 1
1 0
2 1
3 0
4 1
5 1
6 1
7 0

Output 1: 01110101
0 0
1 1
2 1
3 1
4 0
5 1
6 0
7 1

Output 2: 10110011
0 1
1 0
2 1
3 1
4 0
5 0
6 1
7 1

Output 3: 00011000
0 0
1 0
2 0
3 1
4 1
5 0
6 0
7 0

Output 4: 10111001
0 1
1 0
2 1
3 1
4 1
5 0
6 0
7 1

Output 5: 01111101
0 0
1 1
2 1
3 1
4 1
5 1
6 0
7 1

Output 6: 11001011
0 1
1 1
2 0
3 0
4 1
5 0
6 1
7 1

Output 7: 01111010
0 0
1 1
2 1
3 1
4 1
5 0
6 1
7 0

Output 8: 00110011
0 0
1 0
2 1
3 1
4 0
5 0
6 1
7 1

Output 9: 10001111
0 1
1 0
2 0
3 0
4 1
5 1
6 1
7 1

Output bit columns (with bitsum as hash)
0 1010101001 5
1 0100011100 4
2 1110110110 7
3 0111110110 7
4 1001111101 7
5 1100010001 4
6 1010001111 6
7 0110111011 7

Input 0: 01011100
0 0
1 1
2 0
3 1
4 1
5 1
6 0
7 0

Input 1: 01101010
0 0
1 1
2 1
3 0
4 1
5 0
6 1
7 0

Input 2: 11100110
0 1
1 1
2 1
3 0
4 0
5 1
6 1
7 0

Input 3: 00110000
0 0
1 0
2 1
3 1
4 0
5 0
6 0
7 0

Input 4: 10110011
0 1
1 0
2 1
3 1
4 0
5 0
6 1
7 1

Input 5: 01111010
0 0
1 1
2 1
3 1
4 1
5 0
6 1
7 0

Input 6: 00010110
0 0
1 0
2 0
3 1
4 0
5 1
6 1
7 0

Input 7: 10110101
0 1
1 0
2 1
3 1
4 0
5 1
6 0
7 1

Input 8: 10100111
0 1
1 0
2 1
3 0
4 0
5 1
6 1
7 1

Input 9: 10011110
0 1
1 0
2 0
3 1
4 1
5 1
6 1
7 0

When matching output
x: not in operator
y: wrong position

Identity
0 0010100111 5
1 1110010000 4
2 0111110110 7 match 3
3 1001111101 7 match 4
4 1100010001 4 match 5
5 1010001111 6 match 6
6 0110111011 7 match 7
7 0000100110 3

Matching output
0 absent
1 absent
2 absent
3 2
4 3
5 4
6 5
7 6

Left
none
Best: none

Right
6 5 4 3 2 1x
Best: I6 5 4 3 2: 5

NOT
0 1101011000 5
1 0001101111 6
2 1000001001 3
3 0110000010 3
4 0011101110 6
5 0101110000 4
6 1001000100 3
7 1111011001 7

Matching output
0 absent
1 absent
2 absent
3 absent
4 absent
5 absent
6 absent
7 absent

Left
none
Best: none

Right
none
Best: none

Constant
0 0000000000 a
1 1111111111 a

Matching output
0 absent
1 absent
2 absent
3 absent
4 absent
5 absent
6 absent
7 absent

Left
none
Best: none

Right
none
Best: none

AND
01 10 0010000000 1
12 21 0110010000 3
23 32 0001110100 4
34 43 1000010001 3
45 54 1000000001 2
56 65 0010001011 4
67 76 0000100010 2
70 07 0000100110 3

02 20 0010100110 4
13 31 1000010000 2
24 42 0100010000 2
35 53 1000001101 4
46 64 0100010001 3
57 75 0000000110 2
60 06 0010100011 4
71 17 0000000000 a

03 30 0000100101 3
14 41 1100010000 3
25 52 0010000110 3
36 63 0000111001 4
47 74 0000000000 a
50 05 0010000111 4
61 16 0110010000 3
72 27 0000100110 3

04 40 0000000001 1
15 51 1010000000 2
26 62 0110110010 5
37 73 0000100100 2

Matching output
0 absent
1 absent
2 absent
3 absent
4 absent
5 absent
6 absent
7 absent

Left
none
Best: none

Right
none
Best: none

OR
01 10 1110110111 8
12 21 1111110110 8
23 32 1111111111 a
34 43 1101111101 8
45 54 1110011111 8
56 65 1110111111 9
67 76 0110111111 8
70 07 0010100111 5

02 20 0111110111 8
13 31 1111111101 9
24 42 1111110111 9
35 53 1011111111 9
46 64 1110111011 8
57 75 1010101111 7
60 06 0110111111 8
71 17 1110110110 7 match 2

03 30 1011111111 9
14 41 1110010001 5
25 52 1111111111 a
36 63 1111111111 a
47 74 1100110111 7
50 05 1010101111 7
61 16 1110111011 8
72 27 0111110110 7 match 3

04 40 1110110111 8
15 51 1110011111 8
26 62 0111111111 9
37 73 1001111111 8

Matching output
0 absent
1 absent
2 71 17
3 72 27
4 absent
5 absent
6 absent
7 absent

Left
none
Best: none

Right
none
Best: none

XOR
01 10 1100110111 7
12 21 1001100110 5
23 32 1110001011 6
34 43 0101101100 5
45 54 0110011110 6
56 65 1100110100 5
67 76 0110011101 6
70 07 0010000001 2

02 20 0101010001 4
13 31 0111101101 7
24 42 1011100111 7
35 53 0011110010 5
46 64 1010101010 5
57 75 1010101001 5 match 0
60 06 0100011100 4 match 1
71 17 1110110110 7 match 2

03 30 1011011010 6
14 41 0010000001 2
25 52 1101111001 7
36 63 1111000110 6
47 74 1100110111 7
50 05 1000101000 3
61 16 1000101011 5
72 27 0111010000 4

04 40 1110110110 7 match 2
15 51 0100011111 6
26 62 0001001101 4
37 73 1001011011 6

Matching output
0 57 75
1 60 06
2 71 17 04 40
3 absent
4 absent
5 absent
6 absent
7 absent

Left
57 60 71 02x
75 06 17 20x
Best: XOR57 60 71: 3

Right
none
Best: none

AND-NOT
01 0000100111 4
12 1000000000 1
23 0110000010 3
34 0001101100 4
45 0100010000 2
56 1000000100 2
67 0110011001 5
70 0000000000 a

02 0000000001 1
13 0110000000 2
24 0011100110 5
35 0001110000 3
46 1000000000 1
57 1010001001 4
60 0100011000 3
71 0000100110 3

03 0010000010 2
14 0010000000 1
25 0101110000 4
36 1001000100 3
47 1100010001 4 match 5
50 1000001000 2
61 0000101011 4
72 0000000000 a

04 0010100110 4
15 0100010000 2
26 0001000100 2
37 1001011001 5
40 1100010000 3
51 0000001111 4
62 0000001001 2
73 0000000010 1

05 0000100000 1
16 1000000000 1
27 0111010000 4
30 1001011000 4
41 0000000001 1
52 1000001001 3
63 0110000010 3
74 0000100110 3

06 0000000100 1
17 1110010000 4
20 0101010000 3
31 0001101101 5
42 1000000001 2
53 0010000010 2
64 0010101010 4
75 0000100000 1

07 0010000001 2
10 1100010000 3
21 0001100110 4
32 1000001001 3
43 0100000000 1
54 0010001110 4
65 0100110000 3
76 0000000100 1

Matching output
0 absent
1 absent
2 absent
3 absent
4 absent
5 47
6 absent
7 absent

Left
none
Best: none

Right
none
Best: none

OR-NOT
01 0011101111 7
12 1110011001 6
23 0111110110 7 match 3
34 1011111111 9
45 1101110001 6
56 1011001111 7
67 1111111011 9
70 1101111110 8

02 1010101111 7
13 1110010010 5
24 0111111110 8
35 1101111101 8
46 1101010101 6
57 1111011111 9
60 1111111011 9
71 0001101111 6

03 0110100111 6
14 1111111110 9
25 0111110110 7 match 3
36 1001111101 7 match 4
47 1111011001 7
50 1111011111 9
61 0111111111 9
72 1000101111 6

04 0011101111 7
15 1111110000 6
26 1111110110 8
37 1111111101 9
40 1101011001 6
51 1011101111 8
62 1110111011 8
73 0110100110 5

05 0111110111 8
16 1111010100 6
27 1111111111 a
30 1101111101 8
41 1101111111 9
52 1010001111 6 match 6
63 0110111011 7 match 7
74 0011101110 6

06 1011100111 7
17 1111011001 7
20 1111111110 9
31 1001111111 8
42 1100011001 5
53 1110001111 7
64 0111111111 9
75 0101110110 6

07 1111111111 a
10 1111011000 6
21 0111111111 9
32 1001111101 7 match 4
43 1110010011 6
54 1011101111 8
65 0111111011 8
76 1001100110 5

Matching output
0 absent
1 absent
2 absent
3 23 25
4 36 32
5 absent
6 52
7 63

Left
none
Best: none

Right
63 52 41x
Best: OR-NOT63 52: 2

XOR-NOT
01 0011001000 3
12 0110011001 5
23 0001110100 4
34 1010010011 5
45 1001100001 4
56 0011001011 5
67 1001100010 4
70 1101111110 8

02 1010101110 6
13 1000010010 3
24 0100011000 3
35 1100001101 5
46 0101010101 5
57 0101010110 5
60 1011100011 6
71 0001001001 3

03 0100100101 4
14 1101111110 8
25 0010000110 3
36 0000111001 4
47 0011001000 3
50 0111010111 7
61 0111010100 5
72 1000101111 6

04 0001001001 3
15 1011100000 4
26 1110110010 6
37 0110100100 4
40 0001001001 3
51 1011100000 4
62 1110110010 6
73 0110100100 4

05 0111010111 7
16 0111010100 5
27 1000101111 6
30 0100100101 4
41 1101111110 8
52 0010000110 3
63 0000111001 4
74 0011001000 3

06 1011100011 6
17 0001001001 3
20 1010101110 6
31 1000010010 3
42 0100011000 3
53 1100001101 5
64 0101010101 5
75 0101010110 5

07 1101111110 8
10 0011001000 3
21 0110011001 5
32 0001110100 4
43 1010010011 5
54 1001100001 4
65 0011001011 5
76 1001100010 4

Matching output
0 absent
1 absent
2 absent
3 absent
4 absent
5 absent
6 absent
7 absent

Left
none
Best: none

Right
none
Best: none

Selecting

Lefts
Identity none
NOT none
Constant none
AND none
OR none
XOR XOR57 60 71: 3
AND-NOT none
OR-NOT none
XOR-NOT none

Rights
Identity I6 5 4 3 2: 5
NOT none
Constant none
AND none
OR none
XOR none
AND-NOT none
OR-NOT OR-NOT63 52: 2
XOR-NOT none

Left longest: 3
Right longest: 5

Right winner: Identity yes, NOT no, Constant no, AND no, OR no, XOR no, AND-NOT no, OR-NOT no, XOR-NOT no
Left winner: Identity no, NOT no, Constant no, AND no, OR no, XOR yes, AND-NOT no, OR-NOT no, XOR-NOT no

Best right: I6 5 4 3 2: 5
Best left: XOR57 60 71: 3

Truncated right: I6 5 4 3 2: 5
Truncated left: XOR57 60 71: 3

Tentative from right
7 I6
6 I5
5 I4
4 I3
3 I2
2 pending
1 pending
0 pending

Tentative
0 XOR57
1 XOR60
2 XOR71
3 I2
4 I3
5 I4
6 I5
7 I6

Preferred from right
7 I6
6 I5
5 I4
4 I3
3 I2
2 XOR71
1 XOR60
0 XOR57

Preferred from left
0 XOR57
1 XOR60
2 XOR71
3 I2
4 I3
5 I4
6 I5
7 I6

Preferred
0 XOR57
1 XOR60
2 XOR71
3 I2
4 I3
5 I4
6 I5
7 I6

Matching
0 XOR57
1 XOR60
2 XOR71
3 I2
4 I3
5 I4
6 I5
7 I6

Perfect match
Identity no
NOT no
Constant no
AND no
OR no
XOR no
AND-NOT no
OR-NOT no
XOR-NOT no

Matched
0 XOR57
1 XOR60
2 XOR71
3 I2
4 I3
5 I4
6 I5
7 I6

Selected
0 XOR57
1 XOR60
2 XOR71
3 I2
4 I3
5 I4
6 I5
7 I6

Applying to 00101101
Input
0 0
1 0
2 1
3 0
4 1
5 1
6 0
7 1
Output
0 XOR57 = XOR(1,1) = 0
1 XOR60 = XOR(0,0) = 0
2 XOR71 = XOR(1,0) = 1
3 I2 = 1
4 I3 = 0
5 I4 = 1
6 I5 = 1
7 I6 = 0

I will now return the answer in \boxed{}
The answer in \boxed{–} is \boxed{00110110}