We need to deduce the transformation by matching the example outputs.
I will put my final answer inside \boxed{}.

Output 0: 00100000
0 0
1 0
2 1
3 0
4 0
5 0
6 0
7 0

Output 1: 10100110
0 1
1 0
2 1
3 0
4 0
5 1
6 1
7 0

Output 2: 11111110
0 1
1 1
2 1
3 1
4 1
5 1
6 1
7 0

Output 3: 01000001
0 0
1 1
2 0
3 0
4 0
5 0
6 0
7 1

Output 4: 10101000
0 1
1 0
2 1
3 0
4 1
5 0
6 0
7 0

Output 5: 10111000
0 1
1 0
2 1
3 1
4 1
5 0
6 0
7 0

Output 6: 01000001
0 0
1 1
2 0
3 0
4 0
5 0
6 0
7 1

Output 7: 00000000
0 0
1 0
2 0
3 0
4 0
5 0
6 0
7 0

Output bit columns (with bitsum as hash)
0 01101100 4
1 00110010 3
2 11101100 5
3 00100100 2
4 00101100 3
5 01100000 2
6 01100000 2
7 00010010 2

Input 0: 10010001
0 1
1 0
2 0
3 1
4 0
5 0
6 0
7 1

Input 1: 01001111
0 0
1 1
2 0
3 0
4 1
5 1
6 1
7 1

Input 2: 01111111
0 0
1 1
2 1
3 1
4 1
5 1
6 1
7 1

Input 3: 10110010
0 1
1 0
2 1
3 1
4 0
5 0
6 1
7 0

Input 4: 01010100
0 0
1 1
2 0
3 1
4 0
5 1
6 0
7 0

Input 5: 01111100
0 0
1 1
2 1
3 1
4 1
5 1
6 0
7 0

Input 6: 10000110
0 1
1 0
2 0
3 0
4 0
5 1
6 1
7 0

Input 7: 00100001
0 0
1 0
2 1
3 0
4 0
5 0
6 0
7 1

When matching output
x: not in operator
y: wrong position

Identity
0 10010010 3
1 01101100 4 match 0
2 00110101 4
3 10111100 5
4 01100100 3
5 01101110 5
6 01110010 4
7 11100001 4

Matching output
0 1
1 absent
2 absent
3 absent
4 absent
5 absent
6 absent
7 absent

Left
1 2x
Best: I1: 1

Right
none
Best: none

NOT
0 01101101 5
1 10010011 4
2 11001010 4
3 01000011 3
4 10011011 5
5 10010001 3
6 10001101 4
7 00011110 4

Matching output
0 absent
1 absent
2 absent
3 absent
4 absent
5 absent
6 absent
7 absent

Left
none
Best: none

Right
none
Best: none

Constant
0 00000000 a
1 11111111 a

Matching output
0 absent
1 absent
2 absent
3 absent
4 absent
5 absent
6 absent
7 absent

Left
none
Best: none

Right
none
Best: none

AND
01 10 00000000 a
12 21 00100100 2 match 3
23 32 00110100 3
34 43 00100100 2 match 3
45 54 01100100 3
56 65 01100010 3
67 76 01100000 2 match 5 6
70 07 10000000 1

02 20 00010000 1
13 31 00101100 3 match 4
24 42 00100100 2 match 3
35 53 00101100 3 match 4
46 64 01100000 2 match 5 6
57 75 01100000 2 match 5 6
60 06 00010010 2 match 7
71 17 01100000 2 match 5 6

03 30 10010000 2
14 41 01100100 3
25 52 00100100 2 match 3
36 63 00110000 2
47 74 01100000 2 match 5 6
50 05 00000010 1
61 16 01100000 2 match 5 6
72 27 00100001 2

04 40 00000000 a
15 51 01101100 4 match 0
26 62 00110000 2
37 73 10100000 2

Matching output
0 15 51
1 absent
2 absent
3 12 21 34 43 24 42 25 52
4 13 31 35 53
5 67 76 46 64 57 75 71 17 47 74 61 16
6 67 76 46 64 57 75 71 17 47 74 61 16
7 60 06

Left
15 26x
51 62x
Best: AND15: 1

Right
60 57 46 35 24 13y
06 75 64 53 42 31y
Best: AND60 57 46 35 24: 5

OR
01 10 11111110 7
12 21 01111101 6
23 32 10111101 6
34 43 11111100 6
45 54 01101110 5
56 65 01111110 6
67 76 11110011 6
70 07 11110011 6

02 20 10110111 6
13 31 11111100 6
24 42 01110101 5
35 53 11111110 7
46 64 01110110 5
57 75 11101111 7
60 06 11110010 5
71 17 11101101 6

03 30 10111110 6
14 41 01101100 4 match 0
25 52 01111111 7
36 63 11111110 7
47 74 11100101 5
50 05 11111110 7
61 16 01111110 6
72 27 11110101 6

04 40 11110110 6
15 51 01101110 5
26 62 01110111 6
37 73 11111101 7

Matching output
0 14 41
1 absent
2 absent
3 absent
4 absent
5 absent
6 absent
7 absent

Left
14 25x
41 52x
Best: OR14: 1

Right
none
Best: none

XOR
01 10 11111110 7
12 21 01011001 4
23 32 10001001 3
34 43 11011000 4
45 54 00001010 2
56 65 00011100 3
67 76 10010011 4
70 07 01110011 5

02 20 10100111 5
13 31 11010000 3
24 42 01010001 3
35 53 11010010 4
46 64 00010110 3
57 75 10001111 5
60 06 11100000 3
71 17 10001101 4

03 30 00101110 4
14 41 00001000 1
25 52 01011011 5
36 63 11001110 5
47 74 10000101 3
50 05 11111100 6
61 16 00011110 4
72 27 11010100 4

04 40 11110110 6
15 51 00000010 1
26 62 01000111 4
37 73 01011101 5

Matching output
0 absent
1 absent
2 absent
3 absent
4 absent
5 absent
6 absent
7 absent

Left
none
Best: none

Right
none
Best: none

AND-NOT
01 10010010 3
12 01001000 2
23 00000001 1
34 10011000 3
45 00000000 a
56 00001100 2
67 00010010 2 match 7
70 01100001 3

02 10000010 2
13 01000000 1
24 00010001 2
35 10010000 2
46 00000100 1
57 00001110 3
60 01100000 2 match 5 6
71 10000001 2

03 00000010 1
14 00001000 1
25 00010001 2
36 10001100 3
47 00000100 1
50 01101100 4 match 0
61 00010010 2 match 7
72 11000000 2

04 10010010 3
15 00000000 a
26 00000101 2
37 00011100 3
40 01100100 3
51 00000010 1
62 01000010 2
73 01000001 2

05 10010000 2
16 00001100 2
27 00010100 2
30 00101100 3 match 4
41 00000000 a
52 01001010 3
63 01000010 2
74 10000001 2

06 10000000 1
17 00001100 2
20 00100101 3
31 10010000 2
42 01000000 1
53 01000010 2
64 00010010 2 match 7
75 10000001 2

07 00010010 2 match 7
10 01101100 4 match 0
21 00010001 2
32 10001000 2
43 01000000 1
54 00001010 2
65 00010000 1
76 10000001 2

Matching output
0 50 10
1 absent
2 absent
3 absent
4 30
5 60
6 60
7 67 61 64 07

Left
50 61y
10 21x
Best: AND-NOT50: 1

Right
67 56x
61 50y
64 53x
07 76x
Best: AND-NOT67: 1

OR-NOT
01 10010011 4
12 11101110 6
23 01110111 6
34 10111111 7
45 11110101 6
56 11101111 7
67 01111110 6
70 11101101 6

02 11011010 5
13 01101111 6
24 10111111 7
35 10111101 6
46 11101101 6
57 01111110 6
60 01111111 7
71 11110011 6

03 11010011 5
14 11111111 a
25 10110101 5
36 10111101 6
47 01111110 6
50 01101111 6
61 11110011 6
72 11101011 6

04 10011011 5
15 11111101 7
26 10111101 6
37 10111110 6
40 01101101 5
51 11111111 a
62 11111010 6
73 11100011 5

05 10010011 4
16 11101101 6
27 00111111 6
30 11111101 7
41 11110111 7
52 11101110 6
63 01110011 5
74 11111011 7

06 10011111 6
17 01111110 6
20 01111101 6
31 10111111 7
42 11101110 6
53 01101111 6
64 11111011 7
75 11110001 5

07 10011110 5
10 01101101 5
21 10110111 6
32 11111110 7
43 01100111 5
54 11111111 a
65 11110011 6
76 11101101 6

Matching output
0 absent
1 absent
2 absent
3 absent
4 absent
5 absent
6 absent
7 absent

Left
none
Best: none

Right
none
Best: none

XOR-NOT
01 00000001 1
12 10100110 4
23 01110110 5
34 00100111 4
45 11110101 6
56 11100011 5
67 01101100 4 match 0
70 10001100 3

02 01011000 3
13 00101111 5
24 10101110 5
35 00101101 4
46 11101001 5
57 01110000 3
60 00011111 5
71 01110010 4

03 11010001 4
14 11110111 7
25 10100100 3
36 00110001 3
47 01111010 5
50 00000011 2
61 11100001 4
72 00101011 4

04 00001001 2
15 11111101 7
26 10111000 4
37 10100010 3
40 00001001 2
51 11111101 7
62 10111000 4
73 10100010 3

05 00000011 2
16 11100001 4
27 00101011 4
30 11010001 4
41 11110111 7
52 10100100 3
63 00110001 3
74 01111010 5

06 00011111 5
17 01110010 4
20 01011000 3
31 00101111 5
42 10101110 5
53 00101101 4
64 11101001 5
75 01110000 3

07 10001100 3
10 00000001 1
21 10100110 4
32 01110110 5
43 00100111 4
54 11110101 6
65 11100011 5
76 01101100 4 match 0

Matching output
0 67 76
1 absent
2 absent
3 absent
4 absent
5 absent
6 absent
7 absent

Left
67 70x
76 07x
Best: XOR-NOT67: 1

Right
none
Best: none

Selecting

Lefts
Identity I1: 1
NOT none
Constant none
AND AND15: 1
OR OR14: 1
XOR none
AND-NOT AND-NOT50: 1
OR-NOT none
XOR-NOT XOR-NOT67: 1

Rights
Identity none
NOT none
Constant none
AND AND60 57 46 35 24: 5
OR none
XOR none
AND-NOT AND-NOT67: 1
OR-NOT none
XOR-NOT none

Left longest: 1
Right longest: 5

Right winner: Identity no, NOT no, Constant no, AND yes, OR no, XOR no, AND-NOT no, OR-NOT no, XOR-NOT no
Left winner: Identity yes, NOT no, Constant no, AND no, OR no, XOR no, AND-NOT no, OR-NOT no, XOR-NOT no

Best right: AND60 57 46 35 24: 5
Best left: I1: 1

Truncated right: AND60 57 46 35 24: 5
Truncated left: I1: 1

Tentative from right
7 AND60
6 AND57
5 AND46
4 AND35
3 AND24
2 pending
1 pending
0 pending

Tentative
0 I1
1 pending
2 pending
3 AND24
4 AND35
5 AND46
6 AND57
7 AND60

Preferred from right
7 AND60
6 AND57
5 AND46
4 AND35
3 AND24
2 ?13
1 ?02
0 I1

Preferred from left
0 I1
1 ?02
2 ?13
3 AND24
4 AND35
5 AND46
6 AND57
7 AND60

Preferred
0 I1
1 ?02 ?20
2 ?13 ?31
3 AND24
4 AND35
5 AND46
6 AND57
7 AND60

Matching
0 I1
1 ?02 ?20 - Identity absent, NOT absent, Constant absent, AND absent, OR absent, XOR absent, AND-NOT absent, OR-NOT absent, XOR-NOT absent
2 ?13 ?31 - Identity absent, NOT absent, Constant absent, AND absent, OR absent, XOR absent, AND-NOT absent, OR-NOT absent, XOR-NOT absent
3 AND24
4 AND35
5 AND46
6 AND57
7 AND60

Perfect match
Identity no
NOT no
Constant no
AND no
OR no
XOR no
AND-NOT no
OR-NOT no
XOR-NOT no

Matched
0 I1
1 none
2 none
3 AND24
4 AND35
5 AND46
6 AND57
7 AND60

Selected
0 I1
1 default 1
2 default 1
3 AND24
4 AND35
5 AND46
6 AND57
7 AND60

Applying to 00011101
Input
0 0
1 0
2 0
3 1
4 1
5 1
6 0
7 1
Output
0 I1 = 0
1 default 1 = 1
2 default 1 = 1
3 AND24 = AND(0,1) = 0
4 AND35 = AND(1,1) = 1
5 AND46 = AND(1,0) = 0
6 AND57 = AND(1,1) = 1
7 AND60 = AND(0,0) = 0

I will now return the answer in \boxed{}
The answer in \boxed{–} is \boxed{01101010}