We need to deduce the transformation by matching the example outputs.
I will put my final answer inside \boxed{}.

Output 0: 00101111
0 0
1 0
2 1
3 0
4 1
5 1
6 1
7 1

Output 1: 11111111
0 1
1 1
2 1
3 1
4 1
5 1
6 1
7 1

Output 2: 11101111
0 1
1 1
2 1
3 0
4 1
5 1
6 1
7 1

Output 3: 00110111
0 0
1 0
2 1
3 1
4 0
5 1
6 1
7 1

Output 4: 01001101
0 0
1 1
2 0
3 0
4 1
5 1
6 0
7 1

Output 5: 00011011
0 0
1 0
2 0
3 1
4 1
5 0
6 1
7 1

Output 6: 00011111
0 0
1 0
2 0
3 1
4 1
5 1
6 1
7 1

Output 7: 01011111
0 0
1 1
2 0
3 1
4 1
5 1
6 1
7 1

Output bit columns (with bitsum as hash)
0 01100000 2
1 01101001 4
2 11110000 4
3 01010111 5
4 11101111 7
5 11111011 7
6 11110111 7
7 11111111 a

Input 0: 01010010
0 0
1 1
2 0
3 1
4 0
5 0
6 1
7 0

Input 1: 01010101
0 0
1 1
2 0
3 1
4 0
5 1
6 0
7 1

Input 2: 00001010
0 0
1 0
2 0
3 0
4 1
5 0
6 1
7 0

Input 3: 10101101
0 1
1 0
2 1
3 0
4 1
5 1
6 0
7 1

Input 4: 01001110
0 0
1 1
2 0
3 0
4 1
5 1
6 1
7 0

Input 5: 11010011
0 1
1 1
2 0
3 1
4 0
5 0
6 1
7 1

Input 6: 10101100
0 1
1 0
2 1
3 0
4 1
5 1
6 0
7 0

Input 7: 01010001
0 0
1 1
2 0
3 1
4 0
5 0
6 0
7 1

When matching output
x: not in operator
y: wrong position

Identity
0 00010110 3
1 11001101 5
2 00010010 2
3 11000101 4
4 00111010 4
5 01011010 4
6 10101100 4
7 01010101 4

Matching output
0 absent
1 absent
2 absent
3 absent
4 absent
5 absent
6 absent
7 absent

Left
none
Best: none

Right
none
Best: none

NOT
0 11101001 5
1 00110010 3
2 11101101 6
3 00111010 4
4 11000101 4
5 10100101 4
6 01010011 4
7 10101010 4

Matching output
0 absent
1 absent
2 absent
3 absent
4 absent
5 absent
6 absent
7 absent

Left
none
Best: none

Right
none
Best: none

Constant
0 00000000 a
1 11111111 a match 7

Matching output
0 absent
1 absent
2 absent
3 absent
4 absent
5 absent
6 absent
7 C1

Left
none
Best: none

Right
1
Best: C1: 1

AND
01 10 00000100 1
12 21 00000000 a
23 32 00000000 a
34 43 00000000 a
45 54 00011010 3
56 65 00001000 1
67 76 00000100 1
70 07 00010100 2

02 20 00010010 2
13 31 11000101 4
24 42 00010010 2
35 53 01000000 1
46 64 00101000 2
57 75 01010000 2
60 06 00000100 1
71 17 01000101 3

03 30 00000100 1
14 41 00001000 1
25 52 00010010 2
36 63 10000100 2
47 74 00010000 1
50 05 00010010 2
61 16 10001100 3
72 27 00010000 1

04 40 00010010 2
15 51 01001000 2
26 62 00000000 a
37 73 01000101 3

Matching output
0 absent
1 absent
2 absent
3 absent
4 absent
5 absent
6 absent
7 absent

Left
none
Best: none

Right
none
Best: none

OR
01 10 11011111 7
12 21 11011111 7
23 32 11010111 6
34 43 11111111 a match 7
45 54 01111010 5
56 65 11111110 7
67 76 11111101 7
70 07 01010111 5 match 3

02 20 00010110 3
13 31 11001101 5
24 42 00111010 4
35 53 11011111 7
46 64 10111110 6
57 75 01011111 6
60 06 10111110 6
71 17 11011101 6

03 30 11010111 6
14 41 11111111 a match 7
25 52 01011010 4
36 63 11101101 6
47 74 01111111 7
50 05 01011110 5
61 16 11101101 6
72 27 01010111 5 match 3

04 40 00111110 5
15 51 11011111 7
26 62 10111110 6
37 73 11010101 5

Matching output
0 absent
1 absent
2 absent
3 70 07 72 27
4 absent
5 absent
6 absent
7 34 43 14 41

Left
none
Best: none

Right
34 23x
43 32x
14 03x
41 30x
Best: OR34: 1

XOR
01 10 11011011 6
12 21 11011111 7
23 32 11010111 6
34 43 11111111 a match 7
45 54 01100000 2 match 0
56 65 11110110 6
67 76 11111001 6
70 07 01000011 3

02 20 00000100 1
13 31 00001000 1
24 42 00101000 2
35 53 10011111 6
46 64 10010110 4
57 75 00001111 4
60 06 10111010 5
71 17 10011000 3

03 30 11010011 5
14 41 11110111 7 match 6
25 52 01001000 2
36 63 01101001 4 match 1
47 74 01101111 6
50 05 01001100 3
61 16 01100001 3
72 27 01000111 4

04 40 00101100 3
15 51 10010111 5
26 62 10111110 6
37 73 10010000 2

Matching output
0 45 54
1 36 63
2 absent
3 absent
4 absent
5 absent
6 14 41
7 34 43

Left
45 56x
54 65x
Best: XOR45: 1

Right
34 23x
43 32x
Best: XOR34: 1

AND-NOT
01 00010010 2
12 11001101 5
23 00010010 2
34 11000101 4
45 00100000 1
56 01010010 3
67 10101000 3
70 01000001 2

02 00000100 1
13 00001000 1
24 00000000 a
35 10000101 3
46 00010010 2
57 00001010 2
60 10101000 3
71 00010000 1

03 00010010 2
14 11000101 4
25 00000000 a
36 01000001 2
47 00101010 3
50 01001000 2
61 00100000 1
72 01000101 3

04 00000100 1
15 10000101 3
26 00010010 2
37 10000000 1
40 00101000 2
51 00010010 2
62 10101100 4
73 00010000 1

05 00000100 1
16 01000001 2
27 00000010 1
30 11000001 3
41 00110010 3
52 01001000 2
63 00101000 2
74 01000101 3

06 00010010 2
17 10001000 2
20 00000000 a
31 00000000 a
42 00101000 2
53 00011010 3
64 10000100 2
75 00000101 2

07 00000010 1
10 11001001 4
21 00010010 2
32 11000101 4
43 00111010 4
54 01000000 1
65 10100100 3
76 01010001 3

Matching output
0 absent
1 absent
2 absent
3 absent
4 absent
5 absent
6 absent
7 absent

Left
none
Best: none

Right
none
Best: none

OR-NOT
01 00110110 4
12 11101101 6
23 00111010 4
34 11000101 4
45 10111111 7
56 01011011 5
67 10101110 5
70 11111101 7

02 11111111 a match 7
13 11111111 a match 7
24 11010111 6
35 11100101 5
46 01111011 6
57 11111010 6
60 11101101 6
71 01110111 6

03 00111110 5
14 11001101 5
25 10110111 6
36 11010111 6
47 10111010 5
50 11111011 7 match 5
61 10111110 6
72 11111101 7

04 11010111 6
15 11101101 6
26 01010011 4
37 11101111 7 match 4
40 11111011 7 match 5
51 01111010 5
62 11101101 6
73 01111111 7

05 10110111 6
16 11011111 7
27 10111010 5
30 11101101 6
41 00111010 4
52 11111111 a match 7
63 10111110 6
74 11010101 5

06 01010111 5 match 3
17 11101111 7 match 4
20 11111011 7 match 5
31 11110111 7 match 6
42 11111111 a match 7
53 01111010 5
64 11101101 6
75 11110101 6

07 10111110 6
10 11101101 6
21 00110010 3
32 11101101 6
43 00111010 4
54 11011111 7
65 10101101 5
76 01010111 5 match 3

Matching output
0 absent
1 absent
2 absent
3 06 76
4 37 17
5 50 40 20
6 31
7 02 13 52 42

Left
none
Best: none

Right
02 71x
13 02y
52 41x
42 31 20 17 06 75x
Best: OR-NOT42 31 20 17 06: 5

XOR-NOT
01 00100100 2
12 00100000 1
23 00101000 2
34 00000000 a
45 10011111 6
56 00001001 2
67 00000110 2
70 10111100 5

02 11111011 7 match 5
13 11110111 7 match 6
24 11010111 6
35 01100000 2 match 0
46 01101001 4 match 1
57 11110000 4 match 2
60 01000101 3
71 01100111 5

03 00101100 3
14 00001000 1
25 10110111 6
36 10010110 4
47 10010000 2
50 10110011 5
61 10011110 5
72 10111000 4

04 11010011 5
15 01101000 3
26 01000001 2
37 01101111 6
40 11010011 5
51 01101000 3
62 01000001 2
73 01101111 6

05 10110011 5
16 10011110 5
27 10111000 4
30 00101100 3
41 00001000 1
52 10110111 6
63 10010110 4
74 10010000 2

06 01000101 3
17 01100111 5
20 11111011 7 match 5
31 11110111 7 match 6
42 11010111 6
53 01100000 2 match 0
64 01101001 4 match 1
75 11110000 4 match 2

07 10111100 5
10 00100100 2
21 00100000 1
32 00101000 2
43 00000000 a
54 10011111 6
65 00001001 2
76 00000110 2

Matching output
0 35 53
1 46 64
2 57 75
3 absent
4 absent
5 02 20
6 13 31
7 absent

Left
35 46 57 60x
53 64 75 06x
Best: XOR-NOT35 46 57: 3

Right
none
Best: none

Selecting

Lefts
Identity none
NOT none
Constant none
AND none
OR none
XOR XOR45: 1
AND-NOT none
OR-NOT none
XOR-NOT XOR-NOT35 46 57: 3

Rights
Identity none
NOT none
Constant C1: 1
AND none
OR OR34: 1
XOR XOR34: 1
AND-NOT none
OR-NOT OR-NOT42 31 20 17 06: 5
XOR-NOT none

Left longest: 3
Right longest: 5

Right winner: Identity no, NOT no, Constant no, AND no, OR no, XOR no, AND-NOT no, OR-NOT yes, XOR-NOT no
Left winner: Identity no, NOT no, Constant no, AND no, OR no, XOR no, AND-NOT no, OR-NOT no, XOR-NOT yes

Best right: OR-NOT42 31 20 17 06: 5
Best left: XOR-NOT35 46 57: 3

Truncated right: OR-NOT42 31 20 17 06: 5
Truncated left: XOR-NOT35 46 57: 3

Tentative from right
7 OR-NOT42
6 OR-NOT31
5 OR-NOT20
4 OR-NOT17
3 OR-NOT06
2 pending
1 pending
0 pending

Tentative
0 XOR-NOT35
1 XOR-NOT46
2 XOR-NOT57
3 OR-NOT06
4 OR-NOT17
5 OR-NOT20
6 OR-NOT31
7 OR-NOT42

Preferred from right
7 OR-NOT42
6 OR-NOT31
5 OR-NOT20
4 OR-NOT17
3 OR-NOT06
2 XOR-NOT57
1 XOR-NOT46
0 XOR-NOT35

Preferred from left
0 XOR-NOT35
1 XOR-NOT46
2 XOR-NOT57
3 OR-NOT06
4 OR-NOT17
5 OR-NOT20
6 OR-NOT31
7 OR-NOT42

Preferred
0 XOR-NOT35
1 XOR-NOT46
2 XOR-NOT57
3 OR-NOT06
4 OR-NOT17
5 OR-NOT20
6 OR-NOT31
7 OR-NOT42

Matching
0 XOR-NOT35
1 XOR-NOT46
2 XOR-NOT57
3 OR-NOT06
4 OR-NOT17
5 OR-NOT20
6 OR-NOT31
7 OR-NOT42

Perfect match
Identity no
NOT no
Constant no
AND no
OR no
XOR no
AND-NOT no
OR-NOT no
XOR-NOT no

Matched
0 XOR-NOT35
1 XOR-NOT46
2 XOR-NOT57
3 OR-NOT06
4 OR-NOT17
5 OR-NOT20
6 OR-NOT31
7 OR-NOT42

Selected
0 XOR-NOT35
1 XOR-NOT46
2 XOR-NOT57
3 OR-NOT06
4 OR-NOT17
5 OR-NOT20
6 OR-NOT31
7 OR-NOT42

Applying to 10000101
Input
0 1
1 0
2 0
3 0
4 0
5 1
6 0
7 1
Output
0 XOR-NOT35 = XOR(0,NOT(1)) = 0
1 XOR-NOT46 = XOR(0,NOT(0)) = 1
2 XOR-NOT57 = XOR(1,NOT(1)) = 1
3 OR-NOT06 = OR(1,NOT(0)) = 1
4 OR-NOT17 = OR(0,NOT(1)) = 0
5 OR-NOT20 = OR(0,NOT(1)) = 0
6 OR-NOT31 = OR(0,NOT(0)) = 1
7 OR-NOT42 = OR(0,NOT(0)) = 1

I will now return the answer in \boxed{}
The answer in \boxed{–} is \boxed{01110011}