We need to deduce the transformation by matching the example outputs.
I will put my final answer inside \boxed{}.

Output 0: 10000000
0 1
1 0
2 0
3 0
4 0
5 0
6 0
7 0

Output 1: 00100001
0 0
1 0
2 1
3 0
4 0
5 0
6 0
7 1

Output 2: 00000000
0 0
1 0
2 0
3 0
4 0
5 0
6 0
7 0

Output 3: 00100001
0 0
1 0
2 1
3 0
4 0
5 0
6 0
7 1

Output 4: 11000000
0 1
1 1
2 0
3 0
4 0
5 0
6 0
7 0

Output 5: 00100000
0 0
1 0
2 1
3 0
4 0
5 0
6 0
7 0

Output 6: 01000001
0 0
1 1
2 0
3 0
4 0
5 0
6 0
7 1

Output 7: 10100000
0 1
1 0
2 1
3 0
4 0
5 0
6 0
7 0

Output 8: 00100001
0 0
1 0
2 1
3 0
4 0
5 0
6 0
7 1

Output 9: 01000001
0 0
1 1
2 0
3 0
4 0
5 0
6 0
7 1

Output bit columns (with bitsum as hash)
0 1000100100 3
1 0000101001 3
2 0101010110 5
3 0000000000 a
4 0000000000 a
5 0000000000 a
6 0000000000 a
7 0101001011 5

Input 0: 01010100
0 0
1 1
2 0
3 1
4 0
5 1
6 0
7 0

Input 1: 10111001
0 1
1 0
2 1
3 1
4 1
5 0
6 0
7 1

Input 2: 01111000
0 0
1 1
2 1
3 1
4 1
5 0
6 0
7 0

Input 3: 10010001
0 1
1 0
2 0
3 1
4 0
5 0
6 0
7 1

Input 4: 01101110
0 0
1 1
2 1
3 0
4 1
5 1
6 1
7 0

Input 5: 01100001
0 0
1 1
2 1
3 0
4 0
5 0
6 0
7 1

Input 6: 10111010
0 1
1 0
2 1
3 1
4 1
5 0
6 1
7 0

Input 7: 01100101
0 0
1 1
2 1
3 0
4 0
5 1
6 0
7 1

Input 8: 10100001
0 1
1 0
2 1
3 0
4 0
5 0
6 0
7 1

Input 9: 10001010
0 1
1 0
2 0
3 0
4 1
5 0
6 1
7 0

When matching output
x: not in operator
y: wrong position

Identity
0 0101001011 5 match 7
1 1010110100 5
2 0110111110 7
3 1111001000 5
4 0110101001 5
5 1000100100 3 match 0
6 0000101001 3 match 1
7 0101010110 5 match 2

Matching output
0 5
1 6
2 7
3 absent
4 absent
5 absent
6 absent
7 0

Left
5 6 7 0y
Best: I5 6 7: 3

Right
0 7y
Best: I0: 1

NOT
0 1010110100 5
1 0101001011 5 match 7
2 1001000001 3
3 0000110111 5
4 1001010110 5
5 0111011011 7
6 1111010110 7
7 1010101001 5

Matching output
0 absent
1 absent
2 absent
3 absent
4 absent
5 absent
6 absent
7 1

Left
none
Best: none

Right
1 0x
Best: NOT1: 1

Constant
0 0000000000 a match 3 4 5 6
1 1111111111 a

Matching output
0 absent
1 absent
2 absent
3 C0
4 C0
5 C0
6 C0
7 absent

Left
none
Best: none

Right
none
Best: none

AND
01 10 0000000000 a match 3 4 5 6
12 21 0010110100 4
23 32 0110001000 3
34 43 0110001000 3
45 54 0000100000 1
56 65 0000100000 1
67 76 0000000000 a match 3 4 5 6
70 07 0101000010 3

02 20 0100001010 3
13 31 1010000000 2
24 42 0110101000 4
35 53 1000000000 1
46 64 0000101001 3 match 1
57 75 0000000100 1
60 06 0000001001 2
71 17 0000010100 2

03 30 0101001000 3
14 41 0010100000 2
25 52 0000100100 2
36 63 0000001000 1
47 74 0100000000 1
50 05 0000000000 a match 3 4 5 6
61 16 0000100000 1
72 27 0100010110 4

04 40 0100001001 3
15 51 1000100100 3 match 0
26 62 0000101000 2
37 73 0101000000 2

Matching output
0 15 51
1 46 64
2 absent
3 01 10 67 76 50 05
4 01 10 67 76 50 05
5 01 10 67 76 50 05
6 01 10 67 76 50 05
7 absent

Left
15 26x
51 62x
Best: AND15: 1

Right
none
Best: none

OR
01 10 1111111111 a
12 21 1110111110 8
23 32 1111111110 9
34 43 1111101001 7
45 54 1110101101 7
56 65 1000101101 5
67 76 0101111111 8
70 07 0101011111 7

02 20 0111111111 9
13 31 1111111100 8
24 42 0110111111 8
35 53 1111101100 7
46 64 0110101001 5
57 75 1101110110 7
60 06 0101101011 6
71 17 1111110110 8

03 30 1111001011 7
14 41 1110111101 8
25 52 1110111110 8
36 63 1111101001 7
47 74 0111111111 9
50 05 1101101111 8
61 16 1010111101 7
72 27 0111111110 8

04 40 0111101011 7
15 51 1010110100 5
26 62 0110111111 8
37 73 1111011110 8

Matching output
0 absent
1 absent
2 absent
3 absent
4 absent
5 absent
6 absent
7 absent

Left
none
Best: none

Right
none
Best: none

XOR
01 10 1111111111 a
12 21 1100001010 4
23 32 1001110110 6
34 43 1001100001 4
45 54 1110001101 6
56 65 1000001101 4
67 76 0101111111 8
70 07 0000011101 4

02 20 0011110101 6
13 31 0101111100 6
24 42 0000010111 4
35 53 0111101100 6
46 64 0110000000 2
57 75 1101110010 6
60 06 0101100010 4
71 17 1111100010 6

03 30 1010000011 4
14 41 1100011101 6
25 52 1110011010 6
36 63 1111100001 6
47 74 0011111111 8
50 05 1101101111 8
61 16 1010011101 6
72 27 0011101000 4

04 40 0011100010 4
15 51 0010010000 2
26 62 0110010111 6
37 73 1010011110 6

Matching output
0 absent
1 absent
2 absent
3 absent
4 absent
5 absent
6 absent
7 absent

Left
none
Best: none

Right
none
Best: none

AND-NOT
01 0101001011 5 match 7
12 1000000000 1
23 0000110110 4
34 1001000000 2
45 0110001001 4
56 1000000100 2
67 0000101001 3 match 1
70 0000010100 2

02 0001000001 2
13 0000110100 3
24 0000010110 3
35 0111001000 4
46 0110000000 2
57 1000100000 2
60 0000100000 1
71 0101000010 3

03 0000000011 2
14 1000010100 3
25 0110011010 5
36 1111000000 4
47 0010101001 4
50 1000100100 3 match 0
61 0000001001 2
72 0001000000 1

04 0001000010 2
15 0010010000 2
26 0110010110 5
37 1010001000 3
40 0010100000 2
51 0000000000 a match 3 4 5 6
62 0000000001 1
73 0000010110 3

05 0101001011 5 match 7
16 1010010100 4
27 0010101000 3
30 1010000000 2
41 0100001001 3
52 1000000000 1
63 0000100001 2
74 0001010110 4

06 0101000010 3
17 1010100000 3
20 0010110100 4
31 0101001000 3
42 0000000001 1
53 0000100100 2
64 0000000000 a match 3 4 5 6
75 0101010010 4

07 0000001001 2
10 1010110100 5
21 0100001010 3
32 1001000000 2
43 0000100001 2
54 1000000100 2
65 0000001001 2
76 0101010110 5 match 2

Matching output
0 50
1 67
2 76
3 51 64
4 51 64
5 51 64
6 51 64
7 01 05

Left
50 61x
Best: AND-NOT50: 1

Right
01 70x
05 74x
Best: AND-NOT01: 1

OR-NOT
01 0101001011 5 match 7
12 1011110101 7
23 0110111111 8
34 1111011110 8
45 0111111011 8
56 1111110110 8
67 1010101001 5
70 1111110110 8

02 1101001011 6
13 1010110111 7
24 1111111110 9
35 1111011011 8
46 1111111111 a
57 1010101101 6
60 1010111101 7
71 0101011111 7

03 0101111111 8
14 1011110110 7
25 0111111111 9
36 1111011110 8
47 1110101001 6
50 1010110100 5
61 0101101011 6
72 1101010111 7

04 1101011111 8
15 1111111111 a
26 1111111110 9
37 1111101001 7
40 1110111101 8
51 1101101111 8
62 1001101001 5
73 0101110111 7

05 0111011011 7
16 1111110110 8
27 1110111111 9
30 1111111100 8
41 0111101011 7
52 1001100101 5
63 0000111111 6
74 1101010110 6

06 1111011111 9
17 1010111101 7
20 1110111110 8
31 1111001011 7
42 1111101001 7
53 1000110111 6
64 1001111111 8
75 0111011111 8

07 1111101011 8
10 1010110100 5
21 0111111111 9
32 1111001001 6
43 0110111111 8
54 1001110110 6
65 0111111011 8
76 1111010110 7

Matching output
0 absent
1 absent
2 absent
3 absent
4 absent
5 absent
6 absent
7 01

Left
none
Best: none

Right
01 70x
Best: OR-NOT01: 1

XOR-NOT
01 0000000000 a match 3 4 5 6
12 0011110101 6
23 0110001001 4
34 0110011110 6
45 0001110010 4
56 0111110010 6
67 1010000000 2
70 1111100010 6

02 1100001010 4
13 1010000011 4
24 1111101000 6
35 1000010011 4
46 1001111111 8
57 0010001101 4
60 1010011101 6
71 0000011101 4

03 0101111100 6
14 0011100010 4
25 0001100101 4
36 0000011110 4
47 1100000000 2
50 0010010000 2
61 0101100010 4
72 1100010111 6

04 1100011101 6
15 1101101111 8
26 1001101000 4
37 0101100001 4
40 1100011101 6
51 1101101111 8
62 1001101000 4
73 0101100001 4

05 0010010000 2
16 0101100010 4
27 1100010111 6
30 0101111100 6
41 0011100010 4
52 0001100101 4
63 0000011110 4
74 1100000000 2

06 1010011101 6
17 0000011101 4
20 1100001010 4
31 1010000011 4
42 1111101000 6
53 1000010011 4
64 1001111111 8
75 0010001101 4

07 1111100010 6
10 0000000000 a match 3 4 5 6
21 0011110101 6
32 0110001001 4
43 0110011110 6
54 0001110010 4
65 0111110010 6
76 1010000000 2

Matching output
0 absent
1 absent
2 absent
3 01 10
4 01 10
5 01 10
6 01 10
7 absent

Left
none
Best: none

Right
none
Best: none

Selecting

Lefts
Identity I5 6 7: 3
NOT none
Constant none
AND AND15: 1
OR none
XOR none
AND-NOT AND-NOT50: 1
OR-NOT none
XOR-NOT none

Rights
Identity I0: 1
NOT NOT1: 1
Constant none
AND none
OR none
XOR none
AND-NOT AND-NOT01: 1
OR-NOT OR-NOT01: 1
XOR-NOT none

Left longest: 3
Right longest: 1

Left winner: Identity yes, NOT no, Constant no, AND no, OR no, XOR no, AND-NOT no, OR-NOT no, XOR-NOT no
Right winner: Identity yes, NOT no, Constant no, AND no, OR no, XOR no, AND-NOT no, OR-NOT no, XOR-NOT no

Best left: I5 6 7: 3
Best right: I0: 1

Truncated left: I5 6 7: 3
Truncated right: I0: 1

Tentative from right
7 I0
6 pending
5 pending
4 pending
3 pending
2 pending
1 pending
0 pending

Tentative
0 I5
1 I6
2 I7
3 pending
4 pending
5 pending
6 pending
7 I0

Preferred from left
0 I5
1 I6
2 I7
3 ?0?
4 ?1?
5 ?2?
6 ?3?
7 I0

Preferred from right
7 I0
6 ?37
5 ?26
4 ?15
3 ?04
2 I7
1 I6
0 I5

Preferred
0 I5
1 I6
2 I7
3 ?04 ?40
4 ?15 ?51
5 ?26 ?62
6 ?37 ?73
7 I0

Matching
0 I5
1 I6
2 I7
3 ?04 ?40 - Identity absent, NOT absent, Constant C0, AND absent, OR absent, XOR absent, AND-NOT absent, OR-NOT absent, XOR-NOT absent
4 ?15 ?51 - Identity absent, NOT absent, Constant C0, AND absent, OR absent, XOR absent, AND-NOT51, OR-NOT absent, XOR-NOT absent
5 ?26 ?62 - Identity absent, NOT absent, Constant C0, AND absent, OR absent, XOR absent, AND-NOT absent, OR-NOT absent, XOR-NOT absent
6 ?37 ?73 - Identity absent, NOT absent, Constant C0, AND absent, OR absent, XOR absent, AND-NOT absent, OR-NOT absent, XOR-NOT absent
7 I0

Perfect match
Identity no
NOT no
Constant yes
AND no
OR no
XOR no
AND-NOT no
OR-NOT no
XOR-NOT no

Matched
0 I5
1 I6
2 I7
3 C0
4 C0
5 C0
6 C0
7 I0

Selected
0 I5
1 I6
2 I7
3 C0
4 C0
5 C0
6 C0
7 I0

Applying to 01010101
Input
0 0
1 1
2 0
3 1
4 0
5 1
6 0
7 1
Output
0 I5 = 1
1 I6 = 0
2 I7 = 1
3 C0 = 0
4 C0 = 0
5 C0 = 0
6 C0 = 0
7 I0 = 0

I will now return the answer in \boxed{}
The answer in \boxed{–} is \boxed{10100000}