We need to deduce the transformation by matching the example outputs.
I will put my final answer inside \boxed{}.

Output 0: 01011001
0 0
1 1
2 0
3 1
4 1
5 0
6 0
7 1

Output 1: 00000011
0 0
1 0
2 0
3 0
4 0
5 0
6 1
7 1

Output 2: 11010011
0 1
1 1
2 0
3 1
4 0
5 0
6 1
7 1

Output 3: 10110001
0 1
1 0
2 1
3 1
4 0
5 0
6 0
7 1

Output 4: 11100000
0 1
1 1
2 1
3 0
4 0
5 0
6 0
7 0

Output 5: 10001000
0 1
1 0
2 0
3 0
4 1
5 0
6 0
7 0

Output 6: 10110010
0 1
1 0
2 1
3 1
4 0
5 0
6 1
7 0

Output bit columns (with bitsum as hash)
0 0011111 5
1 1010100 3
2 0001101 3
3 1011001 4
4 1000010 2
5 0000000 a
6 0110001 3
7 1111000 4

Input 0: 01001011
0 0
1 1
2 0
3 0
4 1
5 0
6 1
7 1

Input 1: 11000000
0 1
1 1
2 0
3 0
4 0
5 0
6 0
7 0

Input 2: 11011010
0 1
1 1
2 0
3 1
4 1
5 0
6 1
7 0

Input 3: 01010110
0 0
1 1
2 0
3 1
4 0
5 1
6 1
7 0

Input 4: 00011100
0 0
1 0
2 0
3 1
4 1
5 1
6 0
7 0

Input 5: 00110001
0 0
1 0
2 1
3 1
4 0
5 0
6 0
7 1

Input 6: 10110110
0 1
1 0
2 1
3 1
4 0
5 1
6 1
7 0

When matching output
x: not in operator
y: wrong position

Identity
0 0110001 3 match 6
1 1111000 4 match 7
2 0000011 2
3 0011111 5 match 0
4 1010100 3 match 1
5 0001101 3 match 2
6 1011001 4 match 3
7 1000010 2 match 4

Matching output
0 3
1 4
2 5
3 6
4 7
5 absent
6 0
7 1

Left
3 4 5 6 7 0y
Best: I3 4 5 6 7: 5

Right
1 0 7y
Best: I1 0: 2

NOT
0 1001110 4
1 0000111 3
2 1111100 5
3 1100000 2
4 0101011 4
5 1110010 4
6 0100110 3
7 0111101 5

Matching output
0 absent
1 absent
2 absent
3 absent
4 absent
5 absent
6 absent
7 absent

Left
none
Best: none

Right
none
Best: none

Constant
0 0000000 a match 5
1 1111111 a

Matching output
0 absent
1 absent
2 absent
3 absent
4 absent
5 C0
6 absent
7 absent

Left
none
Best: none

Right
none
Best: none

AND
01 10 0110000 2
12 21 0000000 a match 5
23 32 0000011 2
34 43 0010100 2
45 54 0000100 1
56 65 0001001 2
67 76 1000000 1
70 07 0000000 a match 5

02 20 0000001 1
13 31 0011000 2
24 42 0000000 a match 5
35 53 0001101 3 match 2
46 64 1010000 2
57 75 0000000 a match 5
60 06 0010001 2
71 17 1000000 1

03 30 0010001 2
14 41 1010000 2
25 52 0000001 1
36 63 0011001 3
47 74 1000000 1
50 05 0000001 1
61 16 1011000 3
72 27 0000010 1

04 40 0010000 1
15 51 0001000 1
26 62 0000001 1
37 73 0000010 1

Matching output
0 absent
1 absent
2 35 53
3 absent
4 absent
5 12 21 70 07 24 42 57 75
6 absent
7 absent

Left
none
Best: none

Right
none
Best: none

OR
01 10 1111001 5
12 21 1111011 6
23 32 0011111 5 match 0
34 43 1011111 6
45 54 1011101 5
56 65 1011101 5
67 76 1011011 5
70 07 1110011 5

02 20 0110011 4
13 31 1111111 a
24 42 1010111 5
35 53 0011111 5 match 0
46 64 1011101 5
57 75 1001111 5
60 06 1111001 5
71 17 1111010 5

03 30 0111111 6
14 41 1111100 5
25 52 0001111 4
36 63 1011111 6
47 74 1010110 4
50 05 0111101 5
61 16 1111001 5
72 27 1000011 3

04 40 1110101 5
15 51 1111101 6
26 62 1011011 5
37 73 1011111 6

Matching output
0 23 32 35 53
1 absent
2 absent
3 absent
4 absent
5 absent
6 absent
7 absent

Left
23 34x
32 43x
35 46x
53 64x
Best: OR23: 1

Right
none
Best: none

XOR
01 10 1001001 3
12 21 1111011 6
23 32 0011100 3
34 43 1001011 4
45 54 1011001 4 match 3
56 65 1010100 3 match 1
67 76 0011011 4
70 07 1110011 5

02 20 0110010 3
13 31 1100111 5
24 42 1010111 5
35 53 0010010 2
46 64 0001101 3 match 2
57 75 1001111 5
60 06 1101000 3
71 17 0111010 4

03 30 0101110 4
14 41 0101100 3
25 52 0001110 3
36 63 1000110 3
47 74 0010110 3
50 05 0111100 4
61 16 0100001 2
72 27 1000001 2

04 40 1100101 4
15 51 1110101 5
26 62 1011010 4
37 73 1011101 5

Matching output
0 absent
1 56 65
2 46 64
3 45 54
4 absent
5 absent
6 absent
7 absent

Left
none
Best: none

Right
none
Best: none

AND-NOT
01 0000001 1
12 1111000 4 match 7
23 0000000 a match 5
34 0001011 3
45 1010000 2
56 0000100 1
67 0011001 3
70 1000010 2 match 4

02 0110000 2
13 1100000 2
24 0000011 2
35 0010010 2
46 0000100 1
57 0001101 3 match 2
60 1001000 2
71 0000010 1

03 0100000 1
14 0101000 2
25 0000010 1
36 0000110 2
47 0010100 2
50 0001100 2
61 0000001 1
72 1000000 1

04 0100001 2
15 1110000 3
26 0000010 1
37 0011101 4
40 1000100 2
51 0000101 2
62 1011000 3
73 1000000 1

05 0110000 2
16 0100000 1
27 0000001 1
30 0001110 3
41 0000100 1
52 0001100 2
63 1000000 1
74 0000010 1

06 0100000 1
17 0111000 3
20 0000010 1
31 0000111 3
42 1010100 3 match 1
53 0000000 a match 5
64 0001001 2
75 1000010 2 match 4

07 0110001 3 match 6
10 1001000 2
21 0000011 2
32 0011100 3
43 1000000 1
54 0001001 2
65 1010000 2
76 0000010 1

Matching output
0 absent
1 42
2 57
3 absent
4 70 75
5 23 53
6 07
7 12

Left
none
Best: none

Right
12 01x
Best: AND-NOT12: 1

OR-NOT
01 0110111 5
12 1111100 5
23 1100011 4
34 0111111 6
45 1110110 5
56 0101111 5
67 1111101 6
70 1001110 4

02 1111101 6
13 1111000 4 match 7
24 0101011 4
35 1111111 a
46 1110110 5
57 0111101 5
60 1011111 6
71 1000111 4

03 1110001 4
14 1111011 6
25 1110011 5
36 0111111 6
47 1111101 6
50 1001111 5
61 1011111 6
72 1111110 6

04 0111011 5
15 1111010 5
26 0100111 4
37 0111111 6
40 1011110 5
51 0001111 4
62 1111101 6
73 1100010 3

05 1110011 5
16 1111110 6
27 0111111 6
30 1011111 6
41 1010111 5
52 1111101 6
63 1111001 5
74 1101011 5

06 0110111 5
17 1111101 6
20 1001111 5
31 0011111 5 match 0
42 1111100 5
53 1101101 5
64 1111011 6
75 1110010 4

07 0111101 5
10 1111110 6
21 0000111 3
32 1111111 a
43 1110100 4
54 0101111 5
65 1111011 6
76 1100110 4

Matching output
0 31
1 absent
2 absent
3 absent
4 absent
5 absent
6 absent
7 13

Left
31 42x
Best: OR-NOT31: 1

Right
13 02x
Best: OR-NOT13: 1

XOR-NOT
01 0110110 4
12 0000100 1
23 1100011 4
34 0110100 3
45 0100110 3
56 0101011 4
67 1100100 3
70 0001100 2

02 1001101 4
13 0011000 2
24 0101000 2
35 1101101 5
46 1110010 4
57 0110000 2
60 0010111 4
71 1000101 3

03 1010001 3
14 1010011 4
25 1110001 4
36 0111001 4
47 1101001 4
50 1000011 3
61 1011110 5
72 0111110 5

04 0011010 3
15 0001010 2
26 0100101 3
37 0100010 2
40 0011010 3
51 0001010 2
62 0100101 3
73 0100010 2

05 1000011 3
16 1011110 5
27 0111110 5
30 1010001 3
41 1010011 4
52 1110001 4
63 0111001 4
74 1101001 4

06 0010111 4
17 1000101 3
20 1001101 4
31 0011000 2
42 0101000 2
53 1101101 5
64 1110010 4
75 0110000 2

07 0001100 2
10 0110110 4
21 0000100 1
32 1100011 4
43 0110100 3
54 0100110 3
65 0101011 4
76 1100100 3

Matching output
0 absent
1 absent
2 absent
3 absent
4 absent
5 absent
6 absent
7 absent

Left
none
Best: none

Right
none
Best: none

Selecting

Lefts
Identity I3 4 5 6 7: 5
NOT none
Constant none
AND none
OR OR23: 1
XOR none
AND-NOT none
OR-NOT OR-NOT31: 1
XOR-NOT none

Rights
Identity I1 0: 2
NOT none
Constant none
AND none
OR none
XOR none
AND-NOT AND-NOT12: 1
OR-NOT OR-NOT13: 1
XOR-NOT none

Left longest: 5
Right longest: 2

Left winner: Identity yes, NOT no, Constant no, AND no, OR no, XOR no, AND-NOT no, OR-NOT no, XOR-NOT no
Right winner: Identity yes, NOT no, Constant no, AND no, OR no, XOR no, AND-NOT no, OR-NOT no, XOR-NOT no

Best left: I3 4 5 6 7: 5
Best right: I1 0: 2

Truncated left: I3 4 5 6 7: 5
Truncated right: I1 0: 2

Tentative from right
7 I1
6 I0
5 pending
4 pending
3 pending
2 pending
1 pending
0 pending

Tentative
0 I3
1 I4
2 I5
3 I6
4 I7
5 pending
6 I0
7 I1

Preferred from left
0 I3
1 I4
2 I5
3 I6
4 I7
5 ?0?
6 I0
7 I1

Preferred from right
7 I1
6 I0
5 ?07
4 I7
3 I6
2 I5
1 I4
0 I3

Preferred
0 I3
1 I4
2 I5
3 I6
4 I7
5 ?07 ?70
6 I0
7 I1

Matching
0 I3
1 I4
2 I5
3 I6
4 I7
5 ?07 ?70 - Identity absent, NOT absent, Constant C0, AND07, OR absent, XOR absent, AND-NOT absent, OR-NOT absent, XOR-NOT absent
6 I0
7 I1

Perfect match
Identity no
NOT no
Constant yes
AND no
OR no
XOR no
AND-NOT no
OR-NOT no
XOR-NOT no

Matched
0 I3
1 I4
2 I5
3 I6
4 I7
5 C0
6 I0
7 I1

Selected
0 I3
1 I4
2 I5
3 I6
4 I7
5 C0
6 I0
7 I1

Applying to 11110010
Input
0 1
1 1
2 1
3 1
4 0
5 0
6 1
7 0
Output
0 I3 = 1
1 I4 = 0
2 I5 = 0
3 I6 = 1
4 I7 = 0
5 C0 = 0
6 I0 = 1
7 I1 = 1

I will now return the answer in \boxed{}
The answer in \boxed{–} is \boxed{10010011}