We need to deduce the transformation by matching the example outputs.
I will put my final answer inside \boxed{}.

Output 0: 11100111
0 1
1 1
2 1
3 0
4 0
5 1
6 1
7 1

Output 1: 11101001
0 1
1 1
2 1
3 0
4 1
5 0
6 0
7 1

Output 2: 10001100
0 1
1 0
2 0
3 0
4 1
5 1
6 0
7 0

Output 3: 10110001
0 1
1 0
2 1
3 1
4 0
5 0
6 0
7 1

Output 4: 10101100
0 1
1 0
2 1
3 0
4 1
5 1
6 0
7 0

Output 5: 10110101
0 1
1 0
2 1
3 1
4 0
5 1
6 0
7 1

Output 6: 11110100
0 1
1 1
2 1
3 1
4 0
5 1
6 0
7 0

Output 7: 11010010
0 1
1 1
2 0
3 1
4 0
5 0
6 1
7 0

Output 8: 11000100
0 1
1 1
2 0
3 0
4 0
5 1
6 0
7 0

Output bit columns (with bitsum as hash)
0 111111111 a
1 110000111 5
2 110111100 6
3 000101110 4
4 011010000 3
5 101011101 6
6 100000010 2
7 110101000 4

Input 0: 00111000
0 0
1 0
2 1
3 1
4 1
5 0
6 0
7 0

Input 1: 10111111
0 1
1 0
2 1
3 1
4 1
5 1
6 1
7 1

Input 2: 00100010
0 0
1 0
2 1
3 0
4 0
5 0
6 1
7 0

Input 3: 00101101
0 0
1 0
2 1
3 0
4 1
5 1
6 0
7 1

Input 4: 01101000
0 0
1 1
2 1
3 0
4 1
5 0
6 0
7 0

Input 5: 00101100
0 0
1 0
2 1
3 0
4 1
5 1
6 0
7 0

Input 6: 11111010
0 1
1 1
2 1
3 1
4 1
5 0
6 1
7 0

Input 7: 00110101
0 0
1 0
2 1
3 1
4 0
5 1
6 0
7 1

Input 8: 10110100
0 1
1 0
2 1
3 1
4 0
5 1
6 0
7 0

When matching output
x: not in operator
y: wrong position

Identity
0 010000101 3
1 000010100 2
2 111111111 a match 0
3 110000111 5 match 1
4 110111100 6 match 2
5 010101011 5
6 011000100 3
7 010100010 3

Matching output
0 2
1 3
2 4
3 absent
4 absent
5 absent
6 absent
7 absent

Left
2 3 4 5x
Best: I2 3 4: 3

Right
none
Best: none

NOT
0 101111010 6
1 111101011 7
2 000000000 a
3 001111000 4
4 001000011 3
5 101010100 4
6 100111011 6
7 101011101 6 match 5

Matching output
0 absent
1 absent
2 absent
3 absent
4 absent
5 7
6 absent
7 absent

Left
none
Best: none

Right
none
Best: none

Constant
0 000000000 a
1 111111111 a match 0

Matching output
0 C1
1 absent
2 absent
3 absent
4 absent
5 absent
6 absent
7 absent

Left
1
Best: C1: 1

Right
none
Best: none

AND
01 10 000000100 1
12 21 000010100 2
23 32 110000111 5 match 1
34 43 110000100 3
45 54 010101000 3
56 65 010000000 1
67 76 010000000 1
70 07 010000000 1

02 20 010000101 3
13 31 000000100 1
24 42 110111100 6 match 2
35 53 010000011 3
46 64 010000100 2
57 75 010100010 3
60 06 010000100 2
71 17 000000000 a

03 30 010000101 3
14 41 000010100 2
25 52 010101011 5
36 63 010000100 2
47 74 010100000 2
50 05 010000001 2
61 16 000000100 1
72 27 010100010 3

04 40 010000100 2
15 51 000000000 a
26 62 011000100 3
37 73 010000010 2

Matching output
0 absent
1 23 32
2 24 42
3 absent
4 absent
5 absent
6 absent
7 absent

Left
none
Best: none

Right
none
Best: none

OR
01 10 010010101 4
12 21 111111111 a match 0
23 32 111111111 a match 0
34 43 110111111 8
45 54 110111111 8
56 65 011101111 7
67 76 011100110 5
70 07 010100111 5

02 20 111111111 a match 0
13 31 110010111 6
24 42 111111111 a match 0
35 53 110101111 7
46 64 111111100 7
57 75 010101011 5
60 06 011000101 4
71 17 010110110 5

03 30 110000111 5 match 1
14 41 110111100 6 match 2
25 52 111111111 a match 0
36 63 111000111 6
47 74 110111110 7
50 05 010101111 6
61 16 011010100 4
72 27 111111111 a match 0

04 40 110111101 7
15 51 010111111 7
26 62 111111111 a match 0
37 73 110100111 6

Matching output
0 12 21 23 32 02 20 24 42 25 52 72 27 26 62
1 03 30
2 14 41
3 absent
4 absent
5 absent
6 absent
7 absent

Left
12 23y
21 32y
23 34x
32 43x
02 13x
20 31x
24 35x
42 53x
25 36x
52 63x
72 03 14 25y
27 30 41 52y
26 37x
62 73x
Best: OR72 03 14: 3

Right
none
Best: none

XOR
01 10 010010001 3
12 21 111101011 7
23 32 001111000 4
34 43 000111011 5
45 54 100010111 5
56 65 001101111 6
67 76 001100110 4
70 07 000100111 4

02 20 101111010 6
13 31 110010011 5
24 42 001000011 3
35 53 100101100 4
46 64 101111000 5
57 75 000001001 2
60 06 001000001 2
71 17 010110110 5

03 30 100000010 2 match 6
14 41 110101000 4 match 7
25 52 101010100 4
36 63 101000011 4
47 74 100011110 5
50 05 000101110 4 match 3
61 16 011010000 3 match 4
72 27 101011101 6 match 5

04 40 100111001 5
15 51 010111111 7
26 62 100111011 6
37 73 100100101 4

Matching output
0 absent
1 absent
2 absent
3 50 05
4 61 16
5 72 27
6 03 30
7 14 41

Left
none
Best: none

Right
14 03 72 61 50 47x
41 30 27 16 05 74x
Best: XOR14 03 72 61 50: 5

AND-NOT
01 010000001 2
12 000000000 a
23 001111000 4
34 000000011 2
45 100010100 3
56 000101011 4
67 001000100 2
70 000100010 2

02 000000000 a
13 000010000 1
24 001000011 3
35 100000100 2
46 100111000 4
57 000001001 2
60 001000000 1
71 010100010 3

03 000000000 a
14 000000000 a
25 101010100 4
36 100000011 3
47 100011100 4
50 000101010 3
61 011000000 2
72 000000000 a

04 000000001 1
15 000010100 2
26 100111011 6
37 100000101 3
40 100111000 4
51 010101011 5
62 000000000 a
73 000100000 1

05 000000100 1
16 000010000 1
27 101011101 6 match 5
30 100000010 2 match 6
41 110101000 4 match 7
52 000000000 a
63 001000000 1
74 000000010 1

06 000000001 1
17 000010100 2
20 101111010 6
31 110000011 4
42 000000000 a
53 000101000 2
64 001000000 1
75 000000000 a

07 000000101 2
10 000010000 1
21 111101011 7
32 000000000 a
43 000111000 3
54 000000011 2
65 001000100 2
76 000100010 2

Matching output
0 absent
1 absent
2 absent
3 absent
4 absent
5 27
6 30
7 41

Left
none
Best: none

Right
41 30 27 16x
Best: AND-NOT41 30 27: 3

OR-NOT
01 111101111 8
12 000010100 2
23 111111111 a match 0
34 111000111 6
45 111111100 7
56 110111011 7
67 111011101 7
70 111111010 7

02 010000101 3
13 001111100 5
24 111111111 a match 0
35 111010111 7
46 110111111 8
57 111111111 a match 0
60 111111110 8
71 111101011 7

03 011111101 7
14 001010111 5
25 111111111 a match 0
36 110111111 8
47 111111101 8
50 111111011 8
61 111101111 8
72 010100010 3

04 011000111 5
15 101010100 4
26 111111111 a match 0
37 111011111 8
40 111111110 8
51 111101011 7
62 011000100 3
73 011111010 6

05 111010101 6
16 100111111 7
27 111111111 a match 0
30 111111111 a match 0
41 111111111 a match 0
52 010101011 5
63 011111100 6
74 011100011 5

06 110111111 8
17 101011101 6 match 5
20 111111111 a match 0
31 111101111 8
42 110111100 6 match 2
53 011111011 7
64 011000111 5
75 111110110 7

07 111011101 7
10 101111110 7
21 111111111 a match 0
32 110000111 5 match 1
43 111111100 7
54 011101011 6
65 111010100 5
76 110111011 7

Matching output
0 23 24 57 25 26 27 30 41 20 21
1 32
2 42
3 absent
4 absent
5 17
6 absent
7 absent

Left
23 34x
24 35x
57 60x
25 36x
26 37x
27 30y
30 41y
41 52x
20 31x
21 32 43x
Best: OR-NOT21 32: 2

Right
none
Best: none

XOR-NOT
01 101101110 6
12 000010100 2
23 110000111 5 match 1
34 111000100 4
45 011101000 4
56 110010000 3
67 110011001 5
70 111011000 5

02 010000101 3
13 001101100 4
24 110111100 6 match 2
35 011010011 5
46 010000111 4
57 111110110 7
60 110111110 7
71 101001001 4

03 011111101 7
14 001010111 5
25 010101011 5
36 010111100 5
47 011100001 4
50 111010001 5
61 100101111 6
72 010100010 3

04 011000110 4
15 101000000 2
26 011000100 3
37 011011010 5
40 011000110 4
51 101000000 2
62 011000100 3
73 011011010 5

05 111010001 5
16 100101111 6
27 010100010 3
30 011111101 7
41 001010111 5
52 010101011 5
63 010111100 5
74 011100001 4

06 110111110 7
17 101001001 4
20 010000101 3
31 001101100 4
42 110111100 6 match 2
53 011010011 5
64 010000111 4
75 111110110 7

07 111011000 5
10 101101110 6
21 000010100 2
32 110000111 5 match 1
43 111000100 4
54 011101000 4
65 110010000 3
76 110011001 5

Matching output
0 absent
1 23 32
2 24 42
3 absent
4 absent
5 absent
6 absent
7 absent

Left
none
Best: none

Right
none
Best: none

Selecting

Lefts
Identity I2 3 4: 3
NOT none
Constant C1: 1
AND none
OR OR72 03 14: 3
XOR none
AND-NOT none
OR-NOT OR-NOT21 32: 2
XOR-NOT none

Rights
Identity none
NOT none
Constant none
AND none
OR none
XOR XOR14 03 72 61 50: 5
AND-NOT AND-NOT41 30 27: 3
OR-NOT none
XOR-NOT none

Left longest: 3
Right longest: 5

Right winner: Identity no, NOT no, Constant no, AND no, OR no, XOR yes, AND-NOT no, OR-NOT no, XOR-NOT no
Left winner: Identity yes, NOT no, Constant no, AND no, OR no, XOR no, AND-NOT no, OR-NOT no, XOR-NOT no

Best right: XOR14 03 72 61 50: 5
Best left: I2 3 4: 3

Truncated right: XOR14 03 72 61 50: 5
Truncated left: I2 3 4: 3

Tentative from right
7 XOR14
6 XOR03
5 XOR72
4 XOR61
3 XOR50
2 pending
1 pending
0 pending

Tentative
0 I2
1 I3
2 I4
3 XOR50
4 XOR61
5 XOR72
6 XOR03
7 XOR14

Preferred from right
7 XOR14
6 XOR03
5 XOR72
4 XOR61
3 XOR50
2 I4
1 I3
0 I2

Preferred from left
0 I2
1 I3
2 I4
3 XOR50
4 XOR61
5 XOR72
6 XOR03
7 XOR14

Preferred
0 I2
1 I3
2 I4
3 XOR50
4 XOR61
5 XOR72
6 XOR03
7 XOR14

Matching
0 I2
1 I3
2 I4
3 XOR50
4 XOR61
5 XOR72
6 XOR03
7 XOR14

Perfect match
Identity no
NOT no
Constant no
AND no
OR no
XOR no
AND-NOT no
OR-NOT no
XOR-NOT no

Matched
0 I2
1 I3
2 I4
3 XOR50
4 XOR61
5 XOR72
6 XOR03
7 XOR14

Selected
0 I2
1 I3
2 I4
3 XOR50
4 XOR61
5 XOR72
6 XOR03
7 XOR14

Applying to 00011100
Input
0 0
1 0
2 0
3 1
4 1
5 1
6 0
7 0
Output
0 I2 = 0
1 I3 = 1
2 I4 = 1
3 XOR50 = XOR(1,0) = 1
4 XOR61 = XOR(0,0) = 0
5 XOR72 = XOR(0,0) = 0
6 XOR03 = XOR(0,1) = 1
7 XOR14 = XOR(0,1) = 1

I will now return the answer in \boxed{}
The answer in \boxed{–} is \boxed{01110011}