We need to deduce the transformation by matching the example outputs.
I will put my final answer inside \boxed{}.

Output 0: 11110001
0 1
1 1
2 1
3 1
4 0
5 0
6 0
7 1

Output 1: 10001111
0 1
1 0
2 0
3 0
4 1
5 1
6 1
7 1

Output 2: 01100110
0 0
1 1
2 1
3 0
4 0
5 1
6 1
7 0

Output 3: 01101100
0 0
1 1
2 1
3 0
4 1
5 1
6 0
7 0

Output 4: 01111110
0 0
1 1
2 1
3 1
4 1
5 1
6 1
7 0

Output 5: 01010100
0 0
1 1
2 0
3 1
4 0
5 1
6 0
7 0

Output 6: 11100101
0 1
1 1
2 1
3 0
4 0
5 1
6 0
7 1

Output 7: 01101110
0 0
1 1
2 1
3 0
4 1
5 1
6 1
7 0

Output bit columns (with bitsum as hash)
0 11000010 3
1 10111111 7
2 10111011 6
3 10001100 3
4 01011001 4
5 01111111 7
6 01101001 4
7 11000010 3

Input 0: 11011111
0 1
1 1
2 0
3 1
4 1
5 1
6 1
7 1

Input 1: 00011010
0 0
1 0
2 0
3 1
4 1
5 0
6 1
7 0

Input 2: 00110001
0 0
1 0
2 1
3 1
4 0
5 0
6 0
7 1

Input 3: 01101110
0 0
1 1
2 1
3 0
4 1
5 1
6 1
7 0

Input 4: 00110000
0 0
1 0
2 1
3 1
4 0
5 0
6 0
7 0

Input 5: 01110011
0 0
1 1
2 1
3 1
4 0
5 0
6 1
7 1

Input 6: 01000001
0 0
1 1
2 0
3 0
4 0
5 0
6 0
7 1

Input 7: 00101110
0 0
1 0
2 1
3 0
4 1
5 1
6 1
7 0

When matching output
x: not in operator
y: wrong position

Identity
0 10000000 1
1 10010110 4
2 00111101 5
3 11101100 5
4 11010001 4
5 10010001 3
6 11010101 5
7 10100110 4

Matching output
0 absent
1 absent
2 absent
3 absent
4 absent
5 absent
6 absent
7 absent

Left
none
Best: none

Right
none
Best: none

NOT
0 01111111 7 match 5
1 01101001 4 match 6
2 11000010 3 match 0 7
3 00010011 3
4 00101110 4
5 01101110 5
6 00101010 3
7 01011001 4 match 4

Matching output
0 2
1 absent
2 absent
3 absent
4 7
5 0
6 1
7 2

Left
2 3x
Best: NOT2: 1

Right
2 1 0 7 6x
Best: NOT2 1 0 7: 4

Constant
0 00000000 a
1 11111111 a

Matching output
0 absent
1 absent
2 absent
3 absent
4 absent
5 absent
6 absent
7 absent

Left
none
Best: none

Right
none
Best: none

AND
01 10 10000000 1
12 21 00010100 2
23 32 00101100 3
34 43 11000000 2
45 54 10010001 3
56 65 10010001 3
67 76 10000100 2
70 07 10000000 1

02 20 00000000 a
13 31 10000100 2
24 42 00010001 2
35 53 10000000 1
46 64 11010001 4
57 75 10000000 1
60 06 10000000 1
71 17 10000110 3

03 30 10000000 1
14 41 10010000 2
25 52 00010001 2
36 63 11000100 3
47 74 10000000 1
50 05 10000000 1
61 16 10010100 3
72 27 00100100 2

04 40 10000000 1
15 51 10010000 2
26 62 00010101 3
37 73 10100100 3

Matching output
0 absent
1 absent
2 absent
3 absent
4 absent
5 absent
6 absent
7 absent

Left
none
Best: none

Right
none
Best: none

OR
01 10 10010110 4
12 21 10111111 7 match 1
23 32 11111101 7
34 43 11111101 7
45 54 11010001 4
56 65 11010101 5
67 76 11110111 7
70 07 10100110 4

02 20 10111101 6
13 31 11111110 7
24 42 11111101 7
35 53 11111101 7
46 64 11010101 5
57 75 10110111 6
60 06 11010101 5
71 17 10110110 5

03 30 11101100 5
14 41 11010111 6
25 52 10111101 6
36 63 11111101 7
47 74 11110111 7
50 05 10010001 3
61 16 11010111 6
72 27 10111111 7 match 1

04 40 11010001 4
15 51 10010111 5
26 62 11111101 7
37 73 11101110 6

Matching output
0 absent
1 12 21 72 27
2 absent
3 absent
4 absent
5 absent
6 absent
7 absent

Left
none
Best: none

Right
none
Best: none

XOR
01 10 00010110 3
12 21 10101011 5
23 32 11010001 4
34 43 00111101 5
45 54 01000000 1
56 65 01000100 2
67 76 01110011 5
70 07 00100110 3

02 20 10111101 6
13 31 01111010 5
24 42 11101100 5
35 53 01111101 6
46 64 00000100 1
57 75 00110111 5
60 06 01010101 4
71 17 00110000 2

03 30 01101100 4
14 41 01000111 4
25 52 10101100 4
36 63 00111001 4
47 74 01110111 6
50 05 00010001 2
61 16 01000011 3
72 27 10011011 5

04 40 01010001 3
15 51 00000111 3
26 62 11101000 4
37 73 01001010 3

Matching output
0 absent
1 absent
2 absent
3 absent
4 absent
5 absent
6 absent
7 absent

Left
none
Best: none

Right
none
Best: none

AND-NOT
01 00000000 a
12 10000010 2
23 00010001 2
34 00101100 3
45 01000000 1
56 00000000 a
67 01010001 3
70 00100110 3

02 10000000 1
13 00010010 2
24 00101100 3
35 01101100 4
46 00000000 a
57 00010001 2
60 01010101 4
71 00100000 1

03 00000000 a
14 00000110 2
25 00101100 3
36 00101000 2
47 01010001 3
50 00010001 2
61 01000001 2
72 10000010 2

04 00000000 a
15 00000110 2
26 00101000 2
37 01001000 2
40 01010001 3
51 00000001 1
62 11000000 2
73 00000010 1

05 00000000 a
16 00000010 1
27 00011001 3
30 01101100 4
41 01000001 2
52 10000000 1
63 00010001 2
74 00100110 3

06 00000000 a
17 00010000 1
20 00111101 5
31 01101000 3
42 11000000 2
53 00010001 2
64 00000100 1
75 00100110 3

07 00000000 a
10 00010110 3
21 00101001 3
32 11000000 2
43 00010001 2
54 00000000 a
65 01000100 2
76 00100010 2

Matching output
0 absent
1 absent
2 absent
3 absent
4 absent
5 absent
6 absent
7 absent

Left
none
Best: none

Right
none
Best: none

OR-NOT
01 11101001 5
12 11010110 5
23 00111111 6
34 11101110 6
45 11111111 a
56 10111011 6 match 2
67 11011101 6
70 11111111 a

02 11000010 3 match 0 7
13 10010111 5
24 00111111 6
35 11101110 6
46 11111011 7
57 11011001 5
60 11111111 a
71 11101111 7

03 10010011 4
14 10111110 6
25 01111111 7 match 5
36 11101110 6
47 11011001 5
50 11111111 a
61 11111101 7
72 11100110 5

04 10101110 5
15 11111110 7
26 00111111 6
37 11111101 7
40 11111111 a
51 11111001 6
62 11010111 6
73 10110111 6

05 11101110 6
16 10111110 6
27 01111101 6
30 11111111 a
41 11111001 6
52 11010011 5
63 11010111 6
74 10101110 5

06 10101010 4
17 11011111 7
20 01111111 7 match 5
31 11101101 6
42 11010011 5
53 10010011 4
64 11111111 a
75 11101110 6

07 11011001 5
10 11111111 a
21 01111101 6
32 11101110 6
43 11010011 5
54 10111111 7 match 1
65 11111111 a
76 10101110 5

Matching output
0 02
1 54
2 56
3 absent
4 absent
5 25 20
6 absent
7 02

Left
02 13x
Best: OR-NOT02: 1

Right
02 71x
Best: OR-NOT02: 1

XOR-NOT
01 11101001 5
12 01010100 3
23 00101110 4
34 11000010 3 match 0 7
45 10111111 7 match 1
56 10111011 6 match 2
67 10001100 3 match 3
70 11011001 5

02 01000010 2
13 10000101 3
24 00010011 3
35 10000010 2
46 11111011 7
57 11001000 3
60 10101010 4
71 11001111 6

03 10010011 4
14 10111000 4
25 01010011 4
36 11000110 4
47 10001000 2
50 11101110 6
61 10111100 5
72 01100100 3

04 10101110 5
15 11111000 5
26 00010111 4
37 10110101 5
40 10101110 5
51 11111000 5
62 00010111 4
73 10110101 5

05 11101110 6
16 10111100 5
27 01100100 3
30 10010011 4
41 10111000 4
52 01010011 4
63 11000110 4
74 10001000 2

06 10101010 4
17 11001111 6
20 01000010 2
31 10000101 3
42 00010011 3
53 10000010 2
64 11111011 7
75 11001000 3

07 11011001 5
10 11101001 5
21 01010100 3
32 00101110 4
43 11000010 3 match 0 7
54 10111111 7 match 1
65 10111011 6 match 2
76 10001100 3 match 3

Matching output
0 34 43
1 45 54
2 56 65
3 67 76
4 absent
5 absent
6 absent
7 34 43

Left
34 45 56 67 70x
43 54 65 76 07x
Best: XOR-NOT34 45 56 67: 4

Right
34 23x
43 32x
Best: XOR-NOT34: 1

Selecting

Lefts
Identity none
NOT NOT2: 1
Constant none
AND none
OR none
XOR none
AND-NOT none
OR-NOT OR-NOT02: 1
XOR-NOT XOR-NOT34 45 56 67: 4

Rights
Identity none
NOT NOT2 1 0 7: 4
Constant none
AND none
OR none
XOR none
AND-NOT none
OR-NOT OR-NOT02: 1
XOR-NOT XOR-NOT34: 1

Left longest: 4
Right longest: 4

Left winner: Identity no, NOT no, Constant no, AND no, OR no, XOR no, AND-NOT no, OR-NOT no, XOR-NOT yes
Right winner: Identity no, NOT yes, Constant no, AND no, OR no, XOR no, AND-NOT no, OR-NOT no, XOR-NOT no

Best left: XOR-NOT34 45 56 67: 4
Best right: NOT2 1 0 7: 4

Truncated left: XOR-NOT34 45 56 67: 4
Truncated right: NOT2 1 0 7: 4

Tentative from right
7 NOT2
6 NOT1
5 NOT0
4 NOT7
3 pending
2 pending
1 pending
0 pending

Tentative
0 XOR-NOT34
1 XOR-NOT45
2 XOR-NOT56
3 XOR-NOT67
4 NOT7
5 NOT0
6 NOT1
7 NOT2

Preferred from left
0 XOR-NOT34
1 XOR-NOT45
2 XOR-NOT56
3 XOR-NOT67
4 NOT7
5 NOT0
6 NOT1
7 NOT2

Preferred from right
7 NOT2
6 NOT1
5 NOT0
4 NOT7
3 XOR-NOT67
2 XOR-NOT56
1 XOR-NOT45
0 XOR-NOT34

Preferred
0 XOR-NOT34
1 XOR-NOT45
2 XOR-NOT56
3 XOR-NOT67
4 NOT7
5 NOT0
6 NOT1
7 NOT2

Matching
0 XOR-NOT34
1 XOR-NOT45
2 XOR-NOT56
3 XOR-NOT67
4 NOT7
5 NOT0
6 NOT1
7 NOT2

Perfect match
Identity no
NOT no
Constant no
AND no
OR no
XOR no
AND-NOT no
OR-NOT no
XOR-NOT no

Matched
0 XOR-NOT34
1 XOR-NOT45
2 XOR-NOT56
3 XOR-NOT67
4 NOT7
5 NOT0
6 NOT1
7 NOT2

Selected
0 XOR-NOT34
1 XOR-NOT45
2 XOR-NOT56
3 XOR-NOT67
4 NOT7
5 NOT0
6 NOT1
7 NOT2

Applying to 00001110
Input
0 0
1 0
2 0
3 0
4 1
5 1
6 1
7 0
Output
0 XOR-NOT34 = XOR(0,NOT(1)) = 0
1 XOR-NOT45 = XOR(1,NOT(1)) = 1
2 XOR-NOT56 = XOR(1,NOT(1)) = 1
3 XOR-NOT67 = XOR(1,NOT(0)) = 0
4 NOT7 = NOT(0) = 1
5 NOT0 = NOT(0) = 1
6 NOT1 = NOT(0) = 1
7 NOT2 = NOT(0) = 1

I will now return the answer in \boxed{}
The answer in \boxed{–} is \boxed{01101111}