We need to deduce the transformation by matching the example outputs.
I will put my final answer inside \boxed{}.

Output 0: 00101111
0 0
1 0
2 1
3 0
4 1
5 1
6 1
7 1

Output 1: 00010111
0 0
1 0
2 0
3 1
4 0
5 1
6 1
7 1

Output 2: 10110111
0 1
1 0
2 1
3 1
4 0
5 1
6 1
7 1

Output 3: 00111111
0 0
1 0
2 1
3 1
4 1
5 1
6 1
7 1

Output 4: 00111011
0 0
1 0
2 1
3 1
4 1
5 0
6 1
7 1

Output 5: 00011111
0 0
1 0
2 0
3 1
4 1
5 1
6 1
7 1

Output 6: 11010111
0 1
1 1
2 0
3 1
4 0
5 1
6 1
7 1

Output 7: 11110011
0 1
1 1
2 1
3 1
4 0
5 0
6 1
7 1

Output 8: 11111111
0 1
1 1
2 1
3 1
4 1
5 1
6 1
7 1

Output 9: 11110111
0 1
1 1
2 1
3 1
4 0
5 1
6 1
7 1

Output bit columns (with bitsum as hash)
0 0010001111 5
1 0000001111 4
2 1011100111 7
3 0111111111 9
4 1001110010 5
5 1111011011 8
6 1111111111 a
7 1111111111 a

Input 0: 01010100
0 0
1 1
2 0
3 1
4 0
5 1
6 0
7 0

Input 1: 01101010
0 0
1 1
2 1
3 0
4 1
5 0
6 1
7 0

Input 2: 01000010
0 0
1 1
2 0
3 0
4 0
5 0
6 1
7 0

Input 3: 00110000
0 0
1 0
2 1
3 1
4 0
5 0
6 0
7 0

Input 4: 10111001
0 1
1 0
2 1
3 1
4 1
5 0
6 0
7 1

Input 5: 10111000
0 1
1 0
2 1
3 1
4 1
5 0
6 0
7 0

Input 6: 11011010
0 1
1 1
2 0
3 1
4 1
5 0
6 1
7 0

Input 7: 10011011
0 1
1 0
2 0
3 1
4 1
5 0
6 1
7 1

Input 8: 11000000
0 1
1 1
2 0
3 0
4 0
5 0
6 0
7 0

Input 9: 00010010
0 0
1 0
2 0
3 1
4 0
5 0
6 1
7 0

When matching output
x: not in operator
y: wrong position

Identity
0 0000111110 5
1 1110001010 5
2 0101110000 4
3 1001111101 7
4 0100111100 5
5 1000000000 1
6 0110001101 5
7 0000100100 2

Matching output
0 absent
1 absent
2 absent
3 absent
4 absent
5 absent
6 absent
7 absent

Left
none
Best: none

Right
none
Best: none

NOT
0 1111000001 5
1 0001110101 5
2 1010001111 6
3 0110000010 3
4 1011000011 5
5 0111111111 9 match 3
6 1001110010 5 match 4
7 1111011011 8 match 5

Matching output
0 absent
1 absent
2 absent
3 5
4 6
5 7
6 absent
7 absent

Left
none
Best: none

Right
none
Best: none

Constant
0 0000000000 a
1 1111111111 a match 6 7

Matching output
0 absent
1 absent
2 absent
3 absent
4 absent
5 absent
6 C1
7 C1

Left
none
Best: none

Right
1 1
Best: C1 1: 2

AND
01 10 0000001010 2
12 21 0100000000 1
23 32 0001110000 3
34 43 0000111100 4
45 54 0000000000 a
56 65 0000000000 a
67 76 0000000100 1
70 07 0000100100 2

02 20 0000110000 2
13 31 1000001000 2
24 42 0100110000 3
35 53 1000000000 1
46 64 0100001100 3
57 75 0000000000 a
60 06 0000001100 2
71 17 0000000000 a

03 30 0000111100 4
14 41 0100001000 2
25 52 0000000000 a
36 63 0000001101 3
47 74 0000100100 2
50 05 0000000000 a
61 16 0110001000 3
72 27 0000100000 1

04 40 0000111100 4
15 51 1000000000 1
26 62 0100000000 1
37 73 0000100100 2

Matching output
0 absent
1 absent
2 absent
3 absent
4 absent
5 absent
6 absent
7 absent

Left
none
Best: none

Right
none
Best: none

OR
01 10 1110111110 8
12 21 1111111010 8
23 32 1101111101 8
34 43 1101111101 8
45 54 1100111100 6
56 65 1110001101 6
67 76 0110101101 6
70 07 0000111110 5

02 20 0101111110 7
13 31 1111111111 a match 6 7
24 42 0101111100 6
35 53 1001111101 7
46 64 0110111101 7
57 75 1000100100 3
60 06 0110111111 8
71 17 1110101110 7

03 30 1001111111 8
14 41 1110111110 8
25 52 1101110000 5
36 63 1111111101 9
47 74 0100111100 5
50 05 1000111110 6
61 16 1110001111 7
72 27 0101110100 5

04 40 0100111110 6
15 51 1110001010 5
26 62 0111111101 8
37 73 1001111101 7

Matching output
0 absent
1 absent
2 absent
3 absent
4 absent
5 absent
6 13 31
7 13 31

Left
none
Best: none

Right
13 02x
31 20x
Best: OR13: 1

XOR
01 10 1110110100 6
12 21 1011111010 7
23 32 1100001101 5
34 43 1101000001 4
45 54 1100111100 6
56 65 1110001101 6
67 76 0110101001 5
70 07 0000011010 3

02 20 0101001110 5
13 31 0111110111 8
24 42 0001001100 3
35 53 0001111101 6
46 64 0010110001 4
57 75 1000100100 3
60 06 0110110011 6
71 17 1110101110 7

03 30 1001000011 4
14 41 1010110110 6
25 52 1101110000 5
36 63 1111110000 6
47 74 0100011000 3
50 05 1000111110 6
61 16 1000000111 4
72 27 0101010100 4

04 40 0100000010 2
15 51 0110001010 4
26 62 0011111101 7
37 73 1001011001 5

Matching output
0 absent
1 absent
2 absent
3 absent
4 absent
5 absent
6 absent
7 absent

Left
none
Best: none

Right
none
Best: none

AND-NOT
01 0000110100 3
12 1010001010 4
23 0100000000 1
34 1001000001 3
45 0100111100 5
56 1000000000 1
67 0110001001 4
70 0000000000 a

02 0000001110 3
13 0110000010 3
24 0001000000 1
35 0001111101 6
46 0000110000 2
57 1000000000 1
60 0110000001 3
71 0000100100 2

03 0000000010 1
14 1010000010 3
25 0101110000 4
36 1001110000 4
47 0100011000 3
50 1000000000 1
61 0000000101 2
72 0000000100 1

04 0000000010 1
15 0110001010 4
26 0001110000 3
37 1001011001 5
40 0100000000 1
51 0000000000 a
62 0010001101 4
73 0000000000 a

05 0000111110 5
16 1000000010 2
27 0101010000 3
30 1001000001 3
41 0000110100 3
52 1000000000 1
63 0110000000 2
74 0000000000 a

06 0000110010 3
17 1110001010 5
20 0101000000 2
31 0001110101 5
42 0000001100 2
53 0000000000 a
64 0010000001 2
75 0000100100 2

07 0000011010 3
10 1110000000 3
21 0001110000 3
32 1000001101 4
43 0100000000 1
54 1000000000 1
65 0110001101 5
76 0000100000 1

Matching output
0 absent
1 absent
2 absent
3 absent
4 absent
5 absent
6 absent
7 absent

Left
none
Best: none

Right
none
Best: none

OR-NOT
01 0001111111 7
12 1110001111 7
23 0111110010 6
34 1011111111 9
45 0111111111 9 match 3
56 1001110010 5 match 4
67 1111011111 9
70 1111100101 7

02 1010111111 8
13 1110001010 5
24 1111110011 8
35 1111111111 a match 6 7
46 1101111110 8
57 1111011011 8 match 5
60 1111001101 7
71 0001110101 5

03 0110111110 7
14 1111001011 7
25 0111111111 9 match 3
36 1001111111 8
47 1111111111 a match 6 7
50 1111000001 5
61 0111111101 8
72 1010101111 7

04 1011111111 9
15 1111111111 a match 6 7
26 1101110010 6
37 1111111111 a match 6 7
40 1111111101 9
51 1001110101 6
62 1110001111 7
73 0110100110 5

05 0111111111 9 match 3
16 1111111010 8
27 1111111011 9
30 1111111101 9
41 0101111101 7
52 1010001111 6
63 0110001111 6
74 1011100111 7 match 2

06 1001111110 7
17 1111011011 8 match 5
20 1111110001 7
31 1001111101 7
42 1110111111 9
53 1110000010 4
64 1111001111 8
75 0111111111 9 match 3

07 1111111111 a match 6 7
10 1111001011 7
21 0101110101 6
32 1011111111 9
43 0110111110 7
54 1011000011 5
65 0111111111 9 match 3
76 1001110110 6

Matching output
0 absent
1 absent
2 74
3 45 25 05 75 65
4 56
5 57 17
6 35 47 15 37 07
7 35 47 15 37 07

Left
none
Best: none

Right
35 24x
47 36x
15 04x
37 26x
07 76x
Best: OR-NOT35: 1

XOR-NOT
01 0001001011 4
12 0100000101 3
23 0011110010 5
34 0010111110 6
45 0011000011 4
56 0001110010 4
67 1001010110 5
70 1111100101 7

02 1010110001 5
13 1000001000 2
24 1110110011 7
35 1110000010 4
46 1101001110 6
57 0111011011 7
60 1001001100 4
71 0001010001 3

03 0110111100 6
14 0101001001 4
25 0010001111 5 match 0
36 0000001111 4 match 1
47 1011100111 7 match 2
50 0111000001 4
61 0111111000 6
72 1010101011 6

04 1011111101 8
15 1001110101 6
26 1100000010 3
37 0110100110 5
40 1011111101 8
51 1001110101 6
62 1100000010 3
73 0110100110 5

05 0111000001 4
16 0111111000 6
27 1010101011 6
30 0110111100 6
41 0101001001 4
52 0010001111 5 match 0
63 0000001111 4 match 1
74 1011100111 7 match 2

06 1001001100 4
17 0001010001 3
20 1010110001 5
31 1000001000 2
42 1110110011 7
53 1110000010 4
64 1101001110 6
75 0111011011 7

07 1111100101 7
10 0001001011 4
21 0100000101 3
32 0011110010 5
43 0010111110 6
54 0011000011 4
65 0001110010 4
76 1001010110 5

Matching output
0 25 52
1 36 63
2 47 74
3 absent
4 absent
5 absent
6 absent
7 absent

Left
25 36 47 50x
52 63 74 05x
Best: XOR-NOT25 36 47: 3

Right
none
Best: none

Selecting

Lefts
Identity none
NOT none
Constant none
AND none
OR none
XOR none
AND-NOT none
OR-NOT none
XOR-NOT XOR-NOT25 36 47: 3

Rights
Identity none
NOT none
Constant C1 1: 2
AND none
OR OR13: 1
XOR none
AND-NOT none
OR-NOT OR-NOT35: 1
XOR-NOT none

Left longest: 3
Right longest: 2

Left winner: Identity no, NOT no, Constant no, AND no, OR no, XOR no, AND-NOT no, OR-NOT no, XOR-NOT yes
Right winner: Identity no, NOT no, Constant yes, AND no, OR no, XOR no, AND-NOT no, OR-NOT no, XOR-NOT no

Best left: XOR-NOT25 36 47: 3
Best right: C1 1: 2

Truncated left: XOR-NOT25 36 47: 3
Truncated right: C1 1: 2

Tentative from right
7 C1
6 C1
5 pending
4 pending
3 pending
2 pending
1 pending
0 pending

Tentative
0 XOR-NOT25
1 XOR-NOT36
2 XOR-NOT47
3 pending
4 pending
5 pending
6 C1
7 C1

Preferred from left
0 XOR-NOT25
1 XOR-NOT36
2 XOR-NOT47
3 ?50
4 ?61
5 ?72
6 C1
7 C1

Preferred from right
7 C1
6 C1
5 ?72
4 ?61
3 ?50
2 XOR-NOT47
1 XOR-NOT36
0 XOR-NOT25

Preferred
0 XOR-NOT25
1 XOR-NOT36
2 XOR-NOT47
3 ?50 ?05
4 ?61 ?16
5 ?72 ?27
6 C1
7 C1

Matching
0 XOR-NOT25
1 XOR-NOT36
2 XOR-NOT47
3 ?50 ?05 - Identity absent, NOT NOT5, Constant absent, AND absent, OR absent, XOR absent, AND-NOT absent, OR-NOT05, XOR-NOT absent
4 ?61 ?16 - Identity absent, NOT NOT6, Constant absent, AND absent, OR absent, XOR absent, AND-NOT absent, OR-NOT absent, XOR-NOT absent
5 ?72 ?27 - Identity absent, NOT NOT7, Constant absent, AND absent, OR absent, XOR absent, AND-NOT absent, OR-NOT absent, XOR-NOT absent
6 C1
7 C1

Perfect match
Identity no
NOT yes
Constant no
AND no
OR no
XOR no
AND-NOT no
OR-NOT no
XOR-NOT no

Matched
0 XOR-NOT25
1 XOR-NOT36
2 XOR-NOT47
3 NOT5
4 NOT6
5 NOT7
6 C1
7 C1

Selected
0 XOR-NOT25
1 XOR-NOT36
2 XOR-NOT47
3 NOT5
4 NOT6
5 NOT7
6 C1
7 C1

Applying to 01100100
Input
0 0
1 1
2 1
3 0
4 0
5 1
6 0
7 0
Output
0 XOR-NOT25 = XOR(1,NOT(1)) = 1
1 XOR-NOT36 = XOR(0,NOT(0)) = 1
2 XOR-NOT47 = XOR(0,NOT(0)) = 1
3 NOT5 = NOT(1) = 0
4 NOT6 = NOT(0) = 1
5 NOT7 = NOT(0) = 1
6 C1 = 1
7 C1 = 1

I will now return the answer in \boxed{}
The answer in \boxed{–} is \boxed{11101111}