We need to deduce the transformation by matching the example outputs.
I will put my final answer inside \boxed{}.

Output 0: 01011010
0 0
1 1
2 0
3 1
4 1
5 0
6 1
7 0

Output 1: 11111011
0 1
1 1
2 1
3 1
4 1
5 0
6 1
7 1

Output 2: 10111101
0 1
1 0
2 1
3 1
4 1
5 1
6 0
7 1

Output 3: 11111110
0 1
1 1
2 1
3 1
4 1
5 1
6 1
7 0

Output 4: 00110111
0 0
1 0
2 1
3 1
4 0
5 1
6 1
7 1

Output 5: 01101101
0 0
1 1
2 1
3 0
4 1
5 1
6 0
7 1

Output 6: 11101101
0 1
1 1
2 1
3 0
4 1
5 1
6 0
7 1

Output 7: 11111111
0 1
1 1
2 1
3 1
4 1
5 1
6 1
7 1

Output 8: 10010110
0 1
1 0
2 0
3 1
4 0
5 1
6 1
7 0

Output bit columns (with bitsum as hash)
0 011100111 6
1 110101110 6
2 011111110 7
3 111110011 7
4 111101110 7
5 001111111 7
6 110110011 6
7 011011110 6

Input 0: 00010100
0 0
1 0
2 0
3 1
4 0
5 1
6 0
7 0

Input 1: 11010011
0 1
1 1
2 0
3 1
4 0
5 0
6 1
7 1

Input 2: 01011010
0 0
1 1
2 0
3 1
4 1
5 0
6 1
7 0

Input 3: 10100101
0 1
1 0
2 1
3 0
4 0
5 1
6 0
7 1

Input 4: 01000111
0 0
1 1
2 0
3 0
4 0
5 1
6 1
7 1

Input 5: 01101011
0 0
1 1
2 1
3 0
4 1
5 0
6 1
7 1

Input 6: 11111010
0 1
1 1
2 1
3 1
4 1
5 0
6 1
7 0

Input 7: 10111110
0 1
1 0
2 1
3 1
4 1
5 1
6 1
7 0

Input 8: 00000101
0 0
1 0
2 0
3 0
4 0
5 1
6 0
7 1

When matching output
x: not in operator
y: wrong position

Identity
0 010100110 4
1 011011100 5
2 000101110 4
3 111000110 5
4 001001110 4
5 100110011 5
6 011011110 6 match 7
7 010111001 5

Matching output
0 absent
1 absent
2 absent
3 absent
4 absent
5 absent
6 absent
7 6

Left
none
Best: none

Right
6 5x
Best: I6: 1

NOT
0 101011001 5
1 100100011 4
2 111010001 5
3 000111001 4
4 110110001 5
5 011001100 4
6 100100001 3
7 101000110 4

Matching output
0 absent
1 absent
2 absent
3 absent
4 absent
5 absent
6 absent
7 absent

Left
none
Best: none

Right
none
Best: none

Constant
0 000000000 a
1 111111111 a

Matching output
0 absent
1 absent
2 absent
3 absent
4 absent
5 absent
6 absent
7 absent

Left
none
Best: none

Right
none
Best: none

AND
01 10 010000100 2
12 21 000001100 2
23 32 000000110 2
34 43 001000110 3
45 54 000000010 1
56 65 000010010 2
67 76 010011000 3
70 07 010100000 2

02 20 000100110 3
13 31 011000100 3
24 42 000001110 3
35 53 100000010 2
46 64 001001110 4
57 75 000110001 3
60 06 010000110 3
71 17 010011000 3

03 30 010000110 3
14 41 001001100 3
25 52 000100010 2
36 63 011000110 4
47 74 000001000 1
50 05 000100010 2
61 16 011011100 5
72 27 000101000 2

04 40 000000110 2
15 51 000010000 1
26 62 000001110 3
37 73 010000000 1

Matching output
0 absent
1 absent
2 absent
3 absent
4 absent
5 absent
6 absent
7 absent

Left
none
Best: none

Right
none
Best: none

OR
01 10 011111110 7 match 2
12 21 011111110 7 match 2
23 32 111101110 7 match 4
34 43 111001110 6
45 54 101111111 8
56 65 111111111 a
67 76 011111111 8
70 07 010111111 7

02 20 010101110 5
13 31 111011110 7
24 42 001101110 5
35 53 111110111 8
46 64 011011110 6 match 7
57 75 110111011 7
60 06 011111110 7 match 2
71 17 011111101 7

03 30 111100110 6
14 41 011011110 6 match 7
25 52 100111111 7
36 63 111011110 7
47 74 011111111 8
50 05 110110111 7
61 16 011011110 6 match 7
72 27 010111111 7

04 40 011101110 6
15 51 111111111 a
26 62 011111110 7 match 2
37 73 111111111 a

Matching output
0 absent
1 absent
2 01 10 12 21 60 06 26 62
3 absent
4 23 32
5 absent
6 absent
7 46 64 14 41 61 16

Left
none
Best: none

Right
46 35x
64 53x
14 03x
41 30x
61 50x
16 05x
Best: OR46: 1

XOR
01 10 001111010 5
12 21 011110010 5
23 32 111101000 5
34 43 110001000 3
45 54 101111101 7
56 65 111101101 7
67 76 001100111 5
70 07 000011111 5

02 20 010001000 2
13 31 100011010 4
24 42 001100000 2
35 53 011110101 6
46 64 010010000 2
57 75 110001010 4
60 06 001111000 4
71 17 001100101 4

03 30 101100000 3
14 41 010010010 3
25 52 100011101 5
36 63 100011000 3
47 74 011110111 7
50 05 110010101 5
61 16 000000010 1
72 27 010010111 5

04 40 011101000 4
15 51 111101111 8
26 62 011110000 4
37 73 101111111 8

Matching output
0 absent
1 absent
2 absent
3 absent
4 absent
5 absent
6 absent
7 absent

Left
none
Best: none

Right
none
Best: none

AND-NOT
01 000100010 2
12 011010000 3
23 000101000 2
34 110000000 2
45 001001100 3
56 100100001 3
67 001000110 3
70 000011001 3

02 010000000 1
13 000011000 2
24 000100000 1
35 011000100 3
46 000000000 a
57 100000010 2
60 001011000 3
71 000100001 2

03 000100000 1
14 010010000 2
25 000001100 2
36 100000000 1
47 001000110 3
50 100010001 3
61 000000010 1
72 010010001 3

04 010100000 2
15 011001100 4
26 000100000 1
37 101000110 4
40 001001000 2
51 100100011 4
62 011010000 3
73 000111001 4

05 010000100 2
16 000000000 a
27 000000110 2
30 101000000 2
41 000000010 1
52 100010001 3
63 000011000 2
74 010110001 4

06 000100000 1
17 001000100 2
20 000001000 1
31 100000010 2
42 001000000 1
53 000110001 3
64 010010000 2
75 010001000 2

07 000000110 2
10 001011000 3
21 000100010 2
32 111000000 3
43 000001000 1
54 100110001 4
65 011001100 4
76 000100001 2

Matching output
0 absent
1 absent
2 absent
3 absent
4 absent
5 absent
6 absent
7 absent

Left
none
Best: none

Right
none
Best: none

OR-NOT
01 110100111 6
12 111011101 7
23 000111111 6
34 111110111 8
45 011001110 5
56 100110011 5
67 111011110 7
70 111111001 7

02 111110111 8
13 011111101 7
24 110111111 8
35 111001110 6
46 101101111 7
57 101110111 7
60 111011111 8
71 110111011 7

03 010111111 7
14 111111101 8
25 011101110 6
36 111100111 7
47 101001110 5
50 101111011 7
61 111111111 a
72 111111001 7

04 110110111 7
15 011011100 5
26 100101111 6
37 111000110 5
40 101011111 7
51 100110011 5
62 111011111 8
73 010111001 5

05 011101110 6
16 111111101 8
27 101101110 6
30 111011111 8
41 101101111 7
52 111110011 7 match 3
63 011111111 8
74 110111001 6

06 110100111 6
17 111011110 7
20 101111111 8
31 111100111 7
42 111011111 8
53 100111011 6
64 111111111 a
75 011111101 7

07 111100110 6
10 111011101 7
21 100101111 6
32 111010111 7
43 001111111 7 match 5
54 110110011 6 match 6
65 011011110 6 match 7
76 110111001 6

Matching output
0 absent
1 absent
2 absent
3 52
4 absent
5 43
6 54
7 65

Left
none
Best: none

Right
65 54 43 32x
Best: OR-NOT65 54 43: 3

XOR-NOT
01 110000101 4
12 100001101 4
23 000010111 4
34 001110111 6
45 010000010 2
56 000010010 2
67 110011000 4
70 111100000 4

02 101110111 7
13 011100101 5
24 110011111 7
35 100001010 3
46 101101111 7
57 001110101 5
60 110000111 5
71 110011010 5

03 010011111 6
14 101101101 6
25 011100010 4
36 011100111 6 match 0
47 100001000 2
50 001101010 4
61 111111101 8
72 101101000 4

04 100010111 5
15 000010000 1
26 100001111 5
37 010000000 1
40 100010111 5
51 000010000 1
62 100001111 5
73 010000000 1

05 001101010 4
16 111111101 8
27 101101000 4
30 010011111 6
41 101101101 6
52 011100010 4
63 011100111 6 match 0
74 100001000 2

06 110000111 5
17 110011010 5
20 101110111 7
31 011100101 5
42 110011111 7
53 100001010 3
64 101101111 7
75 001110101 5

07 111100000 4
10 110000101 4
21 100001101 4
32 000010111 4
43 001110111 6
54 010000010 2
65 000010010 2
76 110011000 4

Matching output
0 36 63
1 absent
2 absent
3 absent
4 absent
5 absent
6 absent
7 absent

Left
36 47x
63 74x
Best: XOR-NOT36: 1

Right
none
Best: none

Selecting

Lefts
Identity none
NOT none
Constant none
AND none
OR none
XOR none
AND-NOT none
OR-NOT none
XOR-NOT XOR-NOT36: 1

Rights
Identity I6: 1
NOT none
Constant none
AND none
OR OR46: 1
XOR none
AND-NOT none
OR-NOT OR-NOT65 54 43: 3
XOR-NOT none

Left longest: 1
Right longest: 3

Right winner: Identity no, NOT no, Constant no, AND no, OR no, XOR no, AND-NOT no, OR-NOT yes, XOR-NOT no
Left winner: Identity no, NOT no, Constant no, AND no, OR no, XOR no, AND-NOT no, OR-NOT no, XOR-NOT yes

Best right: OR-NOT65 54 43: 3
Best left: XOR-NOT36: 1

Truncated right: OR-NOT65 54 43: 3
Truncated left: XOR-NOT36: 1

Tentative from right
7 OR-NOT65
6 OR-NOT54
5 OR-NOT43
4 pending
3 pending
2 pending
1 pending
0 pending

Tentative
0 XOR-NOT36
1 pending
2 pending
3 pending
4 pending
5 OR-NOT43
6 OR-NOT54
7 OR-NOT65

Preferred from right
7 OR-NOT65
6 OR-NOT54
5 OR-NOT43
4 ?32
3 ?21
2 ?10
1 ?07
0 XOR-NOT36

Preferred from left
0 XOR-NOT36
1 ?07
2 ?10
3 ?21
4 ?32
5 OR-NOT43
6 OR-NOT54
7 OR-NOT65

Preferred
0 XOR-NOT36
1 ?07 ?70
2 ?10 ?01
3 ?21 ?12
4 ?32 ?23
5 OR-NOT43
6 OR-NOT54
7 OR-NOT65

Matching
0 XOR-NOT36
1 ?07 ?70 - Identity absent, NOT absent, Constant absent, AND absent, OR absent, XOR absent, AND-NOT absent, OR-NOT absent, XOR-NOT absent
2 ?10 ?01 - Identity absent, NOT absent, Constant absent, AND absent, OR10, XOR absent, AND-NOT absent, OR-NOT absent, XOR-NOT absent
3 ?21 ?12 - Identity absent, NOT absent, Constant absent, AND absent, OR absent, XOR absent, AND-NOT absent, OR-NOT absent, XOR-NOT absent
4 ?32 ?23 - Identity absent, NOT absent, Constant absent, AND absent, OR32, XOR absent, AND-NOT absent, OR-NOT absent, XOR-NOT absent
5 OR-NOT43
6 OR-NOT54
7 OR-NOT65

Perfect match
Identity no
NOT no
Constant no
AND no
OR no
XOR no
AND-NOT no
OR-NOT no
XOR-NOT no

Matched
0 XOR-NOT36
1 none
2 OR10
3 none
4 OR32
5 OR-NOT43
6 OR-NOT54
7 OR-NOT65

Selected
0 XOR-NOT36
1 default 1
2 OR10
3 default 1
4 OR32
5 OR-NOT43
6 OR-NOT54
7 OR-NOT65

Applying to 01000101
Input
0 0
1 1
2 0
3 0
4 0
5 1
6 0
7 1
Output
0 XOR-NOT36 = XOR(0,NOT(0)) = 1
1 default 1 = 1
2 OR10 = OR(1,0) = 1
3 default 1 = 1
4 OR32 = OR(0,0) = 0
5 OR-NOT43 = OR(0,NOT(0)) = 1
6 OR-NOT54 = OR(1,NOT(0)) = 1
7 OR-NOT65 = OR(0,NOT(1)) = 0

I will now return the answer in \boxed{}
The answer in \boxed{–} is \boxed{11110110}