We need to deduce the transformation by matching the example outputs.
I will put my final answer inside \boxed{}.

Output 0: 01101100
0 0
1 1
2 1
3 0
4 1
5 1
6 0
7 0

Output 1: 11101000
0 1
1 1
2 1
3 0
4 1
5 0
6 0
7 0

Output 2: 11111111
0 1
1 1
2 1
3 1
4 1
5 1
6 1
7 1

Output 3: 11001001
0 1
1 1
2 0
3 0
4 1
5 0
6 0
7 1

Output 4: 00001101
0 0
1 0
2 0
3 0
4 1
5 1
6 0
7 1

Output 5: 00110001
0 0
1 0
2 1
3 1
4 0
5 0
6 0
7 1

Output 6: 11010110
0 1
1 1
2 0
3 1
4 0
5 1
6 1
7 0

Output 7: 10111011
0 1
1 0
2 1
3 1
4 1
5 0
6 1
7 1

Output 8: 10100010
0 1
1 0
2 1
3 0
4 0
5 0
6 1
7 0

Output bit columns (with bitsum as hash)
0 011100111 6
1 111100100 5
2 111001011 6
3 001001110 4
4 111110010 6
5 101010100 4
6 001000111 4
7 001111010 5

Input 0: 10110001
0 1
1 0
2 1
3 1
4 0
5 0
6 0
7 1

Input 1: 10100011
0 1
1 0
2 1
3 0
4 0
5 0
6 1
7 1

Input 2: 11111111
0 1
1 1
2 1
3 1
4 1
5 1
6 1
7 1

Input 3: 00100111
0 0
1 0
2 1
3 0
4 0
5 1
6 1
7 1

Input 4: 00110100
0 0
1 0
2 1
3 1
4 0
5 1
6 0
7 0

Input 5: 11000100
0 1
1 1
2 0
3 0
4 0
5 1
6 0
7 0

Input 6: 01011011
0 0
1 1
2 0
3 1
4 1
5 0
6 1
7 1

Input 7: 11101110
0 1
1 1
2 1
3 0
4 1
5 1
6 1
7 0

Input 8: 10001010
0 1
1 0
2 0
3 0
4 1
5 0
6 1
7 0

When matching output
x: not in operator
y: wrong position

Identity
0 111001011 6 match 2
1 001001110 4 match 3
2 111110010 6 match 4
3 101010100 4 match 5
4 001000111 4 match 6
5 001111010 5 match 7
6 011100111 6 match 0
7 111100100 5 match 1

Matching output
0 6
1 7
2 0
3 1
4 2
5 3
6 4
7 5

Left
6 7 0 1 2 3 4 5
Best: I6 7 0 1 2 3 4 5: 8

Right
5 4 3 2 1 0 7 6
Best: I5 4 3 2 1 0 7 6: 8

NOT
0 000110100 3
1 110110001 5
2 000001101 3
3 010101011 5
4 110111000 5
5 110000101 4
6 100011000 3
7 000011011 4

Matching output
0 absent
1 absent
2 absent
3 absent
4 absent
5 absent
6 absent
7 absent

Left
none
Best: none

Right
none
Best: none

Constant
0 000000000 a
1 111111111 a

Matching output
0 absent
1 absent
2 absent
3 absent
4 absent
5 absent
6 absent
7 absent

Left
none
Best: none

Right
none
Best: none

AND
01 10 001001010 3
12 21 001000010 2
23 32 101010000 3
34 43 001000100 2
45 54 001000010 2
56 65 001100010 3
67 76 011100100 4
70 07 111000000 3

02 20 111000010 4
13 31 001000100 2
24 42 001000010 2
35 53 001010000 2
46 64 001000111 4 match 6
57 75 001100000 2
60 06 011000011 4
71 17 001000100 2

03 30 101000000 2
14 41 001000110 3
25 52 001110010 4
36 63 001000100 2
47 74 001000100 2
50 05 001001010 3
61 16 001000110 3
72 27 111100000 4

04 40 001000011 3
15 51 001001010 3
26 62 011100010 4
37 73 101000100 3

Matching output
0 absent
1 absent
2 absent
3 absent
4 absent
5 absent
6 46 64
7 absent

Left
none
Best: none

Right
none
Best: none

OR
01 10 111001111 7
12 21 111111110 8
23 32 111110110 7
34 43 101010111 6
45 54 001111111 7
56 65 011111111 8
67 76 111100111 7
70 07 111101111 8

02 20 111111011 8
13 31 101011110 6
24 42 111110111 8
35 53 101111110 7
46 64 011100111 6 match 0
57 75 111111110 8
60 06 111101111 8
71 17 111101110 7

03 30 111011111 8
14 41 001001111 5
25 52 111111010 7
36 63 111110111 8
47 74 111100111 7
50 05 111111011 8
61 16 011101111 7
72 27 111110110 7

04 40 111001111 7
15 51 001111110 6
26 62 111110111 8
37 73 111110100 6

Matching output
0 46 64
1 absent
2 absent
3 absent
4 absent
5 absent
6 absent
7 absent

Left
46 57x
64 75x
Best: OR46: 1

Right
none
Best: none

XOR
01 10 110000101 4
12 21 110111100 6
23 32 010100110 4
34 43 100010011 4
45 54 000111101 5
56 65 010011101 5
67 76 100000011 3
70 07 000101111 5

02 20 000111001 4
13 31 100011010 4
24 42 110110101 6
35 53 100101110 5
46 64 010100000 2
57 75 110011110 6
60 06 100101100 4
71 17 110101010 5

03 30 010011111 6
14 41 000001001 2
25 52 110001000 3
36 63 110110011 6
47 74 110100011 5
50 05 110110001 5
61 16 010101001 4
72 27 000010110 3

04 40 110001100 4
15 51 000110100 3
26 62 100010101 4
37 73 010110000 3

Matching output
0 absent
1 absent
2 absent
3 absent
4 absent
5 absent
6 absent
7 absent

Left
none
Best: none

Right
none
Best: none

AND-NOT
01 110000001 3
12 000001100 2
23 010100010 3
34 100010000 2
45 000000101 2
56 000011000 2
67 000000011 2
70 000100100 2

02 000001001 2
13 000001010 2
24 110110000 4
35 100000100 2
46 000000000 a
57 000011010 3
60 000100100 2
71 110100000 3

03 010001011 4
14 000001000 1
25 110000000 2
36 100010000 2
47 000000011 2
50 000110000 2
61 010100001 3
72 000000100 1

04 110001000 3
15 000000100 1
26 100010000 2
37 000010000 1
40 000000100 1
51 000110000 2
62 000000101 2
73 010100000 2

05 110000001 3
16 000001000 1
27 000010010 2
30 000010100 2
41 000000001 1
52 000001000 1
63 010100011 4
74 110100000 3

06 100001000 2
17 000001010 2
20 000110000 2
31 100010000 2
42 000000101 2
53 000101010 3
64 010100000 2
75 110000100 3

07 000001011 3
10 000000100 1
21 110110000 4
32 000000100 1
43 000000011 2
54 000111000 3
65 010000101 3
76 100000000 1

Matching output
0 absent
1 absent
2 absent
3 absent
4 absent
5 absent
6 absent
7 absent

Left
none
Best: none

Right
none
Best: none

OR-NOT
01 111111011 8
12 001001111 5
23 111111011 8
34 111111100 7
45 111000111 6
56 101111010 6
67 011111111 8
70 111110100 6

02 111001111 7
13 011101111 7
24 111111010 7
35 111010101 6
46 101011111 7
57 001111011 6
60 011110111 7
71 111110101 7

03 111101011 7
14 111111110 8
25 111110111 8
36 101011100 5
47 001011111 6
50 001111110 6
61 111110111 8
72 111101101 7

04 111111011 8
15 111001111 7
26 111111010 7
37 101011111 7
40 001110111 6
51 111111011 8
62 011101111 7
73 111101111 8

05 111001111 7
16 101011110 6
27 111111011 8
30 101110100 5
41 111110111 8
52 001111111 7
63 011101111 7
74 111111100 7

06 111011011 7
17 001011111 6
20 111110110 7
31 111110101 7
42 001001111 5
53 011111011 7
64 111111111 a
75 111100101 6

07 111011011 7
10 001111110 6
21 111110011 7
32 101011101 6
43 011101111 7
54 111111010 7
65 111100111 7
76 111111100 7

Matching output
0 absent
1 absent
2 absent
3 absent
4 absent
5 absent
6 absent
7 absent

Left
none
Best: none

Right
none
Best: none

XOR-NOT
01 001111010 5 match 7
12 001000011 3
23 101011001 5
34 011101100 5
45 111000010 4
56 101100010 4
67 011111100 6
70 111010000 4

02 111000110 5
13 011100101 5
24 001001010 3
35 011010001 4
46 101011111 7
57 001100001 3
60 011010011 5
71 001010101 4

03 101100000 3
14 111110110 7
25 001110111 6
36 001001100 3
47 001011100 4
50 001001110 4 match 3
61 101010110 5
72 111101001 6

04 001110011 5
15 111001011 6 match 2
26 011101010 5
37 101001111 6
40 001110011 5
51 111001011 6 match 2
62 011101010 5
73 101001111 6

05 001001110 4 match 3
16 101010110 5
27 111101001 6
30 101100000 3
41 111110110 7
52 001110111 6
63 001001100 3
74 001011100 4

06 011010011 5
17 001010101 4
20 111000110 5
31 011100101 5
42 001001010 3
53 011010001 4
64 101011111 7
75 001100001 3

07 111010000 4
10 001111010 5 match 7
21 001000011 3
32 101011001 5
43 011101100 5
54 111000010 4
65 101100010 4
76 011111100 6

Matching output
0 absent
1 absent
2 15 51
3 50 05
4 absent
5 absent
6 absent
7 01 10

Left
none
Best: none

Right
01 70x
10 07x
Best: XOR-NOT01: 1

Selecting

Lefts
Identity I6 7 0 1 2 3 4 5: 8
NOT none
Constant none
AND none
OR OR46: 1
XOR none
AND-NOT none
OR-NOT none
XOR-NOT none

Rights
Identity I5 4 3 2 1 0 7 6: 8
NOT none
Constant none
AND none
OR none
XOR none
AND-NOT none
OR-NOT none
XOR-NOT XOR-NOT01: 1

Left longest: 8
Right longest: 8

Left winner: Identity yes, NOT no, Constant no, AND no, OR no, XOR no, AND-NOT no, OR-NOT no, XOR-NOT no
Right winner: Identity yes, NOT no, Constant no, AND no, OR no, XOR no, AND-NOT no, OR-NOT no, XOR-NOT no

Best left: I6 7 0 1 2 3 4 5: 8
Best right: I5 4 3 2 1 0 7 6: 8

Truncated left: I6 7 0 1 2 3 4 5: 8
Truncated right: none truncated

Tentative from right
7 pending
6 pending
5 pending
4 pending
3 pending
2 pending
1 pending
0 pending

Tentative
0 I6
1 I7
2 I0
3 I1
4 I2
5 I3
6 I4
7 I5

Preferred from left
0 I6
1 I7
2 I0
3 I1
4 I2
5 I3
6 I4
7 I5

Preferred from right
7 I5
6 I4
5 I3
4 I2
3 I1
2 I0
1 I7
0 I6

Preferred
0 I6
1 I7
2 I0
3 I1
4 I2
5 I3
6 I4
7 I5

Matching
0 I6
1 I7
2 I0
3 I1
4 I2
5 I3
6 I4
7 I5

Perfect match
Identity no
NOT no
Constant no
AND no
OR no
XOR no
AND-NOT no
OR-NOT no
XOR-NOT no

Matched
0 I6
1 I7
2 I0
3 I1
4 I2
5 I3
6 I4
7 I5

Selected
0 I6
1 I7
2 I0
3 I1
4 I2
5 I3
6 I4
7 I5

Applying to 01101010
Input
0 0
1 1
2 1
3 0
4 1
5 0
6 1
7 0
Output
0 I6 = 1
1 I7 = 0
2 I0 = 0
3 I1 = 1
4 I2 = 1
5 I3 = 0
6 I4 = 1
7 I5 = 0

I will now return the answer in \boxed{}
The answer in \boxed{–} is \boxed{10011010}