We need to deduce the transformation by matching the example outputs.
I will put my final answer inside \boxed{}.

Output 0: 01000000
0 0
1 1
2 0
3 0
4 0
5 0
6 0
7 0

Output 1: 10100000
0 1
1 0
2 1
3 0
4 0
5 0
6 0
7 0

Output 2: 00000000
0 0
1 0
2 0
3 0
4 0
5 0
6 0
7 0

Output 3: 00100000
0 0
1 0
2 1
3 0
4 0
5 0
6 0
7 0

Output 4: 01000000
0 0
1 1
2 0
3 0
4 0
5 0
6 0
7 0

Output 5: 00000000
0 0
1 0
2 0
3 0
4 0
5 0
6 0
7 0

Output 6: 00100000
0 0
1 0
2 1
3 0
4 0
5 0
6 0
7 0

Output 7: 01000000
0 0
1 1
2 0
3 0
4 0
5 0
6 0
7 0

Output bit columns (with bitsum as hash)
0 01000000 1
1 10001001 3
2 01010010 3
3 00000000 a
4 00000000 a
5 00000000 a
6 00000000 a
7 00000000 a

Input 0: 10111010
0 1
1 0
2 1
3 1
4 1
5 0
6 1
7 0

Input 1: 10010101
0 1
1 0
2 0
3 1
4 0
5 1
6 0
7 1

Input 2: 01011000
0 0
1 1
2 0
3 1
4 1
5 0
6 0
7 0

Input 3: 11000111
0 1
1 1
2 0
3 0
4 0
5 1
6 1
7 1

Input 4: 10001110
0 1
1 0
2 0
3 0
4 1
5 1
6 1
7 0

Input 5: 11110000
0 1
1 1
2 1
3 1
4 0
5 0
6 0
7 0

Input 6: 01100101
0 0
1 1
2 1
3 0
4 0
5 1
6 0
7 1

Input 7: 00011011
0 0
1 0
2 0
3 1
4 1
5 0
6 1
7 1

When matching output
x: not in operator
y: wrong position

Identity
0 11011100 5
1 00110110 4
2 10000110 3
3 11100101 5
4 10101001 4
5 01011010 4
6 10011001 4
7 01010011 4

Matching output
0 absent
1 absent
2 absent
3 absent
4 absent
5 absent
6 absent
7 absent

Left
none
Best: none

Right
none
Best: none

NOT
0 00100011 3
1 11001001 4
2 01111001 5
3 00011010 3
4 01010110 4
5 10100101 4
6 01100110 4
7 10101100 4

Matching output
0 absent
1 absent
2 absent
3 absent
4 absent
5 absent
6 absent
7 absent

Left
none
Best: none

Right
none
Best: none

Constant
0 00000000 a match 3 4 5 6 7
1 11111111 a

Matching output
0 absent
1 absent
2 absent
3 C0
4 C0
5 C0
6 C0
7 C0

Left
none
Best: none

Right
0 0 0 0 0
Best: C0 0 0 0 0: 5

AND
01 10 00010100 2
12 21 00000110 2
23 32 10000100 2
34 43 10100001 3
45 54 00001000 1
56 65 00011000 2
67 76 00010001 2
70 07 01010000 2

02 20 10000100 2
13 31 00100100 2
24 42 10000000 1
35 53 01000000 1 match 0
46 64 10001001 3 match 1
57 75 01010010 3 match 2
60 06 10011000 3
71 17 00010010 2

03 30 11000100 3
14 41 00100000 1
25 52 00000010 1
36 63 10000001 2
47 74 00000001 1
50 05 01011000 3
61 16 00010000 1
72 27 00000010 1

04 40 10001000 2
15 51 00010010 2
26 62 10000000 1
37 73 01000001 2

Matching output
0 35 53
1 46 64
2 57 75
3 absent
4 absent
5 absent
6 absent
7 absent

Left
35 46 57 60x
53 64 75 06x
Best: AND35 46 57: 3

Right
none
Best: none

OR
01 10 11111110 7
12 21 10110110 5
23 32 11100111 6
34 43 11101101 6
45 54 11111011 7
56 65 11011011 6
67 76 11011011 6
70 07 11011111 7

02 20 11011110 6
13 31 11110111 7
24 42 10101111 6
35 53 11111111 a
46 64 10111001 5
57 75 01011011 5
60 06 11011101 6
71 17 01110111 6

03 30 11111101 7
14 41 10111111 7
25 52 11011110 6
36 63 11111101 7
47 74 11111011 7
50 05 11011110 6
61 16 10111111 7
72 27 11010111 6

04 40 11111101 7
15 51 01111110 6
26 62 10011111 6
37 73 11110111 7

Matching output
0 absent
1 absent
2 absent
3 absent
4 absent
5 absent
6 absent
7 absent

Left
none
Best: none

Right
none
Best: none

XOR
01 10 11101010 5
12 21 10110000 3
23 32 01100011 4
34 43 01001100 3
45 54 11110011 6
56 65 11000011 4
67 76 11001010 4
70 07 10001111 5

02 20 01011010 4
13 31 11010011 5
24 42 00101111 5
35 53 10111111 7
46 64 00110000 2
57 75 00001001 2
60 06 01000101 3
71 17 01100101 4

03 30 00111001 4
14 41 10011111 6
25 52 11011100 5
36 63 01111100 5
47 74 11111010 6
50 05 10000110 3
61 16 10101111 6
72 27 11010101 5

04 40 01110101 5
15 51 01101100 4
26 62 00011111 5
37 73 10110110 5

Matching output
0 absent
1 absent
2 absent
3 absent
4 absent
5 absent
6 absent
7 absent

Left
none
Best: none

Right
none
Best: none

AND-NOT
01 11001000 3
12 00110000 2
23 00000010 1
34 01000100 2
45 10100001 3
56 01000010 2
67 10001000 2
70 00000011 2

02 01011000 3
13 00010010 2
24 00000110 2
35 10100101 4
46 00100000 1
57 00001000 1
60 00000001 1
71 01000001 2

03 00011000 2
14 00010110 3
25 10000100 2
36 01100100 3
47 10101000 3
50 00000010 1
61 10001001 3 match 1
72 01010001 3

04 01010100 3
15 00100100 2
26 00000110 2
37 10100100 3
40 00100001 2
51 01001000 2
62 00011001 3
73 00010010 2

05 10000100 2
16 00100110 3
27 10000100 2
30 00100001 2
41 10001001 3 match 1
52 01011000 3
63 00011000 2
74 01010010 3 match 2

06 01000100 2
17 00100100 2
20 00000010 1
31 11000001 3
42 00101001 3
53 00011010 3
64 00010000 1
75 00000001 1

07 10001100 3
10 00100010 2
21 10000000 1
32 01100001 3
43 00001000 1
54 01010010 3 match 2
65 10000001 2
76 01000010 2

Matching output
0 absent
1 61 41
2 74 54
3 absent
4 absent
5 absent
6 absent
7 absent

Left
none
Best: none

Right
none
Best: none

OR-NOT
01 11011101 6
12 01111111 7
23 10011110 5
34 11110111 7
45 10101101 5
56 01111110 6
67 10111101 6
70 01110011 5

02 11111101 7
13 00111110 5
24 11010110 5
35 11100101 5
46 11101111 7
57 11111110 7
60 10111011 6
71 11011011 6

03 11011110 6
14 01110110 5
25 10100111 5
36 11100111 6
47 10101101 5
50 01111011 6
61 11011001 5
72 01111011 6

04 11011110 6
15 10110111 6
26 11100110 5
37 11101101 6
40 10101011 5
51 11011011 6
62 11111001 6
73 01011011 5

05 11111101 7
16 01110110 5
27 10101110 5
30 11100111 6
41 11101001 5
52 01111011 6
63 10011011 5
74 01010111 5

06 11111110 7
17 10111110 6
20 10100111 5
31 11101101 6
42 11111001 6
53 01011010 4
64 11011111 7
75 11110111 7

07 11111100 6
10 00110111 5
21 11001111 6
32 11111101 7
43 10111011 6
54 01011110 5
65 10111101 6
76 01110111 6

Matching output
0 absent
1 absent
2 absent
3 absent
4 absent
5 absent
6 absent
7 absent

Left
none
Best: none

Right
none
Best: none

XOR-NOT
01 00010101 3
12 01001111 5
23 10011100 4
34 10110011 5
45 00001100 2
56 00111100 4
67 00110101 4
70 01110000 3

02 10100101 4
13 00101100 3
24 11010000 3
35 01000000 1 match 0
46 11001111 6
57 11110110 6
60 10111010 5
71 10011010 4

03 11000110 4
14 01100000 2
25 00100011 3
36 10000011 3
47 00000101 2
50 01111001 5
61 01010000 2
72 00101010 3

04 10001010 3
15 10010011 4
26 11100000 3
37 01001001 3
40 10001010 3
51 10010011 4
62 11100000 3
73 01001001 3

05 01111001 5
16 01010000 2
27 00101010 3
30 11000110 4
41 01100000 2
52 00100011 3
63 10000011 3
74 00000101 2

06 10111010 5
17 10011010 4
20 10100101 4
31 00101100 3
42 11010000 3
53 01000000 1 match 0
64 11001111 6
75 11110110 6

07 01110000 3
10 00010101 3
21 01001111 5
32 10011100 4
43 10110011 5
54 00001100 2
65 00111100 4
76 00110101 4

Matching output
0 35 53
1 absent
2 absent
3 absent
4 absent
5 absent
6 absent
7 absent

Left
35 46x
53 64x
Best: XOR-NOT35: 1

Right
none
Best: none

Selecting

Lefts
Identity none
NOT none
Constant none
AND AND35 46 57: 3
OR none
XOR none
AND-NOT none
OR-NOT none
XOR-NOT XOR-NOT35: 1

Rights
Identity none
NOT none
Constant C0 0 0 0 0: 5
AND none
OR none
XOR none
AND-NOT none
OR-NOT none
XOR-NOT none

Left longest: 3
Right longest: 5

Right winner: Identity no, NOT no, Constant yes, AND no, OR no, XOR no, AND-NOT no, OR-NOT no, XOR-NOT no
Left winner: Identity no, NOT no, Constant no, AND yes, OR no, XOR no, AND-NOT no, OR-NOT no, XOR-NOT no

Best right: C0 0 0 0 0: 5
Best left: AND35 46 57: 3

Truncated right: C0 0 0 0 0: 5
Truncated left: AND35 46 57: 3

Tentative from right
7 C0
6 C0
5 C0
4 C0
3 C0
2 pending
1 pending
0 pending

Tentative
0 AND35
1 AND46
2 AND57
3 C0
4 C0
5 C0
6 C0
7 C0

Preferred from right
7 C0
6 C0
5 C0
4 C0
3 C0
2 AND57
1 AND46
0 AND35

Preferred from left
0 AND35
1 AND46
2 AND57
3 C0
4 C0
5 C0
6 C0
7 C0

Preferred
0 AND35
1 AND46
2 AND57
3 C0
4 C0
5 C0
6 C0
7 C0

Matching
0 AND35
1 AND46
2 AND57
3 C0
4 C0
5 C0
6 C0
7 C0

Perfect match
Identity no
NOT no
Constant no
AND no
OR no
XOR no
AND-NOT no
OR-NOT no
XOR-NOT no

Matched
0 AND35
1 AND46
2 AND57
3 C0
4 C0
5 C0
6 C0
7 C0

Selected
0 AND35
1 AND46
2 AND57
3 C0
4 C0
5 C0
6 C0
7 C0

Applying to 01111100
Input
0 0
1 1
2 1
3 1
4 1
5 1
6 0
7 0
Output
0 AND35 = AND(1,1) = 1
1 AND46 = AND(1,0) = 0
2 AND57 = AND(1,0) = 0
3 C0 = 0
4 C0 = 0
5 C0 = 0
6 C0 = 0
7 C0 = 0

I will now return the answer in \boxed{}
The answer in \boxed{–} is \boxed{10000000}