We need to deduce the transformation by matching the example outputs.
I will put my final answer inside \boxed{}.

Output 0: 10110011
0 1
1 0
2 1
3 1
4 0
5 0
6 1
7 1

Output 1: 10111111
0 1
1 0
2 1
3 1
4 1
5 1
6 1
7 1

Output 2: 00000111
0 0
1 0
2 0
3 0
4 0
5 1
6 1
7 1

Output 3: 01000011
0 0
1 1
2 0
3 0
4 0
5 0
6 1
7 1

Output 4: 01001111
0 0
1 1
2 0
3 0
4 1
5 1
6 1
7 1

Output 5: 01010111
0 0
1 1
2 0
3 1
4 0
5 1
6 1
7 1

Output 6: 11000111
0 1
1 1
2 0
3 0
4 0
5 1
6 1
7 1

Output 7: 00011111
0 0
1 0
2 0
3 1
4 1
5 1
6 1
7 1

Output bit columns (with bitsum as hash)
0 11000010 3
1 00011110 4
2 11000000 2
3 11000101 4
4 01001001 3
5 01101111 6
6 11111111 a
7 11111111 a

Input 0: 01100011
0 0
1 1
2 1
3 0
4 0
5 0
6 1
7 1

Input 1: 11010000
0 1
1 1
2 0
3 1
4 0
5 0
6 0
7 0

Input 2: 11011110
0 1
1 1
2 0
3 1
4 1
5 1
6 1
7 0

Input 3: 01011111
0 0
1 1
2 0
3 1
4 1
5 1
6 1
7 1

Input 4: 01101100
0 0
1 1
2 1
3 0
4 1
5 1
6 0
7 0

Input 5: 10001010
0 1
1 0
2 0
3 0
4 1
5 0
6 1
7 0

Input 6: 10101110
0 1
1 0
2 1
3 0
4 1
5 1
6 1
7 0

Input 7: 11111000
0 1
1 1
2 1
3 1
4 1
5 0
6 0
7 0

When matching output
x: not in operator
y: wrong position

Identity
0 01100111 5
1 11111001 6
2 10001011 4
3 01110001 4
4 00111111 6
5 00111010 4
6 10110110 5
7 10010000 2

Matching output
0 absent
1 absent
2 absent
3 absent
4 absent
5 absent
6 absent
7 absent

Left
none
Best: none

Right
none
Best: none

NOT
0 10011000 3
1 00000110 2
2 01110100 4
3 10001110 4
4 11000000 2 match 2
5 11000101 4 match 3
6 01001001 3 match 4
7 01101111 6 match 5

Matching output
0 absent
1 absent
2 4
3 5
4 6
5 7
6 absent
7 absent

Left
none
Best: none

Right
none
Best: none

Constant
0 00000000 a
1 11111111 a match 6 7

Matching output
0 absent
1 absent
2 absent
3 absent
4 absent
5 absent
6 C1
7 C1

Left
none
Best: none

Right
1 1
Best: C1 1: 2

AND
01 10 01100001 3
12 21 10001001 3
23 32 00000001 1
34 43 00110001 3
45 54 00111010 4
56 65 00110010 3
67 76 10010000 2
70 07 00000000 a

02 20 00000011 2
13 31 01110001 4
24 42 00001011 3
35 53 00110000 2
46 64 00110110 4
57 75 00010000 1
60 06 00100110 3
71 17 10010000 2

03 30 01100001 3
14 41 00111001 4
25 52 00001010 2
36 63 00110000 2
47 74 00010000 1
50 05 00100010 2
61 16 10110000 3
72 27 10000000 1

04 40 00100111 4
15 51 00111000 3
26 62 10000010 2
37 73 00010000 1

Matching output
0 absent
1 absent
2 absent
3 absent
4 absent
5 absent
6 absent
7 absent

Left
none
Best: none

Right
none
Best: none

OR
01 10 11111111 a match 6 7
12 21 11111011 7
23 32 11111011 7
34 43 01111111 7
45 54 00111111 6
56 65 10111110 6
67 76 10110110 5
70 07 11110111 7

02 20 11101111 7
13 31 11111001 6
24 42 10111111 7
35 53 01111011 6
46 64 10111111 7
57 75 10111010 5
60 06 11110111 7
71 17 11111001 6

03 30 01110111 6
14 41 11111111 a match 6 7
25 52 10111011 6
36 63 11110111 7
47 74 10111111 7
50 05 01111111 7
61 16 11111111 a match 6 7
72 27 10011011 5

04 40 01111111 7
15 51 11111011 7
26 62 10111111 7
37 73 11110001 5

Matching output
0 absent
1 absent
2 absent
3 absent
4 absent
5 absent
6 01 10 14 41 61 16
7 01 10 14 41 61 16

Left
none
Best: none

Right
01 70x
10 07x
14 03x
41 30x
61 50x
16 05x
Best: OR01: 1

XOR
01 10 10011110 5
12 21 01110010 4
23 32 11111010 6
34 43 01001110 4
45 54 00000101 2
56 65 10001100 3
67 76 00100110 3
70 07 11110111 7

02 20 11101100 5
13 31 10001000 2
24 42 10110100 4
35 53 01001011 4
46 64 10001001 3
57 75 10101010 4
60 06 11010001 4
71 17 01101001 4

03 30 00010110 3
14 41 11000110 4
25 52 10110001 4
36 63 11000111 5
47 74 10101111 6
50 05 01011101 5
61 16 01001111 5
72 27 00011011 4

04 40 01011000 3
15 51 11000011 4
26 62 00111101 5
37 73 11100001 4

Matching output
0 absent
1 absent
2 absent
3 absent
4 absent
5 absent
6 absent
7 absent

Left
none
Best: none

Right
none
Best: none

AND-NOT
01 00000110 2
12 01110000 3
23 10001010 3
34 01000000 1
45 00000101 2
56 00001000 1
67 00100110 3
70 10010000 2

02 01100100 3
13 10001000 2
24 10000000 1
35 01000001 2
46 00001001 2
57 00101010 3
60 10010000 2
71 00000000 a

03 00000110 2
14 11000000 2 match 2
25 10000001 2
36 01000001 2
47 00101111 5
50 00011000 2
61 00000110 2
72 00010000 1

04 01000000 1
15 11000001 3
26 00001001 2
37 01100001 3
40 00011000 2
51 00000010 1
62 00110100 3
73 10000000 1

05 01000101 3
16 01001001 3 match 4
27 00001011 3
30 00010000 1
41 00000110 2
52 00110000 2
63 10000110 3
74 10000000 1

06 01000001 2
17 01101001 4
20 10001000 2
31 00000000 a
42 00110100 3
53 00001010 2
64 10000000 1
75 10000000 1

07 01100111 5
10 10011000 3
21 00000010 1
32 01110000 3
43 00001110 3
54 00000000 a
65 10000100 2
76 00000000 a

Matching output
0 absent
1 absent
2 14
3 absent
4 16
5 absent
6 absent
7 absent

Left
none
Best: none

Right
none
Best: none

OR-NOT
01 01100111 5
12 11111101 7
23 10001111 5
34 11110001 5
45 11111111 a match 6 7
56 01111011 6
67 11111111 a match 6 7
70 10011000 3

02 01110111 6
13 11111111 a match 6 7
24 11001011 5
35 11110101 6
46 01111111 7
57 01111111 7
60 10111110 6
71 10010110 4

03 11101111 7
14 11111001 6
25 11001111 6
36 01111001 5
47 01111111 7
50 10111010 5
61 10110110 5
72 11110100 5

04 11100111 6
15 11111101 7
26 11001011 5
37 01111111 7
40 10111111 7
51 00111110 5
62 11110110 6
73 10011110 5

05 11100111 6
16 11111001 6
27 11101111 7
30 11111001 6
41 00111111 6
52 01111110 6
63 10111110 6
74 11010000 3

06 01101111 6 match 5
17 11111111 a match 6 7
20 10011011 5
31 01110111 6
42 01111111 7
53 10111110 6
64 11110110 6
75 11010101 5

07 01101111 6 match 5
10 11111001 6
21 10001111 5
32 01110101 5
43 10111111 7
54 11111010 6
65 11110111 7
76 11011001 5

Matching output
0 absent
1 absent
2 absent
3 absent
4 absent
5 06 07
6 45 67 13 17
7 45 67 13 17

Left
none
Best: none

Right
45 34x
67 56x
13 02x
17 06y
Best: OR-NOT45: 1

XOR-NOT
01 01100001 3
12 10001101 4
23 00000101 2
34 10110001 4
45 11111010 6
56 01110011 5
67 11011001 5
70 00001000 1

02 00010011 3
13 01110111 6
24 01001011 4
35 10110100 4
46 01110110 5
57 01010101 4
60 00101110 4
71 10010110 4

03 11101001 5
14 00111001 4
25 01001110 4
36 00111000 3
47 01010000 2
50 10100010 3
61 10110000 3
72 11100100 4

04 10100111 5
15 00111100 4
26 11000010 3 match 0
37 00011110 4 match 1
40 10100111 5
51 00111100 4
62 11000010 3 match 0
73 00011110 4 match 1

05 10100010 3
16 10110000 3
27 11100100 4
30 11101001 5
41 00111001 4
52 01001110 4
63 00111000 3
74 01010000 2

06 00101110 4
17 10010110 4
20 00010011 3
31 01110111 6
42 01001011 4
53 10110100 4
64 01110110 5
75 01010101 4

07 00001000 1
10 01100001 3
21 10001101 4
32 00000101 2
43 10110001 4
54 11111010 6
65 01110011 5
76 11011001 5

Matching output
0 26 62
1 37 73
2 absent
3 absent
4 absent
5 absent
6 absent
7 absent

Left
26 37 40x
62 73 04x
Best: XOR-NOT26 37: 2

Right
none
Best: none

Selecting

Lefts
Identity none
NOT none
Constant none
AND none
OR none
XOR none
AND-NOT none
OR-NOT none
XOR-NOT XOR-NOT26 37: 2

Rights
Identity none
NOT none
Constant C1 1: 2
AND none
OR OR01: 1
XOR none
AND-NOT none
OR-NOT OR-NOT45: 1
XOR-NOT none

Left longest: 2
Right longest: 2

Left winner: Identity no, NOT no, Constant no, AND no, OR no, XOR no, AND-NOT no, OR-NOT no, XOR-NOT yes
Right winner: Identity no, NOT no, Constant yes, AND no, OR no, XOR no, AND-NOT no, OR-NOT no, XOR-NOT no

Best left: XOR-NOT26 37: 2
Best right: C1 1: 2

Truncated left: XOR-NOT26 37: 2
Truncated right: C1 1: 2

Tentative from right
7 C1
6 C1
5 pending
4 pending
3 pending
2 pending
1 pending
0 pending

Tentative
0 XOR-NOT26
1 XOR-NOT37
2 pending
3 pending
4 pending
5 pending
6 C1
7 C1

Preferred from left
0 XOR-NOT26
1 XOR-NOT37
2 ?40
3 ?51
4 ?62
5 ?73
6 C1
7 C1

Preferred from right
7 C1
6 C1
5 ?73
4 ?62
3 ?51
2 ?40
1 XOR-NOT37
0 XOR-NOT26

Preferred
0 XOR-NOT26
1 XOR-NOT37
2 ?40 ?04
3 ?51 ?15
4 ?62 ?26
5 ?73 ?37
6 C1
7 C1

Matching
0 XOR-NOT26
1 XOR-NOT37
2 ?40 ?04 - Identity absent, NOT NOT4, Constant absent, AND absent, OR absent, XOR absent, AND-NOT absent, OR-NOT absent, XOR-NOT absent
3 ?51 ?15 - Identity absent, NOT NOT5, Constant absent, AND absent, OR absent, XOR absent, AND-NOT absent, OR-NOT absent, XOR-NOT absent
4 ?62 ?26 - Identity absent, NOT NOT6, Constant absent, AND absent, OR absent, XOR absent, AND-NOT absent, OR-NOT absent, XOR-NOT absent
5 ?73 ?37 - Identity absent, NOT NOT7, Constant absent, AND absent, OR absent, XOR absent, AND-NOT absent, OR-NOT absent, XOR-NOT absent
6 C1
7 C1

Perfect match
Identity no
NOT yes
Constant no
AND no
OR no
XOR no
AND-NOT no
OR-NOT no
XOR-NOT no

Matched
0 XOR-NOT26
1 XOR-NOT37
2 NOT4
3 NOT5
4 NOT6
5 NOT7
6 C1
7 C1

Selected
0 XOR-NOT26
1 XOR-NOT37
2 NOT4
3 NOT5
4 NOT6
5 NOT7
6 C1
7 C1

Applying to 00010110
Input
0 0
1 0
2 0
3 1
4 0
5 1
6 1
7 0
Output
0 XOR-NOT26 = XOR(0,NOT(1)) = 0
1 XOR-NOT37 = XOR(1,NOT(0)) = 0
2 NOT4 = NOT(0) = 1
3 NOT5 = NOT(1) = 0
4 NOT6 = NOT(1) = 0
5 NOT7 = NOT(0) = 1
6 C1 = 1
7 C1 = 1

I will now return the answer in \boxed{}
The answer in \boxed{–} is \boxed{00100111}