We need to deduce the transformation by matching the example outputs.
I will put my final answer inside \boxed{}.

Output 0: 11010111
0 1
1 1
2 0
3 1
4 0
5 1
6 1
7 1

Output 1: 11010101
0 1
1 1
2 0
3 1
4 0
5 1
6 0
7 1

Output 2: 01010100
0 0
1 1
2 0
3 1
4 0
5 1
6 0
7 0

Output 3: 10011111
0 1
1 0
2 0
3 1
4 1
5 1
6 1
7 1

Output 4: 11011111
0 1
1 1
2 0
3 1
4 1
5 1
6 1
7 1

Output 5: 01111111
0 0
1 1
2 1
3 1
4 1
5 1
6 1
7 1

Output 6: 01111110
0 0
1 1
2 1
3 1
4 1
5 1
6 1
7 0

Output 7: 00111101
0 0
1 0
2 1
3 1
4 1
5 1
6 0
7 1

Output 8: 11111010
0 1
1 1
2 1
3 1
4 1
5 0
6 1
7 0

Output 9: 10111111
0 1
1 0
2 1
3 1
4 1
5 1
6 1
7 1

Output bit columns (with bitsum as hash)
0 1101100011 6
1 1110111010 7
2 0000011111 5
3 1111111111 a
4 0001111111 7
5 1111111101 9
6 1001111011 7
7 1101110101 7

Input 0: 10001101
0 1
1 0
2 0
3 0
4 1
5 1
6 0
7 1

Input 1: 10101011
0 1
1 0
2 1
3 0
4 1
5 0
6 1
7 1

Input 2: 10100000
0 1
1 0
2 1
3 0
4 0
5 0
6 0
7 0

Input 3: 00110011
0 0
1 0
2 1
3 1
4 0
5 0
6 1
7 1

Input 4: 10011101
0 1
1 0
2 0
3 1
4 1
5 1
6 0
7 1

Input 5: 11011000
0 1
1 1
2 0
3 1
4 1
5 0
6 0
7 0

Input 6: 11110100
0 1
1 1
2 1
3 1
4 0
5 1
6 0
7 0

Input 7: 01101000
0 0
1 1
2 1
3 0
4 1
5 0
6 0
7 0

Input 8: 11010101
0 1
1 1
2 0
3 1
4 0
5 1
6 0
7 1

Input 9: 01111011
0 0
1 1
2 1
3 1
4 1
5 0
6 1
7 1

When matching output
x: not in operator
y: wrong position

Identity
0 1110111010 7 match 1
1 0000011111 5 match 2
2 0111001101 6
3 0001111011 6
4 1100110101 6
5 1000101010 4
6 0101000001 3
7 1101100011 6 match 0

Matching output
0 7
1 0
2 1
3 absent
4 absent
5 absent
6 absent
7 absent

Left
7 0 1 2x
Best: I7 0 1: 3

Right
none
Best: none

NOT
0 0001000101 3
1 1111100000 5
2 1000110010 4
3 1110000100 4
4 0011001010 4
5 0111010101 6
6 1010111110 7
7 0010011100 4

Matching output
0 absent
1 absent
2 absent
3 absent
4 absent
5 absent
6 absent
7 absent

Left
none
Best: none

Right
none
Best: none

Constant
0 0000000000 a
1 1111111111 a match 3

Matching output
0 absent
1 absent
2 absent
3 C1
4 absent
5 absent
6 absent
7 absent

Left
none
Best: none

Right
none
Best: none

AND
01 10 0000011010 3
12 21 0000001101 3
23 32 0001001001 3
34 43 0000110001 3
45 54 1000100000 2
56 65 0000000000 a
67 76 0101000001 3
70 07 1100100010 4

02 20 0110001000 3
13 31 0000011011 4
24 42 0100000101 3
35 53 0000101010 3
46 64 0100000001 2
57 75 1000100010 3
60 06 0100000000 1
71 17 0000000011 2

03 30 0000111010 4
14 41 0000010101 3
25 52 0000001000 1
36 63 0001000001 2
47 74 1100100001 4
50 05 1000101010 4
61 16 0000000001 1
72 27 0101000001 3

04 40 1100110000 4
15 51 0000001010 2
26 62 0101000001 3
37 73 0001100011 4

Matching output
0 absent
1 absent
2 absent
3 absent
4 absent
5 absent
6 absent
7 absent

Left
none
Best: none

Right
none
Best: none

OR
01 10 1110111111 9
12 21 0111011111 8
23 32 0111111111 9
34 43 1101111111 9
45 54 1100111111 8
56 65 1101101011 7
67 76 1101100011 6 match 0
70 07 1111111011 9

02 20 1111111111 a match 3
13 31 0001111111 7 match 4
24 42 1111111101 9 match 5
35 53 1001111011 7 match 6
46 64 1101110101 7 match 7
57 75 1101101011 7
60 06 1111111011 9
71 17 1101111111 9

03 30 1111111011 9
14 41 1100111111 8
25 52 1111101111 9
36 63 0101111011 7
47 74 1101110111 8
50 05 1110111010 7 match 1
61 16 0101011111 7
72 27 1111101111 9

04 40 1110111111 9
15 51 1000111111 7
26 62 0111001101 6
37 73 1101111011 8

Matching output
0 67 76
1 50 05
2 absent
3 02 20
4 13 31
5 24 42
6 35 53
7 46 64

Left
67 70x
76 07x
Best: OR67: 1

Right
46 35 24 13 02 71x
64 53 42 31 20 17x
Best: OR46 35 24 13 02: 5

XOR
01 10 1110100101 6
12 21 0111010010 5
23 32 0110110110 6
34 43 1101001110 6
45 54 0100011111 6
56 65 1101101011 7
67 76 1000100010 3
70 07 0011011001 5

02 20 1001110111 7
13 31 0001100100 3
24 42 1011111000 6
35 53 1001010001 4
46 64 1001110100 5
57 75 0101001001 4
60 06 1011111011 8
71 17 1101111100 7

03 30 1111000001 5
14 41 1100101010 5
25 52 1111100111 8
36 63 0100111010 5
47 74 0001010110 4
50 05 0110010000 3
61 16 0101011110 6
72 27 1010101110 6

04 40 0010001111 5
15 51 1000110101 5
26 62 0010001100 3
37 73 1100011000 4

Matching output
0 absent
1 absent
2 absent
3 absent
4 absent
5 absent
6 absent
7 absent

Left
none
Best: none

Right
none
Best: none

AND-NOT
01 1110100000 4
12 0000010010 2
23 0110000100 3
34 0001001010 3
45 0100010101 4
56 1000101010 4
67 0000000000 a
70 0001000001 2

02 1000110010 4
13 0000000100 1
24 0011001000 3
35 0001010001 3
46 1000110100 4
57 0000001000 1
60 0001000001 2
71 1101100000 4

03 1110000000 3
14 0000001010 2
25 0111000101 5
36 0000111010 4
47 0000010100 2
50 0000000000 a
61 0101000000 2
72 1000100010 3

04 0010001010 3
15 0000010101 3
26 0010001100 3
37 0000011000 2
40 0000000101 2
51 1000100000 2
62 0000000000 a
73 1100000000 2

05 0110010000 3
16 0000011110 4
27 0010001100 3
30 0001000001 2
41 1100100000 3
52 1000100010 3
63 0100000000 1
74 0001000010 2

06 1010111010 6
17 0000011100 3
20 0001000101 3
31 0001100000 2
42 1000110000 3
53 1000000000 1
64 0001000000 1
75 0101000001 3

07 0010011000 3
10 0000000101 2
21 0111000000 3
32 0000110010 3
43 1100000100 3
54 0000001010 2
65 0101000001 3
76 1000100010 3

Matching output
0 absent
1 absent
2 absent
3 absent
4 absent
5 absent
6 absent
7 absent

Left
none
Best: none

Right
none
Best: none

OR-NOT
01 1111111010 8
12 1000111111 7
23 1111001101 7
34 0011111011 7
45 1111110101 8
56 1010111110 7
67 0111011101 7
70 1101100111 7

02 1110111010 7 match 1
13 1110011111 8
24 0111001111 7
35 0111111111 9
46 1110111111 9
57 1010111110 7
60 0101000101 4
71 1111100011 7

03 1110111110 8
14 0011011111 7
25 0111011101 7
36 1011111111 9
47 1110111101 8
50 1001101111 7
61 1111100001 6
72 1101110011 7

04 1111111010 8
15 0111011111 8
26 1111111111 a match 3
37 0011111111 8
40 1101110101 7 match 7
51 1111101010 7
62 1101110011 7
73 1111100111 8

05 1111111111 a match 3
16 1010111111 8
27 0111011101 7
30 0001111111 7 match 4
41 1111110101 8
52 1000111010 5
63 1111000101 6
74 1111101011 8

06 1110111110 8
17 0010011111 6
20 0111001101 6
31 1111111011 9
42 1100110111 7
53 1110101110 7
64 0111001011 6
75 1111110111 9

07 1110111110 8
10 0001011111 6
21 1111101101 8
32 1001111011 7 match 6
43 1110110101 7
54 1011101010 6
65 0111010101 6
76 1111111111 a match 3

Matching output
0 absent
1 02
2 absent
3 26 05 76
4 30
5 absent
6 32
7 40

Left
none
Best: none

Right
40 37x
Best: OR-NOT40: 1

XOR-NOT
01 0001011010 4
12 1000101101 5
23 1001001001 4
34 0010110001 4
45 1011100000 4
56 0010010100 3
67 0111011101 7
70 1100100110 5

02 0110001000 3
13 1110011011 7
24 0100000111 4
35 0110101110 6
46 0110001011 5
57 1010110110 6
60 0100000100 2
71 0010000011 3

03 0000111110 5
14 0011010101 5
25 0000011000 2
36 1011000101 5
47 1110101001 6
50 1001101111 7
61 1010100001 4
72 0101010001 4

04 1101110000 5
15 0111001010 5
26 1101110011 7
37 0011100111 6
40 1101110000 5
51 0111001010 5
62 1101110011 7
73 0011100111 6

05 1001101111 7
16 1010100001 4
27 0101010001 4
30 0000111110 5
41 0011010101 5
52 0000011000 2
63 1011000101 5
74 1110101001 6

06 0100000100 2
17 0010000011 3
20 0110001000 3
31 1110011011 7
42 0100000111 4
53 0110101110 6
64 0110001011 5
75 1010110110 6

07 1100100110 5
10 0001011010 4
21 1000101101 5
32 1001001001 4
43 0010110001 4
54 1011100000 4
65 0010010100 3
76 0111011101 7

Matching output
0 absent
1 absent
2 absent
3 absent
4 absent
5 absent
6 absent
7 absent

Left
none
Best: none

Right
none
Best: none

Selecting

Lefts
Identity I7 0 1: 3
NOT none
Constant none
AND none
OR OR67: 1
XOR none
AND-NOT none
OR-NOT none
XOR-NOT none

Rights
Identity none
NOT none
Constant none
AND none
OR OR46 35 24 13 02: 5
XOR none
AND-NOT none
OR-NOT OR-NOT40: 1
XOR-NOT none

Left longest: 3
Right longest: 5

Right winner: Identity no, NOT no, Constant no, AND no, OR yes, XOR no, AND-NOT no, OR-NOT no, XOR-NOT no
Left winner: Identity yes, NOT no, Constant no, AND no, OR no, XOR no, AND-NOT no, OR-NOT no, XOR-NOT no

Best right: OR46 35 24 13 02: 5
Best left: I7 0 1: 3

Truncated right: OR46 35 24 13 02: 5
Truncated left: I7 0 1: 3

Tentative from right
7 OR46
6 OR35
5 OR24
4 OR13
3 OR02
2 pending
1 pending
0 pending

Tentative
0 I7
1 I0
2 I1
3 OR02
4 OR13
5 OR24
6 OR35
7 OR46

Preferred from right
7 OR46
6 OR35
5 OR24
4 OR13
3 OR02
2 I1
1 I0
0 I7

Preferred from left
0 I7
1 I0
2 I1
3 OR02
4 OR13
5 OR24
6 OR35
7 OR46

Preferred
0 I7
1 I0
2 I1
3 OR02
4 OR13
5 OR24
6 OR35
7 OR46

Matching
0 I7
1 I0
2 I1
3 OR02
4 OR13
5 OR24
6 OR35
7 OR46

Perfect match
Identity no
NOT no
Constant no
AND no
OR no
XOR no
AND-NOT no
OR-NOT no
XOR-NOT no

Matched
0 I7
1 I0
2 I1
3 OR02
4 OR13
5 OR24
6 OR35
7 OR46

Selected
0 I7
1 I0
2 I1
3 OR02
4 OR13
5 OR24
6 OR35
7 OR46

Applying to 10001001
Input
0 1
1 0
2 0
3 0
4 1
5 0
6 0
7 1
Output
0 I7 = 1
1 I0 = 1
2 I1 = 0
3 OR02 = OR(1,0) = 1
4 OR13 = OR(0,0) = 0
5 OR24 = OR(0,1) = 1
6 OR35 = OR(0,0) = 0
7 OR46 = OR(1,0) = 1

I will now return the answer in \boxed{}
The answer in \boxed{–} is \boxed{11010101}