We need to deduce the transformation by matching the example outputs.
I will put my final answer inside \boxed{}.

Output 0: 00000011
0 0
1 0
2 0
3 0
4 0
5 0
6 1
7 1

Output 1: 01001001
0 0
1 1
2 0
3 0
4 1
5 0
6 0
7 1

Output 2: 01100111
0 0
1 1
2 1
3 0
4 0
5 1
6 1
7 1

Output 3: 00001101
0 0
1 0
2 0
3 0
4 1
5 1
6 0
7 1

Output 4: 10011010
0 1
1 0
2 0
3 1
4 1
5 0
6 1
7 0

Output 5: 11000110
0 1
1 1
2 0
3 0
4 0
5 1
6 1
7 0

Output 6: 01001100
0 0
1 1
2 0
3 0
4 1
5 1
6 0
7 0

Output 7: 11001100
0 1
1 1
2 0
3 0
4 1
5 1
6 0
7 0

Output 8: 00001011
0 0
1 0
2 0
3 0
4 1
5 0
6 1
7 1

Output 9: 00010010
0 0
1 0
2 0
3 1
4 0
5 0
6 1
7 0

Output bit columns (with bitsum as hash)
0 0000110100 3
1 0110011100 5
2 0010000000 1
3 0000100001 2
4 0101101110 6
5 0011011100 5
6 1010110011 6
7 1111000010 5

Input 0: 11000000
0 1
1 1
2 0
3 0
4 0
5 0
6 0
7 0

Input 1: 01111010
0 0
1 1
2 1
3 1
4 1
5 0
6 1
7 0

Input 2: 11111001
0 1
1 1
2 1
3 1
4 1
5 0
6 0
7 1

Input 3: 01011111
0 0
1 1
2 0
3 1
4 1
5 1
6 1
7 1

Input 4: 10110110
0 1
1 0
2 1
3 1
4 0
5 1
6 1
7 0

Input 5: 10110001
0 1
1 0
2 1
3 1
4 0
5 0
6 0
7 1

Input 6: 00111011
0 0
1 0
2 1
3 1
4 1
5 0
6 1
7 1

Input 7: 00110011
0 0
1 0
2 1
3 1
4 0
5 0
6 1
7 1

Input 8: 11000010
0 1
1 1
2 0
3 0
4 0
5 0
6 1
7 0

Input 9: 10010100
0 1
1 0
2 0
3 1
4 0
5 1
6 0
7 0

When matching output
x: not in operator
y: wrong position

Identity
0 1010110011 6 match 6
1 1111000010 5 match 7
2 0110111100 6
3 0111111101 8
4 0111001000 4
5 0001100001 3
6 0101101110 6 match 4
7 0011011100 5 match 5

Matching output
0 absent
1 absent
2 absent
3 absent
4 6
5 7
6 0
7 1

Left
none
Best: none

Right
1 0 7 6 5x
Best: I1 0 7 6: 4

NOT
0 0101001100 4
1 0000111101 5
2 1001000011 4
3 1000000010 2
4 1000110111 6
5 1110011110 7
6 1010010001 4
7 1100100011 5

Matching output
0 absent
1 absent
2 absent
3 absent
4 absent
5 absent
6 absent
7 absent

Left
none
Best: none

Right
none
Best: none

Constant
0 0000000000 a
1 1111111111 a

Matching output
0 absent
1 absent
2 absent
3 absent
4 absent
5 absent
6 absent
7 absent

Left
none
Best: none

Right
none
Best: none

AND
01 10 1010000010 3
12 21 0110000000 2
23 32 0110111100 6
34 43 0111001000 4
45 54 0001000000 1
56 65 0001100000 2
67 76 0001001100 3
70 07 0010010000 2

02 20 0010110000 3
13 31 0111000000 3
24 42 0110001000 3
35 53 0001100001 3
46 64 0101001000 3
57 75 0001000000 1
60 06 0000100010 2
71 17 0011000000 2

03 30 0010110001 4
14 41 0111000000 3
25 52 0000100000 1
36 63 0101101100 5
47 74 0011001000 3
50 05 0000100001 2 match 3
61 16 0101000010 3
72 27 0010011100 4

04 40 0010000000 1 match 2
15 51 0001000000 1
26 62 0100101100 4
37 73 0011011100 5 match 5

Matching output
0 absent
1 absent
2 04 40
3 50 05
4 absent
5 37 73
6 absent
7 absent

Left
none
Best: none

Right
none
Best: none

OR
01 10 1111110011 8
12 21 1111111110 9
23 32 0111111101 8
34 43 0111111101 8
45 54 0111101001 6
56 65 0101101111 7
67 76 0111111110 8
70 07 1011111111 9

02 20 1110111111 9
13 31 1111111111 a
24 42 0111111100 7
35 53 0111111101 8
46 64 0111101110 7
57 75 0011111101 7
60 06 1111111111 a
71 17 1111011110 8

03 30 1111111111 a
14 41 1111001010 6
25 52 0111111101 8
36 63 0111111111 9
47 74 0111011100 6
50 05 1011110011 7
61 16 1111101110 8
72 27 0111111100 7

04 40 1111111011 9
15 51 1111100011 7
26 62 0111111110 8
37 73 0111111101 8

Matching output
0 absent
1 absent
2 absent
3 absent
4 absent
5 absent
6 absent
7 absent

Left
none
Best: none

Right
none
Best: none

XOR
01 10 0101110001 5
12 21 1001111110 7
23 32 0001000001 2
34 43 0000110101 4
45 54 0110101001 5
56 65 0100001111 5
67 76 0110110010 5
70 07 1001101111 7

02 20 1100001111 6
13 31 1000111111 7
24 42 0001110100 4
35 53 0110011100 5 match 1
46 64 0010100110 4
57 75 0010111101 6
60 06 1111011101 8
71 17 1100011110 6

03 30 1101001110 6
14 41 1000001010 3
25 52 0111011101 7
36 63 0010010011 4
47 74 0100010100 3
50 05 1011010010 5
61 16 1010101100 5
72 27 0101100000 3

04 40 1101111011 8
15 51 1110100011 6
26 62 0011010010 4
37 73 0100100001 3

Matching output
0 absent
1 35 53
2 absent
3 absent
4 absent
5 absent
6 absent
7 absent

Left
none
Best: none

Right
none
Best: none

AND-NOT
01 0000110001 3
12 1001000010 3
23 0000000000 a
34 0000110101 4
45 0110001000 3
56 0000000001 1
67 0100100010 3
70 0001001100 3

02 1000000011 3
13 1000000010 2
24 0000110100 3 match 0
35 0110011100 5 match 1
46 0010000000 1 match 2
57 0000100001 2 match 3
60 0101001100 4
71 0000011100 3

03 1000000010 2
14 1000000010 2
25 0110011100 5 match 1
36 0010010001 3
47 0100000000 1
50 0001000000 1
61 0000101100 3
72 0001000000 1

04 1000110011 5
15 1110000010 4
26 0010010000 2
37 0100100001 3
40 0101001000 3
51 0000100001 2 match 3
62 0001000010 2
73 0000000000 a

05 1010010010 4
16 1010000000 2
27 0100100000 2
30 0101001100 4
41 0000001000 1
52 0001000001 2
63 0000000010 1
74 0000010100 2

06 1010010001 4
17 1100000010 3
20 0100001100 3
31 0000111101 5
42 0001000000 1
53 0000000000 a
64 0000100110 3
75 0010011100 4

07 1000100011 4
10 0101000000 2
21 0000111100 4
32 0001000001 2
43 0000000000 a
54 0000100001 2 match 3
65 0100001110 4
76 0010010000 2

Matching output
0 24
1 35 25
2 46
3 57 51 54
4 absent
5 absent
6 absent
7 absent

Left
24 35 46 57 60x
Best: AND-NOT24 35 46 57: 4

Right
none
Best: none

OR-NOT
01 1010111111 8
12 1111000011 6
23 1110111110 8
34 1111111111 a
45 1111011110 8
56 1011110001 6
67 1101101111 8
70 0111011100 6

02 1011110011 7
13 1111000010 5 match 7
24 1110111111 9
35 1111111111 a
46 1111011001 7
57 1101100011 6
60 0101101110 6 match 4
71 0011111101 7

03 1010110011 6 match 6
14 1111110111 9
25 1110111110 8
36 1111111101 9
47 1111101011 8
50 0101101101 6
61 0101111111 8
72 1011011111 8

04 1010110111 7
15 1111011110 8
26 1110111101 8
37 1111111111 a
40 0111001100 5
51 0001111101 6
62 1101101111 8
73 1011011110 7

05 1110111111 9
16 1111010011 7
27 1110111111 9
30 0111111101 8
41 0111111101 8
52 1001100011 5
63 1101101110 7
74 1011111111 9

06 1010110011 6 match 6
17 1111100011 7
20 0111111100 7
31 0111111101 8
42 1111001011 7
53 1001100011 5
64 1101111111 9
75 1111011110 8

07 1110110011 7
10 1111001110 7
21 0110111101 7
32 1111111111 a
43 1111001010 6
54 1001110111 7
65 1111111110 9
76 1011011101 7

Matching output
0 absent
1 absent
2 absent
3 absent
4 60
5 absent
6 03 06
7 13

Left
none
Best: none

Right
13 02x
Best: OR-NOT13: 1

XOR-NOT
01 1010001110 5
12 0110000001 3
23 1110111110 8
34 1111001010 6
45 1001010110 5
56 1011110000 5
67 1001001101 5
70 0110010000 3

02 0011110000 4
13 0111000000 3
24 1110001011 6
35 1001100011 5
46 1101011001 6
57 1101000010 4
60 0000100010 2
71 0011100001 4

03 0010110001 4
14 0111110101 7
25 1000100010 3
36 1101101100 6
47 1011101011 7
50 0100101101 5
61 0101010011 5
72 1010011111 7

04 0010000100 2
15 0001011100 4
26 1100101101 6
37 1011011110 7
40 0010000100 2
51 0001011100 4
62 1100101101 6
73 1011011110 7

05 0100101101 5
16 0101010011 5
27 1010011111 7
30 0010110001 4
41 0111110101 7
52 1000100010 3
63 1101101100 6
74 1011101011 7

06 0000100010 2
17 0011100001 4
20 0011110000 4
31 0111000000 3
42 1110001011 6
53 1001100011 5
64 1101011001 6
75 1101000010 4

07 0110010000 3
10 1010001110 5
21 0110000001 3
32 1110111110 8
43 1111001010 6
54 1001010110 5
65 1011110000 5
76 1001001101 5

Matching output
0 absent
1 absent
2 absent
3 absent
4 absent
5 absent
6 absent
7 absent

Left
none
Best: none

Right
none
Best: none

Selecting

Lefts
Identity none
NOT none
Constant none
AND none
OR none
XOR none
AND-NOT AND-NOT24 35 46 57: 4
OR-NOT none
XOR-NOT none

Rights
Identity I1 0 7 6: 4
NOT none
Constant none
AND none
OR none
XOR none
AND-NOT none
OR-NOT OR-NOT13: 1
XOR-NOT none

Left longest: 4
Right longest: 4

Left winner: Identity no, NOT no, Constant no, AND no, OR no, XOR no, AND-NOT yes, OR-NOT no, XOR-NOT no
Right winner: Identity yes, NOT no, Constant no, AND no, OR no, XOR no, AND-NOT no, OR-NOT no, XOR-NOT no

Best left: AND-NOT24 35 46 57: 4
Best right: I1 0 7 6: 4

Truncated left: AND-NOT24 35 46 57: 4
Truncated right: I1 0 7 6: 4

Tentative from right
7 I1
6 I0
5 I7
4 I6
3 pending
2 pending
1 pending
0 pending

Tentative
0 AND-NOT24
1 AND-NOT35
2 AND-NOT46
3 AND-NOT57
4 I6
5 I7
6 I0
7 I1

Preferred from left
0 AND-NOT24
1 AND-NOT35
2 AND-NOT46
3 AND-NOT57
4 I6
5 I7
6 I0
7 I1

Preferred from right
7 I1
6 I0
5 I7
4 I6
3 AND-NOT57
2 AND-NOT46
1 AND-NOT35
0 AND-NOT24

Preferred
0 AND-NOT24
1 AND-NOT35
2 AND-NOT46
3 AND-NOT57
4 I6
5 I7
6 I0
7 I1

Matching
0 AND-NOT24
1 AND-NOT35
2 AND-NOT46
3 AND-NOT57
4 I6
5 I7
6 I0
7 I1

Perfect match
Identity no
NOT no
Constant no
AND no
OR no
XOR no
AND-NOT no
OR-NOT no
XOR-NOT no

Matched
0 AND-NOT24
1 AND-NOT35
2 AND-NOT46
3 AND-NOT57
4 I6
5 I7
6 I0
7 I1

Selected
0 AND-NOT24
1 AND-NOT35
2 AND-NOT46
3 AND-NOT57
4 I6
5 I7
6 I0
7 I1

Applying to 01111110
Input
0 0
1 1
2 1
3 1
4 1
5 1
6 1
7 0
Output
0 AND-NOT24 = AND(1,NOT(1)) = 0
1 AND-NOT35 = AND(1,NOT(1)) = 0
2 AND-NOT46 = AND(1,NOT(1)) = 0
3 AND-NOT57 = AND(1,NOT(0)) = 1
4 I6 = 1
5 I7 = 0
6 I0 = 0
7 I1 = 1

I will now return the answer in \boxed{}
The answer in \boxed{–} is \boxed{00011001}