We need to deduce the transformation by matching the example outputs.
I will put my final answer inside \boxed{}.

Output 0: 10011100
0 1
1 0
2 0
3 1
4 1
5 1
6 0
7 0

Output 1: 01101111
0 0
1 1
2 1
3 0
4 1
5 1
6 1
7 1

Output 2: 10111101
0 1
1 0
2 1
3 1
4 1
5 1
6 0
7 1

Output 3: 00101101
0 0
1 0
2 1
3 0
4 1
5 1
6 0
7 1

Output 4: 10110001
0 1
1 0
2 1
3 1
4 0
5 0
6 0
7 1

Output 5: 10000100
0 1
1 0
2 0
3 0
4 0
5 1
6 0
7 0

Output 6: 01010010
0 0
1 1
2 0
3 1
4 0
5 0
6 1
7 0

Output bit columns (with bitsum as hash)
0 1010110 4
1 0100001 2
2 0111100 4
3 1010101 4
4 1111000 4
5 1111010 5
6 0100001 2
7 0111100 4

Input 0: 00100110
0 0
1 0
2 1
3 0
4 0
5 1
6 1
7 0

Input 1: 00011011
0 0
1 0
2 0
3 1
4 1
5 0
6 1
7 1

Input 2: 00101110
0 0
1 0
2 1
3 0
4 1
5 1
6 1
7 0

Input 3: 10001111
0 1
1 0
2 0
3 0
4 1
5 1
6 1
7 1

Input 4: 00101101
0 0
1 0
2 1
3 0
4 1
5 1
6 0
7 1

Input 5: 10100100
0 1
1 0
2 1
3 0
4 0
5 1
6 0
7 0

Input 6: 01010110
0 0
1 1
2 0
3 1
4 0
5 1
6 1
7 0

When matching output
x: not in operator
y: wrong position

Identity
0 0001010 2
1 0000001 1
2 1010110 4 match 0
3 0100001 2 match 1 6
4 0111100 4 match 2 7
5 1011111 6
6 1111001 5
7 0101100 3

Matching output
0 2
1 3
2 4
3 absent
4 absent
5 absent
6 3
7 4

Left
2 3 4 5x
Best: I2 3 4: 3

Right
4 3 2y
Best: I4 3: 2

NOT
0 1110101 5
1 1111110 6
2 0101001 3
3 1011110 5
4 1000011 3
5 0100000 1
6 0000110 2
7 1010011 4

Matching output
0 absent
1 absent
2 absent
3 absent
4 absent
5 absent
6 absent
7 absent

Left
none
Best: none

Right
none
Best: none

Constant
0 0000000 a
1 1111111 a

Matching output
0 absent
1 absent
2 absent
3 absent
4 absent
5 absent
6 absent
7 absent

Left
none
Best: none

Right
none
Best: none

AND
01 10 0000000 a
12 21 0000000 a
23 32 0000000 a
34 43 0100000 1
45 54 0011100 3
56 65 1011001 4
67 76 0101000 2
70 07 0001000 1

02 20 0000010 1
13 31 0000001 1
24 42 0010100 2
35 53 0000001 1
46 64 0111000 3
57 75 0001100 2
60 06 0001000 1
71 17 0000000 a

03 30 0000000 a
14 41 0000000 a
25 52 1010110 4 match 0
36 63 0100001 2 match 1 6
47 74 0101100 3
50 05 0001010 2
61 16 0000001 1
72 27 0000100 1

04 40 0001000 1
15 51 0000001 1
26 62 1010000 2
37 73 0100000 1

Matching output
0 25 52
1 36 63
2 absent
3 absent
4 absent
5 absent
6 36 63
7 absent

Left
25 36 47x
52 63 74x
Best: AND25 36: 2

Right
none
Best: none

OR
01 10 0001011 3
12 21 1010111 5
23 32 1110111 6
34 43 0111101 5
45 54 1111111 a
56 65 1111111 a
67 76 1111101 6
70 07 0101110 4

02 20 1011110 5
13 31 0100001 2 match 1 6
24 42 1111110 6
35 53 1111111 a
46 64 1111101 6
57 75 1111111 a
60 06 1111011 6
71 17 0101101 4

03 30 0101011 4
14 41 0111101 5
25 52 1011111 6
36 63 1111001 5
47 74 0111100 4 match 2 7
50 05 1011111 6
61 16 1111001 5
72 27 1111110 6

04 40 0111110 5
15 51 1011111 6
26 62 1111111 a
37 73 0101101 4

Matching output
0 absent
1 13 31
2 47 74
3 absent
4 absent
5 absent
6 13 31
7 47 74

Left
none
Best: none

Right
47 36x
74 63x
Best: OR47: 1

XOR
01 10 0001011 3
12 21 1010111 5
23 32 1110111 6
34 43 0011101 4
45 54 1100011 4
56 65 0100110 3
67 76 1010101 4 match 3
70 07 0100110 3

02 20 1011100 4
13 31 0100000 1
24 42 1101010 4
35 53 1111110 6
46 64 1000101 3
57 75 1110011 5
60 06 1110011 5
71 17 0101101 4

03 30 0101011 4
14 41 0111101 5
25 52 0001001 2
36 63 1011000 3
47 74 0010000 1
50 05 1010101 4 match 3
61 16 1111000 4 match 4
72 27 1111010 5 match 5

04 40 0110110 4
15 51 1011110 5
26 62 0101111 5
37 73 0001101 3

Matching output
0 absent
1 absent
2 absent
3 67 76 50 05
4 61 16
5 72 27
6 absent
7 absent

Left
none
Best: none

Right
none
Best: none

AND-NOT
01 0001010 2
12 0000001 1
23 1010110 4 match 0
34 0000001 1
45 0100000 1
56 0000110 2
67 1010001 3
70 0100100 2

02 0001000 1
13 0000000 a
24 1000010 2
35 0100000 1
46 0000100 1
57 1010011 4
60 1110001 4
71 0101100 3

03 0001010 2
14 0000001 1
25 0000000 a
36 0000000 a
47 0010000 1
50 1010101 4 match 3
61 1111000 4 match 4
72 0101000 2

04 0000010 1
15 0000000 a
26 0000110 2
37 0000001 1
40 0110100 3
51 1011110 5
62 0101001 3
73 0001100 2

05 0000000 a
16 0000000 a
27 1010010 3
30 0100001 2 match 1 6
41 0111100 4 match 2 7
52 0001001 2
63 1011000 3
74 0000000 a

06 0000010 1
17 0000001 1
20 1010100 3
31 0100000 1
42 0101000 2
53 1011110 5
64 1000001 2
75 0100000 1

07 0000010 1
10 0000001 1
21 1010110 4 match 0
32 0100001 2 match 1 6
43 0011100 3
54 1000011 3
65 0100000 1
76 0000100 1

Matching output
0 23 21
1 30 32
2 41
3 50
4 61
5 absent
6 30 32
7 41

Left
23 34x
21 32 43x
Best: AND-NOT21 32: 2

Right
41 30 27x
Best: AND-NOT41 30: 2

OR-NOT
01 1111110 6
12 0101001 3
23 1011110 5
34 1100011 4
45 0111100 4 match 2 7
56 1011111 6
67 1111011 6
70 1111101 6

02 0101011 4
13 1011111 6
24 1010111 5
35 0100001 2 match 1 6
46 0111110 5
57 1011111 6
60 1111101 6
71 1111110 6

03 1011110 5
14 1000011 3
25 1110110 5
36 0100111 4
47 1111111 a
50 1111111 a
61 1111111 a
72 0101101 4

04 1001011 4
15 0100001 2 match 1 6
26 1010110 4 match 0
37 1110011 5
40 1111101 6
51 1111111 a
62 1111001 5
73 1111110 6

05 0101010 3
16 0000111 3
27 1010111 5
30 1110101 5
41 1111110 6
52 1111111 a
63 1111111 a
74 1101111 6

06 0001110 3
17 1010011 4
20 1110111 6
31 1111111 a
42 0111101 5
53 1011111 6
64 1111011 6
75 0101100 3

07 1011011 5
10 1110101 5
21 1111110 6
32 0101001 3
43 1111110 6
54 1011111 6
65 1111001 5
76 0101110 4

Matching output
0 26
1 35 15
2 45
3 absent
4 absent
5 absent
6 35 15
7 45

Left
26 37x
Best: OR-NOT26: 1

Right
45 34x
Best: OR-NOT45: 1

XOR-NOT
01 1110100 4
12 0101000 2
23 0001000 1
34 1100010 3
45 0011100 3
56 1011001 4
67 0101010 3
70 1011001 4

02 0100011 3
13 1011111 6
24 0010101 3
35 0000001 1
46 0111010 4
57 0001100 2
60 0001100 2
71 1010010 3

03 1010100 3
14 1000010 2
25 1110110 5
36 0100111 4
47 1101111 6
50 0101010 3
61 0000111 3
72 0000101 2

04 1001001 3
15 0100001 2 match 1 6
26 1010000 2
37 1110010 4
40 1001001 3
51 0100001 2 match 1 6
62 1010000 2
73 1110010 4

05 0101010 3
16 0000111 3
27 0000101 2
30 1010100 3
41 1000010 2
52 1110110 5
63 0100111 4
74 1101111 6

06 0001100 2
17 1010010 3
20 0100011 3
31 1011111 6
42 0010101 3
53 0000001 1
64 0111010 4
75 0001100 2

07 1011001 4
10 1110100 4
21 0101000 2
32 0001000 1
43 1100010 3
54 0011100 3
65 1011001 4
76 0101010 3

Matching output
0 absent
1 15 51
2 absent
3 absent
4 absent
5 absent
6 15 51
7 absent

Left
none
Best: none

Right
none
Best: none

Selecting

Lefts
Identity I2 3 4: 3
NOT none
Constant none
AND AND25 36: 2
OR none
XOR none
AND-NOT AND-NOT21 32: 2
OR-NOT OR-NOT26: 1
XOR-NOT none

Rights
Identity I4 3: 2
NOT none
Constant none
AND none
OR OR47: 1
XOR none
AND-NOT AND-NOT41 30: 2
OR-NOT OR-NOT45: 1
XOR-NOT none

Left longest: 3
Right longest: 2

Left winner: Identity yes, NOT no, Constant no, AND no, OR no, XOR no, AND-NOT no, OR-NOT no, XOR-NOT no
Right winner: Identity yes, NOT no, Constant no, AND no, OR no, XOR no, AND-NOT no, OR-NOT no, XOR-NOT no

Best left: I2 3 4: 3
Best right: I4 3: 2

Truncated left: I2 3 4: 3
Truncated right: I4 3: 2

Tentative from right
7 I4
6 I3
5 pending
4 pending
3 pending
2 pending
1 pending
0 pending

Tentative
0 I2
1 I3
2 I4
3 pending
4 pending
5 pending
6 I3
7 I4

Preferred from left
0 I2
1 I3
2 I4
3 ?5?
4 ?6?
5 ?7?
6 I3
7 I4

Preferred from right
7 I4
6 I3
5 ?72
4 ?61
3 ?50
2 I4
1 I3
0 I2

Preferred
0 I2
1 I3
2 I4
3 ?50 ?05
4 ?61 ?16
5 ?72 ?27
6 I3
7 I4

Matching
0 I2
1 I3
2 I4
3 ?50 ?05 - Identity absent, NOT absent, Constant absent, AND absent, OR absent, XOR50, AND-NOT50, OR-NOT absent, XOR-NOT absent
4 ?61 ?16 - Identity absent, NOT absent, Constant absent, AND absent, OR absent, XOR61, AND-NOT61, OR-NOT absent, XOR-NOT absent
5 ?72 ?27 - Identity absent, NOT absent, Constant absent, AND absent, OR absent, XOR72, AND-NOT absent, OR-NOT absent, XOR-NOT absent
6 I3
7 I4

Perfect match
Identity no
NOT no
Constant no
AND no
OR no
XOR yes
AND-NOT no
OR-NOT no
XOR-NOT no

Matched
0 I2
1 I3
2 I4
3 XOR50
4 XOR61
5 XOR72
6 I3
7 I4

Selected
0 I2
1 I3
2 I4
3 XOR50
4 XOR61
5 XOR72
6 I3
7 I4

Applying to 00000011
Input
0 0
1 0
2 0
3 0
4 0
5 0
6 1
7 1
Output
0 I2 = 0
1 I3 = 0
2 I4 = 0
3 XOR50 = XOR(0,0) = 0
4 XOR61 = XOR(1,0) = 1
5 XOR72 = XOR(1,0) = 1
6 I3 = 0
7 I4 = 0

I will now return the answer in \boxed{}
The answer in \boxed{–} is \boxed{00001100}