We need to deduce the transformation by matching the example outputs.
I will put my final answer inside \boxed{}.

Output 0: 10010000
0 1
1 0
2 0
3 1
4 0
5 0
6 0
7 0

Output 1: 00010000
0 0
1 0
2 0
3 1
4 0
5 0
6 0
7 0

Output 2: 10100000
0 1
1 0
2 1
3 0
4 0
5 0
6 0
7 0

Output 3: 10110000
0 1
1 0
2 1
3 1
4 0
5 0
6 0
7 0

Output 4: 00100000
0 0
1 0
2 1
3 0
4 0
5 0
6 0
7 0

Output 5: 00000000
0 0
1 0
2 0
3 0
4 0
5 0
6 0
7 0

Output 6: 10010000
0 1
1 0
2 0
3 1
4 0
5 0
6 0
7 0

Output 7: 10100000
0 1
1 0
2 1
3 0
4 0
5 0
6 0
7 0

Output bit columns (with bitsum as hash)
0 10110011 5
1 00000000 a
2 00111001 4
3 11010010 4
4 00000000 a
5 00000000 a
6 00000000 a
7 00000000 a

Input 0: 01001011
0 0
1 1
2 0
3 0
4 1
5 0
6 1
7 1

Input 1: 01000011
0 0
1 1
2 0
3 0
4 0
5 0
6 1
7 1

Input 2: 11001110
0 1
1 1
2 0
3 0
4 1
5 1
6 1
7 0

Input 3: 11001011
0 1
1 1
2 0
3 0
4 1
5 0
6 1
7 1

Input 4: 10010010
0 1
1 0
2 0
3 1
4 0
5 0
6 1
7 0

Input 5: 00010110
0 0
1 0
2 0
3 1
4 0
5 1
6 1
7 0

Input 6: 01011011
0 0
1 1
2 0
3 1
4 1
5 0
6 1
7 1

Input 7: 10011010
0 1
1 0
2 0
3 1
4 1
5 0
6 1
7 0

When matching output
x: not in operator
y: wrong position

Identity
0 00111001 4 match 2
1 11110010 5
2 00000000 a match 1 4 5 6 7
3 00001111 4
4 10110011 5 match 0
5 00100100 2
6 11111111 a
7 11010010 4 match 3

Matching output
0 4
1 2
2 0
3 7
4 2
5 2
6 2
7 2

Left
4 5x
Best: I4: 1

Right
2 1x
Best: I2: 1

NOT
0 11000110 4
1 00001101 3
2 11111111 a
3 11110000 4
4 01001100 3
5 11011011 6
6 00000000 a match 1 4 5 6 7
7 00101101 4

Matching output
0 absent
1 6
2 absent
3 absent
4 6
5 6
6 6
7 6

Left
none
Best: none

Right
6 5x
Best: NOT6: 1

Constant
0 00000000 a match 1 4 5 6 7
1 11111111 a

Matching output
0 absent
1 C0
2 absent
3 absent
4 C0
5 C0
6 C0
7 C0

Left
none
Best: none

Right
0 0 0 0
Best: C0 0 0 0: 4

AND
01 10 00110000 2
12 21 00000000 a match 1 4 5 6 7
23 32 00000000 a match 1 4 5 6 7
34 43 00000011 2
45 54 00100000 1
56 65 00100100 2
67 76 11010010 4 match 3
70 07 00010000 1

02 20 00000000 a match 1 4 5 6 7
13 31 00000010 1
24 42 00000000 a match 1 4 5 6 7
35 53 00000100 1
46 64 10110011 5 match 0
57 75 00000000 a match 1 4 5 6 7
60 06 00111001 4 match 2
71 17 11010010 4 match 3

03 30 00001001 2
14 41 10110010 4
25 52 00000000 a match 1 4 5 6 7
36 63 00001111 4
47 74 10010010 3
50 05 00100000 1
61 16 11110010 5
72 27 00000000 a match 1 4 5 6 7

04 40 00110001 3
15 51 00100000 1
26 62 00000000 a match 1 4 5 6 7
37 73 00000010 1

Matching output
0 46 64
1 12 21 23 32 02 20 24 42 57 75 25 52 72 27 26 62
2 60 06
3 67 76 71 17
4 12 21 23 32 02 20 24 42 57 75 25 52 72 27 26 62
5 12 21 23 32 02 20 24 42 57 75 25 52 72 27 26 62
6 12 21 23 32 02 20 24 42 57 75 25 52 72 27 26 62
7 12 21 23 32 02 20 24 42 57 75 25 52 72 27 26 62

Left
46 57 60 71 02 13x
64 75 06 17 20 31x
Best: AND46 57 60 71 02: 5

Right
12 01x
21 10x
23 12 01x
32 21 10x
02 71y
20 17y
24 13x
42 31x
57 46y
75 64y
25 14x
52 41x
72 61x
27 16x
26 15x
62 51x
Best: AND23 12: 2

OR
01 10 11111011 7
12 21 11110010 5
23 32 00001111 4
34 43 10111111 7
45 54 10110111 6
56 65 11111111 a
67 76 11111111 a
70 07 11111011 7

02 20 00111001 4 match 2
13 31 11111111 a
24 42 10110011 5 match 0
35 53 00101111 5
46 64 11111111 a
57 75 11110110 6
60 06 11111111 a
71 17 11110010 5

03 30 00111111 6
14 41 11110011 6
25 52 00100100 2
36 63 11111111 a
47 74 11110011 6
50 05 00111101 5
61 16 11111111 a
72 27 11010010 4 match 3

04 40 10111011 6
15 51 11110110 6
26 62 11111111 a
37 73 11011111 7

Matching output
0 24 42
1 absent
2 02 20
3 72 27
4 absent
5 absent
6 absent
7 absent

Left
24 35x
42 53x
Best: OR24: 1

Right
none
Best: none

XOR
01 10 11001011 5
12 21 11110010 5
23 32 00001111 4
34 43 10111100 5
45 54 10010111 5
56 65 11011011 6
67 76 00101101 4
70 07 11101011 6

02 20 00111001 4 match 2
13 31 11111101 7
24 42 10110011 5 match 0
35 53 00101011 4
46 64 01001100 3
57 75 11110110 6
60 06 11000110 4
71 17 00100000 1

03 30 00110110 4
14 41 01000001 2
25 52 00100100 2
36 63 11110000 4
47 74 01100001 3
50 05 00011101 4
61 16 00001101 3
72 27 11010010 4 match 3

04 40 10001010 3
15 51 11010110 5
26 62 11111111 a
37 73 11011101 6

Matching output
0 24 42
1 absent
2 02 20
3 72 27
4 absent
5 absent
6 absent
7 absent

Left
24 35x
42 53x
Best: XOR24: 1

Right
none
Best: none

AND-NOT
01 00001001 2
12 11110010 5
23 00000000 a match 1 4 5 6 7
34 00001100 2
45 10010011 4
56 00000000 a match 1 4 5 6 7
67 00101101 4
70 11000010 3

02 00111001 4 match 2
13 11110000 4
24 00000000 a match 1 4 5 6 7
35 00001011 3
46 00000000 a match 1 4 5 6 7
57 00100100 2
60 11000110 4
71 00000000 a match 1 4 5 6 7

03 00110000 2
14 01000000 1
25 00000000 a match 1 4 5 6 7
36 00000000 a match 1 4 5 6 7
47 00100001 2
50 00000100 1
61 00001101 3
72 11010010 4 match 3

04 00001000 1
15 11010010 4 match 3
26 00000000 a match 1 4 5 6 7
37 00001101 3
40 10000010 2
51 00000100 1
62 11111111 a
73 11010000 3

05 00011001 3
16 00000000 a match 1 4 5 6 7
27 00000000 a match 1 4 5 6 7
30 00000110 2
41 00000001 1
52 00100100 2
63 11110000 4
74 01000000 1

06 00000000 a match 1 4 5 6 7
17 00100000 1
20 00000000 a match 1 4 5 6 7
31 00001101 3
42 10110011 5 match 0
53 00100000 1
64 01001100 3
75 11010010 4 match 3

07 00101001 3
10 11000010 3
21 00000000 a match 1 4 5 6 7
32 00001111 4
43 10110000 3
54 00000100 1
65 11011011 6
76 00000000 a match 1 4 5 6 7

Matching output
0 42
1 23 56 24 46 71 25 36 26 16 27 06 20 21 76
2 02
3 72 15 75
4 23 56 24 46 71 25 36 26 16 27 06 20 21 76
5 23 56 24 46 71 25 36 26 16 27 06 20 21 76
6 23 56 24 46 71 25 36 26 16 27 06 20 21 76
7 23 56 24 46 71 25 36 26 16 27 06 20 21 76

Left
42 53x
Best: AND-NOT42: 1

Right
23 12x
56 45x
24 13x
46 35x
71 60x
25 14x
36 25 14x
26 15y
16 05x
27 16 05x
06 75y
20 17x
21 10x
76 65x
Best: AND-NOT36 25: 2

OR-NOT
01 00111101 5
12 11111111 a
23 11110000 4
34 01001111 5
45 11111011 7
56 00100100 2
67 11111111 a
70 11010110 5

02 11111111 a
13 11110010 5
24 01001100 3
35 11011111 7
46 10110011 5 match 0
57 00101101 4
60 11111111 a
71 11011111 7

03 11111001 6
14 11111110 7
25 11011011 6
36 00001111 4
47 10111111 7
50 11100110 5
61 11111111 a
72 11111111 a

04 01111101 6
15 11111011 7
26 00000000 a match 1 4 5 6 7
37 00101111 5
40 11110111 7
51 00101101 4
62 11111111 a
73 11110010 5

05 11111011 7
16 11110010 5
27 00101101 4
30 11001111 6
41 10111111 7
52 11111111 a
63 11111111 a
74 11011110 6

06 00111001 4 match 2
17 11111111 a
20 11000110 4
31 00001111 4
42 11111111 a
53 11110100 5
64 11111111 a
75 11011011 6

07 00111101 5
10 11110110 6
21 00001101 3
32 11111111 a
43 11110011 6
54 01101100 4
65 11111111 a
76 11010010 4 match 3

Matching output
0 46
1 26
2 06
3 76
4 26
5 26
6 26
7 26

Left
46 57x
Best: OR-NOT46: 1

Right
26 15x
Best: OR-NOT26: 1

XOR-NOT
01 00110100 3
12 00001101 3
23 11110000 4
34 01000011 3
45 01101000 3
56 00100100 2
67 11010010 4 match 3
70 00010100 2

02 11000110 4
13 00000010 1
24 01001100 3
35 11010100 4
46 10110011 5 match 0
57 00001001 2
60 00111001 4 match 2
71 11011111 7

03 11001001 4
14 10111110 6
25 11011011 6
36 00001111 4
47 10011110 5
50 11100010 4
61 11110010 5
72 00101101 4

04 01110101 5
15 00101001 3
26 00000000 a match 1 4 5 6 7
37 00100010 2
40 01110101 5
51 00101001 3
62 00000000 a match 1 4 5 6 7
73 00100010 2

05 11100010 4
16 11110010 5
27 00101101 4
30 11001001 4
41 10111110 6
52 11011011 6
63 00001111 4
74 10011110 5

06 00111001 4 match 2
17 11011111 7
20 11000110 4
31 00000010 1
42 01001100 3
53 11010100 4
64 10110011 5 match 0
75 00001001 2

07 00010100 2
10 00110100 3
21 00001101 3
32 11110000 4
43 01000011 3
54 01101000 3
65 00100100 2
76 11010010 4 match 3

Matching output
0 46 64
1 26 62
2 60 06
3 67 76
4 26 62
5 26 62
6 26 62
7 26 62

Left
46 57x
64 75x
Best: XOR-NOT46: 1

Right
26 15x
62 51x
Best: XOR-NOT26: 1

Selecting

Lefts
Identity I4: 1
NOT none
Constant none
AND AND46 57 60 71 02: 5
OR OR24: 1
XOR XOR24: 1
AND-NOT AND-NOT42: 1
OR-NOT OR-NOT46: 1
XOR-NOT XOR-NOT46: 1

Rights
Identity I2: 1
NOT NOT6: 1
Constant C0 0 0 0: 4
AND AND23 12: 2
OR none
XOR none
AND-NOT AND-NOT36 25: 2
OR-NOT OR-NOT26: 1
XOR-NOT XOR-NOT26: 1

Left longest: 5
Right longest: 4

Left winner: Identity no, NOT no, Constant no, AND yes, OR no, XOR no, AND-NOT no, OR-NOT no, XOR-NOT no
Right winner: Identity no, NOT no, Constant yes, AND no, OR no, XOR no, AND-NOT no, OR-NOT no, XOR-NOT no

Best left: AND46 57 60 71 02: 5
Best right: C0 0 0 0: 4

Truncated left: AND46 57 60 71 02: 5
Truncated right: C0 0 0: 3 truncated

Tentative from right
7 C0
6 C0
5 C0
4 pending
3 pending
2 pending
1 pending
0 pending

Tentative
0 AND46
1 AND57
2 AND60
3 AND71
4 AND02
5 C0
6 C0
7 C0

Preferred from left
0 AND46
1 AND57
2 AND60
3 AND71
4 AND02
5 C0
6 C0
7 C0

Preferred from right
7 C0
6 C0
5 C0
4 AND02
3 AND71
2 AND60
1 AND57
0 AND46

Preferred
0 AND46
1 AND57
2 AND60
3 AND71
4 AND02
5 C0
6 C0
7 C0

Matching
0 AND46
1 AND57
2 AND60
3 AND71
4 AND02
5 C0
6 C0
7 C0

Perfect match
Identity no
NOT no
Constant no
AND no
OR no
XOR no
AND-NOT no
OR-NOT no
XOR-NOT no

Matched
0 AND46
1 AND57
2 AND60
3 AND71
4 AND02
5 C0
6 C0
7 C0

Selected
0 AND46
1 AND57
2 AND60
3 AND71
4 AND02
5 C0
6 C0
7 C0

Applying to 01001100
Input
0 0
1 1
2 0
3 0
4 1
5 1
6 0
7 0
Output
0 AND46 = AND(1,0) = 0
1 AND57 = AND(1,0) = 0
2 AND60 = AND(0,0) = 0
3 AND71 = AND(0,1) = 0
4 AND02 = AND(0,0) = 0
5 C0 = 0
6 C0 = 0
7 C0 = 0

I will now return the answer in \boxed{}
The answer in \boxed{–} is \boxed{00000000}