We need to deduce the transformation by matching the example outputs.
I will put my final answer inside \boxed{}.

Output 0: 01101101
0 0
1 1
2 1
3 0
4 1
5 1
6 0
7 1

Output 1: 10011000
0 1
1 0
2 0
3 1
4 1
5 0
6 0
7 0

Output 2: 11000000
0 1
1 1
2 0
3 0
4 0
5 0
6 0
7 0

Output 3: 00101011
0 0
1 0
2 1
3 0
4 1
5 0
6 1
7 1

Output 4: 00100100
0 0
1 0
2 1
3 0
4 0
5 1
6 0
7 0

Output 5: 10000010
0 1
1 0
2 0
3 0
4 0
5 0
6 1
7 0

Output 6: 01100000
0 0
1 1
2 1
3 0
4 0
5 0
6 0
7 0

Output 7: 10000000
0 1
1 0
2 0
3 0
4 0
5 0
6 0
7 0

Output bit columns (with bitsum as hash)
0 01100101 4
1 10100010 3
2 10011010 4
3 01000000 1
4 11010000 3
5 10001000 2
6 00010100 2
7 10010000 2

Input 0: 11101010
0 1
1 1
2 1
3 0
4 1
5 0
6 1
7 0

Input 1: 10110110
0 1
1 0
2 1
3 1
4 0
5 1
6 1
7 0

Input 2: 11111111
0 1
1 1
2 1
3 1
4 1
5 1
6 1
7 1

Input 3: 01000111
0 0
1 1
2 0
3 0
4 0
5 1
6 1
7 1

Input 4: 10000000
0 1
1 0
2 0
3 0
4 0
5 0
6 0
7 0

Input 5: 11110111
0 1
1 1
2 1
3 1
4 0
5 1
6 1
7 1

Input 6: 01101111
0 0
1 1
2 1
3 0
4 1
5 1
6 1
7 1

Input 7: 10110101
0 1
1 0
2 1
3 1
4 0
5 1
6 0
7 1

When matching output
x: not in operator
y: wrong position

Identity
0 11101101 6
1 10110110 5
2 11100111 6
3 01100101 4 match 0
4 10100010 3 match 1
5 01110111 6
6 11110110 6
7 00110111 5

Matching output
0 3
1 4
2 absent
3 absent
4 absent
5 absent
6 absent
7 absent

Left
3 4 5x
Best: I3 4: 2

Right
none
Best: none

NOT
0 00010010 2
1 01001001 3
2 00011000 2
3 10011010 4 match 2
4 01011101 5
5 10001000 2 match 5
6 00001001 2
7 11001000 3

Matching output
0 absent
1 absent
2 3
3 absent
4 absent
5 5
6 absent
7 absent

Left
none
Best: none

Right
none
Best: none

Constant
0 00000000 a
1 11111111 a

Matching output
0 absent
1 absent
2 absent
3 absent
4 absent
5 absent
6 absent
7 absent

Left
none
Best: none

Right
none
Best: none

AND
01 10 10100100 3
12 21 10100110 4
23 32 01100101 4 match 0
34 43 00100000 1
45 54 00100010 2
56 65 01110110 5
67 76 00110110 4
70 07 00100101 3

02 20 11100101 5
13 31 00100100 2
24 42 10100010 3 match 1
35 53 01100101 4 match 0
46 64 10100010 3 match 1
57 75 00110111 5
60 06 11100100 4
71 17 00110110 4

03 30 01100101 4 match 0
14 41 10100010 3 match 1
25 52 01100111 5
36 63 01100100 3
47 74 00100010 2
50 05 01100101 4 match 0
61 16 10110110 5
72 27 00100111 4

04 40 10100000 2
15 51 00110110 4
26 62 11100110 5
37 73 00100101 3

Matching output
0 23 32 35 53 03 30 50 05
1 24 42 46 64 14 41
2 absent
3 absent
4 absent
5 absent
6 absent
7 absent

Left
23 34x
32 43x
35 46 57x
53 64 75x
03 14 25x
30 41 52x
50 61x
05 16x
Best: AND35 46: 2

Right
none
Best: none

OR
01 10 11111111 a
12 21 11110111 7
23 32 11100111 6
34 43 11100111 6
45 54 11110111 7
56 65 11110111 7
67 76 11110111 7
70 07 11111111 a

02 20 11101111 7
13 31 11110111 7
24 42 11100111 6
35 53 01110111 6
46 64 11110110 6
57 75 01110111 6
60 06 11111111 a
71 17 10110111 6

03 30 11101101 6
14 41 10110110 5
25 52 11110111 7
36 63 11110111 7
47 74 10110111 6
50 05 11111111 a
61 16 11110110 6
72 27 11110111 7

04 40 11101111 7
15 51 11110111 7
26 62 11110111 7
37 73 01110111 6

Matching output
0 absent
1 absent
2 absent
3 absent
4 absent
5 absent
6 absent
7 absent

Left
none
Best: none

Right
none
Best: none

XOR
01 10 01011011 5
12 21 01010001 3
23 32 10000010 2
34 43 11000111 5
45 54 11010101 5
56 65 10000001 2
67 76 11000001 3
70 07 11011010 5

02 20 00001010 2
13 31 11010011 5
24 42 01000101 3
35 53 00010010 2
46 64 01010100 3
57 75 01000000 1 match 3
60 06 00011011 4
71 17 10000001 2

03 30 10001000 2 match 5
14 41 00010100 2 match 6
25 52 10010000 2 match 7
36 63 10010011 4
47 74 10010101 4
50 05 10011010 4 match 2
61 16 01000000 1 match 3
72 27 11010000 3 match 4

04 40 01001111 5
15 51 11000001 3
26 62 00010001 2
37 73 01010010 3

Matching output
0 absent
1 absent
2 50 05
3 57 75 61 16
4 72 27
5 03 30
6 14 41
7 25 52

Left
none
Best: none

Right
25 14 03 72 61 50 47x
52 41 30 27 16 05 74x
Best: XOR25 14 03 72 61 50: 6

AND-NOT
01 01001001 3
12 00010000 1
23 10000010 2
34 01000101 3
45 10000000 1
56 00000001 1
67 11000000 2
70 00010010 2

02 00001000 1
13 10010010 3
24 01000101 3
35 00000000 a
46 00000000 a
57 01000000 1 match 3
60 00010010 2
71 00000001 1

03 10001000 2 match 5
14 00010100 2 match 6
25 10000000 1
36 00000001 1
47 10000000 1
50 00010010 2
61 01000000 1 match 3
72 00010000 1

04 01001101 4
15 10000000 1
26 00000001 1
37 01000000 1 match 3
40 00000010 1
51 01000001 2
62 00010000 1
73 00010010 2

05 10001000 2 match 5
16 00000000 a
27 11000000 2
30 00000000 a
41 00000000 a
52 00010000 1
63 10010010 3
74 00010101 3

06 00001001 2
17 10000000 1
20 00000010 1
31 01000001 2
42 00000000 a
53 00010010 2
64 01010100 3
75 00000000 a

07 11001000 3
10 00010010 2
21 01000001 2
32 00000000 a
43 10000010 2
54 01010101 4
65 10000000 1
76 00000001 1

Matching output
0 absent
1 absent
2 absent
3 57 61 37
4 absent
5 03 05
6 14
7 absent

Left
none
Best: none

Right
none
Best: none

OR-NOT
01 11101101 6
12 10111110 6
23 11111111 a
34 01111101 6
45 10101010 4
56 01111111 7
67 11111110 7
70 00110111 5

02 11111101 7
13 10111110 6
24 11111111 a
35 11101101 6
46 10101011 5
57 11111111 a
60 11110110 6
71 01111111 7

03 11111111 a
14 11111111 a
25 11101111 7
36 01101101 5
47 11101010 5
50 01110111 6
61 11111111 a
72 00111111 6

04 11111101 7
15 10111110 6
26 11101111 7
37 11101101 6
40 10110010 4
51 01111111 7
62 11111110 7
73 10111111 7

05 11101101 6
16 10111111 7
27 11101111 7
30 01110111 6
41 11101011 6
52 01111111 7
63 11111110 7
74 01111111 7

06 11101101 6
17 11111110 7
20 11110111 7
31 01101101 5
42 10111010 5
53 11111111 a
64 11111111 a
75 10111111 7

07 11101101 6
10 10110110 5
21 11101111 7
32 01111101 6
43 10111010 5
54 01111111 7
65 11111110 7
76 00111111 6

Matching output
0 absent
1 absent
2 absent
3 absent
4 absent
5 absent
6 absent
7 absent

Left
none
Best: none

Right
none
Best: none

XOR-NOT
01 10100100 3
12 10101110 5
23 01111101 6
34 00111000 3
45 00101010 3
56 01111110 6
67 00111110 5
70 00100101 3

02 11110101 6
13 00101100 3
24 10111010 5
35 11101101 6
46 10101011 5
57 10111111 7
60 11100100 4
71 01111110 6

03 01110111 6
14 11101011 6
25 01101111 6
36 01101100 4
47 01101010 4
50 01100101 4 match 0
61 10111111 7
72 00101111 5

04 10110000 3
15 00111110 5
26 11101110 6
37 10101101 5
40 10110000 3
51 00111110 5
62 11101110 6
73 10101101 5

05 01100101 4 match 0
16 10111111 7
27 00101111 5
30 01110111 6
41 11101011 6
52 01101111 6
63 01101100 4
74 01101010 4

06 11100100 4
17 01111110 6
20 11110101 6
31 00101100 3
42 10111010 5
53 11101101 6
64 10101011 5
75 10111111 7

07 00100101 3
10 10100100 3
21 10101110 5
32 01111101 6
43 00111000 3
54 00101010 3
65 01111110 6
76 00111110 5

Matching output
0 50 05
1 absent
2 absent
3 absent
4 absent
5 absent
6 absent
7 absent

Left
50 61x
05 16x
Best: XOR-NOT50: 1

Right
none
Best: none

Selecting

Lefts
Identity I3 4: 2
NOT none
Constant none
AND AND35 46: 2
OR none
XOR none
AND-NOT none
OR-NOT none
XOR-NOT XOR-NOT50: 1

Rights
Identity none
NOT none
Constant none
AND none
OR none
XOR XOR25 14 03 72 61 50: 6
AND-NOT none
OR-NOT none
XOR-NOT none

Left longest: 2
Right longest: 6

Right winner: Identity no, NOT no, Constant no, AND no, OR no, XOR yes, AND-NOT no, OR-NOT no, XOR-NOT no
Left winner: Identity yes, NOT no, Constant no, AND no, OR no, XOR no, AND-NOT no, OR-NOT no, XOR-NOT no

Best right: XOR25 14 03 72 61 50: 6
Best left: I3 4: 2

Truncated right: XOR25 14 03 72 61 50: 6
Truncated left: I3 4: 2

Tentative from right
7 XOR25
6 XOR14
5 XOR03
4 XOR72
3 XOR61
2 XOR50
1 pending
0 pending

Tentative
0 I3
1 I4
2 XOR50
3 XOR61
4 XOR72
5 XOR03
6 XOR14
7 XOR25

Preferred from right
7 XOR25
6 XOR14
5 XOR03
4 XOR72
3 XOR61
2 XOR50
1 I4
0 I3

Preferred from left
0 I3
1 I4
2 XOR50
3 XOR61
4 XOR72
5 XOR03
6 XOR14
7 XOR25

Preferred
0 I3
1 I4
2 XOR50
3 XOR61
4 XOR72
5 XOR03
6 XOR14
7 XOR25

Matching
0 I3
1 I4
2 XOR50
3 XOR61
4 XOR72
5 XOR03
6 XOR14
7 XOR25

Perfect match
Identity no
NOT no
Constant no
AND no
OR no
XOR no
AND-NOT no
OR-NOT no
XOR-NOT no

Matched
0 I3
1 I4
2 XOR50
3 XOR61
4 XOR72
5 XOR03
6 XOR14
7 XOR25

Selected
0 I3
1 I4
2 XOR50
3 XOR61
4 XOR72
5 XOR03
6 XOR14
7 XOR25

Applying to 01111111
Input
0 0
1 1
2 1
3 1
4 1
5 1
6 1
7 1
Output
0 I3 = 1
1 I4 = 1
2 XOR50 = XOR(1,0) = 1
3 XOR61 = XOR(1,1) = 0
4 XOR72 = XOR(1,1) = 0
5 XOR03 = XOR(0,1) = 1
6 XOR14 = XOR(1,1) = 0
7 XOR25 = XOR(1,1) = 0

I will now return the answer in \boxed{}
The answer in \boxed{–} is \boxed{11100100}