We need to deduce the transformation by matching the example outputs.
I will put my final answer inside \boxed{}.

Output 0: 11010111
0 1
1 1
2 0
3 1
4 0
5 1
6 1
7 1

Output 1: 10101111
0 1
1 0
2 1
3 0
4 1
5 1
6 1
7 1

Output 2: 11110101
0 1
1 1
2 1
3 1
4 0
5 1
6 0
7 1

Output 3: 01000001
0 0
1 1
2 0
3 0
4 0
5 0
6 0
7 1

Output 4: 11010110
0 1
1 1
2 0
3 1
4 0
5 1
6 1
7 0

Output 5: 10000101
0 1
1 0
2 0
3 0
4 0
5 1
6 0
7 1

Output 6: 11001100
0 1
1 1
2 0
3 0
4 1
5 1
6 0
7 0

Output 7: 01100111
0 0
1 1
2 1
3 0
4 0
5 1
6 1
7 1

Output 8: 11001001
0 1
1 1
2 0
3 0
4 1
5 0
6 0
7 1

Output bit columns (with bitsum as hash)
0 111011101 7
1 101110111 7
2 011000010 3
3 101010000 3
4 010000101 3
5 111011110 7
6 110010010 4
7 111101011 7

Input 0: 01010001
0 0
1 1
2 0
3 1
4 0
5 0
6 0
7 1

Input 1: 00001000
0 0
1 0
2 0
3 0
4 1
5 0
6 0
7 0

Input 2: 01010100
0 0
1 1
2 0
3 1
4 0
5 1
6 0
7 0

Input 3: 01000110
0 0
1 1
2 0
3 0
4 0
5 1
6 1
7 0

Input 4: 10101110
0 1
1 0
2 1
3 0
4 1
5 1
6 1
7 0

Input 5: 11110011
0 1
1 1
2 1
3 1
4 0
5 0
6 1
7 1

Input 6: 00101101
0 0
1 0
2 1
3 0
4 1
5 1
6 0
7 1

Input 7: 01101001
0 0
1 1
2 1
3 0
4 1
5 0
6 0
7 1

Input 8: 00000111
0 0
1 0
2 0
3 0
4 0
5 1
6 1
7 1

When matching output
x: not in operator
y: wrong position

Identity
0 000011000 2
1 101101010 5
2 000011110 4
3 101001000 3
4 010010110 4
5 001110101 5
6 000111001 4
7 100001111 5

Matching output
0 absent
1 absent
2 absent
3 absent
4 absent
5 absent
6 absent
7 absent

Left
none
Best: none

Right
none
Best: none

NOT
0 111100111 7
1 010010101 4
2 111100001 5
3 010110111 6
4 101101001 5
5 110001010 4
6 111000110 5
7 011110000 4

Matching output
0 absent
1 absent
2 absent
3 absent
4 absent
5 absent
6 absent
7 absent

Left
none
Best: none

Right
none
Best: none

Constant
0 000000000 a
1 111111111 a

Matching output
0 absent
1 absent
2 absent
3 absent
4 absent
5 absent
6 absent
7 absent

Left
none
Best: none

Right
none
Best: none

AND
01 10 000001000 1
12 21 000001010 2
23 32 000001000 1
34 43 000000000 a
45 54 000010100 2
56 65 000110001 3
67 76 000001001 2
70 07 000001000 1

02 20 000011000 2
13 31 101001000 3
24 42 000010110 3
35 53 001000000 1
46 64 000010000 1
57 75 000000101 2
60 06 000011000 2
71 17 100001010 3

03 30 000001000 1
14 41 000000010 1
25 52 000010100 2
36 63 000001000 1
47 74 000000110 2
50 05 000010000 1
61 16 000101000 2
72 27 000001110 3

04 40 000010000 1
15 51 001100000 2
26 62 000011000 2
37 73 100001000 2

Matching output
0 absent
1 absent
2 absent
3 absent
4 absent
5 absent
6 absent
7 absent

Left
none
Best: none

Right
none
Best: none

OR
01 10 101111010 6
12 21 101111110 7
23 32 101011110 6
34 43 111011110 7 match 5
45 54 011110111 7
56 65 001111101 6
67 76 100111111 7
70 07 100011111 6

02 20 000011110 4
13 31 101101010 5
24 42 010011110 5
35 53 101111101 7
46 64 010111111 7
57 75 101111111 8
60 06 000111001 4
71 17 101101111 7

03 30 101011000 4
14 41 111111110 8
25 52 001111111 7
36 63 101111001 6
47 74 110011111 7
50 05 001111101 6
61 16 101111011 7
72 27 100011111 6

04 40 010011110 5
15 51 101111111 8
26 62 000111111 6
37 73 101001111 6

Matching output
0 absent
1 absent
2 absent
3 absent
4 absent
5 34 43
6 absent
7 absent

Left
none
Best: none

Right
none
Best: none

XOR
01 10 101110010 5
12 21 101110100 5
23 32 101010110 5
34 43 111011110 7 match 5
45 54 011100011 5
56 65 001001100 3
67 76 100110110 5
70 07 100010111 5

02 20 000000110 2
13 31 000100010 2
24 42 010001000 2
35 53 100111101 6
46 64 010101111 6
57 75 101111010 6
60 06 000100001 2
71 17 001100101 4

03 30 101010000 3 match 3
14 41 111111100 7
25 52 001101011 5
36 63 101110001 5
47 74 110011001 5
50 05 001101101 5
61 16 101010011 5
72 27 100010001 3

04 40 010001110 4
15 51 100011111 6
26 62 000100111 4
37 73 001000111 4

Matching output
0 absent
1 absent
2 absent
3 03 30
4 absent
5 34 43
6 absent
7 absent

Left
none
Best: none

Right
none
Best: none

AND-NOT
01 000010000 1
12 101100000 3
23 000010110 3
34 101001000 3
45 010000010 2
56 001000100 2
67 000110000 2
70 100000111 4

02 000000000 a
13 000100010 2
24 000001000 1
35 100001000 2
46 010000110 3
57 001110000 3
60 000100001 2
71 000000101 2

03 000010000 1
14 101101000 4
25 000001010 2
36 101000000 2
47 010010000 2
50 001100101 4
61 000010001 2
72 100000001 2

04 000001000 1
15 100001010 3
26 000000110 2
37 001000000 1
40 010000110 3
51 000010101 3
62 000100001 2
73 000000111 3

05 000001000 1
16 101000010 3
27 000010000 1
30 101000000 2
41 010010100 3
52 001100001 3
63 000110001 3
74 100001001 3

06 000000000 a
17 001100000 2
20 000000110 2
31 000000000 a
42 010000000 1
53 000110101 4
64 000101001 3
75 100001010 3

07 000010000 1
10 101100010 4
21 000010100 2
32 101000000 2
43 010010110 4
54 001100001 3
65 000001000 1
76 100000110 3

Matching output
0 absent
1 absent
2 absent
3 absent
4 absent
5 absent
6 absent
7 absent

Left
none
Best: none

Right
none
Best: none

OR-NOT
01 010011101 5
12 111101011 7 match 7
23 010111111 7
34 101101001 5
45 110011110 6
56 111110111 8
67 011111001 6
70 111101111 8

02 111111001 7
13 111111111 a
24 101111111 8
35 111001010 5
46 111010110 6
57 011110101 6
60 111111111 a
71 110011111 7

03 010111111 7
14 101101011 6
25 110011110 6
36 111001110 6
47 011110110 6
50 111110111 8
61 010111101 6
72 111101111 8

04 101111001 6
15 111101010 6
26 111011110 7 match 5
37 111111000 6
40 111110111 8
51 011110101 6
62 111111001 7
73 110111111 8

05 110011010 5
16 111101110 7
27 011111110 7
30 111101111 8
41 010010111 5
52 111110101 7
63 010111111 7
74 101101111 7

06 111011110 7 match 5
17 111111010 7
20 111111111 a
31 111011101 7 match 0
42 111110111 8
53 011110111 7
64 101111001 6
75 110001111 6

07 011111000 5
10 111101111 8
21 010011111 6
32 111101001 6
43 010110111 6
54 101111101 7
65 110111011 7
76 111001111 7

Matching output
0 31
1 absent
2 absent
3 absent
4 absent
5 26 06
6 absent
7 12

Left
31 42x
Best: OR-NOT31: 1

Right
12 01x
Best: OR-NOT12: 1

XOR-NOT
01 010001101 4
12 010001011 4
23 010101001 4
34 000100001 2
45 100011100 4
56 110110011 6
67 011001001 4
70 011101000 4

02 111111001 7
13 111011101 7 match 0
24 101110111 7 match 1
35 011000010 3 match 2
46 101010000 3 match 3
57 010000101 3 match 4
60 111011110 7 match 5
71 110011010 5

03 010101111 6
14 000000011 2
25 110010100 4
36 010001110 4
47 001100110 4
50 110010010 4 match 6
61 010101100 4
72 011101110 6

04 101110001 5
15 011100000 3
26 111011000 5
37 110111000 5
40 101110001 5
51 011100000 3
62 111011000 5
73 110111000 5

05 110010010 4 match 6
16 010101100 4
27 011101110 6
30 010101111 6
41 000000011 2
52 110010100 4
63 010001110 4
74 001100110 4

06 111011110 7 match 5
17 110011010 5
20 111111001 7
31 111011101 7 match 0
42 101110111 7 match 1
53 011000010 3 match 2
64 101010000 3 match 3
75 010000101 3 match 4

07 011101000 4
10 010001101 4
21 010001011 4
32 010101001 4
43 000100001 2
54 100011100 4
65 110110011 6
76 011001001 4

Matching output
0 13 31
1 24 42
2 35 53
3 46 64
4 57 75
5 60 06
6 50 05
7 absent

Left
13 24 35 46 57 60 71x
31 42 53 64 75 06 17x
Best: XOR-NOT13 24 35 46 57 60: 6

Right
none
Best: none

Selecting

Lefts
Identity none
NOT none
Constant none
AND none
OR none
XOR none
AND-NOT none
OR-NOT OR-NOT31: 1
XOR-NOT XOR-NOT13 24 35 46 57 60: 6

Rights
Identity none
NOT none
Constant none
AND none
OR none
XOR none
AND-NOT none
OR-NOT OR-NOT12: 1
XOR-NOT none

Left longest: 6
Right longest: 1

Left winner: Identity no, NOT no, Constant no, AND no, OR no, XOR no, AND-NOT no, OR-NOT no, XOR-NOT yes
Right winner: Identity no, NOT no, Constant no, AND no, OR no, XOR no, AND-NOT no, OR-NOT yes, XOR-NOT no

Best left: XOR-NOT13 24 35 46 57 60: 6
Best right: OR-NOT12: 1

Truncated left: XOR-NOT13 24 35 46 57 60: 6
Truncated right: OR-NOT12: 1

Tentative from right
7 OR-NOT12
6 pending
5 pending
4 pending
3 pending
2 pending
1 pending
0 pending

Tentative
0 XOR-NOT13
1 XOR-NOT24
2 XOR-NOT35
3 XOR-NOT46
4 XOR-NOT57
5 XOR-NOT60
6 pending
7 OR-NOT12

Preferred from left
0 XOR-NOT13
1 XOR-NOT24
2 XOR-NOT35
3 XOR-NOT46
4 XOR-NOT57
5 XOR-NOT60
6 ?71
7 OR-NOT12

Preferred from right
7 OR-NOT12
6 ?71
5 XOR-NOT60
4 XOR-NOT57
3 XOR-NOT46
2 XOR-NOT35
1 XOR-NOT24
0 XOR-NOT13

Preferred
0 XOR-NOT13
1 XOR-NOT24
2 XOR-NOT35
3 XOR-NOT46
4 XOR-NOT57
5 XOR-NOT60
6 ?71 ?17
7 OR-NOT12

Matching
0 XOR-NOT13
1 XOR-NOT24
2 XOR-NOT35
3 XOR-NOT46
4 XOR-NOT57
5 XOR-NOT60
6 ?71 ?17 - Identity absent, NOT absent, Constant absent, AND absent, OR absent, XOR absent, AND-NOT absent, OR-NOT absent, XOR-NOT absent
7 OR-NOT12

Perfect match
Identity no
NOT no
Constant no
AND no
OR no
XOR no
AND-NOT no
OR-NOT no
XOR-NOT no

Matched
0 XOR-NOT13
1 XOR-NOT24
2 XOR-NOT35
3 XOR-NOT46
4 XOR-NOT57
5 XOR-NOT60
6 none
7 OR-NOT12

Selected
0 XOR-NOT13
1 XOR-NOT24
2 XOR-NOT35
3 XOR-NOT46
4 XOR-NOT57
5 XOR-NOT60
6 default 1
7 OR-NOT12

Applying to 01010011
Input
0 0
1 1
2 0
3 1
4 0
5 0
6 1
7 1
Output
0 XOR-NOT13 = XOR(1,NOT(1)) = 1
1 XOR-NOT24 = XOR(0,NOT(0)) = 1
2 XOR-NOT35 = XOR(1,NOT(0)) = 0
3 XOR-NOT46 = XOR(0,NOT(1)) = 0
4 XOR-NOT57 = XOR(0,NOT(1)) = 0
5 XOR-NOT60 = XOR(1,NOT(0)) = 0
6 default 1 = 1
7 OR-NOT12 = OR(1,NOT(0)) = 1

I will now return the answer in \boxed{}
The answer in \boxed{–} is \boxed{11000011}