We need to deduce the transformation by matching the example outputs.
I will put my final answer inside \boxed{}.

Output 0: 10010000
0 1
1 0
2 0
3 1
4 0
5 0
6 0
7 0

Output 1: 00010110
0 0
1 0
2 0
3 1
4 0
5 1
6 1
7 0

Output 2: 00001010
0 0
1 0
2 0
3 0
4 1
5 0
6 1
7 0

Output 3: 11000000
0 1
1 1
2 0
3 0
4 0
5 0
6 0
7 0

Output 4: 00000101
0 0
1 0
2 0
3 0
4 0
5 1
6 0
7 1

Output 5: 11000000
0 1
1 1
2 0
3 0
4 0
5 0
6 0
7 0

Output 6: 10010110
0 1
1 0
2 0
3 1
4 0
5 1
6 1
7 0

Output 7: 11010011
0 1
1 1
2 0
3 1
4 0
5 0
6 1
7 1

Output bit columns (with bitsum as hash)
0 10010111 5
1 00010101 3
2 00000000 a
3 11000011 4
4 00100000 1
5 01001010 3
6 01100011 4
7 00001001 2

Input 0: 10000010
0 1
1 0
2 0
3 0
4 0
5 0
6 1
7 0

Input 1: 10110100
0 1
1 0
2 1
3 1
4 0
5 1
6 0
7 0

Input 2: 01010000
0 0
1 1
2 0
3 1
4 0
5 0
6 0
7 0

Input 3: 00000111
0 0
1 0
2 0
3 0
4 0
5 1
6 1
7 1

Input 4: 00101000
0 0
1 0
2 1
3 0
4 1
5 0
6 0
7 0

Input 5: 00000011
0 0
1 0
2 0
3 0
4 0
5 0
6 1
7 1

Input 6: 10110110
0 1
1 0
2 1
3 1
4 0
5 1
6 1
7 0

Input 7: 10011111
0 1
1 0
2 0
3 1
4 1
5 1
6 1
7 1

When matching output
x: not in operator
y: wrong position

Identity
0 11000011 4 match 3
1 00100000 1 match 4
2 01001010 3 match 5
3 01100011 4 match 6
4 00001001 2 match 7
5 01010011 4
6 10010111 5 match 0
7 00010101 3 match 1

Matching output
0 6
1 7
2 absent
3 0
4 1
5 2
6 3
7 4

Left
6 7 0y
Best: I6 7: 2

Right
4 3 2 1 0 7y
Best: I4 3 2 1 0: 5

NOT
0 00111100 4
1 11011111 7
2 10110101 5
3 10011100 4
4 11110110 6
5 10101100 4
6 01101000 3
7 11101010 5

Matching output
0 absent
1 absent
2 absent
3 absent
4 absent
5 absent
6 absent
7 absent

Left
none
Best: none

Right
none
Best: none

Constant
0 00000000 a match 2
1 11111111 a

Matching output
0 absent
1 absent
2 C0
3 absent
4 absent
5 absent
6 absent
7 absent

Left
none
Best: none

Right
none
Best: none

AND
01 10 00000000 a match 2
12 21 00000000 a match 2
23 32 01000010 2
34 43 00000001 1
45 54 00000001 1
56 65 00010011 3
67 76 00010101 3 match 1
70 07 00000001 1

02 20 01000010 2
13 31 00100000 1 match 4
24 42 00001000 1
35 53 01000011 3
46 64 00000001 1
57 75 00010001 2
60 06 10000011 3
71 17 00000000 a match 2

03 30 01000011 3
14 41 00000000 a match 2
25 52 01000010 2
36 63 00000011 2
47 74 00000001 1
50 05 01000011 3
61 16 00000000 a match 2
72 27 00000000 a match 2

04 40 00000001 1
15 51 00000000 a match 2
26 62 00000010 1
37 73 00000001 1

Matching output
0 absent
1 67 76
2 01 10 12 21 71 17 14 41 61 16 72 27 15 51
3 absent
4 13 31
5 absent
6 absent
7 absent

Left
none
Best: none

Right
none
Best: none

OR
01 10 11100011 5
12 21 01101010 4
23 32 01101011 5
34 43 01101011 5
45 54 01011011 5
56 65 11010111 6
67 76 10010111 5 match 0
70 07 11010111 6

02 20 11001011 5
13 31 01100011 4 match 6
24 42 01001011 4
35 53 01110011 5
46 64 10011111 6
57 75 01010111 5
60 06 11010111 6
71 17 00110101 4

03 30 11100011 5
14 41 00101001 3
25 52 01011011 5
36 63 11110111 7
47 74 00011101 4
50 05 11010011 5
61 16 10110111 6
72 27 01011111 6

04 40 11001011 5
15 51 01110011 5
26 62 11011111 7
37 73 01110111 6

Matching output
0 67 76
1 absent
2 absent
3 absent
4 absent
5 absent
6 13 31
7 absent

Left
67 70x
76 07x
Best: OR67: 1

Right
none
Best: none

XOR
01 10 11100011 5
12 21 01101010 4
23 32 00101001 3
34 43 01101010 4
45 54 01011010 4
56 65 11000100 3
67 76 10000010 2
70 07 11010110 5

02 20 10001001 3
13 31 01000011 3
24 42 01000011 3
35 53 00110000 2
46 64 10011110 5
57 75 01000110 3
60 06 01010100 3
71 17 00110101 4

03 30 10100000 2
14 41 00101001 3
25 52 00011001 3
36 63 11110100 5
47 74 00011100 3
50 05 10010000 2
61 16 10110111 6
72 27 01011111 6

04 40 11001010 4
15 51 01110011 5
26 62 11011101 6
37 73 01110110 5

Matching output
0 absent
1 absent
2 absent
3 absent
4 absent
5 absent
6 absent
7 absent

Left
none
Best: none

Right
none
Best: none

AND-NOT
01 11000011 4 match 3
12 00100000 1 match 4
23 00001000 1
34 01100010 3
45 00001000 1
56 01000000 1
67 10000010 2
70 00010100 2

02 10000001 2
13 00000000 a match 2
24 01000010 2
35 00100000 1 match 4
46 00001000 1
57 01000010 2
60 00010100 2
71 00010101 3 match 1

03 10000000 1
14 00100000 1 match 4
25 00001000 1
36 01100000 2
47 00001000 1
50 00010000 1
61 10010111 5 match 0
72 00010101 3 match 1

04 11000010 3
15 00100000 1 match 4
26 01001000 2
37 01100010 3
40 00001000 1
51 01010011 4
62 10010101 4
73 00010100 2

05 10000000 1
16 00100000 1 match 4
27 01001010 3 match 5
30 00100000 1 match 4
41 00001001 2 match 7
52 00010001 2
63 10010100 3
74 00010100 2

06 01000000 1
17 00100000 1 match 4
20 00001000 1
31 01000011 3
42 00000001 1
53 00010000 1
64 10010110 4
75 00000100 1

07 11000010 3
10 00100000 1 match 4
21 01001010 3 match 5
32 00100001 2
43 00001000 1
54 01010010 3
65 10000100 2
76 00000000 a match 2

Matching output
0 61
1 71 72
2 13 76
3 01
4 12 35 14 15 16 30 17 10
5 27 21
6 absent
7 41

Left
61 72 03x
Best: AND-NOT61 72: 2

Right
41 30y
Best: AND-NOT41: 1

OR-NOT
01 11011111 7
12 10110101 5
23 11011110 6
34 11110111 7
45 10101101 5
56 01111011 6
67 11111111 a
70 00111101 5

02 11110111 7
13 10111100 5
24 11111110 7
35 11101111 7
46 01101001 4
57 11111011 7
60 10111111 7
71 11011111 7

03 11011111 7
14 11110110 6
25 11101110 6
36 01101011 5
47 11101011 6
50 01111111 7
61 11011111 7
72 10110101 5

04 11110111 7
15 10101100 4
26 01101010 4
37 11101011 6
40 00111101 5
51 11011111 7
62 10110111 6
73 10011101 5

05 11101111 7
16 01101000 3
27 11101010 5
30 01111111 7
41 11011111 7
52 11110111 7
63 10011111 6
74 11110111 7

06 11101011 6
17 11101010 5
20 01111110 6
31 11111111 a
42 10111101 6
53 11011111 7
64 11110111 7
75 10111101 6

07 11101011 6
10 00111100 4
21 11011111 7
32 11110111 7
43 10011101 5
54 11110111 7
65 10111111 7
76 01111101 6

Matching output
0 absent
1 absent
2 absent
3 absent
4 absent
5 absent
6 absent
7 absent

Left
none
Best: none

Right
none
Best: none

XOR-NOT
01 00011100 3
12 10010101 4
23 11010110 5
34 10010101 4
45 10100101 4
56 00111011 5
67 01111101 6
70 00101001 3

02 01110110 5
13 10111100 5
24 10111100 5
35 11001111 6
46 01100001 3
57 10111001 5
60 10101011 5
71 11001010 4

03 01011111 6
14 11010110 5
25 11100110 5
36 00001011 3
47 11100011 5
50 01101111 6
61 01001000 2
72 10100000 2

04 00110101 4
15 10001100 3
26 00100010 2
37 10001001 3
40 00110101 4
51 10001100 3
62 00100010 2
73 10001001 3

05 01101111 6
16 01001000 2
27 10100000 2
30 01011111 6
41 11010110 5
52 11100110 5
63 00001011 3
74 11100011 5

06 10101011 5
17 11001010 4
20 01110110 5
31 10111100 5
42 10111100 5
53 11001111 6
64 01100001 3
75 10111001 5

07 00101001 3
10 00011100 3
21 10010101 4
32 11010110 5
43 10010101 4
54 10100101 4
65 00111011 5
76 01111101 6

Matching output
0 absent
1 absent
2 absent
3 absent
4 absent
5 absent
6 absent
7 absent

Left
none
Best: none

Right
none
Best: none

Selecting

Lefts
Identity I6 7: 2
NOT none
Constant none
AND none
OR OR67: 1
XOR none
AND-NOT AND-NOT61 72: 2
OR-NOT none
XOR-NOT none

Rights
Identity I4 3 2 1 0: 5
NOT none
Constant none
AND none
OR none
XOR none
AND-NOT AND-NOT41: 1
OR-NOT none
XOR-NOT none

Left longest: 2
Right longest: 5

Right winner: Identity yes, NOT no, Constant no, AND no, OR no, XOR no, AND-NOT no, OR-NOT no, XOR-NOT no
Left winner: Identity yes, NOT no, Constant no, AND no, OR no, XOR no, AND-NOT no, OR-NOT no, XOR-NOT no

Best right: I4 3 2 1 0: 5
Best left: I6 7: 2

Truncated right: I4 3 2 1 0: 5
Truncated left: I6 7: 2

Tentative from right
7 I4
6 I3
5 I2
4 I1
3 I0
2 pending
1 pending
0 pending

Tentative
0 I6
1 I7
2 pending
3 I0
4 I1
5 I2
6 I3
7 I4

Preferred from right
7 I4
6 I3
5 I2
4 I1
3 I0
2 ??7
1 I7
0 I6

Preferred from left
0 I6
1 I7
2 ?07
3 I0
4 I1
5 I2
6 I3
7 I4

Preferred
0 I6
1 I7
2 ?07 ?70
3 I0
4 I1
5 I2
6 I3
7 I4

Matching
0 I6
1 I7
2 ?07 ?70 - Identity absent, NOT absent, Constant C0, AND absent, OR absent, XOR absent, AND-NOT absent, OR-NOT absent, XOR-NOT absent
3 I0
4 I1
5 I2
6 I3
7 I4

Perfect match
Identity no
NOT no
Constant yes
AND no
OR no
XOR no
AND-NOT no
OR-NOT no
XOR-NOT no

Matched
0 I6
1 I7
2 C0
3 I0
4 I1
5 I2
6 I3
7 I4

Selected
0 I6
1 I7
2 C0
3 I0
4 I1
5 I2
6 I3
7 I4

Applying to 00010101
Input
0 0
1 0
2 0
3 1
4 0
5 1
6 0
7 1
Output
0 I6 = 0
1 I7 = 1
2 C0 = 0
3 I0 = 0
4 I1 = 0
5 I2 = 0
6 I3 = 1
7 I4 = 0

I will now return the answer in \boxed{}
The answer in \boxed{–} is \boxed{01000010}