We need to deduce the transformation by matching the example outputs.
I will put my final answer inside \boxed{}.

Output 0: 00010000
0 0
1 0
2 0
3 1
4 0
5 0
6 0
7 0

Output 1: 00110010
0 0
1 0
2 1
3 1
4 0
5 0
6 1
7 0

Output 2: 00100010
0 0
1 0
2 1
3 0
4 0
5 0
6 1
7 0

Output 3: 00000000
0 0
1 0
2 0
3 0
4 0
5 0
6 0
7 0

Output 4: 00000000
0 0
1 0
2 0
3 0
4 0
5 0
6 0
7 0

Output 5: 01110110
0 0
1 1
2 1
3 1
4 0
5 1
6 1
7 0

Output 6: 10001000
0 1
1 0
2 0
3 0
4 1
5 0
6 0
7 0

Output 7: 00100010
0 0
1 0
2 1
3 0
4 0
5 0
6 1
7 0

Output 8: 10001000
0 1
1 0
2 0
3 0
4 1
5 0
6 0
7 0

Output bit columns (with bitsum as hash)
0 000000101 2
1 000001000 1
2 011001010 4
3 110001000 3
4 000000101 2
5 000001000 1
6 011001010 4
7 000000000 a

Input 0: 10001000
0 1
1 0
2 0
3 0
4 1
5 0
6 0
7 0

Input 1: 10011011
0 1
1 0
2 0
3 1
4 1
5 0
6 1
7 1

Input 2: 00110101
0 0
1 0
2 1
3 1
4 0
5 1
6 0
7 1

Input 3: 10100000
0 1
1 0
2 1
3 0
4 0
5 0
6 0
7 0

Input 4: 00011100
0 0
1 0
2 0
3 1
4 1
5 1
6 0
7 0

Input 5: 10111011
0 1
1 0
2 1
3 1
4 1
5 0
6 1
7 1

Input 6: 11000110
0 1
1 1
2 0
3 0
4 0
5 1
6 1
7 0

Input 7: 01010001
0 0
1 1
2 0
3 1
4 0
5 0
6 0
7 1

Input 8: 11110100
0 1
1 1
2 1
3 1
4 0
5 1
6 0
7 0

When matching output
x: not in operator
y: wrong position

Identity
0 110101101 6
1 000000111 3
2 001101001 4
3 011011011 6
4 110011000 4
5 001010101 4
6 010001100 3
7 011001010 4 match 2 6

Matching output
0 absent
1 absent
2 7
3 absent
4 absent
5 absent
6 7
7 absent

Left
none
Best: none

Right
none
Best: none

NOT
0 001010010 3
1 111111000 6
2 110010110 5
3 100100100 3
4 001100111 5
5 110101010 5
6 101110011 6
7 100110101 5

Matching output
0 absent
1 absent
2 absent
3 absent
4 absent
5 absent
6 absent
7 absent

Left
none
Best: none

Right
none
Best: none

Constant
0 000000000 a match 7
1 111111111 a

Matching output
0 absent
1 absent
2 absent
3 absent
4 absent
5 absent
6 absent
7 C0

Left
none
Best: none

Right
0
Best: C0: 1

AND
01 10 000000101 2 match 0 4
12 21 000000001 1
23 32 001001001 3
34 43 010011000 3
45 54 000010000 1
56 65 000000100 1
67 76 010001000 2
70 07 010001000 2

02 20 000101001 3
13 31 000000011 2
24 42 000001000 1 match 1 5
35 53 001010001 3
46 64 010001000 2
57 75 001000000 1
60 06 010001100 3
71 17 000000010 1

03 30 010001001 3
14 41 000000000 a match 7
25 52 001000001 2
36 63 010001000 2
47 74 010001000 2
50 05 000000101 2 match 0 4
61 16 000000100 1
72 27 001001000 2

04 40 110001000 3 match 3
15 51 000000101 2 match 0 4
26 62 000001000 1 match 1 5
37 73 011001010 4 match 2 6

Matching output
0 01 10 50 05 15 51
1 24 42 26 62
2 37 73
3 04 40
4 01 10 50 05 15 51
5 24 42 26 62
6 37 73
7 14 41

Left
01 12x
10 21x
50 61x
05 16x
15 26 37 40 51 62 73 04y
51 62 73 04 15 26 37 40y
Best: AND15 26 37 40 51 62 73: 7

Right
14 03x
41 30x
Best: AND14: 1

OR
01 10 110101111 7
12 21 001101111 6
23 32 011111011 7
34 43 111011011 7
45 54 111011101 7
56 65 011011101 6
67 76 011001110 5
70 07 111101111 8

02 20 111101101 7
13 31 011011111 7
24 42 111111001 7
35 53 011011111 7
46 64 110011100 5
57 75 011011111 7
60 06 110101101 6
71 17 011001111 6

03 30 111111111 a
14 41 110011111 7
25 52 001111101 6
36 63 011011111 7
47 74 111011010 6
50 05 111111101 8
61 16 010001111 5
72 27 011101011 6

04 40 110111101 7
15 51 001010111 5
26 62 011101101 6
37 73 011011011 6

Matching output
0 absent
1 absent
2 absent
3 absent
4 absent
5 absent
6 absent
7 absent

Left
none
Best: none

Right
none
Best: none

XOR
01 10 110101010 5
12 21 001101110 5
23 32 010110010 4
34 43 101000011 4
45 54 111001101 6
56 65 011011001 5
67 76 001000110 3
70 07 101100111 6

02 20 111000100 4
13 31 011011100 5
24 42 111110001 6
35 53 010001110 4
46 64 100010100 3
57 75 010011111 6
60 06 100100001 3
71 17 011001101 5

03 30 101110110 6
14 41 110011111 7
25 52 000111100 4
36 63 001010111 5
47 74 101010010 4
50 05 111111000 6
61 16 010001011 4
72 27 010100011 4

04 40 000110101 4
15 51 001010010 3
26 62 011100101 5
37 73 000010001 2

Matching output
0 absent
1 absent
2 absent
3 absent
4 absent
5 absent
6 absent
7 absent

Left
none
Best: none

Right
none
Best: none

AND-NOT
01 110101000 4
12 000000110 2
23 000100000 1
34 001000011 3
45 110001000 3 match 3
56 001010001 3
67 000000100 1
70 001000010 2

02 110000100 3
13 000000100 1
24 001100001 3
35 010001010 3
46 100010000 2
57 000010101 3
60 000000000 a match 7
71 011001000 3

03 100100100 3
14 000000111 3
25 000101000 2
36 001010011 4
47 100010000 2
50 001010000 2
61 010001000 2
72 010000010 2

04 000100101 3
15 000000010 1
26 001100001 3
37 000010001 2
40 000010000 1
51 001010000 2
62 010000100 2
73 000000000 a match 7

05 110101000 4
16 000000011 2
27 000100001 2
30 001010010 3
41 110011000 4
52 000010100 2
63 000000100 1
74 001000010 2

06 100100001 3
17 000000101 2 match 0 4
20 001000000 1
31 011011000 4
42 110010000 3
53 000000100 1
64 000000100 1
75 010001010 3

07 100100101 4
10 000000010 1
21 001101000 3
32 010010010 3
43 100000000 1
54 001000101 3
65 010001000 2
76 001000010 2

Matching output
0 17
1 absent
2 absent
3 45
4 17
5 absent
6 absent
7 60 73

Left
17 20x
Best: AND-NOT17: 1

Right
60 57x
73 62x
Best: AND-NOT60: 1

OR-NOT
01 111111101 8
12 110010111 6
23 101101101 6
34 011111111 8
45 110111010 6
56 101110111 7
67 110111101 7
70 011011010 5

02 110111111 8
13 100100111 5
24 001101111 6
35 111111011 8
46 111111011 8
57 101110101 6
60 011011110 6
71 111111010 7

03 110101101 6
14 001100111 5
25 111101011 7
36 111111011 8
47 110111101 7
50 001010111 5
61 111111100 7
72 111011110 7

04 111101111 8
15 110101111 7
26 101111011 7
37 111111111 a
40 111011010 6
51 111111101 8
62 110011110 6
73 111101110 7

05 110101111 7
16 101110111 7
27 101111101 7
30 011011011 6
41 111111000 6
52 111010111 7
63 110101100 5
74 011101111 7

06 111111111 a
17 100110111 6
20 001111011 6
31 111111011 8
42 110011110 6
53 101110101 6
64 011101111 7
75 111101010 6

07 110111101 7
10 001010111 5
21 111111001 7
32 111011111 8
43 110111100 6
54 001110111 6
65 110101110 6
76 111111011 8

Matching output
0 absent
1 absent
2 absent
3 absent
4 absent
5 absent
6 absent
7 absent

Left
none
Best: none

Right
none
Best: none

XOR-NOT
01 001010101 4
12 110010001 4
23 101001101 5
34 010111100 5
45 000110010 3
56 100100110 4
67 110111001 6
70 010011000 3

02 000111011 5
13 100100011 4
24 000001110 3
35 101110001 5
46 011101011 6
57 101100000 3
60 011011110 6
71 100110010 4

03 010001001 3
14 001100000 2
25 111000011 5
36 110101000 4
47 010101101 5
50 000000111 3
61 101110100 5
72 101011100 5

04 111001010 5
15 110101101 6
26 100011010 4
37 111101110 7
40 111001010 5
51 110101101 6
62 100011010 4
73 111101110 7

05 000000111 3
16 101110100 5
27 101011100 5
30 010001001 3
41 001100000 2
52 111000011 5
63 110101000 4
74 010101101 5

06 011011110 6
17 100110010 4
20 000111011 5
31 100100011 4
42 000001110 3
53 101110001 5
64 011101011 6
75 101100000 3

07 010011000 3
10 001010101 4
21 110010001 4
32 101001101 5
43 010111100 5
54 000110010 3
65 100100110 4
76 110111001 6

Matching output
0 absent
1 absent
2 absent
3 absent
4 absent
5 absent
6 absent
7 absent

Left
none
Best: none

Right
none
Best: none

Selecting

Lefts
Identity none
NOT none
Constant none
AND AND15 26 37 40 51 62 73: 7
OR none
XOR none
AND-NOT AND-NOT17: 1
OR-NOT none
XOR-NOT none

Rights
Identity none
NOT none
Constant C0: 1
AND AND14: 1
OR none
XOR none
AND-NOT AND-NOT60: 1
OR-NOT none
XOR-NOT none

Left longest: 7
Right longest: 1

Left winner: Identity no, NOT no, Constant no, AND yes, OR no, XOR no, AND-NOT no, OR-NOT no, XOR-NOT no
Right winner: Identity no, NOT no, Constant yes, AND no, OR no, XOR no, AND-NOT no, OR-NOT no, XOR-NOT no

Best left: AND15 26 37 40 51 62 73: 7
Best right: C0: 1

Truncated left: AND15 26 37 40 51 62 73: 7
Truncated right: C0: 1

Tentative from right
7 C0
6 pending
5 pending
4 pending
3 pending
2 pending
1 pending
0 pending

Tentative
0 AND15
1 AND26
2 AND37
3 AND40
4 AND51
5 AND62
6 AND73
7 C0

Preferred from left
0 AND15
1 AND26
2 AND37
3 AND40
4 AND51
5 AND62
6 AND73
7 C0

Preferred from right
7 C0
6 AND73
5 AND62
4 AND51
3 AND40
2 AND37
1 AND26
0 AND15

Preferred
0 AND15
1 AND26
2 AND37
3 AND40
4 AND51
5 AND62
6 AND73
7 C0

Matching
0 AND15
1 AND26
2 AND37
3 AND40
4 AND51
5 AND62
6 AND73
7 C0

Perfect match
Identity no
NOT no
Constant no
AND no
OR no
XOR no
AND-NOT no
OR-NOT no
XOR-NOT no

Matched
0 AND15
1 AND26
2 AND37
3 AND40
4 AND51
5 AND62
6 AND73
7 C0

Selected
0 AND15
1 AND26
2 AND37
3 AND40
4 AND51
5 AND62
6 AND73
7 C0

Applying to 01100001
Input
0 0
1 1
2 1
3 0
4 0
5 0
6 0
7 1
Output
0 AND15 = AND(1,0) = 0
1 AND26 = AND(1,0) = 0
2 AND37 = AND(0,1) = 0
3 AND40 = AND(0,0) = 0
4 AND51 = AND(0,1) = 0
5 AND62 = AND(0,1) = 0
6 AND73 = AND(1,0) = 0
7 C0 = 0

I will now return the answer in \boxed{}
The answer in \boxed{–} is \boxed{00000000}