We need to deduce the transformation by matching the example outputs.
I will put my final answer inside \boxed{}.

Output 0: 10110111
0 1
1 0
2 1
3 1
4 0
5 1
6 1
7 1

Output 1: 11101110
0 1
1 1
2 1
3 0
4 1
5 1
6 1
7 0

Output 2: 01110011
0 0
1 1
2 1
3 1
4 0
5 0
6 1
7 1

Output 3: 00111001
0 0
1 0
2 1
3 1
4 1
5 0
6 0
7 1

Output 4: 11011001
0 1
1 1
2 0
3 1
4 1
5 0
6 0
7 1

Output 5: 10110110
0 1
1 0
2 1
3 1
4 0
5 1
6 1
7 0

Output 6: 01100110
0 0
1 1
2 1
3 0
4 0
5 1
6 1
7 0

Output bit columns (with bitsum as hash)
0 1100110 4
1 0110101 4
2 1111011 6
3 1011110 5
4 0101100 3
5 1100011 4
6 1110011 5
7 1011100 4

Input 0: 11011011
0 1
1 1
2 0
3 1
4 1
5 0
6 1
7 1

Input 1: 01110111
0 0
1 1
2 1
3 1
4 0
5 1
6 1
7 1

Input 2: 10111001
0 1
1 0
2 1
3 1
4 1
5 0
6 0
7 1

Input 3: 10011100
0 1
1 0
2 0
3 1
4 1
5 1
6 0
7 0

Input 4: 11101100
0 1
1 1
2 1
3 0
4 1
5 1
6 0
7 0

Input 5: 01011011
0 0
1 1
2 0
3 1
4 1
5 0
6 1
7 1

Input 6: 00110011
0 0
1 0
2 1
3 1
4 0
5 0
6 1
7 1

When matching output
x: not in operator
y: wrong position

Identity
0 1011100 4 match 7
1 1100110 4 match 0
2 0110101 4 match 1
3 1111011 6 match 2
4 1011110 5 match 3
5 0101100 3 match 4
6 1100011 4 match 5
7 1110011 5 match 6

Matching output
0 1
1 2
2 3
3 4
4 5
5 6
6 7
7 0

Left
1 2 3 4 5 6 7 0
Best: I1 2 3 4 5 6 7 0: 8

Right
0 7 6 5 4 3 2 1
Best: I0 7 6 5 4 3 2 1: 8

NOT
0 0100011 3
1 0011001 3
2 1001010 3
3 0000100 1
4 0100001 2
5 1010011 4
6 0011100 3
7 0001100 2

Matching output
0 absent
1 absent
2 absent
3 absent
4 absent
5 absent
6 absent
7 absent

Left
none
Best: none

Right
none
Best: none

Constant
0 0000000 a
1 1111111 a

Matching output
0 absent
1 absent
2 absent
3 absent
4 absent
5 absent
6 absent
7 absent

Left
none
Best: none

Right
none
Best: none

AND
01 10 1000100 2
12 21 0100100 2
23 32 0110001 3
34 43 1011010 4
45 54 0001100 2
56 65 0100000 1
67 76 1100011 4 match 5
70 07 1010000 2

02 20 0010100 2
13 31 1100010 3
24 42 0010100 2
35 53 0101000 2
46 64 1000010 2
57 75 0100000 1
60 06 1000000 1
71 17 1100010 3

03 30 1011000 3
14 41 1000110 3
25 52 0100100 2
36 63 1100011 4 match 5
47 74 1010010 3
50 05 0001100 2
61 16 1100010 3
72 27 0110001 3

04 40 1011100 4 match 7
15 51 0100100 2
26 62 0100001 2
37 73 1110011 5 match 6

Matching output
0 absent
1 absent
2 absent
3 absent
4 absent
5 67 76 36 63
6 37 73
7 04 40

Left
none
Best: none

Right
04 73 62x
40 37 26x
Best: AND04 73: 2

OR
01 10 1111110 6
12 21 1110111 6
23 32 1111111 a
34 43 1111111 a
45 54 1111110 6
56 65 1101111 6
67 76 1110011 5 match 6
70 07 1111111 a

02 20 1111101 6
13 31 1111111 a
24 42 1111111 a
35 53 1111111 a
46 64 1111111 a
57 75 1111111 a
60 06 1111111 a
71 17 1110111 6

03 30 1111111 a
14 41 1111110 6
25 52 0111101 5
36 63 1111011 6 match 2
47 74 1111111 a
50 05 1111100 5
61 16 1100111 5
72 27 1110111 6

04 40 1011110 5 match 3
15 51 1101110 5
26 62 1110111 6
37 73 1111011 6 match 2

Matching output
0 absent
1 absent
2 36 63 37 73
3 04 40
4 absent
5 absent
6 67 76
7 absent

Left
none
Best: none

Right
none
Best: none

XOR
01 10 0111010 4
12 21 1010011 4
23 32 1001110 4
34 43 0100101 3
45 54 1110010 4
56 65 1001111 5
67 76 0010000 1
70 07 0101111 5

02 20 1101001 4
13 31 0011101 4
24 42 1101011 5
35 53 1010111 5
46 64 0111101 5
57 75 1011111 6
60 06 0111111 6
71 17 0010101 3

03 30 0100111 4
14 41 0111000 3
25 52 0011001 3
36 63 0011000 2
47 74 0101101 4
50 05 1110000 3
61 16 0000101 2
72 27 1000110 3

04 40 0000010 1
15 51 1001010 3
26 62 1010110 4
37 73 0001000 1

Matching output
0 absent
1 absent
2 absent
3 absent
4 absent
5 absent
6 absent
7 absent

Left
none
Best: none

Right
none
Best: none

AND-NOT
01 0011000 2
12 1000010 2
23 0000100 1
34 0100001 2
45 1010010 3
56 0001100 2
67 0000000 a
70 0100011 3

02 1001000 2
13 0000100 1
24 0100001 2
35 1010011 4
46 0011100 3
57 0001100 2
60 0100011 3
71 0010001 2

03 0000100 1
14 0100000 1
25 0010001 2
36 0011000 2
47 0001100 2
50 0100000 1
61 0000001 1
72 1000010 2

04 0000000 a
15 1000010 2
26 0010100 2
37 0001000 1
40 0000010 1
51 0001000 1
62 1000010 2
73 0000000 a

05 1010000 2
16 0000100 1
27 0000100 1
30 0100011 3
41 0011000 2
52 0001000 1
63 0000000 a
74 0100001 2

06 0011100 3
17 0000100 1
20 0100001 2
31 0011001 3
42 1001010 3
53 0000100 1
64 0100001 2
75 1010011 4

07 0001100 2
10 0100010 2
21 0010001 2
32 1001010 3
43 0000100 1
54 0100000 1
65 1000011 3
76 0010000 1

Matching output
0 absent
1 absent
2 absent
3 absent
4 absent
5 absent
6 absent
7 absent

Left
none
Best: none

Right
none
Best: none

OR-NOT
01 1011101 5
12 1101110 5
23 0110101 4 match 1
34 1111011 6 match 2
45 1011111 6
56 0111100 4
67 1101111 6
70 1110011 5 match 6

02 1011110 5 match 3
13 1100110 4 match 0
24 0110101 4 match 1
35 1111011 6 match 2
46 1011110 5 match 3
57 0101100 3 match 4
60 1100011 4 match 5
71 1111011 6 match 2

03 1011100 4 match 7
14 1100111 5
25 1110111 6
36 1111111 a
47 1011110 5 match 3
50 0101111 5
61 1111011 6 match 2
72 1111011 6 match 2

04 1111101 6
15 1110111 6
26 0111101 5
37 1111111 a
40 1111111 a
51 0111101 5
62 1101011 5
73 1110111 6

05 1011111 6
16 1111110 6
27 0111101 5
30 1111011 6 match 2
41 1011111 6
52 1101110 5
63 1100111 5
74 1110011 5 match 6

06 1011100 4 match 7
17 1101110 5
20 0110111 5
31 1111011 6 match 2
42 1011110 5 match 3
53 0101100 3 match 4
64 1100011 4 match 5
75 1110011 5 match 6

07 1011100 4 match 7
10 1100111 5
21 0111101 5
32 1111011 6 match 2
43 1011110 5 match 3
54 0101101 4
65 1110011 5 match 6
76 1111111 a

Matching output
0 13
1 23 24
2 34 35 71 61 72 30 31 32
3 02 46 47 42 43
4 57 53
5 60 64
6 70 74 75 65
7 03 06 07

Left
13 24 35 46 57 60 71y
Best: OR-NOT13 24 35 46 57 60: 6

Right
03 72y
06 75 64 53 42 31 20x
07 76x
Best: OR-NOT06 75 64 53 42 31: 6

XOR-NOT
01 1000101 3
12 0101100 3 match 4
23 0110001 3
34 1011010 4
45 0001101 3
56 0110000 2
67 1101111 6
70 1010000 2

02 0010110 3
13 1100010 3
24 0010100 2
35 0101000 2
46 1000010 2
57 0100000 1
60 1000000 1
71 1101010 4

03 1011000 3
14 1000111 4
25 1100110 4 match 0
36 1100111 5
47 1010010 3
50 0001111 4
61 1111010 5
72 0111001 4

04 1111101 6
15 0110101 4 match 1
26 0101001 3
37 1110111 6
40 1111101 6
51 0110101 4 match 1
62 0101001 3
73 1110111 6

05 0001111 4
16 1111010 5
27 0111001 4
30 1011000 3
41 1000111 4
52 1100110 4 match 0
63 1100111 5
74 1010010 3

06 1000000 1
17 1101010 4
20 0010110 3
31 1100010 3
42 0010100 2
53 0101000 2
64 1000010 2
75 0100000 1

07 1010000 2
10 1000101 3
21 0101100 3 match 4
32 0110001 3
43 1011010 4
54 0001101 3
65 0110000 2
76 1101111 6

Matching output
0 25 52
1 15 51
2 absent
3 absent
4 12 21
5 absent
6 absent
7 absent

Left
25 36x
52 63x
Best: XOR-NOT25: 1

Right
none
Best: none

Selecting

Lefts
Identity I1 2 3 4 5 6 7 0: 8
NOT none
Constant none
AND none
OR none
XOR none
AND-NOT none
OR-NOT OR-NOT13 24 35 46 57 60: 6
XOR-NOT XOR-NOT25: 1

Rights
Identity I0 7 6 5 4 3 2 1: 8
NOT none
Constant none
AND AND04 73: 2
OR none
XOR none
AND-NOT none
OR-NOT OR-NOT06 75 64 53 42 31: 6
XOR-NOT none

Left longest: 8
Right longest: 8

Left winner: Identity yes, NOT no, Constant no, AND no, OR no, XOR no, AND-NOT no, OR-NOT no, XOR-NOT no
Right winner: Identity yes, NOT no, Constant no, AND no, OR no, XOR no, AND-NOT no, OR-NOT no, XOR-NOT no

Best left: I1 2 3 4 5 6 7 0: 8
Best right: I0 7 6 5 4 3 2 1: 8

Truncated left: I1 2 3 4 5 6 7 0: 8
Truncated right: none truncated

Tentative from right
7 pending
6 pending
5 pending
4 pending
3 pending
2 pending
1 pending
0 pending

Tentative
0 I1
1 I2
2 I3
3 I4
4 I5
5 I6
6 I7
7 I0

Preferred from left
0 I1
1 I2
2 I3
3 I4
4 I5
5 I6
6 I7
7 I0

Preferred from right
7 I0
6 I7
5 I6
4 I5
3 I4
2 I3
1 I2
0 I1

Preferred
0 I1
1 I2
2 I3
3 I4
4 I5
5 I6
6 I7
7 I0

Matching
0 I1
1 I2
2 I3
3 I4
4 I5
5 I6
6 I7
7 I0

Perfect match
Identity no
NOT no
Constant no
AND no
OR no
XOR no
AND-NOT no
OR-NOT no
XOR-NOT no

Matched
0 I1
1 I2
2 I3
3 I4
4 I5
5 I6
6 I7
7 I0

Selected
0 I1
1 I2
2 I3
3 I4
4 I5
5 I6
6 I7
7 I0

Applying to 00101110
Input
0 0
1 0
2 1
3 0
4 1
5 1
6 1
7 0
Output
0 I1 = 0
1 I2 = 1
2 I3 = 0
3 I4 = 1
4 I5 = 1
5 I6 = 1
6 I7 = 0
7 I0 = 0

I will now return the answer in \boxed{}
The answer in \boxed{–} is \boxed{01011100}