We need to deduce the transformation by matching the example outputs.
I will put my final answer inside \boxed{}.

Output 0: 01011000
0 0
1 1
2 0
3 1
4 1
5 0
6 0
7 0

Output 1: 00101011
0 0
1 0
2 1
3 0
4 1
5 0
6 1
7 1

Output 2: 11110011
0 1
1 1
2 1
3 1
4 0
5 0
6 1
7 1

Output 3: 00011100
0 0
1 0
2 0
3 1
4 1
5 1
6 0
7 0

Output 4: 11110001
0 1
1 1
2 1
3 1
4 0
5 0
6 0
7 1

Output 5: 01001010
0 0
1 1
2 0
3 0
4 1
5 0
6 1
7 0

Output 6: 11001000
0 1
1 1
2 0
3 0
4 1
5 0
6 0
7 0

Output bit columns (with bitsum as hash)
0 0010101 3
1 1010111 5
2 0110100 3
3 1011100 4
4 1101011 5
5 0001000 1
6 0110010 3
7 0110100 3

Input 0: 10101001
0 1
1 0
2 1
3 0
4 1
5 0
6 0
7 1

Input 1: 10010001
0 1
1 0
2 0
3 1
4 0
5 0
6 0
7 1

Input 2: 11111110
0 1
1 1
2 1
3 1
4 1
5 1
6 1
7 0

Input 3: 00001110
0 0
1 0
2 0
3 0
4 1
5 1
6 1
7 0

Input 4: 01111011
0 0
1 1
2 1
3 1
4 1
5 0
6 1
7 1

Input 5: 00100100
0 0
1 0
2 1
3 0
4 0
5 1
6 0
7 0

Input 6: 01100111
0 0
1 1
2 1
3 0
4 0
5 1
6 1
7 1

When matching output
x: not in operator
y: wrong position

Identity
0 1110000 3
1 0010101 3 match 0
2 1010111 5 match 1
3 0110100 3 match 2 7
4 1011100 4 match 3
5 0011011 4
6 0011101 4
7 1100101 4

Matching output
0 1
1 2
2 3
3 4
4 absent
5 absent
6 absent
7 3

Left
1 2 3 4 5x
Best: I1 2 3 4: 4

Right
3 2y
Best: I3: 1

NOT
0 0001111 4
1 1101010 4
2 0101000 2
3 1001011 4
4 0100011 3
5 1100100 3
6 1100010 3
7 0011010 3

Matching output
0 absent
1 absent
2 absent
3 absent
4 absent
5 absent
6 absent
7 absent

Left
none
Best: none

Right
none
Best: none

Constant
0 0000000 a
1 1111111 a

Matching output
0 absent
1 absent
2 absent
3 absent
4 absent
5 absent
6 absent
7 absent

Left
none
Best: none

Right
none
Best: none

AND
01 10 0010000 1
12 21 0010101 3 match 0
23 32 0010100 2
34 43 0010100 2
45 54 0011000 2
56 65 0011001 3
67 76 0000101 2
70 07 1100000 2

02 20 1010000 2
13 31 0010100 2
24 42 1010100 3
35 53 0010000 1
46 64 0011100 3
57 75 0000001 1
60 06 0010000 1
71 17 0000101 2

03 30 0110000 2
14 41 0010100 2
25 52 0010011 3
36 63 0010100 2
47 74 1000100 2
50 05 0010000 1
61 16 0010101 3 match 0
72 27 1000101 3

04 40 1010000 2
15 51 0010001 2
26 62 0010101 3 match 0
37 73 0100100 2

Matching output
0 12 21 61 16 26 62
1 absent
2 absent
3 absent
4 absent
5 absent
6 absent
7 absent

Left
12 23x
21 32x
61 72x
16 27x
26 37x
62 73x
Best: AND12: 1

Right
none
Best: none

OR
01 10 1110101 5
12 21 1010111 5 match 1
23 32 1110111 6
34 43 1111100 5
45 54 1011111 6
56 65 0011111 5
67 76 1111101 6
70 07 1110101 5

02 20 1110111 6
13 31 0110101 4
24 42 1011111 6
35 53 0111111 6
46 64 1011101 5
57 75 1111111 a
60 06 1111101 6
71 17 1110101 5

03 30 1110100 4
14 41 1011101 5
25 52 1011111 6
36 63 0111101 5
47 74 1111101 6
50 05 1111011 6
61 16 0011101 4
72 27 1110111 6

04 40 1111100 5
15 51 0011111 5
26 62 1011111 6
37 73 1110101 5

Matching output
0 absent
1 12 21
2 absent
3 absent
4 absent
5 absent
6 absent
7 absent

Left
none
Best: none

Right
none
Best: none

XOR
01 10 1100101 4
12 21 1000010 2
23 32 1100011 4
34 43 1101000 3
45 54 1000111 4
56 65 0000110 2
67 76 1111000 4
70 07 0010101 3 match 0

02 20 0100111 4
13 31 0100001 2
24 42 0001011 3
35 53 0101111 5
46 64 1000001 2
57 75 1111110 6
60 06 1101101 5
71 17 1110000 3

03 30 1000100 2
14 41 1001001 3
25 52 1001100 3
36 63 0101001 3
47 74 0111001 4
50 05 1101011 5 match 4
61 16 0001000 1 match 5
72 27 0110010 3 match 6

04 40 0101100 3
15 51 0001110 3
26 62 1001010 3
37 73 1010001 3

Matching output
0 70 07
1 absent
2 absent
3 absent
4 50 05
5 61 16
6 72 27
7 absent

Left
70 01x
07 10x
Best: XOR70: 1

Right
none
Best: none

AND-NOT
01 1100000 2
12 0000000 a
23 1000011 3
34 0100000 1
45 1000100 2
56 0000010 1
67 0011000 2
70 0000101 2

02 0100000 1
13 0000001 1
24 0000011 2
35 0100100 2
46 1000000 1
57 0011010 3
60 0001101 3
71 1100000 2

03 1000000 1
14 0000001 1
25 1000100 2
36 0100000 1
47 0011000 2
50 0001011 3
61 0001000 1 match 5
72 0100000 1

04 0100000 1
15 0000100 1
26 1000010 2
37 0010000 1
40 0001100 2
51 0001010 2
62 0001000 1 match 5
73 1000001 2

05 1100000 2
16 0000000 a
27 0010010 2
30 0000100 1
41 1001000 2
52 0001000 1 match 5
63 0001001 2
74 0100001 2

06 1100000 2
17 0010000 1
20 0000111 3
31 0100000 1
42 0001000 1 match 5
53 0001011 3
64 0000001 1
75 1100100 3

07 0010000 1
10 0000101 2
21 1000010 2
32 0100000 1
43 1001000 2
54 0000011 2
65 0000100 1
76 1100000 2

Matching output
0 absent
1 absent
2 absent
3 absent
4 absent
5 61 62 52 42
6 absent
7 absent

Left
none
Best: none

Right
none
Best: none

OR-NOT
01 1111010 5
12 0111101 5
23 1011111 6
34 0110111 5
45 1111100 5
56 1111011 6
67 0011111 5
70 1101111 6

02 1111000 4
13 1011111 6
24 1110111 6
35 1110100 4
46 1111110 6
57 0011011 4
60 0011111 5
71 1101111 6

03 1111011 6
14 0110111 5
25 1110111 6
36 1110110 5
47 1011110 5
50 0011111 5
61 1111111 a
72 1101101 5

04 1110011 5
15 1110101 5
26 1110111 6
37 0111110 5
40 1011111 6
51 1111011 6
62 0111101 5
73 1101111 6

05 1110100 4
16 1110111 6
27 1011111 6
30 0111111 6
41 1111110 6
52 0111011 5
63 1011111 6
74 1100111 5

06 1110010 4
17 0011111 5
20 1011111 6
31 1111110 6
42 1111100 5
53 1011011 5
64 0111111 6
75 1100101 4

07 1111010 5
10 0011111 5
21 1111111 a
32 0111100 4
43 1011111 6
54 0111011 5
65 1111101 6
76 1100111 5

Matching output
0 absent
1 absent
2 absent
3 absent
4 absent
5 absent
6 absent
7 absent

Left
none
Best: none

Right
none
Best: none

XOR-NOT
01 0011010 3
12 0111101 5
23 0011100 3
34 0010111 4
45 0111000 3
56 1111001 5
67 0000111 3
70 1101010 4

02 1011000 3
13 1011110 5
24 1110100 4
35 1010000 2
46 0111110 5
57 0000001 1
60 0010010 2
71 0001111 4

03 0111011 5
14 0110110 4
25 0110011 4
36 1010110 4
47 1000110 3
50 0010100 2
61 1110111 6
72 1001101 4

04 1010011 4
15 1110001 4
26 0110101 4
37 0101110 4
40 1010011 4
51 1110001 4
62 0110101 4
73 0101110 4

05 0010100 2
16 1110111 6
27 1001101 4
30 0111011 5
41 0110110 4
52 0110011 4
63 1010110 4
74 1000110 3

06 0010010 2
17 0001111 4
20 1011000 3
31 1011110 5
42 1110100 4
53 1010000 2
64 0111110 5
75 0000001 1

07 1101010 4
10 0011010 3
21 0111101 5
32 0011100 3
43 0010111 4
54 0111000 3
65 1111001 5
76 0000111 3

Matching output
0 absent
1 absent
2 absent
3 absent
4 absent
5 absent
6 absent
7 absent

Left
none
Best: none

Right
none
Best: none

Selecting

Lefts
Identity I1 2 3 4: 4
NOT none
Constant none
AND AND12: 1
OR none
XOR XOR70: 1
AND-NOT none
OR-NOT none
XOR-NOT none

Rights
Identity I3: 1
NOT none
Constant none
AND none
OR none
XOR none
AND-NOT none
OR-NOT none
XOR-NOT none

Left longest: 4
Right longest: 1

Left winner: Identity yes, NOT no, Constant no, AND no, OR no, XOR no, AND-NOT no, OR-NOT no, XOR-NOT no
Right winner: Identity yes, NOT no, Constant no, AND no, OR no, XOR no, AND-NOT no, OR-NOT no, XOR-NOT no

Best left: I1 2 3 4: 4
Best right: I3: 1

Truncated left: I1 2 3 4: 4
Truncated right: I3: 1

Tentative from right
7 I3
6 pending
5 pending
4 pending
3 pending
2 pending
1 pending
0 pending

Tentative
0 I1
1 I2
2 I3
3 I4
4 pending
5 pending
6 pending
7 I3

Preferred from left
0 I1
1 I2
2 I3
3 I4
4 ?5?
5 ?6?
6 ?7?
7 I3

Preferred from right
7 I3
6 ?72
5 ?61
4 ?50
3 I4
2 I3
1 I2
0 I1

Preferred
0 I1
1 I2
2 I3
3 I4
4 ?50 ?05
5 ?61 ?16
6 ?72 ?27
7 I3

Matching
0 I1
1 I2
2 I3
3 I4
4 ?50 ?05 - Identity absent, NOT absent, Constant absent, AND absent, OR absent, XOR50, AND-NOT absent, OR-NOT absent, XOR-NOT absent
5 ?61 ?16 - Identity absent, NOT absent, Constant absent, AND absent, OR absent, XOR61, AND-NOT61, OR-NOT absent, XOR-NOT absent
6 ?72 ?27 - Identity absent, NOT absent, Constant absent, AND absent, OR absent, XOR72, AND-NOT absent, OR-NOT absent, XOR-NOT absent
7 I3

Perfect match
Identity no
NOT no
Constant no
AND no
OR no
XOR yes
AND-NOT no
OR-NOT no
XOR-NOT no

Matched
0 I1
1 I2
2 I3
3 I4
4 XOR50
5 XOR61
6 XOR72
7 I3

Selected
0 I1
1 I2
2 I3
3 I4
4 XOR50
5 XOR61
6 XOR72
7 I3

Applying to 00100111
Input
0 0
1 0
2 1
3 0
4 0
5 1
6 1
7 1
Output
0 I1 = 0
1 I2 = 1
2 I3 = 0
3 I4 = 0
4 XOR50 = XOR(1,0) = 1
5 XOR61 = XOR(1,0) = 1
6 XOR72 = XOR(1,1) = 0
7 I3 = 0

I will now return the answer in \boxed{}
The answer in \boxed{–} is \boxed{01001100}